1311875572.417883 0.000000 0.000000 0.000000 0.000000 0.707107 -0.707107 -0.000000
1311875573.450627 -0.435591 -0.015107 0.195908 -0.341649 -0.587665 0.663358 0.312862
1311875574.452777 -0.605082 -0.008731 0.301126 -0.444126 -0.479926 0.656915 0.375348
1311875575.552084 -0.696286 0.253403 0.334559 -0.421958 -0.481716 0.674098 0.368093
1311875576.652863 -0.678238 0.226379 0.344917 -0.451262 -0.458987 0.660081 0.387281
1311875577.750599 -0.635153 0.151517 0.386040 -0.405993 -0.478420 0.697260 0.346572
1311875578.753649 -0.430932 0.010611 0.371073 -0.350571 -0.508848 0.708964 0.339918
1311875579.753873 -0.350028 -0.417913 0.287877 -0.335921 -0.615197 0.664322 0.259549
1311875580.837992 -0.140785 -0.600342 0.283344 0.280194 0.669179 -0.655964 -0.208334
1311875582.038113 0.229604 -0.712903 0.336633 0.158720 0.714978 -0.673253 -0.101710
1311875583.137919 0.471620 -0.853221 0.320664 -0.090932 -0.664295 0.740705 0.042437
1311875584.337757 0.681488 -0.995687 0.392515 -0.034129 -0.649440 0.759080 0.029330
1311875585.341802 1.071304 -1.115848 0.332481 -0.019778 0.737289 -0.675131 -0.014560
1311875586.441800 1.375888 -1.274975 0.305040 -0.105576 0.792336 -0.599298 0.043569
1311875587.541795 1.683396 -1.389444 0.258057 -0.141666 0.805269 -0.571129 0.072687
1311875588.541846 2.028432 -1.382347 0.223526 -0.246580 0.741558 -0.597311 0.180305
1311875589.573690 2.189798 -1.470729 0.280821 -0.304706 0.655926 -0.632126 0.278086
1311875590.641813 2.452819 -1.447327 0.213807 -0.376188 0.621797 -0.612141 0.311663
1311875591.644769 2.571804 -1.542707 0.281006 0.297681 -0.590048 0.700541 -0.269205
1311875592.673676 2.698570 -1.447791 0.370772 0.192054 -0.534845 0.790418 -0.228682
1311875593.841603 3.020110 -1.667696 0.484361 0.040676 -0.656479 0.751875 -0.045444
1311875594.873680 3.263868 -1.847141 0.464851 -0.064328 -0.683280 0.725933 0.044842
1311875595.941610 3.549135 -1.969657 0.393658 0.032174 0.743242 -0.667747 -0.025869
1311875597.075459 3.883321 -2.109149 0.348487 -0.035818 0.757192 -0.650480 0.047461
1311875598.141703 4.113129 -2.342258 0.351071 -0.028723 0.773516 -0.632329 0.031756
1311875599.173492 4.414976 -2.473310 0.323199 0.044359 0.780152 -0.623162 -0.032622
1311875600.177475 4.615147 -2.694624 0.252841 0.122840 0.845796 -0.513693 -0.075226
1311875601.181190 4.967435 -2.813022 0.227954 0.098318 0.855710 -0.504853 -0.056729
1311875602.278877 5.306032 -2.972474 0.216915 -0.054187 0.813630 -0.568938 0.106678
1311875603.346716 5.482801 -2.942807 0.304617 -0.201467 0.703538 -0.629334 0.261504
1311875604.481979 5.700114 -2.969342 0.425291 0.307047 -0.596311 0.634507 -0.384105
1311875605.549668 5.721796 -3.178345 0.419415 0.268043 -0.533724 0.690869 -0.407421
1311875606.579672 5.870328 -3.437412 0.435942 0.192995 -0.609609 0.725131 -0.255568
1311875607.581927 5.889281 -3.815867 0.386287 0.098748 -0.694437 0.703115 -0.116772
1311875608.589997 6.157888 -3.985234 0.356302 -0.071255 -0.704832 0.705568 0.017550
1311875609.685812 6.320538 -4.190178 0.439093 -0.154720 -0.634552 0.748973 0.111558
1311875610.689784 6.529231 -4.331075 0.434696 -0.264491 -0.583055 0.741846 0.199387
1311875611.754598 6.617496 -4.589835 0.534219 -0.304903 -0.491583 0.780278 0.237796
1311875612.788484 6.735831 -4.932637 0.599350 -0.343836 -0.449230 0.762817 0.313176
1311875613.789067 6.667296 -5.259441 0.634045 -0.362949 -0.474481 0.744109 0.299061
1311875614.789823 6.510904 -5.539074 0.587616 -0.424096 -0.532701 0.668080 0.300068
1311875616.192351 6.251369 -5.877590 0.664875 -0.399771 -0.529618 0.665788 0.341196
1311875617.292067 6.220404 -6.121068 0.768789 -0.360462 -0.470065 0.726513 0.348259
1311875618.309146 6.343828 -6.303372 0.801658 -0.249302 -0.512664 0.784184 0.245112
1311875619.409127 6.450813 -6.511173 0.966143 -0.169135 -0.597725 0.774266 0.120959
1311875620.477106 6.623837 -6.673769 1.169949 -0.119181 -0.652262 0.743416 0.087650
1311875621.477211 6.791651 -6.926678 1.296013 -0.110487 -0.693138 0.707964 0.078353
1311875622.513091 6.968255 -7.036867 1.395802 0.132534 0.728910 -0.669577 -0.052837
1311875623.513146 7.204690 -7.128746 1.399832 0.093061 0.736734 -0.667593 -0.053692
1311875624.577133 7.532301 -7.317523 1.412059 -0.029112 0.774430 -0.630565 0.042416
1311875625.613076 7.792483 -7.469330 1.390097 -0.066530 0.770765 -0.627838 0.085530
1311875626.713193 8.127664 -7.538863 1.456880 -0.291730 0.723766 -0.587411 0.214486
1311875627.776989 8.259919 -7.720252 1.324747 -0.366111 0.658571 -0.608034 0.250082
1311875628.913289 8.570118 -8.021967 1.278135 -0.266281 0.673439 -0.661358 0.195396
1311875629.977016 8.629611 -8.342097 1.313220 0.245708 -0.594115 0.723810 -0.250505
1311875630.980915 8.543312 -8.889006 1.300503 0.192508 -0.507753 0.825890 -0.151767
1311875632.013048 8.713980 -9.338889 1.286959 -0.038394 -0.518162 0.850855 0.077977
1311875633.081096 8.062239 -9.330871 2.050660 -0.186888 -0.544576 0.799314 0.172069
1311875634.180882 8.321077 -9.678783 2.006702 -0.379749 -0.543209 0.683292 0.306311
1311875635.315416 8.309031 -9.778335 1.868717 0.405981 0.646934 -0.583485 -0.276046
1311875636.412729 8.519042 -9.780332 1.945717 -0.217237 -0.606406 0.747183 0.163700
1311875637.416213 8.909293 -9.638725 2.151048 -0.024250 -0.571332 0.819918 -0.026943
1311875638.480840 8.934259 -9.635838 2.208872 0.121948 -0.595592 0.785896 -0.112990
1311875639.485327 8.995973 -9.825164 1.966189 0.151187 -0.660898 0.732340 -0.063512
1311875640.519166 9.050525 -10.059188 1.964806 -0.323227 0.660353 -0.642760 0.215215
1311875641.524913 8.777197 -10.487340 1.857685 -0.419507 0.633899 -0.513519 0.398101
1311875642.624024 8.718398 -10.897533 1.924013 -0.531282 0.561713 -0.450245 0.446652
1311875643.723101 8.772062 -11.188660 2.119203 -0.587269 0.458168 -0.389117 0.542020
1311875644.825046 8.739518 -11.594820 2.234739 -0.526321 0.315962 -0.389871 0.686407
1311875645.926529 8.832459 -11.671327 2.130269 -0.673061 0.379708 -0.290996 0.564031
1311875647.026224 8.988031 -11.447717 1.942569 0.789093 -0.351526 0.146971 -0.481831
1311875648.124471 9.180970 -11.104879 1.955875 -0.783044 0.328405 -0.154331 0.505148
1311875649.230805 9.073910 -10.641228 2.093119 -0.716684 0.300283 -0.200399 0.596686
1311875650.231216 9.104548 -10.305697 2.237041 -0.592415 0.310720 -0.341704 0.660103
1311875651.296675 9.010809 -9.841608 2.257020 -0.462036 0.310054 -0.466027 0.687901
1311875652.448454 9.047130 -9.306080 2.277218 -0.376426 0.280371 -0.538305 0.699946
1311875653.448631 9.027884 -8.790038 2.187411 -0.464834 0.378050 -0.474400 0.644943
1311875654.548384 9.138032 -8.341155 2.043558 -0.525173 0.462425 -0.461275 0.545510
1311875655.648580 9.203719 -7.848512 1.993870 0.621020 -0.538824 0.346662 -0.451473
1311875656.748614 9.207355 -7.332259 1.834973 0.669684 -0.488876 0.310615 -0.464804
1311875657.848478 9.098197 -6.915408 1.843751 -0.687234 0.398832 -0.272074 0.542787
1311875658.848615 9.016794 -6.556684 2.015910 -0.637781 0.379492 -0.348147 0.572725
1311875659.948363 9.026430 -6.264685 2.098750 -0.538654 0.291286 -0.361626 0.703016
1311875660.948385 9.397256 -6.113851 2.117252 -0.516294 0.245642 -0.381113 0.726535
1311875662.016310 9.308522 -5.639251 1.696288 -0.511945 0.278825 -0.405214 0.704252
1311875663.049706 9.487429 -5.349421 1.646414 -0.593083 0.335175 -0.373880 0.629384
1311875664.116215 9.359825 -4.819995 1.410755 -0.701970 0.404513 -0.293154 0.507610
1311875665.148278 9.468077 -4.546584 1.342862 0.751012 -0.414980 0.253253 -0.446805
1311875666.216163 9.447985 -4.309635 1.323204 0.771348 -0.362550 0.215125 -0.476761
1311875667.251298 9.430392 -4.160920 1.376795 -0.716495 0.278002 -0.206226 0.605657
1311875668.252166 9.486065 -4.044140 1.349838 -0.633174 0.225407 -0.208349 0.710544
1311875669.252201 9.219459 -3.812631 1.284175 -0.541203 0.218525 -0.271635 0.765219
1311875670.254210 9.165147 -3.482340 1.174924 -0.543419 0.215570 -0.306306 0.751267
1311875671.352707 9.214952 -3.132796 1.044094 -0.590185 0.325177 -0.356327 0.647282
1311875672.355877 9.262141 -2.831239 0.929455 -0.635974 0.394113 -0.353834 0.561261
1311875673.356415 9.334704 -2.535940 0.827240 0.693876 -0.427357 0.323675 -0.480767
1311875674.460598 9.397118 -2.228256 0.683012 0.737872 -0.485370 0.298214 -0.361979
1311875675.561376 9.491662 -1.885653 0.745962 0.709180 -0.443473 0.308143 -0.453258
1311875676.760573 9.412991 -1.545889 0.764515 -0.655744 0.387389 -0.326574 0.559714
1311875677.856786 9.354038 -1.202880 0.790654 -0.665188 0.323023 -0.276115 0.613955
1311875678.862527 9.312507 -0.861386 0.620587 -0.722318 0.340301 -0.256147 0.544831
1311875679.867466 9.368325 -0.488680 0.490262 0.753215 -0.389233 0.271835 -0.455271
1311875680.962518 9.313499 -0.139796 0.447116 0.702811 -0.453997 0.310462 -0.451173
1311875682.167999 9.218704 0.213453 0.532654 -0.624635 0.420512 -0.349828 0.557334
1311875683.184370 9.275151 0.563071 0.576870 -0.580470 0.315086 -0.384206 0.645106
1311875684.384022 9.016680 0.959657 0.504368 -0.602412 0.245590 -0.337811 0.680198
1311875685.484034 8.943384 1.206186 0.434104 -0.674964 0.239248 -0.299376 0.630523
1311875686.587923 8.787502 1.377216 0.298715 -0.797309 0.226756 -0.201052 0.521976
1311875687.767868 8.779031 1.452435 0.201677 0.826138 -0.291821 0.185212 -0.445008
1311875688.787848 8.661001 1.693133 0.368931 0.834079 -0.192906 0.175329 -0.486168
1311875689.887899 8.530100 1.688724 0.514364 -0.744573 0.136795 -0.190155 0.625091
1311875690.951801 8.404482 1.583048 0.523315 -0.684996 0.042702 -0.104369 0.719766
1311875691.951832 8.409084 1.567565 0.402628 -0.715890 -0.093768 0.146517 0.676197
1311875692.987821 8.446610 1.550035 0.290357 -0.769143 -0.116036 0.149501 0.610413
1311875693.987821 8.292415 1.443520 0.231045 -0.835263 -0.110677 0.107880 0.527683
1311875694.987915 8.298952 1.427696 0.185188 0.854995 0.204558 -0.150102 -0.452337
1311875696.055771 8.322193 1.330999 0.148014 0.910717 0.118322 -0.063289 -0.390627
1311875697.087917 8.200455 1.204886 0.113587 0.911071 0.158937 -0.099453 -0.367147
1311875698.187738 8.009665 1.095669 0.163056 0.863591 0.272529 -0.207432 -0.370014
1311875699.187747 7.840391 1.040113 0.299372 -0.765720 -0.255199 0.263758 0.528184
1311875700.319643 7.574640 1.236214 0.381506 -0.794358 -0.201052 0.210178 0.533290
1311875701.387528 7.422406 1.593596 0.132268 0.855558 0.321881 -0.220620 -0.340207
1311875702.387607 7.220469 1.862233 0.042058 0.827987 0.343927 -0.260386 -0.358260
1311875703.487629 7.178596 2.159818 0.079238 -0.836456 -0.109866 0.040388 0.535387
1311875704.523901 7.061301 2.295182 0.092794 -0.855051 0.046162 -0.072660 0.511348
1311875705.623394 6.674967 2.318634 0.028792 0.867333 -0.069482 0.104765 -0.481591
1311875706.623613 6.361462 2.479289 0.062571 0.854769 -0.135248 0.141036 -0.480819
1311875707.689153 5.989766 2.662318 0.022157 0.881325 -0.052969 0.047024 -0.467172
1311875708.692113 5.835475 2.875494 -0.056583 -0.852183 0.088395 -0.095185 0.506864
1311875709.723886 5.544766 3.059117 -0.076664 -0.793493 0.210430 -0.259568 0.508638
1311875710.730048 5.275260 3.247164 -0.170326 0.787530 -0.263825 0.286730 -0.477471
1311875711.830623 4.856819 3.325005 -0.198181 -0.825707 0.148231 -0.137588 0.526598
1311875712.927524 4.980693 3.219587 -0.311875 -0.716128 -0.122968 0.162401 0.667581
1311875713.927668 4.663554 3.232279 -0.570754 -0.772595 -0.192487 0.245847 0.552816
1311875714.935934 4.294880 3.268715 -0.760239 0.850005 0.251460 -0.182956 -0.425189
1311875716.034315 3.927529 3.393466 -0.864796 0.906009 0.219472 -0.106042 -0.346028
1311875717.133846 3.620329 3.229796 -0.753221 0.776302 0.331639 -0.241720 -0.478479
1311875718.136382 3.413754 3.030925 -0.647055 -0.663850 -0.303416 0.339212 0.593444
1311875719.191363 3.126213 2.633958 -0.376816 -0.606964 -0.214412 0.373324 0.668021
1311875720.236576 2.713314 2.335633 -0.538678 -0.636017 -0.293295 0.416307 0.579785
1311875721.238850 2.333209 2.310454 -0.549929 0.757465 0.318079 -0.331657 -0.463763
1311875722.239907 2.049281 2.273519 -0.501650 0.697858 0.415091 -0.402984 -0.422252
1311875723.307928 1.919205 2.299763 -0.499114 -0.619060 -0.361202 0.450645 0.532181
1311875724.323426 1.655158 2.166534 -0.256981 -0.522089 -0.395529 0.600193 0.459073
1311875725.523205 1.427176 2.867596 -0.380370 -0.444842 -0.421421 0.642998 0.459428
1311875726.623092 0.991408 3.882274 -0.415488 -0.427960 -0.388973 0.632060 0.515801
1311875727.623096 0.727734 3.795638 -0.404372 -0.513313 -0.264457 0.499301 0.645965
1311875728.759141 0.531212 3.989086 -0.297409 -0.728775 -0.208737 0.266525 0.595215
1311875729.859140 0.120129 3.772212 -0.337367 -0.766868 -0.251316 0.241480 0.538927
1311875730.923229 -0.137402 3.345989 -0.298929 0.677718 0.366298 -0.396853 -0.499031
1311875731.926988 -0.105411 3.020458 -0.138253 -0.535714 -0.480854 0.543682 0.431510
1311875732.927045 -0.005557 2.723327 -0.228870 -0.356309 -0.587197 0.673947 0.272101
1311875733.959072 0.319762 2.210134 -0.092449 -0.254995 -0.619785 0.716711 0.192794
1311875735.058973 0.493405 1.550495 -0.064199 -0.350552 -0.476778 0.727464 0.347264
1311875736.059057 0.541895 1.001860 0.015676 -0.434919 -0.542109 0.632363 0.342169
1311875737.259523 0.639085 0.772180 0.103125 -0.287071 -0.551240 0.742453 0.249977
1311875738.358916 1.000423 0.395762 0.120942 -0.157244 -0.689552 0.695637 0.126022
1311875739.358968 1.317050 0.122759 0.220484 0.042483 0.791860 -0.608551 -0.028612
1311875740.460666 1.530210 0.066876 0.253851 0.062762 -0.696183 0.713675 -0.045370
1311875741.494802 2.037953 0.065210 0.297673 0.027098 -0.596032 0.802492 0.004225
1311875742.560292 1.503280 0.061078 0.393119 -0.030801 -0.655695 0.747002 0.105377
1311875743.662744 1.783481 -0.148238 0.026345 0.056617 0.744122 -0.657773 -0.102036
1311875744.664846 1.644300 0.080693 0.270465 -0.017281 0.736948 -0.675325 -0.023338
1311878194.774175 0.294525 1.079020 -2.101465 -0.319975 -0.611278 0.666541 0.282275
1311878196.774138 0.436060 1.053512 -2.129281 -0.497157 -0.498409 0.576662 0.414588
1311878198.574543 0.099190 1.139357 -2.117545 -0.643198 -0.356531 0.437481 0.517486
1311878199.674155 -0.174979 1.317367 -2.125862 -0.707285 -0.265614 0.341330 0.559188
1311878200.974314 -0.442014 1.476571 -2.070666 -0.770628 -0.146397 0.224907 0.578029
1311878202.074246 -0.601150 1.711313 -2.101094 -0.749797 -0.207568 0.299029 0.552542
1311878203.374071 -0.909173 1.925700 -2.178402 0.647364 0.355530 -0.461109 -0.491829
1311878204.474041 -1.186633 1.962290 -2.141291 -0.535722 -0.459837 0.576033 0.411992
1311878205.773951 -1.499537 1.864412 -2.082455 -0.371985 -0.551822 0.682986 0.301082
1311878207.275129 -1.775589 1.575841 -1.959014 -0.153569 -0.631587 0.744647 0.151704
1311878208.306923 -1.846436 1.297684 -1.889650 -0.130477 -0.633476 0.753464 0.118224
1311878209.342631 -2.037186 1.042288 -1.808451 -0.291999 -0.590355 0.715358 0.233412
1311878210.345979 -2.193272 0.936786 -1.783322 -0.359903 -0.560916 0.690294 0.281669
1311878211.510543 -1.913999 1.134993 -1.838549 -0.296164 -0.588818 0.709729 0.248726
1311878212.510709 -1.700678 1.317594 -1.904511 -0.270146 -0.598706 0.715298 0.238583
1311878213.848346 -1.661362 1.362085 -1.925656 -0.324668 -0.581760 0.688706 0.286059
1311878215.114451 -1.706999 1.364083 -1.919772 -0.496256 -0.485614 0.593656 0.406794
1311878216.118554 -1.863691 1.389350 -1.916841 0.598942 0.391528 -0.511168 -0.476111
1311878217.220540 -2.181794 1.444468 -1.887059 0.572521 0.420181 -0.538047 -0.454063
1311878218.619912 -2.583375 1.476808 -1.852555 0.557508 0.430047 -0.552373 -0.446238
1311878219.819070 -2.951515 1.503982 -1.817185 0.561487 0.431047 -0.549833 -0.443412
1311878221.518768 -3.244706 1.531826 -1.789216 0.563753 0.430943 -0.546816 -0.444368
1311878223.424202 -3.340676 1.557275 -1.663336 0.569709 0.428586 -0.544593 -0.441774
1311878224.560247 -3.850027 1.457460 -1.376396 -0.361763 -0.578923 0.668601 0.294871
1311878225.627714 1.488838 1.167884 -1.358753 -0.762906 0.078156 -0.120885 0.630281
1311878226.796103 -3.987687 1.256897 -1.190855 -0.052832 -0.661621 0.744678 0.070157
1311878227.964379 -4.047026 0.889432 -1.125401 0.058913 -0.671415 0.738424 -0.021461
1311878229.067974 1.121531 2.093394 -1.299158 -0.717024 -0.263156 0.274004 0.584421
1311878230.095943 -3.786854 0.450232 -0.957765 0.319692 -0.622083 0.681990 -0.213776
1311878231.236585 -3.652307 0.310401 -0.925107 0.436917 -0.574671 0.623429 -0.300322
1311878234.504120 -3.258407 -0.153700 -0.858849 0.179950 -0.650223 0.726246 -0.131887
1311878235.568288 0.060183 2.670088 -1.369262 -0.731177 -0.253528 0.258921 0.577982
1311878236.672867 -3.212487 -0.353838 -0.733629 0.195079 -0.638084 0.732955 -0.132553
1311878237.675006 -3.110957 -0.553611 -0.668057 0.287218 -0.621553 0.699847 -0.203450
1311878238.812497 -2.982397 -0.722625 -0.601508 0.442535 -0.557732 0.626615 -0.316941
1311878240.011952 -2.877635 -0.746561 -0.586699 0.592248 -0.457868 0.510379 -0.423218
1311878241.108990 -2.721030 -0.693436 -0.600868 -0.701461 0.340899 -0.370302 0.504595
1311878242.112468 -2.560930 -0.562685 -0.625549 -0.764416 0.217243 -0.233639 0.560256
1311878243.380964 -2.411224 -0.311789 -0.641712 -0.803551 0.071480 -0.076433 0.585965
1311878244.448740 -2.139062 0.008001 -0.669333 -0.816531 0.030755 -0.026827 0.575857
1311878245.518639 -2.519184 0.195477 -0.964740 -0.801736 0.053131 -0.052193 0.593019
1311878246.548695 -2.527855 0.499139 -0.945755 -0.807734 0.055252 -0.055224 0.584349
1311878247.885199 -2.455631 0.856346 -1.121278 -0.795029 0.050170 -0.061259 0.601382
1311878248.987890 -1.081855 0.742117 -0.962737 0.047811 -0.624325 0.773660 -0.096864
1311878250.052724 -2.624709 1.400560 -1.735536 -0.779776 0.041996 -0.082078 0.619233
1311878251.055377 -2.449687 1.538342 -1.370273 -0.815184 0.038042 -0.063635 0.574438
1311878253.158396 -2.309335 1.833628 -1.492477 -0.759583 0.214407 -0.269446 0.551781
1311878254.455844 -1.902644 1.962185 -1.631649 -0.659658 0.359660 -0.419466 0.509455
1311878255.495164 -1.718659 1.949882 -1.660794 0.541423 -0.464180 0.551386 -0.432865
1311878256.567678 -1.511108 1.852994 -1.554246 0.425159 -0.550049 0.628795 -0.348285
1311878257.627851 -1.202658 1.714105 -1.831270 0.381810 -0.540226 0.662583 -0.351229
1311878258.629974 -0.910779 1.533397 -1.763053 0.332235 -0.567395 0.687727 -0.307755
1311878259.663530 -0.661405 1.336642 -1.683966 0.323435 -0.564561 0.694813 -0.306425
1311878260.763673 -0.315782 1.053244 -1.575552 0.311494 -0.570172 0.703682 -0.287589
1311878261.767336 -0.008751 0.624939 -1.451650 0.094453 -0.641276 0.749950 -0.131979
1311878262.933676 0.084541 0.173797 -1.390252 -0.035867 -0.657739 0.751768 -0.030621
1311878264.103413 0.027388 -0.163186 -1.298162 -0.125651 -0.655177 0.743690 0.043354
1311878265.167670 -0.050408 -0.513561 -1.246378 -0.208496 -0.635486 0.741456 0.054123
1311878266.168685 -0.203197 -0.749896 -1.170555 -0.195469 -0.636900 0.740710 0.086598
1311878267.239881 -0.341225 -0.800907 -1.101831 -0.076208 -0.650782 0.754343 0.040524
1311878268.442993 -0.365462 -1.016027 -1.054823 -0.039912 -0.640976 0.766522 -0.000032
1311878269.675287 -0.293052 -1.279870 -0.950859 0.137979 -0.635732 0.751095 -0.112528
1311878270.776096 -0.176504 -1.605258 -0.860984 0.160166 -0.640843 0.737325 -0.141487
1311878271.778153 -4.214489 2.917785 -1.505130 -0.768903 -0.200018 0.241812 0.557053
1311878272.888507 -4.357749 3.213110 -1.603344 -0.796228 -0.122994 0.133782 0.577057
1311878273.914495 0.002146 -2.479445 -0.592812 -0.159761 -0.646815 0.741475 0.079508
1311878274.983597 -0.212184 -2.779301 -0.530028 -0.298517 -0.618062 0.704102 0.182013
1311878276.315174 -0.603458 -2.944252 -0.562354 -0.138824 -0.627989 0.761661 0.078934
1311878277.582289 -0.662673 -3.458180 -0.347017 -0.247131 -0.617760 0.727779 0.166244
1311878280.085507 -1.450364 -3.852039 -0.493936 0.577879 0.454961 -0.559780 -0.381723
1311878281.118314 -1.763119 -3.786872 -0.522761 0.680996 0.356667 -0.447056 -0.457356
1311878282.189140 -2.603447 5.027767 -1.948359 0.393655 -0.509760 0.703904 -0.299499
1311878283.289714 -2.072317 -3.228202 -0.615325 -0.821965 -0.109798 0.136637 0.541893
1311878284.490091 -2.270069 4.466334 -1.750633 0.093182 -0.583565 0.802699 -0.080269
1311878285.493531 -1.945444 -2.540666 -0.771867 -0.823674 0.067209 -0.077191 0.557751
1311878286.661569 -1.858162 -2.204727 -0.851352 -0.814130 0.119429 -0.136208 0.551704
1311878287.726605 -1.711957 -1.870936 -0.951665 -0.829804 0.118984 -0.141642 0.526504
1311878288.797511 -2.284545 3.219134 -1.341689 -0.031133 -0.585828 0.809747 0.012108
1311878289.894665 -1.448218 -1.433601 -1.122555 -0.826311 0.013603 0.047533 0.561040
1311878290.997398 -2.017723 2.762857 -1.187427 0.307250 -0.536581 0.751429 -0.230290
1311878292.197055 -1.454232 -1.245241 -1.097181 -0.734421 -0.264846 0.365773 0.506648
1311878293.231982 -1.590044 -1.201212 -1.076363 0.641171 0.380581 -0.495387 -0.445701
1311878294.269633 -1.821425 -1.171679 -1.064209 -0.517149 -0.474602 0.606620 0.373257
1311878295.367019 -2.109523 -1.255698 -1.012434 -0.431566 -0.516867 0.663573 0.325991
1311878296.505012 -2.473806 -1.325939 -0.962672 -0.548022 -0.455271 0.580387 0.394400
1311878297.634723 -2.821272 -1.298771 -0.949591 0.606457 0.409475 -0.528917 -0.429870
1311878298.670438 -0.203452 3.324344 -1.373965 0.497786 -0.455861 0.645055 -0.358196
1311878299.770347 -3.394501 -0.988381 -0.978869 -0.726684 -0.274157 0.382837 0.500205
1311878300.907967 0.457715 3.237427 -1.338030 0.600561 -0.387775 0.553198 -0.427701
1311878302.206875 -4.067070 -0.743993 -0.973858 0.680498 0.319241 -0.453422 -0.478973
1311878303.306083 -4.378941 -0.510148 -1.031204 -0.772411 -0.202705 0.298784 0.522514
1311878304.410203 -4.528642 -0.184315 -1.107761 -0.824441 -0.068486 0.136987 0.544832
1311878305.512420 -4.569768 0.107397 -1.210991 -0.833844 0.016343 0.026889 0.551102
1311878306.549065 -4.754706 0.411202 -1.360547 -0.826151 0.076483 -0.052404 0.555769
1311878307.581780 -4.701694 0.829112 -1.630523 -0.789653 0.213035 -0.221058 0.531223
1311878308.586572 -4.514802 1.124452 -1.877793 0.712026 -0.332962 0.374895 -0.491538
1311878309.917637 -4.075858 1.235246 -1.921136 0.616147 -0.434298 0.497689 -0.429015
1311878311.121275 -3.721747 1.297980 -1.952666 0.658874 -0.403564 0.455620 -0.442076
1311878312.418805 0.283643 1.349619 -0.574172 -0.220944 -0.549456 0.794063 0.136917
1311878313.487578 0.059662 1.126281 -0.492824 -0.344525 -0.518962 0.749907 0.222757
1311878314.556783 -2.697705 1.573510 -1.944660 0.590725 -0.472872 0.530455 -0.382168
1311878315.654830 -2.370066 1.473406 -1.925819 0.453709 -0.552408 0.639421 -0.283081
1311878316.792941 -2.134897 1.281214 -1.881353 0.299976 -0.606520 0.715033 -0.175711
1311878317.825325 -2.040489 1.131058 -1.850712 0.137636 -0.633318 0.759210 -0.059707
1311878318.828543 -0.877761 1.561152 -0.661286 -0.825853 -0.075352 0.074436 0.553848
1311878319.995179 -2.029139 0.536796 -1.652344 0.001275 -0.643601 0.765322 0.007583
1311878321.336134 -2.085455 0.173876 -1.548531 0.044266 -0.644040 0.763421 -0.021020
1311878322.634398 -2.178533 -0.187569 -1.401017 -0.003693 -0.644446 0.763432 -0.042969
1311878323.668694 -2.145080 -0.505476 -1.321048 0.005081 -0.643304 0.764903 -0.032510
1311878324.676342 -2.123864 -0.814475 -1.239055 0.040588 -0.643630 0.761876 -0.060316
1311878325.701933 -2.095617 -1.099048 -1.130806 0.062359 -0.643693 0.758717 -0.078222
1311878327.034631 -1.979607 -1.431134 -1.036693 0.183989 -0.621941 0.743594 -0.162499
1311878328.137611 -1.818309 -1.630551 -0.940756 0.317045 -0.591196 0.695837 -0.256478
1311878329.373087 -1.561301 -1.768971 -0.859043 0.476417 -0.511373 0.607187 -0.377953
1311878330.404189 -1.342269 -1.799697 -0.759794 0.594828 -0.425101 0.522392 -0.438834
1311878331.406133 -1.056045 -1.736739 -0.890712 0.692226 -0.323506 0.408954 -0.498923
1311878332.505955 -0.677738 -1.707939 -0.826274 -0.768868 0.210841 -0.264195 0.542760
1311878333.575644 -0.540486 -1.404747 -0.836237 -0.812299 0.078607 -0.089258 0.570985
1311878334.810394 -0.499651 -0.845967 -1.057872 -0.807457 0.079417 -0.080313 0.579013
1311878335.945632 -0.601674 -0.455058 -1.267374 -0.778323 0.175231 -0.180030 0.575411
1311878337.011141 0.041672 -0.552582 -1.320757 -0.784616 0.149327 -0.152067 0.582198
1311878338.011937 0.112012 -0.272373 -1.525467 -0.784148 0.121041 -0.116034 0.597492
1311878339.017862 0.308080 -0.047473 -1.601950 -0.795216 0.041501 -0.020723 0.604550
1311878340.247602 0.178070 0.323379 -1.910411 -0.775805 -0.082857 0.118239 0.614232
1311878341.415278 0.084614 0.656703 -1.973818 -0.759418 -0.149643 0.196480 0.601902
1311878342.484008 -0.116521 0.961195 -2.057887 -0.726830 -0.224674 0.299784 0.575647
1311878343.617276 -0.354506 1.208327 -2.082270 -0.727075 -0.218531 0.301438 0.576837
1311878344.655071 -0.610247 1.383840 -2.073259 -0.655856 -0.335135 0.427984 0.523801
1311878345.685645 -0.892626 1.455264 -2.054967 0.549464 0.445671 -0.544013 -0.451128
1311878346.685675 -1.148018 1.446634 -2.001330 -0.430720 -0.530735 0.634422 0.360985
1311878347.723677 -1.405107 1.300679 -1.932045 -0.333603 -0.580392 0.683174 0.291766
1311878348.789273 -1.685033 1.132480 -1.871745 -0.423385 -0.535799 0.636095 0.359233
