0 0.000065 0.029244 100.000000 6.289308
0 0.000037 0.026640 200.000000 6.666667
0 0.000039 0.027288 300.000000 7.194244
0 0.000032 0.026643 400.000000 7.312614
0 0.000036 0.026487 500.000000 7.587254
10 0.000051 0.029261 100.000000 6.211180
10 0.000035 0.026603 200.000000 6.666667
10 0.000036 0.027496 300.000000 7.194244
10 0.000029 0.026609 400.000000 7.299270
10 0.000033 0.026435 500.000000 7.575758
20 0.000068 0.029567 100.000000 6.134969
20 0.000036 0.027119 200.000000 6.666667
20 0.000038 0.027714 300.000000 7.194244
20 0.000034 0.026990 400.000000 7.299270
20 0.000038 0.026805 500.000000 7.552870
30 0.000082 0.031470 100.000000 5.952381
30 0.000030 0.028006 200.000000 6.688963
30 0.000035 0.027935 300.000000 7.211538
30 0.000034 0.027258 400.000000 7.312614
30 0.000037 0.027062 500.000000 7.541478
40 0.000086 0.033445 100.000000 5.847953
40 0.000035 0.028301 200.000000 6.734007
40 0.000039 0.028161 300.000000 7.246377
40 0.000037 0.027600 400.000000 7.326007
40 0.000039 0.027457 500.000000 7.518797
50 0.000054 0.033442 100.000000 5.847953
50 0.000030 0.028484 200.000000 6.779661
50 0.000034 0.028075 300.000000 7.281553
50 0.000037 0.027292 400.000000 7.366483
50 0.000034 0.027361 500.000000 7.485030
60 0.000076 0.032902 100.000000 5.988024
60 0.000035 0.028251 200.000000 6.896552
60 0.000032 0.027849 300.000000 7.352941
60 0.000035 0.026953 400.000000 7.434944
60 0.000035 0.027322 500.000000 7.429420
70 0.000083 0.033073 100.000000 6.211180
70 0.000037 0.028217 200.000000 7.042253
70 0.000032 0.027520 300.000000 7.481297
70 0.000035 0.026618 400.000000 7.518797
70 0.000035 0.027079 500.000000 7.418397
80 0.000090 0.033174 100.000000 6.451613
80 0.000044 0.027806 200.000000 7.220217
80 0.000033 0.027264 300.000000 7.614213
80 0.000035 0.026261 400.000000 7.619048
80 0.000034 0.026781 500.000000 7.440476
90 0.000093 0.033303 100.000000 6.711410
90 0.000042 0.027680 200.000000 7.380074
90 0.000027 0.027046 300.000000 7.751938
90 0.000033 0.026046 400.000000 7.722008
90 0.000033 0.026528 500.000000 7.440476
100 0.000063 0.033712 100.000000 6.896552
100 0.000030 0.027448 200.000000 7.518797
100 0.000019 0.027102 300.000000 7.832898
100 0.000027 0.026282 400.000000 7.797271
100 0.000027 0.026647 500.000000 7.342144
110 0.000051 0.034015 100.000000 6.896552
110 0.000021 0.028082 200.000000 7.547170
110 0.000018 0.027230 300.000000 7.894737
110 0.000027 0.026389 400.000000 7.858546
120 0.000048 0.032584 100.000000 6.849315
120 0.000024 0.027892 200.000000 7.575758
120 0.000018 0.026829 300.000000 7.894737
120 0.000025 0.026235 400.000000 7.905138
130 0.000063 0.030281 100.000000 6.849315
130 0.000025 0.027440 200.000000 7.575758
130 0.000015 0.026495 300.000000 7.812500
130 0.000030 0.025945 400.000000 7.920792
140 0.000053 0.028157 100.000000 6.896552
140 0.000025 0.026949 200.000000 7.633588
140 0.000018 0.026263 300.000000 7.751938
140 0.000029 0.025795 400.000000 7.936508
150 0.000069 0.025810 100.000000 6.993007
150 0.000031 0.026427 200.000000 7.662835
150 0.000025 0.025927 300.000000 7.712082
150 0.000030 0.025619 400.000000 7.968128
160 0.000069 0.025264 100.000000 7.042253
160 0.000028 0.026266 200.000000 7.722008
160 0.000029 0.025578 300.000000 7.712082
160 0.000030 0.025371 400.000000 7.984032
170 0.000066 0.024684 100.000000 7.142857
170 0.000034 0.026361 200.000000 7.782101
170 0.000031 0.025475 300.000000 7.731959
170 0.000034 0.025259 400.000000 8.000000
180 0.000066 0.024661 100.000000 7.246377
180 0.000026 0.026144 200.000000 7.843137
180 0.000026 0.025379 300.000000 7.772021
180 0.000034 0.025236 400.000000 8.000000
190 0.000085 0.024288 100.000000 7.407407
190 0.000020 0.025729 200.000000 7.936508
190 0.000027 0.025144 300.000000 7.832898
190 0.000030 0.025013 400.000000 8.032128
200 0.000059 0.024481 100.000000 7.575758
200 0.000018 0.025347 200.000000 8.064516
200 0.000026 0.024934 300.000000 7.915567
200 0.000029 0.025044 400.000000 8.064516
210 0.000043 0.024393 100.000000 7.812500
210 0.000025 0.025433 200.000000 8.163265
210 0.000024 0.025222 300.000000 7.978724
210 0.000031 0.025442 400.000000 8.080808
220 0.000045 0.024850 100.000000 8.000000
220 0.000029 0.025536 200.000000 8.264462
220 0.000033 0.025280 300.000000 8.021390
220 0.000033 0.025800 400.000000 8.016032
230 0.000026 0.026584 100.000000 8.064516
230 0.000029 0.025892 200.000000 8.298756
230 0.000026 0.025483 300.000000 8.064516
230 0.000031 0.026264 400.000000 7.782101
240 0.000011 0.026332 100.000000 8.130081
240 0.000026 0.025735 200.000000 8.368201
240 0.000029 0.025426 300.000000 8.108109
240 0.000031 0.026153 400.000000 7.575758
250 0.000034 0.026757 100.000000 8.196721
250 0.000031 0.025760 200.000000 8.438819
250 0.000033 0.025404 300.000000 8.174387
260 0.000049 0.027215 100.000000 8.333333
260 0.000029 0.025694 200.000000 8.510638
260 0.000038 0.025408 300.000000 8.264462
270 0.000068 0.028194 100.000000 8.333333
270 0.000033 0.026137 200.000000 8.438819
270 0.000043 0.025759 300.000000 8.310249
280 0.000093 0.028650 100.000000 8.403361
280 0.000037 0.026994 200.000000 8.230453
280 0.000049 0.026488 300.000000 8.333333
290 0.000119 0.029679 100.000000 8.403361
290 0.000049 0.027758 200.000000 8.130081
290 0.000055 0.027214 300.000000 8.333333
300 0.000108 0.030359 100.000000 8.403361
300 0.000058 0.027978 200.000000 8.064516
300 0.000055 0.027563 300.000000 8.310249
310 0.000109 0.030825 100.000000 8.403361
310 0.000058 0.028102 200.000000 8.000000
310 0.000056 0.027638 300.000000 8.287292
320 0.000101 0.029897 100.000000 8.474576
320 0.000058 0.028103 200.000000 8.000000
320 0.000062 0.027668 300.000000 8.241758
330 0.000085 0.028171 100.000000 8.474576
330 0.000060 0.027106 200.000000 8.032128
330 0.000055 0.027012 300.000000 8.196721
340 0.000098 0.027950 100.000000 8.474576
340 0.000060 0.027150 200.000000 8.000000
340 0.000058 0.027185 300.000000 8.064516
350 0.000091 0.027750 100.000000 8.403361
350 0.000060 0.026863 200.000000 8.000000
350 0.000054 0.027569 300.000000 7.751938
360 0.000050 0.027380 100.000000 8.474576
360 0.000042 0.026138 200.000000 8.032128
360 0.000039 0.026960 300.000000 7.425743
370 0.000040 0.026520 100.000000 8.547009
370 0.000040 0.025409 200.000000 8.130081
380 0.000029 0.025816 100.000000 8.547009
380 0.000037 0.025017 200.000000 8.196721
390 0.000022 0.025097 100.000000 8.333333
390 0.000036 0.024877 200.000000 8.230453
400 0.000034 0.025474 100.000000 7.936508
400 0.000033 0.025055 200.000000 8.230453
410 0.000036 0.025565 100.000000 7.692307
410 0.000036 0.025152 200.000000 8.230453
420 0.000028 0.024837 100.000000 7.575758
420 0.000033 0.024612 200.000000 8.196721
430 0.000039 0.024840 100.000000 7.518797
430 0.000036 0.024511 200.000000 8.163265
440 0.000049 0.025434 100.000000 7.518797
440 0.000044 0.025002 200.000000 8.064516
450 0.000044 0.025510 100.000000 7.518797
450 0.000039 0.025267 200.000000 7.968128
460 0.000053 0.025259 100.000000 7.518797
460 0.000037 0.025759 200.000000 7.751938
470 0.000046 0.023990 100.000000 7.575758
470 0.000041 0.026249 200.000000 7.272727
480 0.000044 0.024122 100.000000 7.575758
480 0.000040 0.025986 200.000000 6.756757
490 0.000045 0.024300 100.000000 7.692307
500 0.000067 0.024461 100.000000 7.874016
510 0.000080 0.025134 100.000000 8.064516
520 0.000073 0.025230 100.000000 8.333333
530 0.000077 0.025120 100.000000 8.547009
540 0.000059 0.025069 100.000000 8.771930
550 0.000053 0.025236 100.000000 8.849558
560 0.000063 0.025698 100.000000 8.771930
570 0.000059 0.025538 100.000000 8.620689
580 0.000048 0.026072 100.000000 8.403361
590 0.000031 0.027112 100.000000 8.000000
600 0.000048 0.028537 100.000000 6.993007
610 0.000033 0.028163 100.000000 6.060606
