 0.1437339 0.3410431 0.9773431
 -0.0076606 0.3340310 1.0248467
 0.0843485 0.2899971 1.0091029
 -0.4072451 0.3527271 0.9810819
 -0.0727708 0.1909452 1.0644342
 -0.4233123 0.3537660 0.9933196
 0.3857090 0.2777351 1.0461060
 0.3876846 0.2781849 1.0499080
 0.1426406 0.2778354 1.0147363
 -0.1579029 0.2837819 1.0587708
 0.0844587 0.3849097 0.9482450
 0.3503089 0.2400694 1.0765046
 -0.4019056 0.3360953 0.9999439
 -0.1701146 0.3652238 0.9634193
 0.3122385 0.3145814 1.0140116
 -0.3650326 0.3643491 0.9554721
 0.1401300 0.3132794 0.9930480
 -0.4395743 0.3761061 0.9542059
 0.2660022 0.2895761 1.0237401
 -0.0706872 0.3565464 0.9820173
 -0.1599408 0.1495785 0.9580086
 -0.4103393 0.3760552 0.9672800
 -0.0384084 0.1235530 1.0830978
 -0.3713810 0.2883528 1.0576828
 0.0307791 0.2554399 1.0747210
 0.3539824 0.2413441 1.0833989
 -0.0272718 0.1829072 1.1061436
 -0.3806947 0.2643490 1.0801516
 -0.4576747 0.2611124 1.0660042
 0.1940810 0.2025459 1.1929021
 -0.4102187 0.2212556 1.1206530
 0.4278405 0.1658791 1.1607747
 -0.1810055 0.2113739 0.9502297
 -0.3741021 0.3257452 1.0123158
 -0.1572560 0.2102568 0.9933897
 0.2085614 0.2681135 1.0274197
 0.0750858 0.1148003 1.2657613
 -0.5633212 0.1141647 1.2232187
 -0.4818696 0.1448727 1.2889599
 -0.3864490 -0.0000433 1.2866728
 0.1079072 0.0841843 1.2881277
 -0.0344322 0.3292644 1.0152971
 -0.3860165 0.3297192 1.0137014
 0.1371971 0.3500040 0.9608496
 -0.6007199 0.0645317 1.2854581
 -0.5996511 0.0626948 1.2820141
 -0.5041754 0.0438730 1.3001921
 -0.5070055 0.0428534 1.3051642
 -0.3885468 -0.0452178 1.3464874
 -0.2081652 0.2630361 0.9705958
 -0.0020878 0.3318340 1.0099683
 -0.3541479 0.3637845 0.9718457
 -0.2736689 -0.0973770 1.5011383
 -0.1284855 -0.1168331 1.3013335
 -0.7246861 -0.1239426 1.4907289
 -0.2252779 0.2965660 1.0086863
 -0.1293136 -0.2607976 1.7019762
 -0.2383123 -0.2877559 1.7443922
 0.0001838 0.3322453 1.0116938
 0.1372135 0.3498334 0.9592261
 0.1073858 0.3152826 0.9887956
 -0.2153825 0.2271070 0.9468145
 0.4336017 0.0549865 1.2890743
 -0.2175840 0.2458654 0.9633998
 -0.3548802 -0.0310455 1.3099478
 -0.0469793 0.0363107 1.3633190
 0.0839558 0.3387311 0.9860173
 -0.2259965 -0.1118813 1.4237015
 -0.1453384 -0.0235389 1.4275979
 0.1223487 0.3207694 0.9943359
 0.0923940 0.2613075 1.0429230
 -0.6409324 0.0004598 1.4043030
 -0.1752189 0.2613834 1.0197530
 0.5604900 0.2296534 1.1375872
 0.1265435 0.3220874 0.9960363
 -0.4160331 0.3392536 0.9990274
 -0.6304262 -0.0981211 1.4345646
 -0.1696950 -0.1436420 1.5471573
 0.1981786 0.3242788 0.9949333
 -0.6829334 -0.1201734 1.4715424
 -0.3699836 -0.1029706 1.5653204
 -0.3628018 -0.0960440 1.5423898
 0.2488929 0.3067903 0.9953476
 -0.2640034 0.1608391 0.9681942
 -0.4101574 -0.0493571 1.3100431
 0.2216621 0.2798536 1.0145853
 -0.6165017 -0.1808524 1.5378913
 -0.1123757 0.3614422 0.9671833
 -0.2304146 -0.2042024 1.6733588
 -0.0726829 -0.1920853 1.6442986
 -0.0697181 -0.1884140 1.6328317
 0.2197002 0.2945707 1.0193921
 -0.7902812 -0.1948278 1.6182572
 -0.8735936 -0.2528164 1.6848800
 -0.0907830 -0.2608289 1.7526683
 -0.0592405 -0.2263905 1.6288024
 -0.2235147 0.1813551 0.9587073
 0.1601948 0.3446762 0.9636042
 0.1490006 0.3305741 0.9430898
 -0.0073049 0.3980241 0.9137172
 0.1447892 0.3314855 0.9725894
 -0.2715600 0.2009948 0.9763356
 -0.2000872 0.3810143 0.9553899
 0.2147839 0.2655454 1.0452211
 -0.1700675 -0.1789660 1.6484149
 -0.2381469 -0.2032684 1.6657646
 0.1993143 0.3250075 1.0012002
 0.1119534 0.3245684 0.9821493
 -0.7644081 -0.6475092 2.5686135
 -1.1446075 -0.8367293 2.8111775
 -0.0655209 0.3400751 0.9991353
 -0.1653729 0.3742810 0.9651080
 0.2331039 0.0417555 1.1374469
 0.5200670 0.1502463 1.2141695
 0.0269725 0.1943644 1.1666640
 0.0788424 0.1033620 1.2701502
 -1.2263207 -0.4642984 2.3507609
 -0.1029777 0.2203178 1.0739079
 0.3654734 0.3069202 1.0085107
 -0.7616591 0.0248931 1.4109582
 -0.5002950 0.3038304 1.0234817
 0.1027772 0.2869259 1.0146040
 -0.1782128 0.2272370 0.9587436
 -0.1787718 0.2096242 0.9433872
 -0.2220493 0.1822447 0.9558918
 -0.1361761 0.0514587 1.2310827
 -0.0903260 -0.0253989 1.3819237
 -0.0378548 -0.3418560 1.3271976
 0.3730878 0.2934112 1.0279332
 -0.3610404 0.2696688 1.0706502
 -0.4494888 0.2467315 1.0805751
 -0.1075158 0.1698908 1.0790844
 -0.0616581 0.1357247 1.2135509
 -0.3012328 0.3462062 0.9905748
 -0.3710997 0.3454232 0.9942588
 -0.3781851 0.3256252 1.0355859
 -0.5238566 -0.1977670 1.6032768
 -0.6282420 -0.1389811 1.4899756
 -0.7406119 -0.0555703 1.4036688
 -0.7970647 -0.1265186 1.5491986
 -0.2328063 -0.1112676 1.5333301
 -0.3879971 -0.2260623 1.7015234
 0.1555753 0.3333975 0.9692981
 0.2581984 0.2300636 1.0863434
 -0.2077895 -0.0679026 1.4270381
 -0.9457220 -0.5095880 2.0951729
 -1.3814439 -0.6989700 2.4706430
 0.0744576 0.1123138 1.2697617
 -0.5604353 -0.8202801 3.1075811
 -0.1709331 0.3650946 0.9678797
 -0.2084041 0.3100733 1.0133010
 0.3524641 0.1161933 1.2521327
 0.4407189 0.1995507 1.1188285
 0.3649681 0.0576263 1.2945523
 0.2309800 0.0407257 1.1305822
 -0.2169658 0.0719815 1.1292083
 -0.2591331 -0.0200309 1.3908335
 -0.6504353 0.0879727 1.2476380
 -0.7611610 0.0257024 1.4042839
 -0.1802594 0.2101969 0.9493489
 0.3736371 0.2941878 1.0295078
 -0.1580979 0.2088703 0.9866585
 -0.3612860 0.0885673 1.2322472
 -0.5473561 -0.0330912 1.3927002
 -0.0905393 -0.0283527 1.3965559
 -0.1683691 0.1294612 1.1385703
 -0.1076413 0.1718911 1.0780315
 -0.0576765 0.1319192 1.1711884
 0.3377212 0.2125099 1.0977886
 -0.6457663 0.1742966 1.1539820
 -0.6305271 0.1369668 1.2012236
 0.0700808 0.3552907 0.9598624
 0.0659972 0.2956693 1.0105457
 0.1736637 0.2454461 1.0602379
 -0.7944623 -0.1961727 1.6289139
 -0.3783402 0.2594366 1.0821066
 -0.3807083 0.2397537 1.1144826
 -0.6230742 -0.1192961 1.4696466
 -0.3664761 0.3170748 1.0255506
 -0.3738886 0.1560435 1.1858871
 -0.1333132 -0.0766910 1.4747838
 -0.1244143 -0.2187574 1.6889426
 -0.3890862 -0.1309046 1.5725641
 -0.3881726 -0.2260237 1.7012824
 0.2734914 0.0380555 1.1390045
 0.2342514 0.0423685 1.1446946
 -0.1426915 0.2456023 1.0374722
 -0.5252974 0.1065080 1.2402992
 0.1209014 0.2805549 1.0092444
 0.0551317 0.2683247 1.0336760
 -0.2416416 -0.0192935 1.3301923
 -0.4170496 0.3355286 0.9852582
 -0.8856704 -0.2283076 1.6513025
 -0.4867841 0.0947613 1.2392040
 -0.5435452 -0.0229560 1.4121275
 -0.2241983 0.1794107 0.9572086
 -0.1657677 0.1048456 1.1253452
 0.1051231 0.3466212 0.9462664
 0.0850894 0.2899127 1.0078073
 -0.1343827 0.0491195 1.2279080
 0.3859606 0.2777187 1.0482392
 0.3116157 0.2614169 1.0412850
 0.3386310 0.2128920 1.0996888
 -0.4468219 0.2449125 1.0749297
 0.2560358 0.2282815 1.0769452
 -0.0580127 0.1306646 1.1458955
 -0.1295420 0.1292790 1.0905155
 -0.5091083 -0.0751411 1.4843991
 -0.5185714 -0.1593227 1.6001607
 -0.7954299 -0.1377856 1.5811831
 -0.3325109 0.1306948 1.1583204
 -0.2125490 -0.0686331 1.4385163
 -0.3771515 -0.0732602 1.4113021
 0.5082412 0.1554068 1.2116520
 -0.6808477 -0.2513737 1.7019122
 0.4084021 0.2843921 1.0327038
 -0.1158821 0.2110413 1.0838423
 -1.3492008 -0.5118532 2.5617409
 -0.4580038 0.2922085 1.0178361
 -0.4958424 0.2975390 1.0179417
 -0.3543212 0.0623219 1.2549791
 -0.4612640 -0.0046232 1.3465496
 0.2366995 0.2751361 1.0167252
 -0.3933587 0.3460460 0.9840491
 -0.3314068 0.3094129 1.0288119
 -0.7900617 -0.1926542 1.6130079
 0.1672162 0.2940357 1.0166756
 0.3861207 0.2776310 1.0464861
 -0.6321535 -0.1389212 1.4938611
 -0.3840920 0.2398670 1.1135219
 -0.4122332 0.2221102 1.1249013
 -0.5706060 0.1391419 1.1961575
 -0.3760208 -0.1212467 1.5452456
 -0.7353719 -0.0579537 1.3981962
 -0.6205009 -0.1856387 1.5670460
 0.0731997 0.1085557 1.2672572
 -0.7675718 0.0274092 1.4060063
 -0.3859521 -0.2237744 1.6975629
 0.3490624 0.2392929 1.0675180
 0.4169858 0.2271692 1.0885518
 0.3382867 0.2137453 1.0961561
 -0.1753740 0.2224941 0.9489357
 0.1732969 0.2455966 1.0562133
 0.2555189 0.3151631 0.9834520
 -0.6556051 0.0893011 1.2576234
 -0.2010448 -0.1099763 1.5602471
 -0.0912719 -0.1424710 1.5059466
 -0.3287739 0.1300025 1.1460720
 -0.4815642 0.1282609 1.1927778
 -0.4871502 0.1545490 1.1695771
 -0.2194381 -0.1457230 1.5679377
 -0.6314562 -0.1339159 1.4907551
 0.0715699 0.1076762 1.2689251
 0.2739597 0.0373287 1.1495515
 0.3567286 0.1135218 1.2621028
 0.2853369 0.2822500 1.0238436
 -0.2080400 0.0743554 1.2799275
 -0.1629567 -0.2595425 1.7245883
 -0.0654041 -0.0339703 1.4095761
 -0.5069360 -0.0970466 1.4911869
 -0.5690482 0.1363417 1.1865070
 -0.5885476 0.1004096 1.2377030
 -0.1063920 0.1746126 1.0757128
 -0.1350206 0.0866982 1.0901761
 -0.8085025 -0.1624921 1.5579340
 0.3722296 0.0570581 1.3093745
 0.0969671 0.2703107 1.0674558
 -0.6139907 -0.0017122 1.3679886
 -0.0400503 0.0987912 1.1319598
 -0.1672508 0.1397082 1.1067127
 -0.3755088 -0.1221923 1.5394406
 -0.6982663 -0.0686995 1.4263560
 -0.3212030 0.1034875 1.1357070
 -0.1008800 0.0164762 1.3511823
 -0.5268257 -0.8151522 3.1193721
 -0.5352291 -0.1983605 1.6133492
 -0.1326860 -0.1989745 1.6456816
 -0.1594286 0.1645350 0.9725782
 0.3743424 0.0586760 1.3075758
 -0.4667271 -0.0067773 1.3504280
 -0.2389643 -0.0207588 1.3288537
 -0.2111195 0.3055739 1.0076550
 -0.6494327 -0.1274799 1.4455986
 -0.7876913 -0.2061605 1.6377718
 -0.1983508 -0.2806110 1.7803668
 -0.1029496 -0.3157649 1.7883961
 -0.4130781 0.2623039 1.0416178
 0.1851166 -0.3625754 1.3356160
 -0.1665920 -0.1169653 1.5122036
 -0.2212197 0.2510522 0.9729977
 -0.3317673 -0.6017960 2.3382661
 -0.3373899 -0.6453276 2.5183651
 -0.2769958 0.1888485 0.9687728
 0.3133275 0.2170653 1.0924183
 0.0733083 0.2649791 1.0360368
 0.1017477 0.2881691 1.0158095
 0.3053285 0.3083652 1.0074174
 0.2851559 0.1584562 1.2024900
 -0.3061546 0.1613035 1.1142224
 -0.3168645 0.3481279 0.9973927
 -0.0447584 0.1291027 1.0800623
 -0.1039200 0.2196214 1.0817139
 0.1939422 0.2408752 1.0632886
 -0.1040932 0.2196529 1.0794441
 -0.1440427 0.2448778 1.0501053
 0.3518505 0.2415210 1.0784700
 -0.1294930 0.1298385 1.0894701
 0.4609700 0.1945604 1.1211758
 -0.4464571 0.2704102 1.0649021
 0.1145594 0.0839056 1.3080382
 -0.1128534 -0.4850438 1.9266019
 0.5863183 0.2119323 1.1404283
 -0.5795699 -0.0372509 1.4902862
 0.2066478 0.3185414 1.0368052
 -0.3883291 -0.0470303 1.3426657
 -0.5469230 -0.0865535 1.4140253
 -0.5586062 -0.0882660 1.4424813
 0.2144210 0.3167015 0.9931537
 0.1211115 0.3417119 0.9570795
 -0.2774236 -0.1017990 1.4526238
 -0.6270338 -0.1447793 1.5033611
 -0.2229639 -0.0708210 1.4340563
 0.1243191 0.2877032 1.0369709
 -0.2637441 -0.1007142 1.4460019
 -0.0929463 -0.1595643 1.5989393
 -0.2294914 -0.1120890 1.4128939
 -0.2348171 -0.1149408 1.4322109
 -0.4359686 0.3887550 0.9626161
 0.1341533 0.3259057 0.9715219
 -0.2357664 -0.2049621 1.6730866
 -0.1229162 -0.2149107 1.6838644
 -0.1480015 -0.2409564 1.7180369
 -0.5283849 -0.1985686 1.6074240
 -0.2353112 -0.2924104 1.7677035
 0.0906770 0.3566963 0.9526489
 -0.0408562 0.3207184 1.0259748
 -0.0769184 0.4124505 0.9120519
 -1.0821587 -0.8382117 2.8269663
 -0.7905178 -0.6740517 2.6312478
 -0.3135130 0.3537732 1.0109444
 0.0553586 0.2683972 1.0359414
 0.0544640 0.2686861 1.0350487
 -0.1981500 0.0908825 1.1028314
 0.1308725 0.2545629 1.0528890
 0.4296537 0.0553496 1.3178468
 0.4291282 0.0525778 1.3090497
 -0.2807081 -0.0368060 1.3318113
 -0.2804444 -0.0368045 1.3278250
 -0.2126626 0.0716324 1.2977724
 -0.1138839 0.3644025 0.9733666
 -0.0985109 0.0023104 1.3955109
 -0.6384043 -0.0026882 1.4117376
 -0.0595591 -0.0400228 1.4251065
 0.1924242 0.3164209 0.9832795
 -0.5029470 -0.0896979 1.4748940
 0.2618453 0.3142222 0.9686316
 -0.2638345 -0.1072257 1.4612600
 0.1551516 0.3195007 0.9693646
 0.2532385 0.2583016 1.0580014
 -0.1672892 -0.1457089 1.5535123
 0.1392395 0.2802299 1.0223298
 -0.2635125 0.1621608 0.9658904
 -0.1246669 -0.2866664 1.7811989
 -0.6753152 -0.2505274 1.6934018
 -0.2765421 0.1899343 0.9675940
 0.1310540 0.2556726 1.0613050
 -0.6402205 0.1689446 1.1487169
 -0.6370123 0.1676338 1.1470906
 -0.5978210 0.1004864 1.2637935
 -0.5853680 -0.0556503 1.4088296
 -0.3031825 0.2050058 1.0606475
 0.3256272 0.2275324 1.0156682
 -0.0488137 -0.0717586 1.3917911
 0.1778441 -0.3539370 1.3130584
 -0.4580564 0.2915998 1.0105351
 0.4957203 -0.4848337 1.3421870
 0.4964038 -0.4825723 1.3333664
 0.3725142 0.2918565 1.0268160
 0.4950239 -0.4824821 1.3383859
 0.1410856 0.3236088 0.9880237
 0.1801085 -0.3533041 1.3063922
 0.5094934 0.1684825 1.2078990
 0.5077514 0.1647475 1.1933384
 -0.4829376 0.1280992 1.1997917
 -0.3863093 -0.0019139 1.2869691
 -0.1177940 0.3456815 0.9832335
 -0.3865230 -0.0026368 1.2870277
 -0.2809718 -0.0350235 1.3279445
 -0.5435691 0.0468994 1.2988991
 -0.0523691 -0.0315829 1.3737231
 -0.5425760 -0.0297821 1.3914306
 0.1451236 0.3351604 0.9540801
 -0.5365949 -0.0180722 1.3851807
 -0.2182704 -0.0588472 1.3897303
 -0.5593801 -0.0859246 1.4420794
 -0.2265489 -0.1434918 1.5816661
 -0.3567645 -0.1662672 1.6223052
 -0.3507997 -0.1566551 1.5972250
 -0.1274864 0.3506277 0.9868693
 -0.0397399 0.3245085 1.0462025
 -0.2764776 0.1896861 0.9656010
 -0.0950995 0.1429729 1.0866346
 -0.1183444 0.3474297 0.9888702
 0.0169740 0.0559420 1.1074365
 -0.4286157 0.2599453 1.0535953
 -0.2184808 0.0979810 1.1983249
 0.0157461 0.0571379 1.1075817
 -0.3747512 0.2924865 1.0646200
 -0.1516426 0.1920945 1.1784853
 -0.1662944 0.1356557 1.0920514
 -0.1349546 0.0704616 1.0957803
 0.2960791 0.2209257 1.0889795
 -0.1236422 0.0703819 1.0620923
 -0.1301243 0.0699908 1.0918301
 -0.1298819 0.0712177 1.0897777
 0.2466134 0.2644677 1.0366632
 0.0939820 0.2649262 1.0559366
 -0.1642675 0.2966060 1.0181490
 0.3061462 0.2470389 1.0622815
 0.0669645 0.2970935 1.0143276
 -0.3807602 0.3238562 1.0187851
 -0.1201464 0.2126506 1.0730628
 0.4154744 0.2277431 1.0904193
 0.4170496 0.2277951 1.0965104
 0.4147653 0.2260346 1.0887632
 -0.2733390 0.2723541 1.0409831
 -0.4072586 0.2986986 1.0517904
 0.3778412 0.2034548 1.1057023
 0.2783101 0.0394431 1.1505721
 0.1583890 0.2757857 1.0282235
 -0.3582945 0.2792702 1.0624223
 0.2766108 0.0737587 1.3577017
 -0.1400416 0.2076259 1.0376450
 -0.0747399 0.1117580 1.2919203
 -0.2007540 0.1788767 1.1510416
 -0.3942861 0.1747679 1.1823440
 -0.0293781 0.3415517 1.0001028
 0.3063879 0.3091062 1.0065229
 -0.1232109 0.0642376 1.2459911
 0.2111338 0.2628041 1.0337018
 -0.1279664 0.0651905 1.2706537
 -0.0105361 0.3369869 1.0405146
 -0.3067505 0.5048228 0.8761693
 0.1654224 0.1380611 1.3165073
 0.3047264 0.3078882 1.0004022
 -0.5695291 0.1420833 1.2051014
 0.0972395 0.3518623 0.9671064
 -0.5674701 0.1127754 1.2251605
 -0.1198198 0.3872218 0.9446778
 -0.2739843 0.0290583 1.2757806
 0.1613271 0.3471650 0.9633916
 -0.2751481 0.0283898 1.2781763
 -0.2737747 0.0261298 1.2675624
 -0.4290161 0.3496632 1.0189734
 -0.0120049 -0.3145348 1.2328941
 -0.0787305 -0.3866486 1.4517330
 -0.0679985 0.1944744 1.1620386
 -0.4686487 0.2801678 1.0795399
 0.2304987 0.0439663 1.1331369
 -0.2650333 0.1614982 0.9704970
 -0.4384905 0.2306151 1.1192538
 -0.2717596 0.1159692 1.1474848
 -0.3830246 0.2314614 1.1196214
 -0.1596477 0.1912611 0.9710621
 -0.4113830 0.2225327 1.1181324
 -0.0306733 0.0734678 1.1134949
 -0.2059287 0.1778203 1.1591698
 -0.1987374 0.1759672 1.1429446
 -0.1971772 0.2590448 0.9700634
 -0.1689216 0.1392888 1.1164604
 0.1597191 0.3201374 0.9865983
 -0.5216147 0.1074432 1.2309000
 -0.0899782 0.1685329 1.0982057
 -0.3962716 0.2991031 1.0404022
 -0.0883504 0.1838985 1.1181369
 0.1214081 0.3412258 0.9574291
 -0.0985447 0.2397013 1.0949234
 0.2307298 0.0424207 1.1334561
 -0.2903679 0.1226382 1.1510421
 -0.5163023 0.1612373 1.1629338
 -0.0039689 0.4012864 0.9317474
 0.3152546 0.1655835 1.3764036
 0.1232897 0.3146831 0.9769073
 -0.2137258 0.2433404 0.9555787
 -0.3533191 0.3647362 0.9697353
 -0.3394060 0.1409140 1.2092011
 -0.3772685 0.3440270 0.9937102
 -0.3257193 0.1278001 1.1108642
 -0.3175088 0.1696945 1.1502098
 -0.3309825 0.1640480 1.1721802
 -0.3521616 0.0663477 1.2537267
 0.2265101 0.3043896 0.9767015
 -0.4893265 0.0972207 1.2402740
 0.0664244 0.2954453 1.0102540
 -0.1302947 0.1291309 1.0841957
 0.1116657 0.2568772 1.0417694
 -0.3846425 0.3271364 1.0382537
 -0.1673358 0.1362047 1.0939088
 -0.1651378 0.1348388 1.0868285
 -0.3076854 0.1114320 1.1226785
 -0.0376232 0.1225910 1.0864694
 0.2701559 0.0381862 1.1447477
 -0.0498558 0.1170020 1.1642237
 -0.3524024 0.3638318 0.9659700
 -0.3775190 0.2402253 1.1133590
 -0.0463815 0.1612108 1.1215422
 -0.0481199 0.1620289 1.1421902
 -0.2898600 0.1220737 1.1416631
 -0.2893165 0.1215760 1.1435401
 0.0844335 0.2901539 1.0100963
 -0.3947885 0.1505673 1.1793263
 -0.2022544 0.1517175 1.1812382
 0.3346769 0.1388449 1.2402048
 -0.3940414 0.1746805 1.1907570
 -0.3733081 0.0649518 1.2367634
 0.1782815 0.1546718 1.4002556
 0.0571712 0.2715304 1.0314059
 -0.5582595 0.1454772 1.1927526
 -0.4255499 0.1317782 1.2254987
 -0.2601138 0.2893630 1.0436542
 -0.1969810 0.0705408 1.2331988
 0.1058245 0.3476000 0.9429985
 -0.5490875 0.3431846 0.9692637
 -0.5119699 -0.0462475 1.4518567
 -0.4794130 -0.0759104 1.4547744
 -0.0060033 0.3406498 1.0425260
 -0.0633085 -0.2122998 1.5439949
 -0.6953637 -0.2286339 1.6065388
 -0.2370876 -0.3018852 1.8000393
 -0.0940282 -0.3053423 1.7513194
 -0.8686162 -0.2513513 1.6810685
 -0.8842079 -0.2975489 1.7711508
 -0.1575016 0.2826641 1.0489798
 -0.4903182 -0.0059251 1.3989090
 0.1402206 0.2792247 1.0245559
 -0.5363101 -0.0834377 1.3991108
 0.1052887 0.3190109 0.9805437
 -0.3571118 -0.0931734 1.5440475
 -0.3588184 -0.0948639 1.5376568
 -0.0575248 -0.1402638 1.6349318
 0.5120022 0.2641701 1.0744281
 -0.2244788 -0.1408018 1.5628805
 -0.8051842 -0.1538328 1.5492600
 0.5936359 0.0240370 1.1897289
 0.5954416 0.0257353 1.1992981
 0.2021197 0.2991874 1.0170127
 -0.1773067 0.2241774 0.9593780
 0.3211845 0.2761989 1.0413612
 0.2384796 0.2786065 1.0257943
 -0.0550800 0.1424000 1.0542694
 0.2571408 0.2621741 1.0667764
 0.1104102 0.3439940 0.9649342
 0.0363099 0.0814095 1.2020534
 -0.2096577 0.2650917 0.9765683
 -0.3743347 0.2939664 1.0641870
 0.1286061 0.2523550 1.0468303
 -0.4035465 0.3417827 1.0001866
 -0.2620956 0.1864450 0.9415502
 -0.4813730 0.1278995 1.2003679
 -0.5865327 0.3439183 0.9839602
 -0.4463560 0.2441540 1.0730666
 -0.3664555 0.3179818 1.0222602
 0.2790132 0.1486062 1.1769685
 -0.1270445 0.1300466 1.1094443
 -0.3389231 0.2231061 1.1378646
 -0.3964130 0.1225387 1.1873270
 -0.3085071 0.0923272 1.0019649
 -0.4310441 0.1858438 1.1879057
 -0.4734898 -0.0856734 1.4828936
 0.1562946 0.3359759 0.9757068
 0.1108663 0.2568855 1.0445216
 -0.1701247 -0.8890201 2.4646204
 0.0037602 -0.8865156 2.2642467
 0.1418007 -0.9045959 2.3138568
 0.1449922 -0.9296678 2.3918910
 0.1417615 -0.9095020 2.3289754
 0.2132499 0.2643773 1.0401198
 -0.9667076 -1.0324970 2.7833595
 -0.9705738 -1.0290192 2.7776430
 -1.0251932 -1.0784293 2.9103887
 -1.1105144 -1.1389995 3.1009662
 0.4966612 0.2720784 1.0163901
 -0.5175475 -0.1630193 1.6001264
 -0.3423894 -0.1433939 1.5958610
 -0.2127422 -0.1630005 1.6187723
 -0.1573172 0.2836735 1.0583905
 0.5907606 0.0274482 1.1891153
 -0.2239670 0.2950746 1.0031368
 -0.0940363 0.1791008 1.0656540
 -0.1039771 0.1676468 1.0646957
 0.6903902 0.2478159 1.1259855
 -0.2713538 0.2047324 0.9857997
 0.3788634 0.3048645 1.0194670
 -0.3615932 0.2882313 1.0282806
 -0.1389202 0.2208181 1.0625881
 -0.1360192 0.1775026 1.0879966
 0.3361880 0.2122592 1.0942817
 -0.1688078 0.2570575 1.0041801
 0.2381498 0.3181351 1.0051260
 0.0729776 0.2642845 1.0369107
 0.1894621 0.3136628 0.9801627
 0.2285101 0.3087560 0.9877550
 0.2731982 0.3104845 1.0006806
 0.3018163 0.2974627 1.0117699
 0.1622378 0.2828080 0.9489836
 0.2184734 0.2931434 1.0128758
 1.2747711 -0.9104202 2.5393693
 0.2425300 0.3041191 0.9952814
 0.1958648 0.2693370 1.0372869
 1.2472812 -0.8969226 2.5057914
 0.4184056 0.0653741 1.2523029
 0.5326588 0.0244856 1.1893039
 0.5295799 0.0229179 1.1817946
 -0.0416428 -0.0189853 1.4029019
 -0.1334603 0.0451142 1.2654533
 -0.7124450 -0.0603152 1.3727009
 -0.7661247 0.0289351 1.3952109
 -0.6606594 -0.1781268 1.5472894
 -0.6161470 -0.1849812 1.5666680
 -0.8948134 -0.1329687 1.5894251
 -0.7048286 -0.2246132 1.6736698
 -0.1384031 -0.8580239 2.2224972
 0.3143129 0.2732863 1.0284293
 -0.1637872 -0.8719486 2.4389091
 -0.1484292 -0.7951646 2.2098076
 -0.1474745 -0.6769543 2.2124653
 1.1659582 -0.9678946 2.5106273
 -1.2279513 -0.7171060 2.5194864
 -1.2244011 -0.7103595 2.5054295
 -0.4363788 0.2288781 1.1151518
 -1.2560291 -1.0525517 2.8555887
 -1.2577906 -0.9173002 3.0163271
 0.1397971 0.2799589 1.0227070
 0.9308971 -1.1944031 2.9266386
 1.1156064 -1.1787876 2.7929187
 0.2469338 0.3040638 0.9958166
 -0.0653419 0.3566368 0.9827290
 -0.2219834 0.1838186 0.9570181
 0.4829515 0.2709056 1.0381334
 1.0291662 -0.8285160 2.3685641
 1.2542793 -0.9409848 2.5822592
 1.2538364 -0.9464866 2.5831223
 1.0501008 -0.8527172 2.4384058
 1.1859459 -0.9954478 2.5650928
 1.3063810 -1.0491530 2.6628997
 1.0578073 -1.2541225 2.7545912
 0.5984119 -0.9762647 2.4516413
 0.7048005 -1.1566879 2.9199731
 -1.3006994 -1.0946643 2.9675205
 1.0519701 -1.1006477 2.6099312
 0.5913252 0.2133679 1.1421258
 -0.4932392 0.1471206 1.1771643
 0.5420940 -0.0398277 1.1566056
 0.2315707 0.2345203 1.0763633
 0.5654765 -0.1998886 1.0897034
 0.6251235 -0.2202004 1.0368382
 -0.3854272 0.1183213 1.1897924
 0.5372902 -0.0515586 1.1099250
 0.1633643 -0.3724076 1.3720169
 0.0234501 -0.3775443 1.4718386
 0.1132920 0.2942911 1.0413214
 0.4311020 0.1661878 1.1789901
 0.8594065 0.1919567 1.1443291
 0.8204240 0.1481870 1.1432652
 0.6971137 0.1337870 1.2260756
 0.1444830 0.1126548 1.2230450
 -0.3249040 0.3538931 0.9827294
 0.3589094 0.2122724 1.1118263
 0.5155216 0.3386387 0.9631047
 0.3795001 0.2090884 1.0991325
 0.8658379 0.3051382 1.0227178
 0.8648685 0.3032929 1.0128120
 -0.1697958 0.3585131 0.9538784
 0.9201187 0.1483064 1.0734512
 -0.0337639 0.3266147 1.0095727
 0.1756429 0.2990895 1.0087233
 -0.2838496 0.0582174 1.1709800
 -0.5064626 0.0837519 1.2971400
 -0.3865375 0.2593333 1.0978703
 0.3779448 0.2036087 1.1044707
 -0.1600347 0.1266826 1.1057150
 -0.2260852 0.2982629 1.0120981
 0.2119830 0.3055964 0.9908562
 -0.2197371 -0.3210468 1.7738440
 -0.0966984 -0.4207541 1.6732628
 -0.1099367 -0.5254955 2.0786827
 -0.5770993 -0.8605546 3.3074429
 -0.5279661 -0.7912889 2.9737396
 0.0174019 0.0550025 1.1157789
 0.2134241 0.2640912 1.0353504
 0.4773039 0.2313160 1.1707008
 -0.1114671 0.2113111 1.0540233
 -0.1609087 0.2871670 1.0713689
 -0.1166273 0.0933665 1.0772316
 0.6890305 0.2467497 1.1267465
 0.4942655 0.2284856 1.1064309
 -0.0416391 0.1197459 1.1216437
 -0.6449913 0.0856097 1.2356626
 0.1010370 -0.3082053 1.3904880
 0.0999580 -0.3081107 1.3958782
 -0.2727931 0.0287771 1.2718540
 0.5118158 0.2617031 1.0650952
 0.0968483 0.2996430 0.9928399
 -0.1356976 -0.0527529 1.4632595
 -0.4993760 -0.0062121 1.4200281
 -0.0271917 0.3171527 1.0275055
 0.0553854 0.2672649 1.0283867
 -0.2735802 0.1837283 0.9607850
 -0.1609693 0.2146126 1.1201973
 -0.2729914 0.1188380 1.1480862
 0.4355578 0.1687139 1.1745734
 -0.0777480 0.3422158 0.9957284
 -0.2069210 0.1713237 1.1725292
 0.3782457 0.2067649 1.1041937
 0.8170334 0.2822713 1.0605401
 0.8299757 0.2880840 1.0874645
 0.7531587 0.2673853 1.0858157
 0.7540805 0.2677467 1.0882558
 0.7567198 0.2652972 1.0870364
 0.7613453 0.2687777 1.1009241
 0.7223331 0.2631306 1.1139698
 0.4596447 0.1928505 1.1097045
 0.6854952 0.2463542 1.1127837
 0.5040162 -0.4903703 1.3520641
 0.1847067 -0.3642794 1.3360817
 0.8478762 0.1574463 1.2022046
 -0.5749884 -0.0813002 1.4378912
 0.4955270 -0.3820387 1.4235193
 0.0310586 0.2544395 1.0789675
 0.2708032 0.3207914 0.9849249
 -0.3196184 0.3500062 0.9693260
 0.0347125 0.1878139 1.1788424
 -0.1170655 0.0627369 1.2160666
 0.3732991 0.2935031 1.0306147
 -0.0974401 0.2412448 1.0921692
 0.2296485 0.0431022 1.1288841
 0.2136476 0.2692792 1.0485258
 -0.3783647 0.2382223 1.1209774
 0.5014310 0.2596788 1.0422055
 0.3816953 0.3034388 1.0473357
 -0.4137807 0.1280784 1.2014378
 0.5060603 0.2994138 1.0253201
 -0.2699983 -0.0080435 1.3071395
 0.5012013 -0.3853434 1.4327595
 0.5003657 -0.3842590 1.4544331
 -0.7243662 -0.0969866 1.4543551
 0.3852408 0.2759362 1.0406278
 -0.2910218 -0.1262251 1.5499467
 -0.1978945 -0.1344074 1.5433782
 0.8628869 -0.2652955 1.5874833
 -0.3365591 -0.1825532 1.5685930
 0.9339738 -0.3346224 1.6930895
 -0.1570637 0.2821842 1.0568291
 1.1418076 -0.6426014 2.1068456
 1.1602564 -0.6537576 2.1419773
 1.1475418 -0.6459652 2.1135757
 1.0640490 -0.6279695 2.1665342
 1.0316837 -0.6198641 2.0980573
 0.8156918 0.2799638 1.0610176
 1.0846609 -0.6234070 2.1747744
 1.0561182 -0.6076717 2.1151147
 1.0675997 -0.6216434 2.1471729
 -0.1022568 -0.8933687 2.1931372
 -0.1456311 -0.8482113 2.3421311
 0.0032460 -0.8954434 2.2638464
 0.6312892 0.3169799 1.0215576
 0.1353334 -0.9113342 2.3297718
 0.1452563 -0.9171641 2.3560746
 0.1498305 -0.9036502 2.3308949
 0.0613737 -0.8701337 2.3295143
 0.0614605 -0.8904368 2.3864188
 1.1535535 -0.7725596 2.3931153
 1.1119337 -0.7469778 2.3010709
 0.2559960 0.2291183 1.0789655
 0.0888889 0.3092067 1.0087988
 0.5503904 -0.0920013 1.1260997
 -0.0846427 0.1708380 1.0901785
 -0.0988421 0.0119085 1.3903846
 0.4424374 0.0959123 1.2833503
 0.6164989 -0.0904528 1.2818025
 0.6913708 0.2484191 1.1321188
 0.5596767 -0.0886299 1.1530758
 0.1806913 -0.3615054 1.3394848
 0.1833196 -0.3575428 1.3311552
 0.4924501 -0.4309387 1.3680207
 0.4920612 -0.4329309 1.3705752
 0.6191437 -0.2159767 1.0158262
 0.1483150 0.2504809 1.0520889
 0.4243610 -0.3190875 1.1897955
 -0.7922211 -0.0665346 1.5849634
 -0.3749570 0.2950930 0.9806166
 0.4417440 0.2899797 1.0261908
 -0.1707482 0.2132702 0.9952542
 0.3581832 0.0532624 1.2885901
 -0.0910941 0.0220959 1.3392316
 0.0912284 0.3574410 0.9455169
 0.1955352 0.3000681 0.9502167
 -0.3932161 -0.1352708 1.5708411
 0.0901175 0.3078834 1.0027128
 0.2085598 -0.4326273 1.3821270
 -0.1323408 0.0484862 1.2331454
 -0.3428695 -0.1450104 1.5938327
 1.2232563 -0.3658726 1.7229234
 1.1286582 -0.3960780 1.7369219
 1.1680777 -0.4395032 1.8832121
 1.1417488 -0.4248105 1.8245094
 1.1273428 -0.4185075 1.8086536
 1.2223219 -0.4804800 2.0090427
 1.2083815 -0.6751372 2.0097439
 1.2018727 -0.6604569 1.9981381
 1.2303267 -0.6809840 2.0978324
 1.2538365 -0.6898551 2.1347330
 1.1210748 -0.5154142 2.0577431
 1.1052494 -0.5253997 2.0773852
 1.1559498 -0.5908494 2.1034212
 1.2774804 -0.5759754 2.1265576
 1.1314622 -0.5684327 2.0807006
 1.1187105 -0.5653375 2.0179577
 1.1556255 -0.5871269 2.1254799
 1.5605553 -0.6900408 2.2663388
 1.3391427 -0.5759749 2.1034608
 1.4834745 -0.6578644 2.1553669
 0.7863957 -0.6172117 2.1423268
 1.4023054 -0.6222573 2.0300889
 0.5556060 -0.2727687 1.0591162
 1.0611491 -0.6070775 2.1152508
 1.4275439 -0.6271851 2.1882296
 1.4927210 -0.6991174 2.2522802
 1.4694442 -0.6931541 2.2407532
 1.4752791 -0.6933229 2.2388246
 0.6837911 0.3379607 0.9773905
 1.1484269 -0.7714379 2.3907762
 -0.4400413 0.3754096 0.9575983
 0.0852151 0.2934857 1.0070072
 0.0232298 0.3938138 0.9219007
 1.1053941 -0.4859295 2.0083258
 1.3456967 -0.3719659 1.7829868
 -0.0351727 0.0193819 1.1016866
 -0.0361961 0.0210660 1.1077566
 1.3653814 -0.4395470 1.7709879
 1.3395377 -0.4276637 1.7293532
 1.3059285 -0.6130360 2.1619658
 1.0787741 -0.4784898 1.9369596
 1.4957461 -0.6064031 2.1255043
 1.4642526 -0.5921664 2.0623860
 1.4781051 -0.6121808 2.0895183
 0.1647570 0.3355361 0.9844589
 0.6636695 -0.5755966 2.0554557
 0.6806089 -0.6065625 2.1272810
 0.6836566 -0.6105592 2.1429951
 1.6516455 -0.7552694 2.2321496
 -0.5599287 0.3437718 0.9721715
 -0.2186347 0.2260608 0.9511830
 -0.0380669 0.4276346 0.8761984
 -0.2671555 0.1299682 0.9632294
 -0.3981937 0.4565471 0.8615136
 -0.3203328 0.4349707 0.8612939
 -0.0381599 0.4300134 0.9012620
 -0.3953185 0.4516985 0.8551724
 -0.5389792 0.5404940 0.8096415
 -0.7264871 -0.0961583 1.4578567
 -0.2227808 -0.1504624 1.6171209
 -0.4997418 0.3916391 0.8577721
 -0.0672589 0.3447075 1.0189188
 -0.3146128 0.1913779 1.1174192
 -0.4959709 0.3330270 1.0413167
 -0.1397658 0.2016575 1.0180033
 -0.4763892 0.1911474 1.1523969
 -0.6902360 0.4353283 0.8895620
 -0.6007947 0.3910877 0.9165566
 -0.7178869 0.4581259 0.9290015
 -0.4077566 0.1924182 1.1656882
 -0.6249703 0.1344191 1.1919581
 -0.4777860 0.0807069 1.2101746
 0.6223179 -0.2182890 1.0240816
 -0.5223088 0.0866374 1.2963365
 -0.4948384 0.0822993 1.2651998
 0.1409015 0.2791881 1.0196393
 -0.0485610 0.0989797 1.2589883
 -0.0353961 0.0851591 1.1637576
 0.7049256 0.0994176 1.2247156
 0.7027131 0.1000859 1.2246522
 0.7040042 0.0999121 1.2233182
 0.7019503 0.1004577 1.2190660
 0.2688857 -0.3559375 1.3043302
 0.6139626 -0.4790276 1.7776581
 -0.6232064 -0.1663045 1.5273689
 0.3150095 0.2853125 1.0306119
 -0.4529004 -0.1186556 1.5768269
 -0.6961144 -0.2267714 1.6628261
 -0.7095863 -0.2238939 1.6340739
 -0.7413221 -0.1995074 1.6136068
 -0.7512338 -0.2312463 1.6300467
 1.2306747 -0.7227074 2.1074886
 -0.1020698 -0.9020541 2.2196207
 0.0090208 -0.8515875 2.2195034
 1.1304115 -0.6759744 2.1082976
 1.2688347 -0.9335656 2.3861294
 0.5030096 0.2963465 1.0103632
 1.2429590 -1.1041429 2.5983138
 1.2385516 -0.9963733 2.5624535
 1.2014163 -1.1941246 2.7284882
 1.0795641 -1.1530875 2.7021446
 1.1087482 -1.1636473 2.7358904
 1.1092334 -1.1868464 2.8957098
 0.9513330 -1.2309529 3.0090134
 0.9312209 -1.2111210 2.9564068
 -1.0261542 -1.0923792 2.9558990
 0.3783892 0.3022502 1.0148162
 0.4353485 0.2227288 1.0958625
 -0.1690187 0.3663094 0.9541273
 -0.1208955 0.1954527 1.0992970
 -0.1712984 0.3615654 0.9581518
 0.5711293 0.2126800 1.1265820
 -0.5176705 0.3676813 0.8997916
 -0.0477423 0.1432739 1.1241268
 0.0844794 0.3853254 0.9536707
 -0.5127563 0.4585786 0.8454947
 -0.3212063 0.4534440 1.0508446
 -0.4074697 0.1926088 1.1588300
 0.0261398 0.1935975 1.1793802
 0.8396782 0.1515784 1.1821308
 0.5607657 0.2278336 1.1371162
 0.7009413 0.3543253 1.0238730
 -0.0495389 0.0550189 1.1702158
 0.5408593 0.1572698 1.1726530
 0.7094195 0.1981562 1.1876523
 -0.0589449 0.1328796 1.1573405
 0.8402216 0.1603446 1.1991895
 0.6324399 -0.2239630 1.0432272
 0.8620277 0.1609682 1.1613582
 -0.3569414 -0.0328664 1.3156424
 0.8364986 0.1562753 1.1797504
 0.6940966 0.1356334 1.2144448
 -0.6042035 0.3953296 0.9155433
 -0.5827370 0.2937576 1.0398130
 -0.5000377 0.3003214 1.0272858
 -0.6791398 0.5434066 0.8119062
 -0.2657373 0.1319344 0.9747417
 -0.3822261 0.1150685 1.1644975
 -0.5252001 0.4162584 0.8545104
 -0.0920355 -0.0116306 1.4155476
 0.8915688 0.2832863 1.0860325
 0.2405061 0.2750044 1.0246078
 0.9033139 0.1934000 1.1128331
 0.5058762 0.2978309 1.0156465
 0.5090671 0.1550501 1.2118864
 -0.4207681 0.3642085 0.9673596
 0.2566508 -0.3494388 1.2772149
 0.4412781 0.0969528 1.2791786
 1.2851068 -0.4000143 1.7368385
 1.2842478 -0.3927270 1.7383007
 1.3494836 -0.4155283 1.8336197
 0.0743162 0.2666831 1.0354745
 1.1910039 -0.4342017 1.9027536
 1.2511772 -0.4406869 1.8786064
 0.2802278 0.2559263 1.0494682
 1.2934581 -0.4900277 2.0195353
 1.1194484 -0.6105902 1.9591360
 1.1086494 -0.4833392 2.0258937
 1.1258360 -0.4994998 2.0572336
 1.1727194 -0.5821632 2.1172845
 1.1025035 -0.5261005 2.0731535
 1.3186281 -0.5613151 1.9928960
 0.7735663 -0.5844543 2.0420883
 0.7943046 -0.6254810 2.1653311
 1.3758913 -0.5957719 2.0866003
 0.8008699 -0.6261125 2.1733732
 0.7962353 -0.6523666 2.2407501
 0.7805540 -0.6359927 2.1722808
 0.6843681 -0.6090819 2.1274350
 0.7001050 -0.6390641 2.2178326
 1.7668005 -0.7811042 2.4583411
 1.6743912 -0.7294607 2.3046994
 0.8107771 -0.8354579 2.4367237
 0.8017679 -0.8148843 2.3852313
 0.8188687 -0.8446832 2.4609087
 0.1678445 0.3305668 0.9675012
 -0.1569827 0.1754136 0.9893483
 -0.3060075 0.0729143 1.2141885
 -0.4104851 0.2218871 1.1260536
 -0.3052046 0.0748404 1.2356163
 -0.8040497 -0.1556751 1.5463701
 -0.6772477 0.0189081 1.3814187
 -0.0106678 0.0008700 1.3613193
 -0.2149209 -0.0666481 1.4162426
 -0.5533409 -0.0847740 1.4233735
 -0.4865187 -0.0758200 1.4727534
 -0.0400094 -0.1126006 1.5438218
 -0.8142608 -0.1707604 1.5722421
 -0.4794094 0.1929449 1.1568516
 -0.7990812 -0.2121049 1.6390412
 -1.1200296 0.6657386 1.6330713
 -1.5211754 0.7095883 1.6278236
 -1.6971484 -0.1044518 2.1030242
 -0.3289599 0.1308989 1.1374584
 -0.3239423 0.3503075 0.9809611
 -0.0168144 0.0722628 1.1490945
 0.4418652 0.2220225 1.0760218
 -0.1951841 0.1341437 1.1539563
 -0.4722991 0.3999250 0.9136390
 -0.4249123 0.3848145 0.9590347
 -0.5068944 0.3658511 0.8870211
 -0.5235862 0.3674612 0.9079988
 -0.3959397 0.4537387 0.8601806
 -0.0827346 0.4131994 0.9111277
 -0.2166742 0.2262188 0.9474655
 -0.5494300 0.0986030 1.2522737
 -0.3763561 0.1568517 1.1951720
 -0.2648608 0.4000815 0.9271607
 0.1669544 0.1396054 1.3091697
 -0.2654534 0.1990273 0.9512467
 0.5375191 0.0258565 1.2052605
 -0.1952787 -0.1156419 1.5456682
 -0.1666839 0.1448977 0.9266597
 -0.4366894 0.3903600 0.9620858
 0.2091337 0.3111630 0.9894518
 -0.7427687 0.0132218 1.3972276
 -0.0783435 -0.1860172 1.5789862
 -0.2271149 -0.2124695 1.6928754
 -0.4078370 0.2954442 1.0309054
 -0.4038038 0.2914170 1.0417246
 -0.3109728 0.0934950 1.0717123
 -0.3160077 0.0935476 1.0965658
 -0.0714373 0.1896921 1.0393796
 -0.6419415 0.2008864 1.1582519
 -0.5661912 0.1403065 1.1922839
 -0.2158753 0.1202422 1.2693028
 -0.2825315 0.0539725 1.2054930
 -0.5640321 0.1149657 1.2274022
 -0.4416240 -0.0519455 1.3905804
 -0.4198015 -0.0570690 1.3515849
 -0.3970274 0.4547546 0.8640310
 -0.2106172 0.0702269 1.2997077
 -0.0982090 -0.0113158 1.3603438
 -0.5171170 0.4599318 0.8517610
 -0.1038509 0.4161650 0.9014556
 -0.0630406 -0.0370796 1.4048407
 -0.2687162 0.1308097 0.9665904
 -0.0773488 -0.2632309 1.5936861
 -0.0188629 0.0263658 1.3093053
 -0.1339521 -0.0497848 1.4734553
 -0.5563025 -0.0884140 1.4299178
 -0.5549635 -0.0887819 1.4278648
 -0.8480188 0.0236252 1.3871493
 -0.3101628 0.3366849 0.9622905
 -0.1591872 0.3817435 0.9610348
 -0.1148158 0.0264254 1.2917166
 -0.0571512 -0.0374734 1.4342729
 -0.6906158 0.4352610 0.8940830
 -0.8533347 0.0051797 1.3959523
 -0.5706261 -0.0917981 1.4540808
 -0.8992832 -0.1324294 1.5863525
 -0.6029482 0.4009113 0.9198217
 -0.9181893 -0.1333806 1.6072541
 -0.8732645 -0.1340962 1.4552070
 -0.9457084 -0.1852739 1.6005623
 -0.6888204 0.4330236 0.8887137
 -1.2596198 -0.4761918 2.4084620
 -1.4323242 0.2438169 2.2615275
 -1.8112551 -0.6436443 3.2449684
 -1.2548788 0.8336676 1.6048813
 -1.2286263 0.8107531 1.5841981
 -1.3736861 0.8152256 1.5869403
 -1.2462456 0.7386643 1.7245816
 -1.1791874 0.7136546 1.7477850
 -1.7080542 -0.2970662 1.9462633
 -1.4113125 0.5908566 1.8427719
 -1.6706183 0.6324509 1.9146141
 -1.4578043 0.5714630 1.8641415
 -1.6189356 0.6105627 1.8467470
 -1.6378232 0.6152108 1.8733627
 -1.4763623 0.5783884 1.8948210
 -1.4341099 0.5573601 1.8267481
 -1.4287113 0.5481486 1.8206166
 -1.2942189 0.5365073 1.9468346
 -1.2971760 0.5367578 1.9522433
 -0.1970223 0.3756946 0.9579652
 -1.4466476 0.5076367 1.8743857
 -0.2160090 0.1167248 1.2080446
 -1.5954643 0.4967274 2.0298569
 -1.2807391 0.4226443 2.0499871
 -1.4299823 0.3608429 2.1223316
 -1.4127659 0.3504148 2.0828705
 -1.4414554 0.3593096 2.1198659
 -1.2188885 0.2897924 2.2178335
 -0.4639360 0.2972422 1.0411011
 -1.4516549 0.2453607 2.2843008
 -1.7335799 0.2658395 2.3391783
 -1.6541789 0.2506333 2.1994746
 -2.0488534 0.2054129 2.3640866
 -1.7950418 -0.0364858 2.8589823
 -0.5786861 0.2934585 1.0322652
 -1.9581317 -0.1072887 2.6535404
 -2.0945299 -0.1080280 2.6933379
 0.0298385 0.2589565 1.0910763
 -0.5563918 0.3421933 0.9669481
 -0.0391773 0.3160371 1.0220852
 -0.3133574 0.0930771 1.0850133
 -0.3625261 0.3076530 1.0381047
 0.1699591 0.3419243 0.9952961
 0.3147572 0.2186338 1.0882870
 0.9073846 0.3322552 0.9871102
 0.5244327 0.3543226 0.9917762
 0.9142980 0.3376181 1.0030679
 0.9180436 0.2675295 0.9858138
 0.9407579 0.2513514 0.9918509
 0.8617583 0.3102477 1.0217273
 0.8733181 0.3157377 1.0433886
 0.2751105 0.0393951 1.1398113
 0.8706542 0.3054807 1.0225304
 0.4742638 0.2175540 1.1125622
 0.8733788 0.3033353 1.0673549
 0.4592907 0.1932899 1.1127318
 0.9065685 0.1472341 1.0419817
 0.5664887 -0.0723154 1.2399241
 0.9141867 0.1512594 1.0543091
 0.9193267 0.1522880 1.0626874
 0.9228278 0.1523703 1.0712001
 0.8409135 0.3860465 0.9391378
 -0.1081395 0.0082262 1.3508998
 0.8433845 0.3883040 0.9425239
 0.5209669 0.3487433 0.9999790
 0.9553116 0.2582629 1.0150179
 0.9328315 0.2456408 0.9787568
 0.3959360 0.2150507 1.1286910
 -1.8347458 -0.0151797 2.3871815
 -1.2416190 0.5119101 1.8481517
 -1.2707682 0.1830644 2.3268294
 -1.8134922 0.2005564 2.1941683
 -1.8602285 0.1432566 2.2729244
 -1.5603440 -0.1025539 2.6067917
 0.2709190 0.2547855 1.0462887
 0.3467951 0.2458428 1.0599427
 0.4824601 0.2714882 1.0439692
 0.1936371 0.2435367 1.0679061
 0.5174962 0.3297970 1.0218911
 -0.0725633 -0.1937399 1.6512078
 -0.7933640 -0.1922662 1.6142292
 -0.9570570 -0.1880802 1.6282177
 -0.5264986 0.3716427 0.9048128
 -0.8869701 -0.2328608 1.6545243
 -0.7240770 -0.2678489 1.7295560
 -0.8773654 -0.2772737 1.7414777
 -1.3641145 0.5756530 1.9523282
 -1.4129874 0.3527840 2.0908713
 -1.4635754 0.3622194 2.1625981
 -1.5711914 0.1350640 2.4443855
 -1.6008863 0.1371549 2.3259771
 0.5387365 -0.0605421 1.1173800
 0.5690429 0.2114078 1.1194055
 0.0871543 0.3058932 0.9981960
 0.8982974 0.2866490 1.0758685
 0.8993977 0.2809062 1.0958632
 0.5605599 0.2292988 1.1379968
 0.9017376 0.1710830 1.2070936
 0.9119661 0.2690821 1.0913732
 0.7740803 0.1060479 1.1142560
 0.8802381 0.1871125 1.0757053
 0.7339434 0.1003705 1.1422544
 0.8302302 0.4089860 0.9169593
 0.8995285 0.2301015 1.1171257
 0.6584447 0.0599630 1.1844378
 0.6213918 0.4002142 0.9031236
 0.8107593 0.1972221 1.2077231
 0.6884301 0.3543616 1.0320141
 0.8981834 0.3521667 0.9416978
 0.6853538 0.3531621 0.9521550
 0.3099087 0.2370746 1.0141822
 0.1830787 0.0877852 1.3969339
 0.3350950 0.2725400 1.0381035
 0.6698304 0.3362433 0.9813443
 -0.1234272 -0.2784420 1.7319655
 -0.7958421 -0.2082526 1.6176697
 -0.1598108 0.1479081 0.9456398
 -1.3475895 0.9404148 1.4317185
 0.5884841 0.2048347 1.1387216
 0.5413306 0.1549044 1.1937469
 0.0094388 0.0847605 1.2996582
 0.3556406 0.1114299 1.2639359
 0.4287199 0.0476536 1.3405538
 -0.0395510 -0.0507969 1.0666322
 1.3130800 -0.3457276 1.7247036
 1.2178900 -0.3888968 1.7672458
 1.0896128 -0.4090286 1.7504938
 1.2753557 -0.3354801 1.6834891
 1.2384905 -0.3761057 1.6559792
 1.2998481 -0.4661308 1.8398582
 -0.4074879 0.3536692 0.9889167
 0.6155022 -0.2209672 1.0324903
 1.0776522 -0.4002745 1.7023370
 1.1479555 -0.4716575 1.9373374
 0.2838718 0.3113705 1.0058684
 1.0750737 -0.5077247 1.9994420
 1.6188769 -0.6290983 2.1214364
 -0.2263664 0.1791591 0.9553008
 1.1174849 -0.5774518 2.0209563
 -0.3300243 0.3079253 1.0252131
 -0.0507587 -0.0580942 1.0241262
 1.2670225 -0.5839169 2.0657754
 -0.3282557 0.3099376 1.0284890
 -0.1061913 0.2265964 1.1560982
 -0.3209636 0.1849587 1.1763185
 -0.2971717 0.1349990 1.0827378
 -0.1476332 -0.3006545 1.7751473
 -1.3484210 0.8016768 1.5335050
 0.0015457 -0.4743499 2.0124238
 -0.0036418 -0.4697762 1.9975739
 -1.2498677 0.7004837 1.6539514
 -1.4463024 0.7083349 1.6363062
 -1.7103945 -0.3494393 1.9204628
 -0.2700864 0.1377037 1.0063452
 -0.3177743 0.0866224 1.0845324
 -0.3518353 0.3628497 0.9621311
 -0.3205210 0.1842384 1.1634817
 -0.1598523 0.2084641 0.9832388
 -0.6243215 -0.1230170 1.7720103
 -0.2708439 0.2243379 0.9915357
 0.3106331 0.2236104 1.1278584
 -0.2828108 0.4058869 0.9509724
 -0.2281684 0.1749140 0.9580592
 -0.8046584 -0.2120521 1.6437224
 -0.2168694 -0.3172745 1.7594260
 0.9164749 0.3543119 0.9832653
 0.3052362 0.2535540 1.0866438
 0.3892435 0.2353629 1.0952363
 -0.1972151 0.3735835 0.9602684
 0.9292308 0.2736451 1.0006359
 0.3889373 0.2324746 1.0858374
 0.2115315 0.2367098 1.0688171
 -0.0982087 0.2344033 1.1121993
 0.4029473 0.2331100 1.0779834
 0.6841096 0.2521846 1.1103063
 -0.2072844 0.2817055 0.9846588
 0.7320526 0.0826033 1.1743296
 -0.1356232 0.0537294 1.2270396
 0.5911251 -0.0301977 1.2322940
 0.7100889 0.2009165 1.1112168
 -0.3199801 0.2093217 1.1430840
 0.7604646 0.1767163 1.0825371
 0.8149237 0.1957462 1.2058337
 -0.4788406 0.1517194 1.1529280
 0.8493172 0.1594734 1.1331965
 1.3676119 -0.5995691 2.1316311
 1.5457467 -0.5462661 2.0734787
 1.2611535 -0.5659937 2.0823565
 -0.4540923 0.2656898 1.0866156
 1.1091868 -0.6533692 2.2603071
 -0.3167119 0.0895664 1.0922616
 -0.1469845 0.1668734 1.0565389
 -0.0246825 0.1268214 1.0909033
 -0.8029637 -0.6869457 2.6595356
 0.4898712 0.2254240 1.1625880
 0.0622101 0.2830907 1.0471960
 -0.0739613 0.3547327 0.9877983
 -0.0702279 0.1927742 1.0533129
 0.2579938 0.2301862 1.0848711
 -0.0616297 0.1440955 1.1573919
 0.5118989 0.2543134 1.0675501
 -0.4126899 0.2242779 1.1120944
 -0.4190502 0.2177183 1.0931958
 -0.1410172 0.2136718 1.0444845
 -0.1719749 0.1348896 1.1724856
 -0.7375042 0.0156996 1.3707080
 0.0828040 0.2925244 1.0180877
 -0.3768860 -0.1308334 1.6038765
 -0.4812941 0.1332096 1.1810702
 0.3379711 0.2129272 1.0931878
 -0.2302791 0.1737271 0.9564706
 -0.1613692 0.1772742 1.0242203
 0.5545565 -0.2730139 1.0536498
 0.6726441 0.3384358 0.9843462
 0.3451126 -0.2422982 0.9708157
 0.8287780 0.1488039 1.1609535
 0.2851692 0.3163981 1.0127660
 0.4671566 0.1025914 1.3130668
 0.4618139 0.1067243 1.3098941
 0.4919340 -0.4348224 1.3554721
 1.4037744 -0.2510058 1.5528333
 1.4008191 -0.3062575 1.6227523
 1.4403422 -0.3090306 1.6950092
 1.3815212 -0.2931526 1.6024677
 1.3886582 -0.2968432 1.6156666
 1.4042085 -0.2983249 1.6439344
 1.3958108 -0.2948616 1.6403255
 1.2849445 -0.3896437 1.7244749
 1.1596088 -0.3826742 1.7481099
 1.3080934 -0.3580102 1.7150277
 0.7548659 -0.2974688 1.8250622
 0.7515157 -0.3032085 1.8258637
 -0.2395519 -0.0194290 1.3097470
 0.0011305 -0.2007724 1.5064139
 -0.5537047 -0.0871383 1.4144200
 -0.0307965 -0.0005651 1.3025088
 -0.0176399 0.0499270 1.2800822
 -0.0274885 0.0284162 1.2622963
 -0.7750028 0.1053020 1.3625202
 0.0556920 -0.2994868 1.4533035
 -0.5585304 0.3540482 1.0001484
 -0.2876289 0.2076008 1.0185461
 -0.4404395 0.3723072 0.9581693
 -0.3198551 0.1844523 1.1688637
 1.4256433 -0.4921987 1.8810807
 1.4104737 -0.4241249 1.8522279
 1.4173918 -0.4321083 1.8759792
 1.6691920 -0.5414193 2.3141243
 1.6408211 -0.5998707 1.8504305
 1.6903191 -0.5003819 1.9555204
 1.6526690 -0.4882995 1.9118112
 1.6533875 -0.4889921 1.9140295
 1.6389414 -0.4771469 1.8828918
 0.8297449 0.4106196 0.9170393
 1.1534830 -0.5842643 2.0551155
 1.1371249 -0.6331636 2.0197532
 1.1575985 -0.5887393 2.0720744
 1.0083321 -0.5030512 1.9608233
 1.6274898 -0.5175619 1.9780526
 1.3296946 -0.5342234 2.1269765
 1.6293120 -0.6123300 2.0754199
 1.6085163 -0.5325021 2.0734112
 1.6055819 -0.5329682 2.0727751
 1.3775276 -0.5884441 2.0918887
 1.6051041 -0.5384258 2.0792000
 1.7094238 -0.7013542 2.2451401
 1.7176626 -0.7030640 2.2570558
 1.5910809 -0.6103907 2.0719697
 1.1969066 -0.7046385 2.2069793
 1.2318559 -0.7413903 2.3028264
 0.8800429 0.3170149 1.0264683
 0.6104054 -0.2214616 1.0274960
 0.8200273 0.2816591 1.0717746
 0.9020233 0.2232792 1.1243980
 0.8628651 0.1633124 1.1523482
 0.8518987 0.1592931 1.1428518
 0.5721177 -0.0519708 1.1645365
 0.5730314 -0.0520635 1.1699667
 0.5706328 -0.0395577 1.1466688
 0.5698100 -0.0397657 1.1598699
 0.5571543 -0.0292279 1.1744794
 -0.6547837 0.0885548 1.2556505
 -0.2712507 0.2228046 0.9904833
 -0.3640086 0.0003679 1.2769290
 -0.3165011 0.1701376 1.1172130
 -0.5572723 0.3482921 0.9102796
 -0.5039653 -0.0068912 1.4386516
 -0.8501524 0.0243657 1.3935572
 -0.0162754 0.0734501 1.2708821
 -0.1323946 -0.0492640 1.4593679
 -0.4301087 -0.0464148 1.2894589
 -0.2886433 -0.0066759 1.3199739
 -0.5240455 0.3458925 0.9456804
 -0.1720272 0.1423603 1.0883557
 -0.1216609 0.0780960 1.2786795
 -0.9025157 -0.2183049 1.6427567
 -0.2217798 0.1104391 1.1741786
 -0.5271109 0.3442365 0.9439480
 -0.2157597 -0.3066459 1.7751443
 -0.5252870 0.3713832 0.8976962
 -0.1304849 -0.7205060 2.2747483
 -0.1260256 -0.7369252 2.3033171
 -0.2007977 -0.6668782 2.2824016
 -0.5295969 0.3661545 0.9861664
 -0.1154683 0.0717413 1.2926918
 -0.3669203 0.3657176 0.9579350
 -0.1236891 0.0481123 1.3032835
 -0.3470584 -0.7007470 2.3561864
 -0.3183128 -0.6405454 2.4592571
 -0.0030006 -0.5828176 2.2274640
 -0.6032080 0.3938936 0.9097070
 -0.2085548 -0.6579428 2.2375231
 -1.3801535 0.2920672 2.1999433
 -1.7230124 0.2620378 2.2691667
 -1.5470687 0.1339528 2.4019034
 -1.6428634 -0.0320271 2.5889163
 -0.3191077 0.1868448 1.1833858
 -0.1008158 0.0007541 1.4031609
 0.2772484 0.3135044 0.9744508
 -0.5964291 0.1109277 1.2345368
 -0.6005043 0.0473431 1.3019451
 -1.3792932 0.5700538 1.7897444
 -1.6378293 0.6133865 1.8745756
 -1.2319701 0.4304596 2.0274975
 -1.5138602 0.4640572 1.9317986
 -1.7504869 0.4255778 1.9796404
 -1.2062964 0.2843753 2.1870923
 0.5469377 0.4004913 0.9139490
 -1.4335001 -0.5700300 2.8002734
 -0.0704708 0.1934655 1.0583645
 -1.8947263 0.3257022 2.1836307
 -1.9019927 0.3257770 2.1933715
 -0.9456330 -0.5098301 2.0940142
 -1.9099876 0.2990981 2.2079515
 -1.5500225 0.2094211 2.2063115
 -1.9633995 0.2196185 2.2940531
 -0.4090143 0.2977602 1.0643485
 -0.8497643 0.0055963 1.3923213
 -0.7630681 -0.0803875 1.4710158
 -0.1733731 0.1397505 1.0752637
 -0.1328306 -0.0817316 1.4607517
 -0.2881334 -0.1734919 1.8524009
 -0.6447340 0.1739555 1.1528676
 -0.2187848 -0.1488093 1.5604122
 -0.4588591 0.2901955 1.0207009
 -0.1164684 -0.2825238 1.7544689
 -1.1561075 0.7995532 1.6357214
 -1.2197542 0.7175696 1.6636169
 -1.1203824 0.6941269 1.7113580
 -1.3494858 0.7058536 1.7112979
 -1.3910547 0.5816835 1.8137919
 -1.4561182 0.5710261 1.8603935
 -1.3627163 0.5723769 1.9385270
 -1.5558399 -0.0605648 1.9345062
 -1.5344090 0.0044540 1.9628582
 -1.5738711 -0.0028278 2.0210683
 -1.3000407 0.4714406 1.9883275
 -1.3189378 0.4793847 2.0180397
 -0.6221330 -0.1172313 1.4655887
 -0.1319405 -0.2547323 1.6490293
 -0.5112371 0.3686045 0.8952655
 -0.5152034 0.1040379 1.2079209
 -0.5730817 0.0993884 1.2253927
 -0.3838099 -0.0044378 1.2879543
 0.4526873 0.1027435 1.2941897
 0.5694497 0.4442447 0.8822981
 -0.6284887 -0.1127567 1.4382696
 -0.6165906 -0.1669376 1.5227268
 -0.1055059 0.4691539 0.8594661
 -0.3747519 -0.1285198 1.5657672
 0.5890649 0.4687820 0.9304165
 0.5540079 0.4264579 0.8992494
 0.6615510 0.4134273 0.9000757
 0.6685333 0.3378200 0.9936117
 0.6699274 0.3372716 1.0019039
 0.1707334 0.2419627 1.0491298
 0.6687337 0.3358831 0.9955586
 0.7076578 0.4101327 0.8671011
 0.2116501 0.2659723 1.0393333
 -0.0824409 0.1942776 1.1115663
 0.7158803 0.4270640 0.8861811
 -0.4140137 0.0793487 1.3579503
 -0.5299845 0.1279211 1.1902360
 -0.4791061 0.1209162 1.1633748
 -0.5678568 -0.0918154 1.4499925
 0.2748623 0.3216308 0.9957494
 0.0908013 0.3587370 0.9560042
 -0.1711290 -0.1165083 1.5458101
 -0.6284606 -0.1517973 1.5231084
 -0.1755588 -0.1408155 1.5502635
 -0.5507569 -0.1988829 1.5577043
 -0.3976680 0.3753633 0.9818427
 0.2745018 0.3221602 0.9915632
 0.0597806 0.2797132 1.0354570
 0.6565181 0.4068235 0.8867555
 0.5828550 0.4948442 0.8573098
 0.2744375 0.2491418 1.0171754
 0.2299555 0.2315344 1.0700618
 0.9433519 0.0451852 0.9593037
 0.9544843 0.0448762 0.9743914
 -0.1533739 -0.2528745 1.7355332
 -0.7974875 -0.2048173 1.6165414
 -1.0449938 0.7307438 1.5016249
 0.5590059 0.4149016 0.9428591
 0.5746825 0.4839607 0.8420439
 -0.4392484 0.2870177 1.0326560
 -1.7503607 0.5024635 2.0037365
 -1.5954318 0.4967155 2.0288041
 0.1580680 0.3406798 0.9768137
 -1.5514240 0.2070249 2.2040772
 -1.6671097 0.0852414 2.4846218
 0.0223323 0.3971376 0.9340037
 0.6688888 0.4206463 0.9158630
 -0.1062219 0.0834056 1.1352648
 0.6323124 0.4260500 0.8699710
 -0.5661656 0.1049684 1.2351866
 0.7165475 0.4270878 0.8875915
 -0.2440153 -0.0209659 1.3404357
 0.2920097 0.2363362 1.0211830
 0.5708711 0.4746551 0.8242685
 -0.0370884 0.1589612 1.1169363
 0.3596499 0.2086347 1.1073507
 0.5584758 -0.0295832 1.2036338
 0.7367262 0.2597818 1.0443848
 0.5168414 0.0259488 1.2183143
 0.5260695 0.0252341 1.1606828
 -0.0763685 0.2195142 1.1695821
 0.8158197 0.2835653 1.0645523
 0.8127389 0.1200515 1.0846095
 0.5882943 0.2110695 1.1207399
 0.7197469 0.0875777 1.1151322
 0.5523009 0.4250807 0.8953553
 -0.0332321 0.0517857 1.0997996
 0.6813579 0.2415430 1.1020133
 0.5940583 0.2292943 1.2968750
 0.6926007 0.0963431 1.1911867
 0.6860489 0.1825453 1.1791147
 0.5708823 0.4470530 0.8751237
 0.5684937 0.4418516 0.8685591
 0.1584174 0.1287273 1.2058363
 0.5522303 0.4662746 0.8408675
 0.7063925 0.1590491 1.2254357
 0.1290058 0.1223633 1.3203645
 0.5241132 0.1526197 1.2445443
 0.7185389 0.4267960 0.8889481
 -0.1329730 0.0927757 1.3079267
 0.5703444 0.4582607 0.8562998
 -0.0596732 -0.0052777 1.1892356
 -0.2299695 -0.0661703 1.4457444
 0.5388258 0.2151690 1.1167802
 0.7706172 0.1043164 1.1102073
 0.7698137 0.1328057 1.0882217
 -0.3349294 0.3128745 1.0425771
 0.5843811 0.0331881 1.1955702
 0.7259786 0.2061794 1.1304700
 0.7682477 0.1880009 1.1405438
 0.5324104 0.1499657 1.2437272
 -0.2001592 0.0783510 1.2667094
 -0.4197209 0.3674543 0.9763362
 0.2663035 -0.3545783 1.3017184
 -0.3671484 0.3440642 0.9856122
 0.2581495 0.2347133 1.0710149
 0.2568924 0.2321147 1.0777495
 0.1695106 -0.3492995 1.2797604
 -0.5363174 0.3451531 0.9583928
 -0.6701838 0.0190002 1.3507298
 -0.3249687 -0.0870418 1.4249996
 -0.4919337 -0.0181692 1.4223310
 -0.7229477 -0.0636764 1.3863215
 0.0311524 0.2562222 1.0754888
 -0.0931323 -0.1508626 1.5448575
 -0.0951219 -0.1509577 1.5609375
 -0.1010974 -0.1405432 1.5982600
 -0.2975520 0.4828548 0.8377925
 -0.4506105 -0.1095311 1.5599225
 -0.2272506 -0.2128000 1.6756805
 -0.9530289 -0.1862010 1.6123067
 -0.1252943 -0.2201627 1.6869508
 -0.8648592 -0.2725256 1.7140619
 -0.8853521 -0.2803166 1.7541265
 -0.4079573 0.1965862 1.1718876
 -0.4378093 0.2277122 1.1230652
 0.4876358 0.2243748 1.1008332
 -0.4380973 0.2284535 1.1200738
 0.1091963 0.4525479 0.8635009
 -0.5322265 0.3663287 0.9155113
 0.5858572 0.2093588 1.1154609
 0.4900405 0.1665123 1.1472459
 -0.3302952 0.3110702 1.0356287
 -0.4696315 0.3379821 0.9890839
 0.1753274 0.2477058 1.0662142
 -0.4402700 0.2808349 1.0361526
 -0.1929433 -0.2782398 1.7682092
 -0.5144355 0.3676896 0.8991309
 -0.6275058 0.1345978 1.2006662
 -0.5688434 0.1061033 1.2404163
 -0.0372365 -0.0181645 1.3486489
 -0.6557593 0.1375794 1.2062105
 -0.5030719 0.0588434 1.2853484
 -0.0610252 -0.0360606 1.4166887
 0.5579478 0.4770921 0.8515255
 0.8352617 0.4142167 0.9242228
 0.4961670 0.2679445 1.0023959
 0.7345443 0.3545124 0.9366992
 -0.1981680 0.3737401 0.9773307
 0.6676295 0.3341250 0.9866401
 0.7481324 0.3355023 0.9799122
 0.9272123 0.2729675 0.9958101
 0.9253322 0.2704545 0.9964966
 0.9285579 0.2726396 1.0005453
 0.5933750 0.2694378 1.1074263
 -0.1794549 0.2272827 0.9614583
 0.9457867 0.2512178 0.9922280
 0.7368449 0.0996763 1.1510751
 0.8316847 0.2868041 1.0866007
 0.7998651 0.1426127 1.1697998
 0.8952352 0.2844796 1.0701885
 0.5487924 0.1583795 1.2144302
 0.8632128 0.1861312 1.1549277
 0.5576495 0.0384686 1.1303922
 -0.4770844 0.2762180 1.0535116
 0.1105665 0.3209258 0.9856700
 0.1595035 0.3427650 0.9684387
 -0.0293047 0.0901363 1.1703001
 -0.0206732 -0.2247816 0.8975751
 -0.5286428 0.4651285 0.8605399
 -0.5303487 0.0980236 1.2468455
 0.1810782 0.3211248 0.9812503
 0.6895555 0.3544167 0.9619635
 0.6579611 0.3520133 0.9711877
 0.1592313 0.3432793 0.9659528
 -0.2015916 0.1864262 1.1577902
 -0.2638258 0.0699334 1.2418278
 -0.0295387 0.0853877 1.1526414
 -0.2331997 0.0861177 1.3063279
 -0.1196219 0.0916779 1.0878155
 -0.1176014 0.0860797 1.0737634
 -0.3571039 0.4611645 0.8793414
 0.1839163 -0.3574336 1.3403767
 -0.2171834 0.2258477 0.9496922
 0.0750631 0.1254034 1.2439177
 -0.5834665 -0.0577775 1.3912450
 -0.2751763 0.0275812 1.2761596
 -0.4935309 0.0822743 1.2458907
 0.0043624 -0.9140909 2.2999995
 -0.2340698 -0.8168643 2.2367260
 0.0042063 -0.8923345 2.2444396
 -0.2079729 0.2576473 0.9487346
 -0.1788086 0.4759942 0.8560292
 -0.2255255 0.5148455 0.8058700
 -0.3567335 0.4581449 0.8743475
 -0.2067431 0.2812417 0.9799682
 -0.1283612 0.1286884 1.0618783
 -0.0023072 0.4184193 0.9247673
 -0.2397726 -0.7302557 2.3998470
 -0.2350765 -0.7198534 2.4036586
 -0.9858362 -0.5171775 2.1568904
 -1.1422813 -0.9985639 2.3982122
 -1.0537649 -0.5472665 2.3149636
 -1.2252067 -0.6932990 2.4705470
 -0.8116874 -0.6971781 2.7295437
 -0.9015627 -0.7776777 3.0033033
 -1.2459137 -0.8956605 2.7601619
 -0.6374268 -1.0932651 2.8075321
 -0.3973470 0.4405966 0.9019286
 -1.2389829 -0.8957590 3.0076725
 -1.2413570 -0.8971803 2.9927235
 -1.1355979 -0.8301189 2.7816942
 -0.1704784 -0.1129760 1.5380797
 -0.2218067 0.5107028 0.7905557
 -0.3071069 0.4894167 0.8514470
 -0.1949029 0.3693660 0.9684027
 -0.4716085 0.3928421 0.9114487
 0.0861790 0.2961957 0.9968324
 0.0737403 0.1132006 1.2774358
 -0.1662848 0.3611885 0.9881315
 -0.4901901 0.0933966 1.2507244
 0.0841401 -0.2292933 0.9330451
 -0.3859768 -0.0433416 1.3239049
 -0.3012337 0.4891479 0.8493272
 0.3559134 0.0796812 1.2595068
 0.5939233 -0.0368427 1.3071200
 0.6274159 -0.0693150 1.3926940
 0.1005124 -0.2358193 0.9572456
 -0.2735329 0.2669279 1.0241286
 -0.0575983 -0.0372843 1.4110686
 -0.1368146 -0.0745339 1.4845318
 -0.2630258 -0.0244857 1.4330692
 -0.5473761 0.4706161 0.8866350
 -0.0964744 0.4472000 0.8979435
 0.2656394 -0.3550111 1.3051913
 0.0794226 0.3747188 0.9460753
 0.0377151 0.4158738 0.9091040
 0.2746320 0.3224076 0.9955536
 -0.2694173 0.4513069 0.8649775
 -0.8011285 -0.1255089 1.5569608
 0.2792200 0.3231134 1.0186707
 -0.8003531 -0.2097762 1.6374141
 -0.2980935 0.4828000 0.8387355
 -0.6457390 -0.2342402 1.6221342
 -0.4745176 0.4142067 0.9086963
 -0.1200772 -0.2846026 1.7732368
 -0.3910877 0.4361083 0.8907680
 -0.4446544 0.4680579 0.8878937
 -0.6341751 -0.5394865 2.1329865
 -0.9415295 -0.5074388 2.0835869
 -0.7035731 -0.6016523 2.3570769
 -0.6713558 -0.2541303 1.6891141
 -0.0804348 -0.3270646 1.7734691
 0.1359836 -0.8896523 2.2748675
 -0.0996030 -0.8343379 2.3042498
 -0.0990862 -0.8293292 2.2678161
 -0.1019385 -0.8082604 2.2504363
 -0.1028635 -0.8143948 2.2645938
 -0.0956683 -0.7801999 2.1461735
 -0.0237747 -0.8115293 2.2501969
 -0.4994888 -0.0562573 1.4630995
 -0.1711147 -0.1330438 1.5084902
 -0.6659774 -0.1191043 1.4355427
 -0.6829705 -0.1179004 1.4706601
 -0.6726604 -0.1232905 1.4578422
 -0.3582398 -0.0941820 1.5286344
 -0.4809227 -0.0746518 1.4366386
 -0.2252204 0.5131201 0.7993180
 -0.2617124 -0.1418662 1.5387180
 -0.2662374 -0.1414791 1.5381777
 -0.2984651 -0.1250649 1.5758270
 -0.5013211 0.1267125 1.2175343
 -0.3036568 0.1712357 1.1298403
 -0.0354303 0.1157089 1.0360452
 0.1457474 0.3123270 0.9823095
 -0.2101573 0.2604424 0.9662846
 -0.3292207 0.1596214 1.1638123
 0.1715083 -0.3515945 1.2812068
 -0.1383051 0.2483844 1.0340511
 -0.3616717 -0.0025614 1.2995260
 0.1659971 -0.3465641 1.2622567
 0.2638837 -0.3537706 1.2888412
 -0.6240242 0.1324976 1.1959213
 0.0838531 -0.2294419 0.9380438
 -0.3808534 0.1621916 1.2000890
 -0.6476963 0.0005604 1.4091586
 0.1808957 0.2554803 1.0811672
 0.2945584 0.3170453 0.9917444
 -0.1601688 0.1064580 1.1094006
 -0.4342124 0.2786700 1.0262321
 0.3113467 0.2493612 1.0694700
 0.1766606 0.2481227 1.0649832
 0.1743987 0.2473995 1.0565077
 -0.1641752 0.0976117 1.1077138
 -0.2263380 0.5120772 0.8066057
 -0.2122818 0.2571199 0.9584041
 -0.2517903 -0.0301899 1.3941983
 0.0922623 0.3549545 0.9628254
 -0.0920659 0.4852071 0.8213558
 -0.2711962 0.2490595 1.0105637
 -0.0063089 0.4164965 0.9216721
 -0.4101989 0.5174882 0.7987856
 -0.3684429 -0.0937067 1.4672413
 0.0729694 0.3624842 0.9445921
 -0.1069267 0.5014076 0.8284372
 -0.3993957 0.5428211 0.8090090
 -0.0995968 0.5014533 0.8259690
 -0.0948785 0.4401598 0.8855712
 -0.8124046 -0.1563427 1.5545834
 -0.3535714 0.4580708 0.8716067
 -0.3546430 0.4547344 0.8700161
 -0.6710251 -0.2159063 1.5983988
 -0.0759013 0.3401670 1.0047926
 -0.0045030 0.4170048 0.9113606
 -0.0000996 0.4312658 0.9203038
 -0.3579711 0.4628712 0.8829790
 -0.0928208 0.4914242 0.8331141
 -0.1046971 0.5050332 0.8403105
 0.0669203 0.2962233 1.0103903
 0.0574664 -0.3144280 1.4051070
 0.0552629 -0.3073136 1.3796991
 0.0624566 -0.3106966 1.4053484
 -0.5831761 -0.0610410 1.3788414
 -0.4882601 0.1600168 1.1669314
 0.1709741 -0.3511789 1.2804585
 -0.2906848 0.0740705 1.1969299
 -0.2631935 0.0684719 1.2326323
 -0.4130120 0.3308513 1.0038847
 -0.3322841 0.1326533 1.1600842
 -0.1055189 0.1716825 1.0706691
 -0.2584884 0.0622025 1.2042150
 -0.5981008 0.3373945 1.0037323
 0.1866702 -0.3555128 1.3511641
 0.2559318 -0.3543374 1.2906365
 -0.4966628 0.2966612 1.0221244
 -0.3820384 0.2753431 1.0743771
 0.2556118 -0.3539419 1.2847475
 -0.0368442 0.1179743 1.0394140
 -0.6262738 0.1558586 1.1752511
 -0.1078405 -0.0150219 1.4396011
 0.2569226 -0.3509107 1.2693036
 -0.8004887 -0.1255282 1.5538177
 0.1055715 -0.4167854 1.3027527
 -0.7022523 -0.2202721 1.6150613
 -0.3015141 0.4880702 0.8450401
 -0.2259286 0.5127339 0.8039184
 -0.2157461 -0.8399739 2.1552172
 -0.1320091 0.0459188 1.2149173
 -0.5685200 0.1346955 1.2098298
 -0.2083148 -0.1385698 1.5856683
 -0.2546374 -0.1416733 1.5565082
 -0.2088711 0.2794144 0.9801900
 -0.0700465 -0.1880542 1.6242293
 -0.0738314 -0.1925986 1.6212603
 -0.7433704 -0.1641594 1.5598847
 -0.2212526 -0.2098740 1.6198992
 -0.4072760 0.3308460 1.0138361
 0.0331851 0.2169335 1.1385599
 -0.5143561 0.3147773 1.0338672
 -0.2680874 0.2900729 1.0371081
 -0.1468422 0.2560031 1.0777708
 -0.3607183 0.2824534 1.0652733
 -0.0684902 0.1757173 1.0485636
 -0.0614147 0.1696866 1.0315064
 -0.3375309 0.3139781 1.0449052
 -0.4756556 0.3904734 0.9167426
 0.0801597 0.3285884 0.9711473
 0.1058496 0.4671767 0.8634569
 0.1973637 0.3170231 0.9797130
 -0.0296944 0.1336941 1.1122023
 -0.6542415 0.3415845 1.0044060
 -0.0501198 0.1128620 1.1214442
 -0.3940838 0.3570453 0.9728310
 -0.0289629 0.1278188 1.1057277
 -0.3953164 0.3577995 0.9756387
 0.1851184 0.3098706 0.9969489
 -0.3230618 0.3229524 1.0075488
 -0.5933432 0.3304530 1.0076110
 -0.2287896 0.5283524 0.8202663
 -0.0481774 0.1147532 1.1184977
 -0.3656259 0.9018357 1.1270958
 -0.3649679 0.8998330 1.1230079
 -0.3648136 0.9021536 1.1290230
 0.2500095 0.1680698 1.1931510
 -0.0713310 0.1652631 1.0286193
 0.0938198 -0.2400064 0.9465977
 0.1943677 0.2985242 0.9991007
 0.0407628 -0.2330777 0.9389344
 0.1005782 0.3098496 0.9876605
 0.0884068 -0.2396937 0.9448380
 -0.4369567 0.3778365 0.9624615
 -0.0492426 0.1145590 1.1214111
 -0.3893829 0.0994757 1.2069923
 0.0119735 -0.2314143 0.9349606
 -0.0636594 0.3365126 0.9938794
 0.1056965 0.3161273 0.9857640
 0.0146217 -0.2308386 0.9342496
 -0.2058313 0.1374891 1.2014592
 -0.0677093 0.5014399 0.8253941
 -0.4604183 0.4148968 0.8857517
 -1.1303432 -0.8680049 2.9502623
 0.1005475 0.4652689 0.8650679
 -0.3955141 0.3514920 0.9847621
 -0.1723555 0.2988650 1.0191849
 -0.3668440 0.3654255 0.9619012
 -0.1494690 0.2559138 1.0855517
 0.2138350 0.2679179 1.0318991
 -0.3206353 0.3448170 0.9965246
 -0.4869601 0.3546155 0.9889283
 -0.4754397 0.3423486 0.9989508
 -0.6054312 0.3911788 0.9162460
 -0.3758726 0.3687401 0.9797362
 0.2581826 0.2402011 1.0642543
 0.2563849 0.2385654 1.0623884
 0.1801736 0.3215108 0.9793527
 -0.4131929 0.3677730 0.9657235
 -0.4185056 0.3823853 0.9506017
 -0.3163720 0.3425835 0.9848796
 -0.1307265 0.0739483 1.0612890
 0.0154821 0.1429949 1.1834139
 -0.3467704 0.3357043 0.9709741
 -0.4360333 0.4628481 0.8716761
 -0.2113445 0.2120646 0.9365588
 0.2652815 0.0350129 1.1355896
 0.2525790 0.0615829 1.1229261
 0.2609054 0.0624611 1.1194253
 -0.0403542 0.4255853 0.8726612
 -0.5435973 0.3504220 0.9767166
 -0.5627766 0.3372990 0.9689584
 -0.5099688 0.3104354 1.0275148
 -0.2875909 0.1211045 1.0744424
 -0.3015496 0.1196527 1.1080894
 0.1182673 0.3039258 0.9844998
 0.1101304 0.3186069 0.9810727
 0.0849237 0.2946933 0.9996748
 0.1023578 0.3098268 0.9878991
 0.2306446 0.2421280 1.0558678
 -0.3512990 0.3406066 0.9847736
 0.0931787 0.2646176 1.0315634
 -0.2812687 0.1737952 0.9723464
 -0.1624121 0.3042010 1.0211776
 0.3071713 0.2250042 1.0648493
 -0.3854224 0.3369055 0.9904045
 -0.3772531 0.3312236 0.9806612
 -0.4311473 0.3451293 1.0037426
 0.2561824 0.2336720 1.0640572
 0.2526320 0.2297981 1.0708768
 0.1404143 0.2801447 1.0244133
 0.0584408 0.2754827 1.0197116
 -0.1225895 0.1283615 1.0400814
 0.1472955 0.3133833 0.9824225
 -0.4170561 0.1303235 1.2292178
 -0.6283953 0.1584654 1.1755122
 -0.6297892 0.1576329 1.1793050
 -0.3831867 0.1592208 1.2112918
 0.1228217 0.0941348 1.2783320
 -0.0687839 0.0259600 1.2808062
 -0.3391572 0.1367338 1.1845441
 -0.6567159 0.1380136 1.2087282
 -0.6509306 0.1358320 1.2001731
 -0.6484412 0.1321526 1.1959393
 -0.2735478 0.0273297 1.2620867
 -0.6399648 0.1185543 1.2083831
 -0.2399754 -0.0230375 1.2883958
 -0.5691699 0.0873404 1.2538382
 -0.5650293 0.0858874 1.2497795
 -0.6361501 0.0910520 1.2677865
 -0.5721530 0.0880932 1.2614790
 0.1652096 0.3123106 0.9909745
 -0.4506475 0.2210987 1.1037308
 -0.0741549 0.3386135 0.9992016
 -0.1609342 0.1045059 1.1030709
 -0.3160895 0.1066617 1.1121451
 0.2860155 0.1519841 1.2044154
 0.2126083 0.2616727 1.0333217
 0.1767816 0.2539578 1.0436158
 -0.2665111 0.1396073 0.9752886
 0.2550387 0.2330699 1.0639579
 0.1743401 0.2483966 1.0498554
 -0.3999186 0.2103694 1.1421217
 -0.0220932 0.0701530 1.1198354
 -0.3992778 0.1592126 1.1738294
 -0.6342125 0.1666458 1.1365352
 0.0956709 0.2693114 1.0272291
 0.1489846 0.1205988 1.2458580
 -0.7038400 0.2879244 1.0584199
 0.0727466 0.3120919 0.9880164
 -0.5598716 0.1002386 1.1984041
 0.1526317 0.2905400 1.0076205
 -0.3590779 0.9003732 1.1129668
 -0.4116195 0.8723992 1.1278071
 -0.4095323 0.8733057 1.1318556
 0.0706205 0.3043380 0.9914531
 -0.4089756 0.8723049 1.1321113
 0.2888245 1.0563594 1.2806486
 0.4396508 1.0236425 1.3072294
 -0.2580137 0.1346504 0.9728037
 -0.0873071 1.0604262 1.2737564
 0.3020298 1.0329918 1.3061199
 -0.2585581 0.1342075 0.9727703
 0.0279562 1.0464927 1.2897344
 0.0259678 1.0464083 1.2896178
 0.0379676 1.0451640 1.2907015
 0.0720157 0.3113759 0.9879822
 0.4352938 0.9945548 1.3391215
 0.4346025 0.9890631 1.3402610
 0.4332166 0.9946468 1.3440630
 0.2513967 0.2916681 1.0135641
 -0.2660088 1.0393426 1.3033681
 -0.1578489 1.0169247 1.3207116
 0.0481364 1.0033270 1.3376360
 0.1491275 0.2939727 1.0048276
 0.5530033 0.9814181 1.4467542
 -0.2675132 0.1382680 0.9752731
 0.0442162 0.9861866 1.3462331
 -0.6035975 0.2499285 1.1030452
 -0.2665111 0.1396073 0.9752886
 0.3345879 0.9875891 1.3656085
 -0.2651636 0.1981752 0.9642432
 -0.5790153 1.0300698 1.3284831
 -0.2047295 0.3102235 1.0074630
 0.0670202 0.3496282 0.9691324
 0.1565296 0.2989219 1.0003135
 -0.1666162 0.3563494 0.9822184
 0.2894596 0.2533214 1.0565248
 0.1802698 0.3211570 0.9780223
 -0.4771737 0.3900658 0.9179866
 0.0958412 0.2718672 1.0355697
 0.0954803 0.2720812 1.0438862
 0.0826755 0.3832881 0.9365150
 0.0002123 0.4301183 0.9125566
 -0.3528887 0.3628373 0.9662799
 -0.1962744 0.4916916 0.8311468
 -0.0540435 -0.1789095 1.6047087
 -0.9183983 1.0446291 1.3443718
 0.1196195 0.9496283 1.4199579
 0.1109205 0.9386919 1.4111990
 -0.1082922 0.9676037 1.4275335
 -0.2196789 0.9581936 1.3966980
 0.1765276 0.2712081 1.0246480
 -0.1064583 0.9537183 1.4087068
 -0.2234073 0.9646189 1.4039205
 -0.2240240 0.9626609 1.4063706
 -0.2235267 0.9611609 1.4078069
 -0.3953701 0.5512723 0.8162902
 -0.2201560 0.9567838 1.4066658
 0.4458256 0.9074363 1.4645497
 -0.2211027 0.9556147 1.4056302
 0.4368756 0.8997625 1.4479810
 -0.2202546 0.9546458 1.4090909
 -0.2220137 0.9576673 1.4013814
 -0.3156907 0.1086809 1.1120210
 -0.0434549 0.9343086 1.4319625
 0.4535650 0.9122345 1.4756590
 -0.2637283 0.1297958 0.9685336
 0.4403478 0.9025958 1.4591563
 -0.0460647 0.9356479 1.4373217
 -0.1684024 0.3562370 0.9779122
 0.4459445 0.8980423 1.4528416
 0.3241091 0.9193217 1.4796983
 -0.6103922 0.9871134 1.3933034
 -0.3782147 0.2555602 1.0958586
 0.2311864 0.0371006 1.1359365
 0.1002871 0.9194714 1.4639075
 -0.0502357 0.9003236 1.4453492
 -0.9488372 0.9494185 1.4426543
 -0.9471334 0.9485205 1.4396337
 0.1257174 0.8380170 1.5298564
 -0.1294275 0.3456495 0.9845144
 -0.5803399 1.0171542 1.3363357
 0.2524790 0.2934524 1.0135511
 0.1163310 0.9399806 1.4078223
 0.1087245 0.9390939 1.4061832
 -0.8649145 1.0346600 1.3257470
 0.4417378 0.9096427 1.4724276
 -0.9068356 1.0375388 1.3335614
 -0.3205899 0.3482640 0.9732480
 -0.0421321 0.9367220 1.4376408
 -0.0196303 0.1983703 1.1551775
 -0.0758224 0.1938755 1.0386033
 0.1831506 0.2867610 1.0099851
 0.0839385 0.2876521 1.0044829
 -0.6338170 1.0060270 1.4414332
 0.1743352 0.2957023 1.0029639
 0.2099734 0.2706249 1.0295027
 0.2285760 0.2842028 1.0142245
 0.1176281 0.3014329 0.9969459
 -0.3818434 0.1084890 1.1846538
 -0.2665998 0.1364906 0.9755508
 -0.2738625 -0.1037664 1.5240936
 -0.3776007 -0.1204282 1.5547962
 -0.7066686 -0.1531806 1.5035003
 -0.6025877 -0.1735131 1.5191253
 -0.6184023 -0.1805233 1.5287777
 -0.6074775 -0.1770156 1.5238096
 -0.2355945 -0.1538053 1.5823883
 -0.0613044 -0.1767724 1.5671676
 -0.6055503 -0.2044208 1.5906192
 -0.3189081 -0.1795846 1.6082097
 -0.8569935 -0.1124933 1.5429415
 -0.2574114 -0.1964139 1.6601605
 -0.7192017 -0.2039669 1.5753587
 -0.7198244 -0.2026614 1.5751600
 -0.3868475 -0.1850096 1.6459723
 -0.2649129 -0.2092287 1.6957481
 -0.2644216 -0.2055200 1.6831200
 -0.0683303 -0.2335062 1.6768460
 -0.2514040 -0.2031851 1.6523601
 -0.2661664 -0.2229908 1.6941729
 -0.1154614 -0.2453696 1.6959240
 -0.7919658 -0.1965011 1.6269640
 -0.0828100 -0.2595382 1.7077895
 -0.9412782 -0.1818701 1.5939143
 -0.9369562 -0.1862797 1.5948727
 -0.9294879 -0.1846486 1.5957607
 -0.1526504 -0.2438748 1.7102882
 -0.8705514 -0.2112521 1.5902886
 -0.8550320 -0.2530561 1.6690606
 -0.8733941 -0.2469029 1.6615094
 -0.6611201 -0.2401615 1.7033086
 -0.4539476 -0.3053610 1.7805456
 -0.4268157 -0.4332646 1.9408084
 -0.2113967 -0.5289009 2.0511615
 -0.2114260 -0.5300130 2.0512333
 -0.3723762 -0.5355746 2.0883794
 -0.3633557 -0.5290858 2.0541234
 -0.3672356 -0.5316191 2.0511096
 -0.3657473 -0.5288447 2.0510607
 -0.5928484 -0.5142027 2.0460718
 -0.2181799 -0.5690051 2.1882410
 -1.4255090 0.3657950 2.1031742
 -1.4868561 0.3090654 2.1499915
 -1.4470046 0.3040148 2.2108495
 -1.0386335 -0.5314076 2.2551670
 -1.0068889 -0.6271476 2.4864786
 -1.6464920 0.1246838 2.4362171
 -1.9148996 -0.0914625 2.7320616
 -0.6483819 -0.8928987 3.0380621
 -2.0005925 -0.3270776 2.8319211
 -0.6554255 -0.9008848 3.0611246
 -1.8869411 -0.3729188 2.8510928
 -1.7756230 -0.2518632 2.9275129
 -1.8051918 -0.8468826 3.1042945
 -1.7497836 -0.8061464 3.0108528
 -1.7314968 -0.7852221 3.1360893
 -1.7265947 -0.7869543 3.1369340
 -1.7307414 -0.7948017 3.1371098
 -1.5791471 -0.6952699 2.9196897
 -1.6426017 -0.7113866 3.0240443
 -1.9164810 -0.5240972 3.1445839
 -0.4334390 0.4595577 0.8683383
 0.2590490 0.3072952 1.0131116
 -0.1183246 0.0542261 1.0717602
 -0.4004515 0.1887037 1.1464038
 -0.2188815 0.0959908 1.2199452
 -0.4629541 0.4195652 0.8935964
 -0.0391820 0.1043626 1.1906112
 0.1796635 0.3219595 0.9791779
 -0.4337333 0.4647895 0.8650588
 -0.4770305 0.3910471 0.9206579
 0.1407879 0.2809553 1.0228884
 -0.4239202 0.1249873 1.2211106
 -0.1848724 0.0791822 1.2834027
 0.0903083 0.3578348 0.9443954
 -0.6018643 0.0662463 1.2857152
 -0.1671359 0.2025823 0.9461460
 0.1658574 0.3120039 0.9890623
 -0.1051898 0.0124353 1.3810729
 0.1974751 0.3179676 0.9805903
 -0.4359412 0.4616977 0.8746583
 -0.0240327 -0.0199250 1.4228727
 -0.0344816 -0.0270614 1.3947394
 -0.1130426 0.3653765 0.9797805
 -0.4613554 0.4208385 0.8900024
 0.2026001 0.3205959 1.0095342
 -0.2145434 0.5177057 0.8079609
 0.3263962 0.9189301 1.4750705
 -0.4524800 0.2918136 0.9976165
 0.2679189 0.0350330 1.1359391
 0.3274700 0.9269911 1.4840637
 -0.4387642 0.3926622 0.9599188
 -0.0449079 0.9282799 1.5103258
 -0.4737711 0.4005758 0.9139367
 0.3451649 0.8810450 1.5699030
 -0.2147039 0.2175020 0.9484373
 -0.0272313 0.3117221 1.0286279
 0.2481530 0.0413157 1.1614546
 -0.4374745 0.4622922 0.8773706
 -0.0235005 -0.2373714 0.9348183
 0.2074014 0.1479129 1.2160054
 -0.6151843 0.3818132 0.9718387
 -0.5836883 0.3560322 0.9833558
 -0.0964849 0.5058122 0.8175285
 -0.0449530 0.1139014 1.2350485
 -0.7002847 0.2116430 1.1423644
 -0.2298013 0.0829847 1.2162278
 -0.0442714 0.1102779 1.2116510
 -0.2276100 0.5161729 0.8085602
 0.1127451 0.3216305 0.9931651
 -0.0874240 0.4915389 0.8154779
 -0.5501396 0.4255478 0.8910031
 -0.1550304 0.2032417 0.9707747
 0.0612212 0.3352974 0.9999225
 -0.0657514 0.3550096 0.9675190
 0.2841025 1.0495654 1.2832640
 0.2836204 1.0469681 1.2829798
 0.4429767 1.0255477 1.3113259
 -0.2687047 0.4532978 0.8626333
 0.0248083 1.0403638 1.2899889
 0.1139374 0.2678794 1.0318087
 -0.2048826 0.1433467 1.1980313
 -0.1182449 0.0576362 1.0714710
 0.2937571 1.0194794 1.3211122
 0.2902693 1.0176934 1.3217726
 0.2949092 1.0175681 1.3217784
 -0.2690503 0.3123387 1.0178903
 0.2903984 1.0155959 1.3290105
 -0.1016989 1.0317926 1.3004067
 -0.2114461 0.2109397 0.9366441
 -0.4336275 1.0451910 1.2673969
 0.2004781 0.1459203 1.1930695
 -0.1003959 1.0337362 1.3067650
 -0.1023047 1.0396122 1.3114758
 -0.2568711 1.0302416 1.2860838
 0.0010905 0.4299667 0.9126874
 0.4371287 0.9936512 1.3448884
 -0.2942869 0.4888319 0.8346946
 0.4365540 0.9944689 1.3457066
 -0.3984827 0.1599937 1.1738666
 -0.1574361 1.0145916 1.3251137
 0.0346426 0.9872294 1.3505274
 -0.2771320 0.4597517 0.8874635
 0.0339309 0.9920890 1.3554251
 -0.1314542 0.0641412 1.0707133
 0.0336623 0.9895335 1.3492401
 0.0341307 0.9924623 1.3521513
 -0.3793426 0.5241779 0.8089200
 0.0351800 0.9884549 1.3521323
 0.0337225 0.9891707 1.3510900
 0.5342246 0.9536090 1.3926286
 -0.1990433 0.0652238 1.0580361
 -0.5933505 0.3301080 1.0076405
 0.0332464 0.1191981 1.1371219
 -0.1213430 0.0962443 1.0747534
 0.2640851 0.9833676 1.4049757
 0.2559524 0.9695298 1.3826061
 -0.1920519 0.4938416 0.8251470
 0.2556851 0.9648110 1.3749387
 -0.5421820 1.0149764 1.3370481
 0.2520310 0.9632905 1.3706498
 0.4142332 0.9574073 1.3889985
 -0.1658014 0.1497485 0.9308045
 -0.5428938 1.0224634 1.3419663
 0.4127941 0.9544029 1.3901308
 0.4139898 0.9585802 1.3947270
 -0.5471421 1.0238659 1.3467511
 -0.2940282 0.4902351 0.8333808
 -0.5456291 1.0209761 1.3426245
 0.2539155 0.9655638 1.3799523
 0.0813854 0.1893220 1.1708883
 -0.0973792 0.4864523 0.8300968
 -0.7061720 1.0187579 1.3337891
 -0.7054358 1.0162021 1.3285061
 0.2292627 0.0333456 1.1339859
 -0.4656029 0.4247676 0.9010448
 -0.7189856 1.0259686 1.3473407
 -0.7238961 1.0273708 1.3531301
 -0.6341432 0.0890802 1.2645364
 -0.4959437 0.0598562 1.2683414
 -0.0402086 0.0329566 1.3312967
 -0.3759074 -0.0456296 1.3016752
 -0.3818380 -0.0473683 1.3244573
 -0.3747604 -0.0730852 1.4106493
 -0.5273007 0.0399036 1.2965078
 -0.0732087 0.0301471 1.3577387
 -0.5981501 0.0571681 1.2855669
 -0.0754832 0.0285770 1.3575025
 -0.2103449 -0.1083407 1.3802369
 -0.2130562 -0.1083093 1.3798733
 -0.0999744 -0.0010096 1.3925397
 -0.2314980 -0.0642886 1.4366497
 -0.1361886 -0.0273916 1.4125472
 -0.1359974 -0.0262668 1.4124669
 -0.1313898 -0.0297288 1.4174417
 -0.2355661 -0.0661595 1.4235792
 -0.5631220 -0.0796551 1.4093174
 -0.5644362 -0.0778356 1.3965054
 -0.3826558 -0.0860704 1.4296957
 -0.5348808 -0.0281014 1.3940123
 -0.3849514 -0.0871933 1.4345524
 -0.6150419 -0.0965911 1.4342443
 -0.6307386 -0.0071054 1.4079975
 -0.6324623 -0.0082332 1.4078670
 -0.4944576 -0.0346809 1.4458637
 -0.4908377 -0.0341046 1.4340329
 -0.5237656 -0.0354425 1.4348372
 -0.5242724 -0.0379069 1.4402521
 -0.1729649 -0.1334531 1.5145990
 -0.1782321 -0.1378599 1.5503666
 -0.0828492 -0.1196306 1.5407277
 -0.2844815 -0.1238878 1.5244507
 -0.0565239 0.1234215 1.1918038
 0.1663055 0.0796676 1.3650835
 0.5130186 0.0261984 1.1913469
 -0.3332910 0.1437027 1.1528441
 -0.4282709 -1.0191545 2.6337655
 -0.4020565 -0.9542028 2.4657362
 0.0347759 0.1363032 1.1434520
 0.2778992 0.1826077 1.4883310
 -0.0504497 -0.2011462 1.5430932
 -0.0604414 -0.1580821 1.4563775
 -0.0476372 -0.2029565 1.5545864
 -0.0595831 -0.1411170 1.5825888
 -0.0411702 -0.0571265 1.4065495
 -0.0445521 -0.2078350 1.5752177
 -0.1303280 0.0660180 1.2522525
 -1.3166302 -0.6120820 2.4695852
 -0.0287235 0.0728470 1.1351073
 -0.1525161 0.1583378 0.9324941
 -0.1734985 0.1257712 1.1321870
 0.5431555 -0.0355830 1.1440248
 1.0253453 -0.7429572 2.2960529
 1.0209966 -0.7368792 2.2750692
 1.2965695 -0.9253762 2.5768337
 0.1748478 0.0795142 1.3916252
 0.1793904 0.0764638 1.3466743
 1.2612807 -0.8985317 2.5032160
 0.2727663 0.0780896 1.4087595
 1.0232118 -0.7346088 2.2801585
 1.0951598 -0.6441488 2.2361207
 0.4302526 0.1654147 1.1675961
 0.2496890 0.1726533 1.4089020
 -0.0444491 0.1626012 1.1305853
 -1.8542211 -0.6552777 3.3189740
 -0.4959138 0.2956032 1.0201362
 -0.5621613 -0.0038126 1.3489878
 -0.4635387 0.2958443 0.9549341
 0.3874730 0.2794481 1.0372050
 0.0393895 0.0814667 1.2039402
 0.7335038 0.0992197 1.1420275
 0.0415828 0.0808911 1.2007979
 -0.0366647 0.0190918 1.0994632
 0.2833348 0.1666491 1.4345888
 0.4067726 0.2817802 1.0207555
 0.5180966 0.3498039 0.9663520
 -0.2174120 -0.3164781 1.7679788
 -0.2162445 0.0713184 1.2859807
 -0.2397878 -0.8283389 2.2773142
 -0.5653628 0.0000102 1.3556998
 -0.4356937 0.3830394 0.9752260
 -0.6284720 -0.0686587 1.4992985
 -0.3944596 0.3477478 0.9835295
 -0.0441573 0.1602419 1.1183106
 -0.0809122 0.0181942 1.2824076
 -0.1179304 0.0657425 1.2541924
 0.5503824 0.4061559 0.9162837
 0.6133299 -0.0433181 1.4058589
 0.5479326 0.4216385 0.8882774
 0.7236339 0.4219332 0.8911934
 0.5837755 -0.0572902 1.2249062
 0.3402863 0.2140174 1.1034756
 -0.0267360 -0.0139122 1.3685849
 -1.1437038 -0.6539792 2.3078978
 -0.0205708 -0.0965729 1.5207450
 -0.4707735 -0.0004618 1.3917893
 -0.8055155 0.0685849 1.4401844
 -0.4786701 -0.0046690 1.4024724
 -0.5868627 0.4008714 0.9169439
 -0.5765947 0.1049692 1.2267897
 0.3706423 0.0926681 1.2945325
 -0.5427794 0.4221456 0.8807575
 -0.4367070 -1.0249820 2.6780932
 -0.4984687 0.1242139 1.2130599
 0.6629767 -1.1385441 2.8346772
 0.6441876 -1.1076440 2.7648666
 -1.0143355 -0.9604942 2.6782117
 -0.3695358 -0.8668436 2.2333248
 -1.2435820 -0.5781436 2.3258793
 -0.0188504 -0.0983267 1.5318108
 0.3180007 0.3130004 0.9972145
 -0.0954052 -0.5370739 2.1079383
 -0.3929985 -0.1343067 1.5834491
 -0.4846348 0.3583373 0.9797050
 -0.1054918 0.1633566 1.0644634
 -0.3675380 0.2698938 1.0898455
 -0.5184249 -0.1660869 1.5989901
 -1.0005447 -0.0174399 1.6239529
 -0.0220141 -0.2056591 1.5667050
 -0.0227895 -0.2150575 1.6264775
 -0.0937068 -0.7289413 2.4306009
 -0.0680637 -0.3247927 1.4815974
 -0.0220219 -0.2269307 1.7017665
 -0.0247087 -0.0098854 1.3574098
 -0.7933880 0.0724842 1.4249984
 -0.0238778 -0.2364348 0.9308599
 -0.0202211 -0.2270855 1.7028972
 -0.0242859 -0.2365886 0.9298750
 0.3603138 0.0583652 1.2841525
 -0.0984199 -0.7607853 2.5309010
