0.000000 -0.000000 0.000000 0.000000
-0.140643 2.574964 -0.018061 2.140478
-0.281220 5.148987 -0.076279 4.434999
-0.421837 7.724036 -0.181166 6.881119
-0.562431 10.298960 -0.302593 9.413631
-0.701879 12.869650 -0.462320 12.049489
-0.854664 15.479570 -0.625318 14.718758
-1.011589 18.173180 -0.793901 17.482519
-1.171840 20.913680 -0.990467 20.321203
-1.334841 23.709530 -1.200535 23.179806
-1.487044 26.544710 -1.386138 26.104153
-1.633363 29.422930 -1.564526 29.087578
-1.768976 32.357140 -1.722147 32.083813
-1.929780 35.330970 -1.910518 35.130207
-2.126953 38.471510 -2.121716 38.250042
-2.329940 41.561110 -2.352786 41.329174
-2.535885 44.597900 -2.583665 44.426834
-2.728914 47.592750 -2.797529 47.510109
-2.937935 50.537730 -3.030072 50.521481
-3.130185 53.464980 -3.261145 53.534523
-3.310922 56.350390 -3.475197 56.472492
-3.511313 59.225400 -3.700257 59.409805
-3.703384 62.006320 -3.950773 62.267628
-3.912602 64.697860 -4.214332 65.046364
-4.114442 67.264550 -4.479863 67.697899
-4.313021 69.714240 -4.727339 70.241699
-4.514875 72.037350 -4.991469 72.628609
-4.709494 74.175390 -5.216679 74.844124
-4.891889 76.138280 -5.434303 76.887657
-5.039038 77.925340 -5.593355 78.742699
-5.159772 79.592300 -5.745406 80.458511
-5.235209 81.135380 -5.835578 82.058578
-5.207469 82.555940 -5.800785 83.552048
-5.029560 83.885300 -5.628637 84.940224
-4.680938 85.118200 -5.286830 86.199722
-4.130089 86.200010 -4.756246 87.354973
-3.393066 87.095580 -4.039034 88.285652
-2.508137 87.820100 -3.148914 89.074112
-1.511055 88.343490 -2.137662 89.656799
-0.450022 88.747950 -1.071298 90.076927
0.676345 89.023150 0.071367 90.356560
1.832910 89.277150 1.228442 90.591507
3.089762 89.418990 2.505593 90.741226
4.475771 89.556060 3.905626 90.886887
5.974572 89.621010 5.435757 90.960526
7.614093 89.671530 7.104102 91.027519
9.420230 89.707860 8.963572 91.066673
11.388370 89.721450 11.003709 91.117752
13.505010 89.738680 13.205265 91.160416
15.773680 89.805260 15.546293 91.273026
18.156510 89.929480 18.015835 91.408653
20.581930 90.082780 20.523849 91.593254
23.034320 90.227690 23.054356 91.756523
25.478370 90.365000 25.594585 91.946404
27.909920 90.499220 28.079424 92.095192
30.340320 90.588890 30.568918 92.213394
32.740690 90.598330 33.027344 92.253792
35.110390 90.529620 35.453903 92.209167
37.430830 90.386730 37.815052 92.089622
39.683630 90.176290 40.142097 91.908035
41.863240 89.910310 42.367477 91.659447
43.959460 89.634420 44.507843 91.406868
45.922800 89.378560 46.518120 91.168518
47.726310 89.193250 48.384342 91.002266
49.366470 89.121130 50.074589 90.951576
50.939410 89.191540 51.648186 91.032829
52.464070 89.450930 53.198326 91.299797
53.889450 89.945260 54.657963 91.805283
55.133190 90.660970 55.937504 92.558899
56.158450 91.620300 57.006008 93.544991
56.967930 92.764920 57.828602 94.704544
57.539920 94.061200 58.387913 96.000443
57.927200 95.446880 58.769279 97.377419
58.277310 96.884370 59.119400 98.804886
58.589460 98.403450 59.406910 100.369354
58.940360 100.002400 59.739941 102.004791
59.343230 101.692600 60.114223 103.711922
59.798800 103.499800 60.555851 105.549828
60.309140 105.392300 61.054264 107.489166
60.819120 107.363700 61.548519 109.536972
61.355080 109.477800 62.073631 111.702408
61.874140 111.669200 62.589218 113.964035
62.417580 113.964900 63.122608 116.363373
62.973720 116.373200 63.655460 118.900978
63.512460 118.836400 64.191833 121.397926
64.057360 121.342700 64.697304 123.963356
64.655860 123.876700 65.274002 126.523331
65.262090 126.422600 65.878838 129.090088
65.864770 128.941000 66.462219 131.684845
66.510510 131.382800 67.070625 134.206619
67.135460 133.867500 67.635002 136.757339
67.748220 136.262500 68.185501 139.263016
68.311480 138.668800 68.720497 141.719849
68.830800 141.066900 69.195488 144.171280
69.359830 143.451000 69.690102 146.617737
69.844620 145.829800 70.143280 149.098297
70.257380 148.240700 70.557175 151.594849
70.634070 150.615300 70.919434 154.020218
70.952630 153.048800 71.212860 156.491943
71.236680 155.482600 71.479164 159.004120
71.430750 157.958600 71.661613 161.552856
71.592060 160.420500 71.812401 164.072556
71.705560 162.889100 71.921341 166.584595
71.811250 165.386800 72.005257 169.137283
71.901490 167.846500 72.076149 171.631805
71.944200 170.358200 72.095741 174.176788
71.944230 172.867000 72.069405 176.728409
71.880770 175.411200 71.964897 179.326462
71.759300 177.947700 71.813889 181.909027
71.629380 180.489300 71.659767 184.471466
71.495820 183.069400 71.496033 187.117615
71.389860 185.611000 71.357651 189.730652
71.229200 188.181800 71.160149 192.343887
71.075770 190.694700 70.963264 194.898605
70.908190 193.208300 70.758682 197.428772
70.732240 195.676300 70.567955 199.902512
70.587330 197.902600 70.374855 202.353531
70.462020 200.022200 70.210014 204.657776
70.336670 202.141700 70.039383 206.801224
70.211280 204.261000 69.879539 208.892334
70.085900 206.379000 69.776794 210.919983
69.986060 208.445300 69.721649 212.899063
70.007780 210.375700 69.734329 214.896606
70.026080 212.295900 69.725456 216.863678
70.017620 214.252400 69.709541 218.876770
70.013230 216.217200 69.694275 220.877518
69.972110 218.270700 69.644882 222.952713
69.934360 220.317400 69.592995 225.039490
69.972850 222.305500 69.542755 227.152405
69.981630 224.353700 69.483871 229.310135
69.981870 226.399100 69.425354 231.429550
69.949190 228.454500 69.332085 233.561234
69.907170 230.454300 69.268166 235.641983
69.859830 232.418200 69.168228 237.676971
69.810200 234.247600 69.079247 239.570526
69.754960 235.896800 68.982590 241.296158
69.602960 237.437200 68.783699 242.927628
69.315000 238.920100 68.461197 244.387192
68.846420 240.276600 67.966972 245.707138
68.166090 241.479400 67.278168 246.879654
67.318270 242.492800 66.434937 247.883530
66.332240 243.344200 65.427444 248.754349
65.260110 243.991900 64.323494 249.398941
64.140300 244.474300 63.185783 249.844284
62.867510 244.772700 61.859734 250.123367
61.458940 244.926000 60.439163 250.223267
59.947420 244.952000 58.903297 250.193298
58.335370 244.902100 57.241219 250.085739
56.595980 244.824000 55.469017 249.947189
54.694040 244.743800 53.510727 249.792770
52.650420 244.604800 51.366875 249.649643
50.451970 244.390700 49.027946 249.493301
48.058070 244.235000 46.508224 249.350449
45.515050 244.100900 43.828178 249.217789
42.921790 243.969200 41.116684 249.070023
40.316590 243.840300 38.391766 248.912750
37.706940 243.722400 35.674118 248.734558
35.094890 243.629800 32.994637 248.521591
32.472950 243.489000 30.345430 248.288025
29.851950 243.348200 27.717529 248.067474
27.264200 243.258500 25.134966 247.872025
24.724050 243.174900 22.572615 247.719482
22.210390 243.091000 20.010841 247.544830
19.736330 242.979500 17.495367 247.366165
17.311070 242.850400 15.024953 247.166214
14.901790 242.682800 12.598744 246.921890
12.542000 242.455300 10.187742 246.650818
10.258080 242.218100 7.823585 246.378983
8.077281 241.997300 5.578352 246.102798
6.032146 241.805400 3.473810 245.868835
4.114420 241.647100 1.495158 245.677917
2.325909 241.523700 -0.393068 245.513412
0.684853 241.422100 -2.130022 245.375275
-0.804697 241.361800 -3.692976 245.278030
-2.147061 241.322400 -5.093104 245.201477
-3.335045 241.321100 -6.316968 245.161423
-4.362696 241.347700 -7.388479 245.157288
-5.195608 241.375100 -8.239487 245.167404
-5.787975 241.411000 -8.840405 245.182236
-6.148943 241.435700 -9.212639 245.188751
-6.347609 241.453500 -9.408815 245.196396
-6.441034 241.457400 -9.487823 245.204529
-6.441440 241.456100 -9.484513 245.203674
-6.439927 241.462600 -9.484344 245.203369
-6.440440 241.482800 -9.488860 245.208466
-6.480607 241.498100 -9.541711 245.207336
-6.560264 241.507700 -9.627264 245.199005
-6.742488 241.516100 -9.813649 245.210190
-7.099251 241.541700 -10.177752 245.232376
-7.627305 241.597900 -10.712552 245.275726
-8.293171 241.705000 -11.393016 245.372528
-9.050632 241.890800 -12.158519 245.547012
-9.863606 242.207700 -12.986094 245.853394
-10.727660 242.661600 -13.847662 246.279404
-11.566170 243.294100 -14.709072 246.907806
-12.317670 244.121800 -15.498213 247.739151
-12.969870 245.164100 -16.195618 248.797272
-13.469580 246.441200 -16.745504 250.128738
-13.828110 247.877300 -17.156281 251.658356
-14.057520 249.558000 -17.423115 253.368500
-14.176210 251.405900 -17.604912 255.269547
-14.264690 253.405000 -17.725887 257.317535
-14.328890 255.544200 -17.859789 259.514130
-14.399650 257.837600 -17.989874 261.847229
-14.471380 260.263200 -18.106314 264.339813
-14.561590 262.807800 -18.263790 266.940277
-14.652820 265.491700 -18.423561 269.665955
-14.739760 268.254400 -18.577765 272.501678
-14.858340 271.134800 -18.763250 275.421265
-14.973530 274.134700 -18.944317 278.505890
-15.069550 277.175700 -19.132807 281.630798
-15.175210 280.293600 -19.346495 284.843933
-15.297230 283.446400 -19.564194 288.114716
-15.436590 286.619600 -19.811653 291.408783
-15.585790 289.810900 -20.068573 294.673950
-15.736240 292.959600 -20.337961 297.900482
-15.885310 296.071900 -20.604021 301.102600
-16.046970 299.165600 -20.858021 304.293732
-16.219660 302.246300 -21.108791 307.470612
-16.389710 305.314100 -21.362799 310.653290
-16.559690 308.378300 -21.612803 313.800537
-16.709350 311.458900 -21.856964 316.942169
-16.839300 314.563300 -22.093121 320.129303
-16.972270 317.709200 -22.337986 323.356293
-17.118400 320.893100 -22.582930 326.639801
-17.281700 324.127200 -22.819130 329.982819
-17.454380 327.375400 -23.067995 333.350372
-17.614190 330.593900 -23.292110 336.667511
-17.775860 333.802500 -23.519821 339.942963
-17.959610 336.995200 -23.732059 343.213135
-18.128440 340.134300 -23.956486 346.400116
-18.295640 343.191900 -24.191116 349.548401
-18.453080 346.169000 -24.429878 352.610901
-18.632610 349.056200 -24.675158 355.561371
-18.817710 351.841100 -24.930128 358.492981
-18.986450 354.488400 -25.176075 361.280121
-19.124870 356.982400 -25.380613 363.890198
-19.220930 359.289500 -25.550653 366.296021
-19.310450 361.377700 -25.690842 368.485565
-19.390050 363.254000 -25.810688 370.493500
-19.458340 364.945900 -25.933996 372.291748
-19.552440 366.417400 -26.067904 373.851715
-19.716910 367.755600 -26.260315 375.265656
-19.992010 369.044200 -26.562569 376.622772
-20.413100 370.267200 -27.024261 377.840118
-20.994480 371.390500 -27.571407 378.896576
-21.767920 372.412000 -28.337969 379.876404
-22.740410 373.381300 -29.284719 380.803741
-23.931400 374.199500 -30.490072 381.603241
-25.311900 374.775400 -31.926157 382.141449
-26.849130 375.102700 -33.529274 382.425873
-28.541320 375.088500 -35.283401 382.365326
-30.331610 374.930400 -37.099514 382.167267
-32.178580 374.714400 -38.977654 381.928497
-34.124600 374.519300 -40.945126 381.704956
-36.192510 374.312000 -43.015461 381.458160
-38.360350 374.089000 -45.194969 381.204407
-40.674090 373.890900 -47.546745 380.982300
-43.125350 373.717400 -50.042160 380.779572
-45.733890 373.570600 -52.689087 380.593262
-48.422050 373.450300 -55.433834 380.410156
-51.153580 373.336900 -58.213444 380.246063
-53.919190 373.217300 -61.035221 380.065918
-56.668140 373.082400 -63.871883 379.874878
-59.399580 372.949600 -66.685608 379.662933
-62.128270 372.797100 -69.462624 379.439087
-64.827270 372.599800 -72.240448 379.182770
-67.509200 372.402100 -74.991112 378.915649
-70.186170 372.208700 -77.729652 378.651215
-72.845340 372.028400 -80.436760 378.398468
-75.495320 371.886100 -83.157104 378.197296
-78.116050 371.787300 -85.838913 378.048553
-80.717850 371.718500 -88.535934 377.938141
-83.311780 371.694800 -91.223930 377.856873
-85.842710 371.709900 -93.814766 377.818512
-88.215690 371.734100 -96.249916 377.796204
-90.402660 371.755300 -98.504219 377.777435
-92.376860 371.747200 -100.555611 377.719177
-94.181170 371.700000 -102.435905 377.633453
-95.954170 371.610100 -104.277809 377.476196
-97.692900 371.484000 -106.098885 377.290619
-99.428840 371.332400 -107.883247 377.079163
-101.212400 371.150100 -109.728851 376.825592
-103.049100 370.929900 -111.611671 376.538788
-104.963700 370.712900 -113.577934 376.249573
-106.999900 370.469800 -115.658440 375.943420
-109.147400 370.218500 -117.834122 375.624664
-111.413900 369.990500 -120.180481 375.322601
-113.850400 369.787500 -122.687035 375.045654
-116.381500 369.587900 -125.285027 374.761261
-119.079000 369.402000 -128.045609 374.473999
-121.870500 369.312400 -130.907516 374.290985
-124.798000 369.251000 -133.922302 374.184937
-127.749200 369.222000 -136.946335 374.081879
-130.738100 369.191300 -139.983841 373.962769
-133.724900 369.151000 -143.036316 373.827087
-136.693200 369.116700 -146.047684 373.683716
-139.640200 369.026200 -149.063538 373.486542
-142.545400 368.909400 -152.021408 373.272827
-145.452900 368.800400 -154.973953 373.062195
-148.326000 368.653700 -157.879608 372.799805
-151.184500 368.483700 -160.798782 372.532715
-154.029500 368.306700 -163.700577 372.266144
-156.834000 368.110800 -166.571548 371.979523
-159.601600 367.929800 -169.412201 371.702484
-162.352900 367.769700 -172.215988 371.460999
-165.025300 367.622800 -174.926147 371.219543
-167.587100 367.473600 -177.530594 370.979828
-169.989700 367.347100 -179.973114 370.788910
-172.229800 367.237400 -182.260925 370.618561
-174.255000 367.118500 -184.344589 370.427246
-176.113500 366.976300 -186.262024 370.217621
-177.851600 366.825100 -188.068573 369.991058
-179.482200 366.619100 -189.738220 369.714661
-181.041000 366.257200 -191.322769 369.286896
-182.506900 365.700900 -192.779022 368.674347
-183.830900 364.922700 -194.050247 367.862671
-184.967900 363.901900 -195.122101 366.799133
-185.900600 362.645300 -196.012009 365.492340
-186.575700 361.163300 -196.619843 363.984192
-186.999600 359.497900 -197.002884 362.277344
-187.152300 357.675600 -197.099777 360.461731
-187.206000 355.773500 -197.107224 358.503540
-187.197400 353.800900 -197.043625 356.493744
-187.078300 351.712900 -196.859619 354.353516
-186.904300 349.515700 -196.612885 352.089264
-186.700200 347.199500 -196.337173 349.737091
-186.441500 344.761700 -195.992783 347.255402
-186.138100 342.245600 -195.615631 344.661621
-185.836200 339.600700 -195.225052 341.969055
-185.558800 336.870000 -194.830704 339.202576
-185.300200 334.088400 -194.481140 336.348907
-185.053400 331.295700 -194.128708 333.501251
-184.825700 328.513100 -193.801392 330.644745
-184.626700 325.706700 -193.499664 327.794861
-184.418100 322.895600 -193.181625 324.962036
-184.219300 320.049800 -192.882568 322.074982
-184.077900 317.187100 -192.649399 319.157440
-183.933200 314.300800 -192.392471 316.218994
-183.761600 311.460200 -192.117325 313.310394
-183.601800 308.616200 -191.850845 310.432129
-183.458100 305.794900 -191.609634 307.564850
-183.343100 303.000200 -191.362991 304.697296
-183.261300 300.211900 -191.161072 301.853027
-183.178800 297.450000 -190.949036 299.028809
-183.090500 294.684900 -190.731018 296.190002
-182.927300 291.908300 -190.447800 293.342102
-182.766600 289.099200 -190.165680 290.448700
-182.613800 286.267300 -189.879883 287.515015
-182.441900 283.385600 -189.570465 284.593018
-182.300400 280.490600 -189.310043 281.635132
-182.149900 277.557000 -189.050354 278.661743
-182.001400 274.627800 -188.794632 275.665649
-181.823500 271.689000 -188.525040 272.601166
-181.638500 268.767800 -188.237808 269.517670
-181.424600 265.787800 -187.918152 266.434204
-181.219800 262.838200 -187.595474 263.375427
-181.009300 259.844900 -187.258072 260.311554
-180.770400 256.828000 -186.882233 257.231934
-180.561000 253.860400 -186.550644 254.229355
-180.372700 250.908200 -186.224564 251.201675
-180.191000 247.979500 -185.921204 248.232727
-180.025600 245.104800 -185.645935 245.310318
-179.890000 242.301100 -185.384827 242.441330
-179.765100 239.629200 -185.172119 239.649887
-179.603400 237.077700 -184.904526 237.019669
-179.486600 234.610600 -184.703445 234.505356
-179.426200 232.293500 -184.541153 232.123444
-179.384800 230.153000 -184.414185 229.929138
-179.372900 228.203000 -184.327026 227.903870
-179.353200 226.445600 -184.247681 226.069397
-179.284500 224.889700 -184.112869 224.461121
-179.159500 223.520400 -183.927872 223.043076
-178.892900 222.222300 -183.599365 221.697571
-178.440800 221.019500 -183.079041 220.507599
-177.799300 219.912400 -182.401352 219.430740
-176.993100 218.868700 -181.527451 218.380203
-175.953700 217.908600 -180.403397 217.375412
-174.646400 217.098800 -179.073059 216.582657
-173.037500 216.423500 -177.473587 215.939865
-171.242400 215.987700 -175.679443 215.562866
-169.251700 215.748100 -173.739761 215.403732
-167.160900 215.651300 -171.705948 215.392975
-164.983800 215.579200 -169.486664 215.447968
-162.753200 215.542200 -167.232986 215.516708
-160.419600 215.517400 -164.869553 215.610733
-157.986900 215.494400 -162.431854 215.701691
-155.493900 215.476600 -159.886734 215.851501
-152.924600 215.528800 -157.294373 216.008469
-150.250300 215.556200 -154.584610 216.171478
-147.567100 215.656900 -151.845016 216.334412
-144.855900 215.751900 -149.094406 216.557892
-142.145800 215.896800 -146.298431 216.830963
-139.455100 216.087400 -143.599442 217.140549
-136.768400 216.330800 -140.857971 217.495636
-134.103700 216.562300 -138.145508 217.838593
-131.505400 216.803000 -135.503540 218.180038
-128.992800 217.018200 -132.948486 218.480759
-126.584900 217.191000 -130.497971 218.763245
-124.357100 217.330100 -128.232956 218.988007
-122.326100 217.418900 -126.158234 219.128143
-120.463500 217.466200 -124.258064 219.228409
-118.653600 217.497200 -122.383682 219.300156
-116.849600 217.495900 -120.518494 219.344528
-115.067800 217.514000 -118.677849 219.396667
-113.324000 217.535300 -116.868256 219.457077
-111.616000 217.623100 -115.109642 219.587112
-109.927700 217.875300 -113.387108 219.848953
-108.290900 218.301300 -111.716805 220.283569
-106.749500 218.945400 -110.165680 220.944412
-105.349200 219.793800 -108.745316 221.802719
-104.115500 220.834900 -107.542816 222.838745
-103.036000 222.051200 -106.509529 224.062027
-102.179100 223.400100 -105.665489 225.435349
-101.543200 224.848700 -105.046036 226.880798
-101.115700 226.383800 -104.654091 228.417023
-100.830600 227.968600 -104.385307 229.984589
-100.531100 229.501100 -104.097763 231.540955
-100.252100 231.017900 -103.802872 233.056686
-99.883990 232.463500 -103.421249 234.520782
-99.425550 233.824100 -102.938118 235.868637
-98.775880 234.872900 -102.277390 236.957489
-98.086100 235.806300 -101.545479 237.925980
-97.174270 236.468700 -100.596802 238.632812
-96.254150 236.931100 -99.587494 239.180862
-95.283150 237.358800 -98.518921 239.607590
-94.185080 237.674800 -97.316681 239.918213
-92.955310 237.898800 -95.998711 240.129532
-91.596850 238.102700 -94.576027 240.329300
-90.074690 238.248300 -92.988045 240.475662
-88.387450 238.391700 -91.222168 240.619141
-86.486290 238.540100 -89.311348 240.786087
-84.443490 238.650800 -87.265533 240.958328
-82.253860 238.746800 -85.072121 241.131439
-79.940140 238.872300 -82.762466 241.283463
-77.539590 239.011100 -80.335686 241.442886
-75.087440 239.150700 -77.863068 241.569077
-72.574930 239.313900 -75.261063 241.707214
-69.991910 239.446400 -72.630219 241.828766
-67.351620 239.548800 -69.931053 241.957870
-64.666360 239.657700 -67.202713 242.133484
-61.998030 239.808800 -64.506981 242.316330
-59.311750 239.952600 -61.828110 242.510056
-56.701950 240.109100 -59.199963 242.704712
-54.151130 240.267600 -56.597767 242.901733
-51.625940 240.427100 -54.025703 243.099777
-49.127390 240.564300 -51.484688 243.302841
-46.665870 240.712700 -49.008629 243.511734
-44.240570 240.886300 -46.525711 243.730545
-41.878960 241.088900 -44.078125 243.969238
-39.649020 241.312800 -41.796303 244.200089
-37.552430 241.539400 -39.646908 244.422791
-35.488740 241.743100 -37.518234 244.651550
-33.456700 241.939000 -35.441235 244.834885
-31.533090 242.124800 -33.452766 245.014755
-29.764560 242.287900 -31.605904 245.161652
-28.172420 242.408100 -29.966713 245.263885
-26.747170 242.468900 -28.481468 245.296875
-25.460260 242.473300 -27.153339 245.304657
-24.318710 242.437400 -25.985733 245.258606
-23.324200 242.322300 -24.957699 245.148727
-22.483780 242.186900 -24.091457 245.036133
-21.843230 242.069500 -23.446833 244.937698
-21.357270 241.937100 -22.926672 244.807907
-20.874950 241.791000 -22.429291 244.653427
-20.410090 241.641000 -21.946283 244.485413
-19.938580 241.453200 -21.430670 244.293716
-19.330890 241.150500 -20.786413 243.977020
-18.603550 240.674100 -20.043062 243.513046
-17.817550 240.000300 -19.230347 242.861496
-17.047940 239.130000 -18.420313 241.962540
-16.371440 238.041100 -17.724144 240.833206
-15.819140 236.731500 -17.169846 239.476410
-15.431720 235.164300 -16.795912 237.899246
-15.160930 233.366900 -16.524223 236.091293
-14.985430 231.359800 -16.354504 234.037384
-14.879450 229.166100 -16.248302 231.802673
-14.834570 226.783800 -16.192051 229.359451
-14.805910 224.227300 -16.142334 226.755981
-14.776150 221.503700 -16.063951 224.015289
-14.726190 218.625200 -15.991080 221.082306
-14.646810 215.602400 -15.894819 218.039627
-14.509690 212.459600 -15.734338 214.819611
-14.353480 209.201300 -15.545332 211.514862
-14.179740 205.869600 -15.339698 208.081894
-13.962380 202.478800 -15.113037 204.594833
-13.739120 199.045100 -14.857715 201.097031
-13.514930 195.572200 -14.599708 197.543808
-13.275440 192.054900 -14.337317 193.947769
-13.052000 188.499600 -14.078609 190.322708
-12.854570 184.884700 -13.867450 186.611664
-12.675140 181.220200 -13.656835 182.853851
-12.508030 177.502000 -13.475513 179.033951
-12.341190 173.718700 -13.281412 175.134155
-12.175010 169.898000 -13.071876 171.215500
-12.018250 166.028100 -12.892939 167.226761
-11.841350 162.134100 -12.686587 163.224274
-11.655180 158.220500 -12.496918 159.175461
-11.466580 154.287300 -12.282453 155.153442
-11.281310 150.320000 -12.061090 151.154572
-11.057620 146.379100 -11.828115 147.150070
-10.815240 142.443600 -11.599183 143.210220
-10.570550 138.517900 -11.352718 139.254578
-10.333980 134.639100 -11.099578 135.321182
-10.123240 130.785800 -10.843435 131.453583
-9.914350 127.027500 -10.589019 127.656265
-9.696148 123.395700 -10.334560 123.988869
-9.493383 119.914400 -10.108452 120.449768
-9.310280 116.607700 -9.906620 117.095238
-9.151332 113.442300 -9.742085 113.883980
-9.017561 110.482000 -9.589388 110.912209
-8.888960 107.744800 -9.461007 108.171181
-8.774269 105.222900 -9.350307 105.657509
-8.679794 102.918000 -9.248111 103.289520
-8.504861 100.812800 -9.050900 101.184845
-8.163715 98.919720 -8.701873 99.248268
-7.618518 97.243660 -8.160940 97.557434
-6.858427 95.725240 -7.421459 96.029671
-5.899838 94.392380 -6.484689 94.686607
-4.759829 93.253900 -5.336433 93.526779
-3.450087 92.348760 -4.040187 92.641251
-1.973871 91.691730 -2.614535 92.025444
-0.436803 91.261860 -1.143470 91.659119
1.138073 91.026340 0.389110 91.494461
2.751248 90.881970 2.003142 91.399940
4.431705 90.766140 3.686913 91.346924
6.211745 90.683570 5.500023 91.332474
8.081090 90.578530 7.371484 91.290543
10.076580 90.469280 9.459225 91.252113
12.205890 90.365360 11.643141 91.186714
14.489810 90.290310 13.972954 91.179672
16.910510 90.321490 16.488338 91.265831
19.453620 90.459650 19.121424 91.430145
22.045730 90.671110 21.811274 91.697350
24.644280 90.895340 24.484993 91.954216
27.207850 91.064010 27.143190 92.149696
29.764780 91.130150 29.783592 92.256691
32.287690 91.085550 32.382858 92.244270
34.803420 90.937800 34.965393 92.131134
37.325120 90.728940 37.548100 91.979050
39.896170 90.508470 40.179966 91.799583
42.547960 90.289960 42.896233 91.640244
45.244630 90.097810 45.669178 91.491806
47.943020 89.903610 48.442844 91.345795
50.617990 89.629730 51.186390 91.121727
53.252150 89.185630 53.940094 90.726570
55.814150 88.557720 56.575939 90.153702
58.313300 87.791630 59.115871 89.417458
60.805470 86.920740 61.675732 88.567093
63.322020 85.994100 64.244675 87.662285
65.833720 85.055040 66.822296 86.743477
68.406220 84.080780 69.470909 85.805832
70.998610 83.045350 72.098305 84.803528
73.578520 81.879280 74.761917 83.650047
76.170160 80.586970 77.403152 82.383232
78.819830 79.219290 80.112663 81.030060
81.480420 77.842690 82.816071 79.680206
84.108690 76.469870 85.500504 78.334099
86.695220 75.055290 88.179680 76.937485
89.188920 73.556030 90.769966 75.442421
91.573040 71.968490 93.235283 73.857033
93.850380 70.285940 95.591118 72.188393
96.020560 68.521450 97.851685 70.421822
98.103890 66.740880 100.003105 68.621284
100.107700 65.034010 102.058228 66.918633
101.996900 63.459780 104.029022 65.340630
103.764900 62.070330 105.856010 63.960949
105.408600 60.801050 107.568581 62.664074
107.003200 59.530310 109.221886 61.399696
108.589500 58.247390 110.835419 60.131298
110.134700 56.970520 112.419571 58.857742
111.717500 55.637520 114.046196 57.535084
113.353400 54.247110 115.727226 56.151360
115.077800 52.831180 117.489532 54.753433
116.904200 51.439420 119.359856 53.375507
118.836800 50.054850 121.346420 51.985962
120.853600 48.602090 123.429840 50.533966
122.938000 47.083700 125.578041 49.021778
125.092700 45.485300 127.811798 47.422340
127.330000 43.820780 130.100815 45.778019
129.637600 42.087830 132.474533 44.054123
131.967100 40.344760 134.857498 42.321445
134.297900 38.609850 137.242081 40.595154
136.621900 36.849050 139.613678 38.852886
138.949900 35.131110 142.003311 37.143742
141.293500 33.464730 144.381256 35.467876
143.603900 31.795640 146.755844 33.799728
145.871800 30.121580 149.059250 32.129433
148.133300 28.418200 151.393234 30.420835
150.347600 26.750990 153.685013 28.737713
152.506100 25.137140 155.910233 27.130095
154.521200 23.603510 157.959122 25.607771
156.409800 22.104300 159.889954 24.122852
158.102600 20.729550 161.642166 22.760649
159.605700 19.470090 163.204514 21.509541
161.034400 18.328640 164.679153 20.392012
162.527500 17.369930 166.184341 19.449774
164.102000 16.690040 167.774811 18.797821
165.725700 16.231240 169.417465 18.353224
167.465400 15.980230 171.152802 18.112381
169.275300 15.912810 172.983795 18.042385
171.157200 15.957740 174.885803 18.052111
173.098700 15.972680 176.872253 18.046770
175.120500 15.945180 178.896149 18.006006
177.167200 15.872150 180.990463 17.927538
179.305300 15.756280 183.172897 17.809013
181.477000 15.604010 185.357437 17.639565
183.703700 15.412020 187.631088 17.448494
185.980700 15.238130 189.924026 17.253918
188.280500 15.072990 192.235672 17.082956
190.577500 14.896800 194.573257 16.898861
192.894300 14.714610 196.956009 16.728914
195.244200 14.510220 199.349976 16.532021
197.633500 14.283820 201.789886 16.313684
200.090000 14.030130 204.302475 16.066893
202.592100 13.785300 206.828217 15.823323
205.104900 13.534110 209.370804 15.568464
207.640700 13.310070 211.941299 15.355526
210.148900 13.111090 214.496033 15.167758
212.697300 12.915740 217.106232 14.974476
215.224700 12.737830 219.683075 14.771976
217.808000 12.513180 222.322571 14.550607
220.389500 12.282700 224.984009 14.305547
223.037500 12.068550 227.663101 14.080042
225.699900 11.872960 230.372253 13.880330
228.380800 11.657570 233.110046 13.649861
231.063800 11.400770 235.863251 13.410027
233.768800 11.157120 238.608246 13.163919
236.452700 10.908570 241.361877 12.920829
239.115400 10.628320 244.076416 12.650572
241.756200 10.390980 246.753250 12.399925
244.376200 10.177670 249.411224 12.171065
246.942400 9.977031 252.014954 11.958273
249.503100 9.796410 254.604279 11.759653
251.962400 9.616742 257.100128 11.570634
254.329800 9.452561 259.504181 11.409675
256.557200 9.297183 261.762177 11.248544
258.681500 9.140396 263.896484 11.080337
260.487900 8.870715 265.938202 10.897594
262.171000 8.558198 267.865601 10.648158
263.852900 8.246051 269.669037 10.331241
265.533700 7.934305 271.342590 9.989554
267.212200 7.623220 272.807465 9.636857
268.719700 7.309828 274.088348 9.302050
269.768600 7.040605 275.161469 9.037255
270.654800 6.869143 276.071106 8.879227
271.433400 6.780906 276.896942 8.792775
272.188300 6.798910 277.690826 8.801633
272.939800 6.915555 278.437439 8.907050
273.674100 7.139266 279.178375 9.149725
274.435500 7.486302 279.942932 9.513497
275.206100 8.021776 280.741089 10.016498
275.841400 9.123003 281.440918 10.800785
276.399700 10.403880 282.109497 11.782968
276.938800 11.672800 282.634827 12.978620
277.461700 12.927990 283.061310 14.372564
277.969300 14.165350 283.482056 15.992064
278.402000 15.600760 283.850159 17.849146
278.675500 17.540870 284.090820 19.874100
278.887100 19.689590 284.270569 22.117634
279.050300 22.004090 284.412994 24.490219
279.153100 24.513040 284.516205 27.036522
279.310000 27.147550 284.643890 29.755627
279.492000 29.910160 284.814728 32.579514
279.682000 32.722430 285.018951 35.439297
279.891600 35.618700 285.250244 38.385647
280.117300 38.587970 285.487488 41.399666
280.340800 41.563150 285.719635 44.435940
280.553900 44.602790 285.936127 47.521065
280.757500 47.669170 286.144775 50.632851
280.966700 50.717990 286.355042 53.735687
281.189800 53.763250 286.564880 56.808517
281.387500 56.840290 286.787750 59.968235
281.609200 59.915920 287.006683 63.066666
281.892800 62.993940 287.283630 66.164894
282.168100 66.061440 287.550995 69.285492
282.386200 69.137860 287.764038 72.326614
282.581400 72.205720 287.967499 75.425430
282.741100 75.260420 288.154785 78.505554
282.945600 78.300480 288.353638 81.575172
283.185400 81.322840 288.570953 84.668137
283.441700 84.363870 288.801697 87.750572
283.683800 87.353300 289.033966 90.793343
283.940100 90.352150 289.284454 93.875069
284.231300 93.355260 289.575348 96.930511
284.541900 96.345100 289.912079 99.974487
284.938000 99.320580 290.310181 102.997787
285.395000 102.259500 290.764709 105.979195
285.844100 105.163200 291.218109 108.959633
286.321900 108.053700 291.684479 111.856743
286.793800 110.912200 292.156464 114.746872
287.216900 113.736500 292.578094 117.595673
287.630900 116.518500 292.930908 120.536186
288.058700 119.219300 293.329285 123.362915
288.448800 121.780900 293.658508 126.063774
288.846400 124.280600 294.018829 128.704254
289.285300 126.630100 294.444366 131.159058
289.743500 128.835400 294.874237 133.476456
290.213000 130.821100 295.344147 135.528717
290.683600 132.626000 295.797546 137.449631
291.166200 134.262000 296.319977 139.151230
291.580800 135.832500 296.736633 140.767258
291.961700 137.426400 297.102448 142.402451
292.194000 139.020100 297.335968 144.016617
292.237900 140.604400 297.373932 145.616150
291.762300 142.158200 297.157013 147.242889
290.662500 143.578100 296.662781 148.836487
289.562400 144.964600 295.878723 150.385040
288.468100 146.318100 294.766693 151.804321
287.386000 147.641500 293.391754 153.024979
286.399400 148.976200 291.780670 154.092484
284.571900 149.919400 289.924866 155.054153
282.598600 150.835500 287.945404 156.012009
280.553400 151.805400 285.819336 157.054214
278.418500 152.847000 283.635529 158.129150
276.187000 153.972900 281.370850 159.286407
273.848800 155.201700 278.995331 160.542999
271.423500 156.516000 276.508820 161.887390
268.909500 157.880900 273.929016 163.277328
266.393100 159.278800 271.355896 164.695984
263.831700 160.712200 268.748260 166.198013
261.343100 162.229400 266.225616 167.759781
258.927700 163.839100 263.772766 169.377457
256.567900 165.515700 261.377747 171.080246
254.220600 167.219800 258.974457 172.824203
251.812400 168.915300 256.499542 174.543106
249.342900 170.564800 253.963989 176.225006
246.829700 172.171100 251.397705 177.847137
244.268800 173.728400 248.735504 179.424423
241.687800 175.211100 246.030624 180.953247
239.066600 176.646400 243.313599 182.401413
236.435100 178.027700 240.564178 183.791290
233.828600 179.391700 237.874939 185.163589
231.251200 180.752600 235.217773 186.541275
228.707700 182.113100 232.611313 187.917740
226.214900 183.484500 230.060654 189.298538
223.769900 184.811700 227.544876 190.654419
221.367300 186.107100 225.082016 191.967133
219.059200 187.344000 222.711807 193.213882
216.843700 188.521200 220.411560 194.437775
214.730300 189.612200 218.216461 195.568878
212.761600 190.600600 216.172546 196.587296
210.934100 191.518800 214.269577 197.540665
209.293500 192.364900 212.559616 198.373001
207.831400 193.113300 211.006104 199.137741
206.576700 193.798300 209.677139 199.829224
205.539900 194.395600 208.579163 200.454056
204.729700 194.901600 207.733765 200.971085
204.122300 195.321500 207.095474 201.403244
203.546300 195.745200 206.501617 201.823410
203.042900 196.282400 205.927185 202.250031
202.515700 196.788100 205.336060 202.691132
201.945400 197.325500 204.734085 203.208740
201.195300 198.000000 203.946335 203.864380
200.227400 198.808500 202.938690 204.666626
199.076800 199.760000 201.746078 205.630417
197.730700 200.791700 200.365494 206.653503
196.253000 201.872000 198.860214 207.725922
194.623700 202.967100 197.208740 208.807968
192.619800 204.117900 195.413010 209.925491
190.615300 205.269000 193.471619 211.046082
188.611600 206.419500 191.436386 212.181412
186.608000 207.569800 189.268967 213.413239
184.604500 208.720100 187.050446 214.613510
182.452000 209.923800 184.776718 215.843033
180.162600 211.202300 182.410278 217.133789
177.855000 212.473600 180.041306 218.407974
175.554100 213.761200 177.654953 219.702011
173.260900 215.031900 175.283539 220.998062
171.006800 216.296100 172.967529 222.257324
168.770100 217.549300 170.677582 223.485672
166.635700 218.725900 168.480301 224.643570
164.640400 219.823800 166.392303 225.738983
162.800000 220.792300 164.481827 226.702805
161.109900 221.618400 162.742035 227.496414
159.510500 222.334400 161.098038 228.193100
157.845500 222.860900 159.390915 228.734573
156.181300 223.202900 157.654861 229.073212
154.511100 223.364000 155.920441 229.210739
152.786900 223.350100 154.127243 229.172394
150.969000 223.245000 152.249451 229.038956
149.048400 223.060600 150.285934 228.837585
146.999200 222.886700 148.206207 228.654327
144.811400 222.709100 145.961746 228.463867
142.452400 222.507300 143.561325 228.252441
139.985700 222.307100 141.013229 228.049255
137.342300 222.162600 138.322052 227.885269
134.568800 222.029900 135.472809 227.731827
131.695500 221.932100 132.508347 227.616608
128.711000 221.803000 129.423264 227.480331
125.647300 221.650100 126.298630 227.306580
122.615400 221.500000 123.192352 227.141373
119.543800 221.309500 120.094971 226.926468
116.511500 221.102100 116.979340 226.709259
113.516800 220.903600 113.916397 226.498169
110.545200 220.708000 110.856087 226.285614
107.636200 220.532300 107.834595 226.117203
104.717200 220.373700 104.857719 225.945847
101.840600 220.218600 101.931526 225.782440
98.994700 220.067300 98.999252 225.621872
96.181550 219.895100 96.125786 225.440369
93.438620 219.686500 93.370674 225.210785
90.855460 219.500600 90.679916 224.987823
88.388610 219.326300 88.186867 224.755203
86.123680 219.157800 85.848465 224.544739
84.049970 219.045300 83.694466 224.394745
82.152880 219.016300 81.730064 224.335449
80.388010 219.115100 79.905960 224.396881
78.664760 219.366200 78.147766 224.621765
77.016290 219.796000 76.427032 225.005798
75.461480 220.446100 74.792488 225.638138
74.069090 221.411200 73.310631 226.578018
72.862850 222.604000 72.056099 227.788208
71.841850 224.015300 70.993446 229.172195
71.023420 225.699900 70.162506 230.811539
70.421670 227.540000 69.526840 232.670242
70.034550 229.518400 69.125969 234.675827
69.813760 231.610700 68.885757 236.838593
69.670080 233.800300 68.715210 239.148224
69.603690 236.022800 68.620018 241.489655
69.545910 238.342600 68.514992 243.924744
69.499400 240.719700 68.377937 246.451019
69.469400 243.192800 68.297813 248.994904
69.384530 245.776400 68.168297 251.634277
69.232580 248.432800 67.927605 254.414749
69.094640 251.146000 67.720993 257.223328
68.950990 253.982700 67.511993 260.193451
68.811860 256.917100 67.304092 263.232147
68.650580 259.920100 67.132820 266.288788
68.462200 263.082100 66.918114 269.488098
68.288560 266.252800 66.713509 272.728027
68.096650 269.464100 66.494560 275.996796
67.903830 272.683000 66.270332 279.279266
67.721470 275.872400 66.047401 282.557404
67.525460 279.043300 65.820168 285.783508
67.317450 282.219100 65.573074 289.024017
67.111650 285.343500 65.335243 292.233521
66.901350 288.508400 65.103912 295.443268
66.688140 291.652400 64.882202 298.595703
66.478800 294.782200 64.671272 301.754486
66.289190 297.878200 64.470909 304.860626
66.078070 300.944500 64.238518 307.945679
65.826270 304.008500 63.976658 311.021362
65.573590 307.018200 63.722992 314.048553
65.274710 310.032300 63.436695 317.098480
64.924470 313.030600 63.088905 320.119263
64.540610 315.995300 62.689423 323.145813
64.089990 318.947600 62.232853 326.160461
63.671720 321.903700 61.815998 329.144470
63.304260 324.895900 61.460838 332.152161
62.967580 327.898100 61.126373 335.182617
62.699080 330.909200 60.834370 338.252960
62.553590 333.929000 60.637817 341.345062
62.402330 336.963400 60.400017 344.507843
62.266570 340.021300 60.222565 347.611145
62.116500 343.035800 60.034271 350.733124
61.993500 346.032900 59.885014 353.795593
61.866370 348.989100 59.746426 356.805908
61.760870 351.857800 59.594910 359.774323
61.679290 354.611700 59.474541 362.603027
61.586300 357.261400 59.350094 365.334015
61.550600 359.776900 59.280846 367.929993
61.577240 362.145700 59.292488 370.350281
61.603020 364.290800 59.320606 372.608673
61.628690 366.323100 59.329937 374.709595
61.649880 368.352400 59.332977 376.807251
61.624730 370.355800 59.285595 378.855377
61.511180 372.339500 59.153862 380.888214
61.271590 374.388200 58.893250 382.951660
60.966710 376.528400 58.559353 385.132538
60.637150 378.796200 58.179878 387.464203
60.324540 381.208000 57.849007 389.902557
60.065570 383.741300 57.571316 392.468018
59.884830 386.413700 57.370396 395.211761
59.789830 389.195600 57.243835 398.070953
59.765420 392.106700 57.183144 401.032318
59.766400 395.121300 57.140411 404.119110
59.728620 398.268800 57.063175 407.345367
59.673270 401.492900 56.971142 410.626068
59.575390 404.694600 56.841869 413.906464
59.425140 407.916600 56.659863 417.180023
59.267000 411.104300 56.455475 420.473846
59.084670 414.257800 56.263996 423.691528
58.913680 417.417100 56.087460 426.922180
58.748810 420.528100 55.889107 430.109711
58.574140 423.604200 55.708759 433.261047
58.437200 426.635400 55.563644 436.339813
58.286850 429.523300 55.407154 439.292175
58.117570 432.280500 55.236343 442.105072
57.924100 434.902000 55.030254 444.772461
57.663190 437.382700 54.729717 447.350250
57.368250 439.710400 54.430622 449.733246
57.036690 441.889000 54.079945 451.968140
56.656850 443.874800 53.671223 454.006439
56.323860 445.645400 53.335793 455.807190
56.148660 447.270100 53.158085 457.449524
56.616130 448.530800 53.240143 458.989197
57.333540 449.649800 53.560215 460.345856
58.025620 450.723300 54.174152 461.554871
58.683230 451.752100 55.018166 462.593567
59.300760 452.745900 56.047813 463.381348
60.051910 453.493100 57.185654 463.946014
61.232100 453.863600 58.448673 464.333435
62.575150 454.072200 59.853580 464.523132
64.075560 454.193600 61.384991 464.627777
65.729870 454.237800 63.092968 464.654633
67.536180 454.320400 64.913643 464.719330
69.481920 454.413600 66.899979 464.813904
71.568440 454.517900 69.023949 464.936401
73.783230 454.637300 71.299393 465.086151
76.158670 454.789800 73.706810 465.251801
78.646770 454.943100 76.252785 465.439178
81.225870 455.115600 78.890198 465.632202
83.916780 455.302300 81.632278 465.838104
86.702020 455.456700 84.451302 466.020203
89.526350 455.578300 87.308273 466.173431
92.412350 455.733700 90.246544 466.355713
95.328570 455.895400 93.193085 466.547638
98.249890 456.054300 96.188934 466.733154
101.184100 456.224200 99.182327 466.901215
104.093100 456.393100 102.184113 467.084503
106.998900 456.525600 105.194359 467.238373
109.897200 456.654500 108.162811 467.399445
112.749700 456.816600 111.075226 467.579926
115.610200 456.965500 113.987991 467.742889
118.400100 457.099300 116.830353 467.891846
121.145900 457.258900 119.618591 468.065186
123.876500 457.448100 122.387444 468.258118
126.583800 457.666500 125.159004 468.494049
129.241600 457.972700 127.861633 468.809753
131.877300 458.360200 130.556259 469.216766
134.472300 458.810900 133.201141 469.683716
137.047800 459.328100 135.837173 470.230652
139.578900 459.909300 138.436813 470.837280
142.082300 460.548100 141.002365 471.489044
144.536100 461.240400 143.508270 472.215424
146.935100 462.035700 145.975159 473.036377
149.323900 462.890800 148.414688 473.898285
151.645200 463.789700 150.786163 474.809174
153.953700 464.746000 153.144043 475.777710
156.216300 465.719100 155.447922 476.770966
158.442000 466.755000 157.708755 477.833344
160.610800 467.844100 159.919418 478.967529
162.721500 468.976400 162.075577 480.137085
164.765200 470.136200 164.148331 481.343628
166.772400 471.335900 166.179092 482.561707
168.632200 472.526000 168.068619 483.804840
170.346500 473.697400 169.816269 485.012665
171.909300 474.797000 171.434174 486.159088
173.302800 475.783300 172.854218 487.184265
174.556500 476.625400 174.158920 488.086273
175.656700 477.273900 175.310822 488.723602
176.667400 477.791400 176.358627 489.241058
177.693700 478.199200 177.448639 489.668945
178.769200 478.445200 178.542633 489.926300
179.820200 478.560500 179.623047 490.058533
180.911200 478.531600 180.743439 490.034088
182.068600 478.323700 181.956329 489.803009
183.262200 477.935100 183.216431 489.388184
184.488300 477.285200 184.501663 488.694580
185.759400 476.306800 185.808182 487.693634
187.077400 475.006900 187.193161 486.340942
188.478700 473.464500 188.613342 484.779022
189.953700 471.703500 190.121704 482.968384
191.518900 469.725200 191.715988 480.987854
193.208300 467.608400 193.415726 478.842438
195.017400 465.320900 195.235794 476.515808
196.863700 462.933100 197.121765 474.087402
198.729100 460.522700 199.025116 471.649139
200.614200 458.121400 200.945694 469.219940
202.510500 455.730200 202.858597 466.820831
204.411000 453.358300 204.798111 464.407593
206.321800 451.001000 206.758911 462.033875
208.222000 448.665100 208.691299 459.685577
210.114400 446.337900 210.636581 457.306427
211.976500 444.014500 212.548233 454.943024
213.836200 441.706600 214.449646 452.610962
215.683700 439.420500 216.324310 450.328094
217.555600 437.143300 218.235794 448.036011
219.471300 434.824100 220.206528 445.689056
221.450500 432.447100 222.253036 443.302551
223.466700 430.017100 224.329361 440.852020
225.486700 427.604100 226.432037 438.350220
227.506500 425.191500 228.522110 435.860504
229.526100 422.779100 230.599030 433.428497
231.545400 420.367100 232.672363 431.008118
233.564400 417.955300 234.725357 428.637787
235.559300 415.588300 236.738144 426.331329
237.436800 413.389000 238.661652 424.086792
238.780200 411.507400 240.466721 422.004913
239.937800 409.690800 242.078033 420.040314
241.095100 407.877000 243.421768 418.225800
242.251200 406.068000 244.477402 416.508606
243.408000 404.262500 245.206848 414.798218
244.011000 402.484000 245.622391 413.037811
244.001400 400.839200 245.646530 411.348572
243.616800 399.284000 245.278748 409.676208
242.890100 397.828700 244.552765 408.125946
241.873600 396.462000 243.556854 406.718842
240.631500 395.201500 242.311218 405.427887
239.221600 394.033800 240.850464 404.184113
237.618600 392.957600 239.196793 403.072113
235.793400 391.994800 237.343002 402.093597
233.764600 391.138800 235.269547 401.232361
231.526900 390.407500 232.969879 400.493347
229.101900 389.773400 230.484512 399.817932
226.502900 389.204300 227.858856 399.212830
223.725900 388.759000 225.017929 398.722839
220.797800 388.372500 222.024902 398.282867
217.710700 387.983400 218.854507 397.880157
214.530600 387.607200 215.609894 397.468475
211.281800 387.245500 212.316284 397.069489
207.989900 386.906600 208.963806 396.697083
204.658000 386.595500 205.569016 396.341827
201.286800 386.304300 202.117371 396.013275
197.918900 386.031200 198.690781 395.705505
194.555800 385.786300 195.256805 395.443237
191.207200 385.554600 191.817886 395.171478
187.886200 385.358400 188.377869 394.929962
184.599200 385.187900 184.993896 394.707581
181.348200 385.028900 181.634720 394.501678
178.125300 384.880300 178.344574 394.288757
174.940200 384.732200 175.095673 394.078186
171.787000 384.605200 171.885788 393.869995
168.667500 384.479200 168.729401 393.682465
165.610000 384.375800 165.597992 393.503754
162.651900 384.300900 162.570755 393.356232
159.841600 384.253100 159.673096 393.253754
157.212800 384.244100 156.975861 393.184753
154.757500 384.238100 154.437347 393.122192
152.465500 384.177300 152.084366 392.996674
150.349500 384.033300 149.900467 392.783417
148.462800 383.774700 147.978073 392.470062
146.861800 383.342900 146.359665 391.971680
145.493000 382.652100 145.019852 391.251526
144.342900 381.710300 143.929596 390.304077
143.476000 380.548800 143.091141 389.131531
142.885900 379.215000 142.535767 387.778107
142.512900 377.743300 142.170059 386.280334
142.317800 376.136600 141.995148 384.684570
142.188100 374.395800 141.859467 382.895111
142.147200 372.567400 141.822800 381.039307
142.122900 370.607400 141.810867 379.068573
142.117600 368.494900 141.827103 376.936707
142.130800 366.233800 141.861420 374.639862
142.204400 363.814600 141.969498 372.179901
142.299400 361.231000 142.093643 369.528778
142.415300 358.474700 142.241562 366.728668
142.582500 355.558100 142.472641 363.771454
142.739700 352.539000 142.670425 360.705566
142.891900 349.439100 142.870239 357.579651
143.064500 346.281300 143.082550 354.368988
143.227100 343.091000 143.287247 351.145111
143.425200 339.887400 143.528168 347.890289
143.616200 336.700500 143.748718 344.648773
143.795900 333.502200 143.960739 341.372955
144.005700 330.337500 144.187363 338.173248
144.230000 327.130600 144.398132 334.918610
144.419100 323.896200 144.596680 331.653534
144.587400 320.591100 144.763748 328.282166
144.754600 317.239000 144.962372 324.902222
144.941900 313.833000 145.176849 321.499176
145.157300 310.363000 145.397507 318.021637
145.368500 306.861100 145.614410 314.502716
145.569800 303.322100 145.815964 310.927856
145.779600 299.781500 146.031265 307.322418
145.995800 296.224300 146.238220 303.708862
146.232800 292.723700 146.477402 300.133759
146.466500 289.221500 146.728058 296.583801
146.685200 285.746000 146.979294 292.934174
146.893800 282.281200 147.217987 289.385315
147.103700 278.834100 147.443497 285.814667
147.309200 275.380000 147.687805 282.328430
147.469000 272.014900 147.908783 278.872314
147.644100 268.640500 148.127747 275.458649
147.828000 265.287400 148.365189 272.040070
148.018700 262.011300 148.604263 268.701447
148.191600 258.776500 148.797058 265.384766
148.362500 255.568000 148.986755 262.117889
148.542700 252.484800 149.200806 258.980530
148.699400 249.530100 149.380371 255.997971
148.855100 246.697000 149.566147 253.110855
149.012000 244.059600 149.747284 250.418045
149.177500 241.565300 149.946701 247.872360
149.354100 239.240800 150.145737 245.491821
149.518500 237.141100 150.328979 243.361282
149.688400 235.241100 150.533493 241.423401
149.831600 233.536700 150.703125 239.676407
149.906300 232.004900 150.804214 238.103027
149.838700 230.619900 150.760468 236.676727
149.635100 229.344100 150.564636 235.345749
149.241300 228.150200 150.166443 234.098602
148.716100 227.039600 149.641922 232.961960
148.000700 226.008200 148.926697 231.890457
147.075700 225.048900 147.989380 230.854477
145.937600 224.217300 146.860641 229.965973
144.564400 223.496400 145.526505 229.218323
143.010800 222.963900 143.987473 228.640503
141.316600 222.568700 142.272797 228.222488
139.454500 222.334500 140.434204 227.949341
137.425000 222.166300 138.421997 227.728622
135.205500 222.050100 136.163834 227.565933
132.804000 221.961500 133.742813 227.419418
130.267400 221.919300 131.115677 227.324249
127.508700 221.882500 128.276855 227.216278
124.622700 221.854300 125.366165 227.074448
121.664000 221.830100 122.340469 226.961411
118.657200 221.763300 119.316536 226.801910
115.641600 221.685500 116.233627 226.627960
112.627300 221.570300 113.174568 226.431305
109.673500 221.356100 110.127968 226.201752
106.754900 221.166500 107.103569 226.019806
103.815900 220.977200 104.123314 225.822647
100.933900 220.822800 101.184288 225.641510
98.075460 220.656000 98.254280 225.472702
95.253020 220.487500 95.391541 225.274109
92.486910 220.344500 92.610748 225.061798
89.875370 220.223200 89.956757 224.863678
87.458400 220.103100 87.520790 224.683319
85.308900 219.940400 85.291786 224.516022
83.404740 219.814900 83.330833 224.409698
81.811460 219.719400 81.655983 224.345093
80.386560 219.682400 80.180481 224.347488
79.003730 219.767200 78.763771 224.400162
77.660700 220.007600 77.396973 224.603256
76.371580 220.406400 76.059532 224.948593
75.155860 220.960300 74.810005 225.445831
74.011040 221.726500 73.594902 226.185654
72.923470 222.715600 72.454514 227.141190
71.978870 223.872400 71.459763 228.273544
71.184520 225.266700 70.678383 229.567825
70.559680 226.755300 70.065796 230.960556
70.106430 228.212400 69.611252 232.450150
69.780350 229.717400 69.264534 234.004959
69.611080 231.273600 69.091972 235.595535
69.507330 232.885000 68.936707 237.305267
69.413710 234.508900 68.857925 238.952408
69.343880 236.144900 68.761444 240.599075
69.165330 237.775100 68.558975 242.261200
68.850580 239.377200 68.223503 243.866089
68.411010 240.827300 67.707787 245.340591
67.727420 242.111200 66.966156 246.639877
66.803100 243.182900 66.004990 247.783035
65.701790 244.107800 64.841988 248.777985
64.448250 244.782200 63.553417 249.455399
63.080800 245.260000 62.125381 249.925827
61.580750 245.474700 60.619167 250.083755
60.021940 245.545100 59.028271 250.096725
58.373630 245.501300 57.321682 250.011581
56.557790 245.387700 55.511665 249.897293
54.575700 245.267600 53.485840 249.765701
52.422320 245.171900 51.281998 249.637009
50.087930 245.081900 48.901340 249.507233
47.581640 245.008900 46.350254 249.384094
44.918970 244.937600 43.615574 249.247360
42.122820 244.817200 40.753021 249.061630
39.164720 244.672400 37.712097 248.838852
36.057060 244.510700 34.510941 248.596710
32.840100 244.318200 31.222666 248.328384
29.595440 244.119000 27.899620 248.059097
26.356030 243.938500 24.600695 247.814590
23.136280 243.778100 21.295311 247.589203
19.923890 243.574600 17.986168 247.304993
16.771670 243.333700 14.745502 247.000031
13.661940 243.082500 11.590701 246.692627
10.666390 242.818300 8.527068 246.371185
7.814747 242.555200 5.596688 246.061813
5.139292 242.325200 2.846754 245.794998
2.679849 242.118700 0.286842 245.537140
0.450309 241.930700 -2.028409 245.313309
-1.528966 241.776000 -4.097479 245.116013
-3.228819 241.670700 -5.862863 244.965927
-4.618300 241.633500 -7.284987 244.896774
-5.727634 241.635600 -8.432220 244.890015
-6.594910 241.676300 -9.316484 244.913635
-7.316062 241.736500 -10.056910 244.969055
-7.999830 241.824600 -10.752265 245.054779
-8.668434 241.971800 -11.419970 245.188812
-9.310473 242.159800 -12.054769 245.354340
-10.040280 242.489600 -12.815998 245.680740
-10.900630 242.986700 -13.692038 246.142868
-11.788840 243.696900 -14.623918 246.817139
-12.605680 244.629900 -15.488019 247.732773
-13.325190 245.805400 -16.261066 248.916397
-13.876090 247.212100 -16.865904 250.401398
-14.262280 248.903900 -17.311207 252.163315
-14.456720 250.843200 -17.530960 254.147202
-14.534350 252.994100 -17.637047 256.376617
-14.597030 255.350200 -17.777908 258.818573
-14.667090 257.910700 -17.910397 261.449219
-14.735990 260.649600 -18.062439 264.293274
-14.849520 263.575900 -18.248161 267.296234
-14.957480 266.729800 -18.461519 270.532471
-15.059630 270.015600 -18.673277 273.920929
-15.182710 273.477200 -18.924057 277.491180
-15.303150 277.021400 -19.162182 281.107697
-15.440230 280.658500 -19.454611 284.847260
-15.590580 284.351600 -19.737997 288.680939
-15.764490 288.068200 -20.037329 292.502411
-15.946800 291.811700 -20.352491 296.362671
-16.099940 295.543400 -20.638109 300.198547
-16.260060 299.308400 -20.911245 304.071777
-16.425310 303.105800 -21.183495 307.995056
-16.590140 306.893300 -21.464537 311.933990
-16.756680 310.705900 -21.753477 315.832703
-16.910250 314.536100 -22.027555 319.781616
-17.062160 318.371600 -22.314405 323.723175
-17.211700 322.183300 -22.617186 327.662323
-17.359600 325.995800 -22.910019 331.596313
-17.503240 329.777900 -23.204140 335.546051
-17.652950 333.537700 -23.463440 339.415863
-17.803470 337.274400 -23.722612 343.263214
-17.965510 340.928300 -24.004616 347.004944
-18.139020 344.467400 -24.274794 350.655304
-18.309560 347.827300 -24.555443 354.113251
-18.498430 351.069300 -24.846088 357.527405
-18.657830 354.177800 -25.103224 360.795807
-18.779270 357.113600 -25.322929 363.881012
-18.870160 359.864000 -25.474564 366.731598
-18.946200 362.402300 -25.620199 369.381439
-18.990920 364.711200 -25.721340 371.821167
-19.050610 366.784400 -25.833395 373.961121
-19.150770 368.599600 -25.986591 375.837280
-19.288630 370.232600 -26.197773 377.503967
-19.600770 371.746300 -26.560997 379.031128
-20.181060 373.134000 -27.183544 380.381866
-21.046240 374.352900 -27.974113 381.470306
-22.127780 375.353800 -29.027897 382.416290
-23.457040 376.098400 -30.367641 383.128967
-24.934490 376.556700 -31.855679 383.520844
-26.555040 376.670400 -33.516510 383.562866
-28.276760 376.521700 -35.277447 383.343781
-30.056280 376.231600 -37.099556 382.998505
-31.975970 375.881500 -39.017197 382.627686
-34.041570 375.538800 -41.081932 382.255798
-36.312400 375.174700 -43.357063 381.858307
-38.740670 374.815500 -45.794594 381.446716
-41.349510 374.513500 -48.427353 381.097504
-44.097790 374.260800 -51.214348 380.834412
-47.011360 374.040700 -54.184925 380.598175
-50.040150 373.823900 -57.273708 380.341492
-53.185680 373.618900 -60.463261 380.087952
-56.406270 373.421900 -63.753227 379.841522
-59.653410 373.251300 -67.093285 379.618011
-62.943060 373.083600 -70.438438 379.380981
-66.219570 372.909300 -73.796242 379.130615
-69.486870 372.732000 -77.128471 378.874817
-72.726120 372.532900 -80.425056 378.607208
-75.949990 372.348800 -83.700417 378.349365
-79.132360 372.198800 -86.939377 378.127899
-82.276670 372.085900 -90.188866 377.938385
-85.318380 372.021300 -93.311630 377.803131
-88.202870 371.999200 -96.288086 377.724731
-90.927450 371.989600 -99.095459 377.657806
-93.555550 371.974900 -101.841110 377.557861
-96.169310 371.894100 -104.535805 377.388641
-98.735200 371.699400 -107.199585 377.105835
-101.335900 371.405700 -109.875053 376.729797
-104.006100 371.090100 -112.595146 376.318939
-106.771100 370.792200 -115.420158 375.928131
-109.682200 370.477800 -118.375427 375.519531
-112.739100 370.228500 -121.548538 375.146667
-115.931600 370.036400 -124.814377 374.852692
-119.286600 369.828600 -128.248947 374.536621
-122.729500 369.724600 -131.768509 374.309448
-126.288700 369.671200 -135.420944 374.127899
-129.839700 369.662300 -139.017853 373.989380
-133.385600 369.650900 -142.640259 373.859039
-136.894400 369.634000 -146.203751 373.740051
-140.398100 369.514400 -149.747208 373.495453
-143.862100 369.340500 -153.255188 373.208221
-147.327600 369.166400 -156.749664 372.928192
-150.737000 368.971100 -160.224121 372.634705
-154.158600 368.781900 -163.708984 372.342468
-157.533900 368.539100 -167.149094 371.990662
-160.863100 368.281900 -170.550369 371.614136
-164.185700 368.025000 -173.931259 371.253174
-167.432800 367.748600 -177.264862 370.876160
-170.642400 367.488400 -180.542007 370.520599
-173.841400 367.227100 -183.811539 370.162384
-177.023700 366.951400 -187.103226 369.777405
-180.244500 366.730400 -190.413177 369.444427
-183.473900 366.580900 -193.698196 369.174164
-186.744800 366.472000 -197.038422 368.935242
-190.033500 366.367300 -200.391571 368.702118
-193.355400 366.250500 -203.807983 368.459717
-196.716900 366.188600 -207.237350 368.263702
-200.121200 366.182600 -210.711243 368.142853
-203.540500 366.199800 -214.217773 368.027252
-206.952700 366.227500 -217.727951 367.935944
-210.347900 366.285500 -221.197067 367.868256
-213.706200 366.365900 -224.642776 367.822052
-217.009500 366.481900 -227.999176 367.808258
-220.179700 366.654500 -231.266037 367.876801
-223.191200 366.879000 -234.376251 367.998901
-226.097000 367.114900 -237.398666 368.154968
-228.814800 367.345400 -240.222961 368.289154
-231.386300 367.584000 -242.885757 368.438080
-233.712600 367.887700 -245.338257 368.670868
-235.782000 368.275800 -247.465225 368.996185
-237.675400 368.737900 -249.415497 369.418304
-239.369400 369.206200 -251.156479 369.828918
-240.923900 369.617600 -252.757355 370.209045
-242.343700 369.946600 -254.207199 370.480225
-243.617800 370.200700 -255.529907 370.693573
-244.859400 370.340600 -256.833954 370.837280
-246.077300 370.391700 -258.108032 370.859192
-247.267700 370.379800 -259.348175 370.805786
-248.493500 370.333700 -260.606140 370.721405
-249.783700 370.306600 -261.921875 370.629181
-251.078800 370.299200 -263.252655 370.589905
-252.358200 370.349900 -264.582672 370.607697
-253.632100 370.436500 -265.878601 370.663849
-254.850600 370.581800 -267.131104 370.765411
-255.940600 370.729900 -268.254333 370.892578
-256.915700 370.895600 -269.257568 371.024658
-257.880300 371.026600 -270.242035 371.153046
-258.825300 371.074700 -271.205414 371.148132
-259.790200 371.036700 -272.177277 371.099945
-260.853800 370.865000 -273.236237 370.867798
-261.981300 370.525600 -274.407043 370.544434
-263.149900 369.955400 -275.566803 369.934570
-264.334300 369.128800 -276.714233 369.060699
-265.453200 367.983800 -277.815704 367.866638
-266.451000 366.525200 -278.767303 366.369659
-267.251800 364.723800 -279.550629 364.553284
-267.949500 362.709300 -280.174377 362.483704
-268.506500 360.485200 -280.661865 360.207428
-268.941500 358.026800 -281.002197 357.707916
-269.220400 355.348600 -281.181335 354.992950
-269.448800 352.477300 -281.310425 352.094116
-269.718000 349.407100 -281.463440 348.994873
-269.985700 346.177700 -281.595825 345.729340
-270.257600 342.841000 -281.705261 342.390259
-270.518100 339.408900 -281.828735 338.897156
-270.754500 335.850800 -281.899139 335.291565
-270.955500 332.279200 -281.956116 331.656219
-271.100700 328.699800 -281.964325 328.040009
-271.205200 325.126400 -281.934937 324.382721
-271.267700 321.587300 -281.854218 320.772736
-271.275200 318.070500 -281.719727 317.220764
-271.222900 314.582000 -281.550446 313.662537
-271.120000 311.120600 -281.314270 310.153656
-270.978000 307.683800 -281.028748 306.695862
-270.782700 304.265600 -280.677429 303.285217
-270.528600 300.853100 -280.298126 299.855225
-270.242000 297.429400 -279.878265 296.442841
-269.919600 293.989900 -279.435699 292.983398
-269.545200 290.528500 -278.954773 289.504578
-269.141700 287.042100 -278.446564 285.989777
-268.688300 283.528200 -277.882263 282.441254
-268.188900 279.998100 -277.271820 278.884308
-267.644900 276.438400 -276.610443 275.354218
-267.060700 272.864800 -275.921570 271.778961
-266.415600 269.267600 -275.183899 268.171448
-265.703700 265.659900 -274.363647 264.535309
-264.933700 262.028500 -273.491486 260.905762
-264.083600 258.356100 -272.531555 257.242981
-263.198600 254.694500 -271.553650 253.514053
-262.249500 251.044300 -270.500824 249.869049
-261.237300 247.429800 -269.390015 246.226913
-260.189300 243.839800 -268.252777 242.579361
-259.094000 240.246100 -267.060577 239.019211
-257.955600 236.666200 -265.825867 235.394196
-256.772700 233.104800 -264.548889 231.769882
-255.531300 229.548500 -263.205780 228.214111
-254.248400 226.028100 -261.849731 224.671188
-252.919100 222.544000 -260.429962 221.174850
-251.574800 219.079600 -258.997070 217.691956
-250.208800 215.633800 -257.551575 214.181992
-248.823500 212.212300 -256.063904 210.709915
-247.396200 208.816100 -254.539124 207.270920
-245.924600 205.438400 -252.989349 203.883636
-244.407500 202.096000 -251.388962 200.524704
-242.864900 198.761700 -249.729248 197.171860
-241.279000 195.474400 -248.080658 193.946304
-239.649300 192.235800 -246.366913 190.706833
-237.983200 189.035400 -244.596161 187.499878
-236.298900 185.858800 -242.822525 184.291672
-234.588400 182.702700 -241.024902 181.148514
-232.835600 179.589900 -239.172623 177.997925
-231.009300 176.491000 -237.247589 174.848328
-229.111700 173.245900 -235.301727 171.729507
-227.176300 170.021800 -233.310852 168.573441
-225.177100 166.838100 -231.238785 165.424133
-223.121100 163.678300 -229.115234 162.286575
-221.021800 160.583500 -226.938248 159.164993
-218.906700 157.528200 -224.760208 156.128983
-216.758300 154.516100 -222.533707 153.156418
-214.598900 151.542200 -220.315552 150.209625
-212.419400 148.613400 -218.074203 147.302750
-210.228200 145.723000 -215.806595 144.419174
-207.984500 142.875200 -213.477188 141.558701
-205.709300 140.044600 -211.113464 138.712967
-203.367700 137.252600 -208.689667 135.902237
-200.986900 134.476000 -206.213898 133.074829
-198.545200 131.709700 -203.675812 130.277969
-196.059300 128.939500 -201.051697 127.456100
-193.510200 126.196800 -198.437347 124.710846
-190.897300 123.468900 -195.732376 121.936981
-188.227400 120.762000 -192.980682 119.182594
-185.497000 118.076800 -190.188049 116.454964
-182.724000 115.414700 -187.314102 113.736023
-179.874900 112.756200 -184.377304 111.044769
-176.963500 110.129700 -181.396240 108.379807
-174.022700 107.478800 -178.401535 105.743309
-171.062700 104.830200 -175.334991 103.058945
-168.072200 102.205400 -172.273880 100.407715
-165.063500 99.572080 -169.201523 97.769135
-162.094200 96.925240 -166.153580 95.114250
-159.158100 94.245620 -163.105804 92.421928
-156.222000 91.591220 -160.079422 89.735962
-153.302600 88.949020 -157.067947 87.048218
-150.415700 86.290970 -154.107422 84.398956
-147.525700 83.616700 -151.116455 81.686806
-144.616800 80.967880 -148.097198 79.016098
-141.680000 78.334030 -145.085129 76.359932
-138.744900 75.701910 -142.078781 73.729759
-135.803000 73.066790 -139.079391 71.084511
-132.863800 70.434610 -136.033813 68.392525
-129.933000 67.796650 -133.018661 65.715141
-127.009300 65.165490 -130.007431 63.058098
-124.094300 62.565200 -127.013199 60.440109
-121.185800 59.961850 -124.033562 57.835205
-118.275800 57.358150 -121.009956 55.185661
-115.383500 54.746480 -118.040306 52.562847
-112.487100 52.132910 -115.044067 49.929810
-109.563100 49.507800 -112.042168 47.296803
-106.649400 46.882310 -109.035378 44.666512
-103.717200 44.240620 -106.018913 42.018162
-100.776700 41.607720 -102.962837 39.381912
-97.815960 38.955960 -99.898773 36.728558
-94.863170 36.299440 -96.864403 34.065121
-91.884440 33.643060 -93.809952 31.424679
-88.909720 30.989760 -90.743294 28.768074
-85.917480 28.322680 -87.671104 26.114799
-82.929050 25.668410 -84.613342 23.492722
-79.941980 23.038030 -81.559334 20.869390
-76.962720 20.421650 -78.475403 18.234583
-74.007520 17.823510 -75.456383 15.650106
-71.092400 15.226900 -72.445503 13.031877
-68.209240 12.634500 -69.451019 10.424771
-65.354250 10.051970 -66.515770 7.850740
-62.542350 7.481356 -63.619274 5.276380
-59.754040 4.927046 -60.746586 2.709731
-57.009180 2.422195 -57.918957 0.173182
-54.340090 0.009828 -55.192284 -2.224531
-51.766990 -2.296378 -52.554909 -4.513943
-49.260900 -4.526641 -49.973927 -6.737171
-46.853800 -6.677798 -47.470650 -8.909526
-44.569730 -8.685225 -45.082779 -10.907750
-42.404320 -10.528340 -42.835182 -12.775574
-40.364200 -12.198710 -40.725311 -14.451946
-38.389800 -13.695430 -38.708012 -15.908894
-36.423220 -15.003710 -36.687138 -17.219101
-34.423200 -16.097900 -34.607773 -18.338152
-32.364650 -16.913830 -32.480267 -19.153828
-30.265120 -17.411740 -30.323650 -19.649996
-28.163420 -17.604910 -28.178556 -19.829172
-26.110560 -17.459960 -26.113960 -19.634892
-24.143360 -16.987220 -24.151510 -19.139488
-22.296980 -16.217800 -22.288265 -18.350147
-20.604650 -15.231400 -20.500477 -17.328676
-19.008910 -14.153640 -18.780060 -16.190744
-17.427180 -13.090130 -17.149864 -15.068894
-15.874640 -12.069320 -15.541413 -13.968566
-14.363580 -11.106930 -13.984246 -12.934202
-12.922670 -10.242620 -12.473968 -11.977185
-11.574780 -9.466819 -11.064538 -11.133145
-10.317910 -8.788752 -9.765256 -10.384085
-9.188230 -8.193104 -8.604446 -9.724172
-8.211014 -7.716742 -7.599398 -9.193278
-7.426664 -7.335419 -6.800547 -8.760563
-6.732949 -7.004384 -6.089800 -8.389134
-6.081177 -6.624412 -5.424074 -7.988578
-5.489078 -6.233971 -4.820055 -7.582935
-4.934984 -5.802268 -4.256376 -7.141570
-4.339961 -5.285216 -3.669418 -6.605722
-3.697865 -4.592905 -3.037007 -5.896278
-3.037676 -3.769289 -2.377142 -5.056081
-2.408137 -2.790908 -1.766572 -4.081914
-1.801721 -1.625169 -1.180150 -2.914457
-1.269630 -0.215074 -0.661339 -1.485188
-0.812186 1.417145 -0.217973 0.148510
-0.577413 3.304554 0.029703 2.018551
-0.470925 5.426109 0.146877 4.115545
-0.476637 7.694492 0.111451 6.376760
-0.570738 10.119870 -0.010196 8.840777
-0.648451 12.686750 -0.140666 11.474983
-0.748385 15.378500 -0.289844 14.245074
-0.860824 18.191740 -0.445336 17.142534
-0.998219 21.084400 -0.628433 20.170454
-1.176238 24.100490 -0.859470 23.276678
-1.395968 27.224660 -1.124924 26.504955
-1.640741 30.420880 -1.409011 29.788012
-1.879320 33.664680 -1.699137 33.131844
-2.150183 36.923590 -2.008905 36.506378
-2.397389 40.249040 -2.327058 39.960445
-2.638864 43.594280 -2.633592 43.410992
-2.848280 46.962570 -2.913930 46.897724
-3.041372 50.356970 -3.172607 50.396755
-3.212653 53.820380 -3.433683 53.954899
-3.380992 57.307360 -3.679567 57.517338
-3.567609 60.834770 -3.927325 61.126816
-3.786600 64.385720 -4.211837 64.781380
-3.981904 67.973540 -4.508156 68.481842
-4.173959 71.565920 -4.779161 72.212753
-4.396788 75.106490 -5.048542 75.893471
-4.593996 78.623730 -5.294780 79.547287
-4.800834 82.136440 -5.552160 83.157616
-5.016400 85.597270 -5.805205 86.707703
-5.214554 89.008160 -6.029672 90.196556
-5.369648 92.435540 -6.239442 93.707283
-5.524006 95.827610 -6.421610 97.182060
