-0.000000 0.000000 0.000000 0.000000
-0.031067 2.888054 0.013344 2.973249
-0.064585 5.738958 0.006974 5.952903
-0.101303 8.535486 -0.012392 8.830972
-0.142195 11.339520 -0.062733 11.696295
-0.184906 14.041360 -0.093479 14.504700
-0.236713 16.743090 -0.139447 17.285398
-0.293743 19.414190 -0.209161 20.025455
-0.351775 22.037930 -0.274528 22.727001
-0.412104 24.615430 -0.329979 25.357254
-0.469077 27.080370 -0.405799 27.879883
-0.537729 29.454710 -0.478369 30.311220
-0.609883 31.753310 -0.573533 32.662056
-0.707028 33.962280 -0.655959 34.954823
-0.822501 36.085730 -0.755228 37.175911
-0.935694 38.111240 -0.849467 39.312073
-1.022967 40.037480 -0.943959 41.320606
-1.107347 41.890890 -0.999712 43.258602
-1.156523 43.592390 -1.046674 45.017590
-1.165281 45.110470 -1.058383 46.623875
-1.139704 46.435620 -1.037681 48.005409
-1.077742 47.567320 -0.964182 49.215534
-1.006263 48.450880 -0.890071 50.206093
-0.897746 49.232390 -0.783136 51.048752
-0.757712 49.986150 -0.644722 51.885441
-0.562625 50.707270 -0.427366 52.643276
-0.317219 51.420200 -0.168749 53.425285
0.000274 52.129820 0.169583 54.264256
0.427978 52.800310 0.615921 54.937862
0.965237 53.472800 1.212240 55.614525
1.658262 54.153430 1.907499 56.343277
2.612681 54.789880 2.865837 57.056629
3.766145 55.335410 4.050533 57.657284
5.103719 55.721430 5.399701 58.109283
6.612372 55.902800 6.929932 58.333664
8.209580 55.971350 8.583727 58.448296
9.933246 55.981820 10.361006 58.478104
11.755010 55.963040 12.234458 58.458435
13.673080 55.883300 14.229862 58.419792
15.697980 55.779010 16.325113 58.354553
17.784720 55.672100 18.490437 58.285252
19.978240 55.590270 20.766645 58.218098
22.167140 55.510110 23.044325 58.162613
24.373310 55.484540 25.343960 58.197323
26.568060 55.472620 27.669292 58.233719
28.777650 55.510270 29.996683 58.293457
30.985590 55.548590 32.320152 58.367783
33.207400 55.613480 34.626778 58.463284
35.442520 55.709300 36.964901 58.578655
37.704740 55.826600 39.302994 58.723701
40.002200 55.976310 41.680351 58.902786
42.339510 56.141300 44.092518 59.108788
44.713720 56.343910 46.544167 59.347237
47.122240 56.605330 49.000710 59.633366
49.540680 56.921620 51.507725 59.990536
51.989070 57.297260 54.009109 60.403641
54.343180 57.698510 56.429665 60.845940
56.645460 58.120330 58.800217 61.317410
58.876010 58.567270 61.088333 61.802601
61.013190 59.021080 63.279915 62.300278
63.055930 59.468430 65.372543 62.780930
65.032810 59.902180 67.432869 63.269207
66.922080 60.298360 69.383850 63.719425
68.724720 60.677920 71.239479 64.137306
70.449950 61.033000 73.046837 64.536545
72.086540 61.346730 74.734642 64.863937
73.701140 61.657010 76.435593 65.215073
75.335240 61.944750 78.128426 65.540665
76.992600 62.291350 79.881874 65.954216
78.692590 62.691950 81.657852 66.390976
80.453400 63.179850 83.476257 66.903099
82.265790 63.740490 85.365265 67.508537
84.194030 64.399810 87.364441 68.230515
86.224450 65.153770 89.432297 69.008232
88.357870 65.993410 91.606949 69.863228
90.502450 66.907090 93.816826 70.835526
92.609040 67.903710 96.043007 71.910172
94.633120 68.920130 98.166588 72.934410
96.583420 69.912990 100.211967 73.960297
98.435050 70.883890 102.170753 74.976540
100.212200 71.816210 104.041718 75.944016
101.905500 72.735820 105.834129 76.896416
103.511500 73.620900 107.541481 77.828011
105.060100 74.482340 109.164375 78.748466
106.565000 75.343110 110.719452 79.644379
108.028900 76.228830 112.223358 80.566032
109.484600 77.160920 113.720314 81.542099
111.012500 78.171090 115.261833 82.611412
112.582900 79.246780 116.847054 83.738876
114.228600 80.425890 118.490578 84.954903
115.947600 81.729260 120.194283 86.285973
117.700100 83.151090 121.949631 87.724037
119.523000 84.685210 123.777763 89.295906
121.433400 86.292660 125.690910 90.934875
123.377700 87.978210 127.664719 92.670334
125.311100 89.753620 129.628296 94.476028
127.275600 91.596860 131.622314 96.366257
129.224500 93.463900 133.635300 98.292938
131.149100 95.403230 135.641983 100.252045
133.059000 97.419260 137.612839 102.312363
134.953900 99.488560 139.570587 104.420242
136.852800 101.578900 141.532394 106.574242
138.768400 103.700800 143.470062 108.686172
140.668600 105.771500 145.418076 110.838699
142.593300 107.805600 147.387833 112.922623
144.499400 109.783900 149.336716 114.965729
146.448400 111.754000 151.339157 116.985550
148.396300 113.639400 153.353851 118.954514
150.376300 115.438400 155.384552 120.885429
152.404100 117.222400 157.445145 122.799400
154.478600 118.989300 159.546890 124.697464
156.645400 120.724500 161.743698 126.541969
158.905800 122.432200 164.037201 128.314697
161.194700 124.063600 166.428497 130.067001
163.498700 125.601900 168.822510 131.768768
165.800800 127.092000 171.186951 133.330093
168.046900 128.527100 173.522980 134.819382
170.193100 129.881700 175.791626 136.284195
172.320500 131.175000 178.028366 137.627777
174.354500 132.418200 180.160645 138.926208
176.353200 133.630800 182.266571 140.172379
178.293700 134.777800 184.277115 141.349869
180.174800 135.863800 186.234726 142.466919
181.990300 136.890800 188.133255 143.523880
183.746700 137.844100 189.991547 144.532150
185.502900 138.752600 191.834305 145.468582
187.316700 139.650000 193.730682 146.398148
189.197800 140.526600 195.700317 147.311203
191.166700 141.381000 197.752258 148.180817
193.245000 142.204500 199.920258 149.041031
195.460000 143.026300 202.187256 149.874649
197.772100 143.833600 204.621078 150.748642
200.145100 144.607400 207.174011 151.650787
202.692400 145.397600 209.936417 152.563629
205.249500 146.171900 212.643280 153.427032
207.860900 146.926000 215.640778 154.306595
210.549200 147.643600 218.455536 155.063812
213.300400 148.348200 221.422394 155.805359
216.084100 149.048900 224.319366 156.491959
218.860300 149.726200 227.195969 157.139160
221.644800 150.382100 230.104813 157.787964
224.412100 151.021800 233.005432 158.458603
227.167600 151.643200 235.868530 159.065826
229.918900 152.230300 238.735733 159.639969
232.689500 152.785800 241.575592 160.168808
235.449300 153.313200 244.456848 160.681046
238.199800 153.803200 247.294113 161.167114
240.934200 154.256400 250.115158 161.587479
243.668800 154.668400 252.958847 161.987564
246.368400 155.041200 255.760101 162.346390
249.069800 155.358200 258.546906 162.631897
251.725900 155.632800 261.280518 162.900208
254.402400 155.881300 264.067932 163.149170
257.042800 156.089700 266.819031 163.357788
259.660100 156.224000 269.522003 163.475525
262.271700 156.315800 272.287750 163.577866
264.865700 156.356900 274.991028 163.603699
267.459400 156.359600 277.696045 163.574280
270.039500 156.343700 280.382782 163.532364
272.588200 156.330000 283.043579 163.487839
275.056200 156.330100 285.639282 163.458466
277.448400 156.359600 288.116058 163.453125
279.738200 156.429500 290.476471 163.481354
281.938200 156.520200 292.759308 163.523926
284.012100 156.634000 294.899933 163.588348
285.967000 156.761600 296.918640 163.686325
287.810800 156.898300 298.811829 163.786011
289.549300 157.041600 300.606628 163.912216
291.199000 157.180400 302.301270 164.024292
292.759600 157.324200 303.905762 164.146942
294.237400 157.467800 305.450348 164.288147
295.702000 157.617000 306.962341 164.415131
297.209000 157.765400 308.523895 164.541687
298.767900 157.889400 310.126251 164.647385
300.432800 158.016900 311.840576 164.753281
302.189300 158.141600 313.642487 164.846405
304.038500 158.267800 315.578003 164.923416
305.995200 158.405700 317.614380 165.015167
308.048700 158.531900 319.771454 165.106979
310.174500 158.661100 322.000854 165.189545
312.381400 158.771100 324.353882 165.258575
314.676200 158.867600 326.794037 165.297928
317.037300 158.975500 329.282379 165.353043
319.477900 159.096700 331.898499 165.429688
321.983300 159.231700 334.513367 165.504135
324.556700 159.385400 337.192749 165.590591
327.199000 159.561700 339.917969 165.677322
329.888000 159.763100 342.678253 165.798553
332.606500 159.992500 345.510376 165.957535
335.346200 160.242300 348.363251 166.132538
338.087800 160.502200 351.207794 166.299805
340.808300 160.751300 354.063507 166.491486
343.520500 160.989100 356.898499 166.696732
346.223500 161.227200 359.726562 166.881119
348.906500 161.474100 362.504303 167.046265
351.590100 161.717700 365.300049 167.223892
354.273100 161.969400 368.070648 167.421494
356.966000 162.239900 370.835083 167.653625
359.666600 162.550200 373.604401 167.952026
362.375700 162.896300 376.368896 168.289398
365.062800 163.323000 379.179596 168.727249
367.727000 163.850800 381.959412 169.239929
370.348600 164.475400 384.898621 169.807312
372.964400 165.138700 387.629181 170.401825
375.599800 165.826700 390.322754 171.042450
378.229900 166.566100 393.063446 171.712921
380.801800 167.357500 395.788422 172.423950
383.318400 168.171800 398.486481 173.175674
385.808200 169.013900 401.157623 173.973877
388.246500 169.856400 403.801941 174.743607
390.650800 170.695000 406.385925 175.508163
393.014800 171.503500 408.904602 176.227066
395.404400 172.284100 411.412720 176.925323
397.780400 173.063700 413.945923 177.630463
400.205400 173.874000 416.529236 178.356720
402.725900 174.699400 419.110596 179.112366
405.238700 175.529800 421.792847 179.859253
407.810400 176.369600 424.517517 180.601288
410.380800 177.246300 427.219482 181.395828
412.944100 178.091800 429.917755 182.164505
415.502100 178.907300 432.645752 182.938477
417.987000 179.722000 435.227875 183.695068
420.400700 180.499000 437.802765 184.402390
422.723500 181.229600 440.272003 185.106079
424.970600 181.953100 442.629822 185.758591
427.191300 182.654700 445.117676 186.377808
429.364900 183.330700 447.411835 186.989075
431.542400 184.015100 449.688873 187.600891
433.709700 184.706100 451.982605 188.227921
435.894400 185.396800 454.273163 188.866623
437.987000 186.094800 456.481384 189.481369
439.976500 186.775400 458.609436 190.111816
441.889500 187.423200 460.717896 190.708313
443.709700 188.041300 462.744568 191.329941
445.449300 188.641500 464.659027 191.972443
447.056300 189.201200 466.475494 192.489166
448.590500 189.739900 468.165039 193.086624
450.015000 190.249300 469.726898 193.633957
451.352700 190.721500 471.219940 194.120132
452.596100 191.161200 472.585907 194.556534
453.710200 191.550200 473.833801 194.961716
454.731200 191.911400 474.976105 195.335922
455.653200 192.246800 475.965698 195.598709
456.505300 192.533700 476.910370 195.891052
457.319300 192.826200 477.825836 196.167160
458.109900 193.111500 478.661621 196.422638
458.896600 193.410900 479.523376 196.683640
459.697700 193.760100 480.395721 197.005844
460.531700 194.165900 481.300690 197.371780
461.370300 194.631800 482.210419 197.818832
462.158600 195.139900 483.051056 198.315781
462.899600 195.612800 483.873474 198.778015
463.586200 195.962000 484.632416 199.095474
464.354300 196.273600 485.414062 199.378265
465.139400 196.550800 486.230377 199.599243
465.948600 196.799800 487.065247 199.768723
466.714000 197.006300 487.888702 199.960693
467.409700 197.209000 488.636932 200.146713
468.004600 197.427000 489.277496 200.354553
468.491000 197.643300 489.793884 200.571091
468.884200 197.788300 490.198059 200.723236
469.204000 197.984300 490.517487 200.925873
469.473000 198.134800 490.805328 201.102722
469.708700 198.262200 491.042084 201.263214
469.857800 198.400100 491.200562 201.419174
469.984600 198.505100 491.336700 201.522400
470.093200 198.600100 491.454956 201.608658
