0.000000 0.000000 0.000000 0.000000
-0.007832 1.689225 -0.020903 1.708983
-0.029694 3.390281 -0.032361 3.421071
-0.070081 5.150463 -0.086260 5.231102
-0.123858 6.989627 -0.132795 7.073906
-0.184475 8.978383 -0.192299 9.109968
-0.253794 11.064230 -0.266734 11.205905
-0.296212 13.335200 -0.330068 13.507392
-0.345120 15.748820 -0.408504 15.964744
-0.368644 18.288060 -0.474646 18.555067
-0.406558 20.990620 -0.560681 21.344177
-0.450732 23.849210 -0.654201 24.245914
-0.505576 26.794890 -0.740049 27.250229
-0.567916 29.817300 -0.836221 30.314724
-0.634186 32.902500 -0.930545 33.430035
-0.704629 36.067260 -1.023213 36.618198
-0.763742 39.276990 -1.130850 39.881294
-0.840559 42.506460 -1.245253 43.148750
-0.944805 45.707290 -1.362247 46.408752
-1.050114 48.934630 -1.482497 49.687160
-1.142897 52.159540 -1.592035 52.971283
-1.248790 55.372460 -1.698467 56.249443
-1.352181 58.600620 -1.810286 59.557568
-1.444555 61.847430 -1.919101 62.865456
-1.528092 65.085270 -2.025645 66.177177
-1.623511 68.349680 -2.151192 69.516159
-1.697570 71.605970 -2.263501 72.848473
-1.784427 74.842930 -2.355510 76.174660
-1.892754 78.044640 -2.487000 79.454849
-2.009246 81.241000 -2.598488 82.737061
-2.118145 84.381460 -2.714091 85.948990
-2.224921 87.410700 -2.833846 89.046806
-2.344772 90.265560 -2.942098 91.956573
-2.486719 92.915770 -3.077198 94.653725
-2.649588 95.352060 -3.234358 97.130692
-2.827593 97.533080 -3.388628 99.377365
-2.992555 99.437370 -3.536595 101.314796
-3.132396 101.119600 -3.661106 103.029671
-3.196722 102.604300 -3.713460 104.526642
-3.182672 103.907400 -3.663349 105.861191
-3.061832 105.116200 -3.522572 107.092705
-2.813888 106.240500 -3.259673 108.257248
-2.431748 107.285400 -2.879952 109.299492
-1.921488 108.234600 -2.377991 110.263023
-1.282825 109.049600 -1.735267 111.113846
-0.530716 109.791000 -0.966453 111.860275
0.374458 110.404000 -0.022626 112.489197
1.408134 110.856700 1.060330 112.985352
2.533142 111.185100 2.212781 113.306984
3.783818 111.364400 3.495312 113.461601
5.173439 111.489500 4.965928 113.581215
6.728517 111.518300 6.556140 113.586769
8.447661 111.482200 8.293864 113.512970
10.365340 111.411600 10.245274 113.413391
12.440570 111.376600 12.370545 113.346886
14.658270 111.336300 14.651752 113.283203
16.980990 111.294300 17.025721 113.196495
19.371510 111.225100 19.472269 113.081955
21.827520 111.168600 22.009531 112.987366
24.338230 111.128000 24.581947 112.878944
26.865460 111.086600 27.159369 112.767334
29.340250 111.018500 29.672249 112.635208
31.824380 110.949500 32.185181 112.509224
34.255590 110.895700 34.673962 112.394318
36.655720 110.832300 37.095303 112.262901
39.023530 110.760300 39.515423 112.123978
41.348270 110.661800 41.879677 111.967613
43.625630 110.563400 44.204964 111.817123
45.778700 110.472200 46.375984 111.658913
47.871130 110.381700 48.465485 111.495766
49.939530 110.289100 50.567532 111.342529
51.971720 110.194600 52.618786 111.182487
53.966400 110.084400 54.601639 110.999680
55.968740 109.922700 56.629829 110.768143
58.012520 109.724900 58.704220 110.501335
60.142410 109.502900 60.844929 110.210030
62.329410 109.265100 63.036671 109.895935
64.563430 109.013700 65.259506 109.565430
66.805840 108.790700 67.507271 109.237358
69.024790 108.566800 69.710800 108.904076
71.274060 108.316000 71.960518 108.558220
73.551630 108.056300 74.236069 108.185051
75.878910 107.783000 76.594101 107.810638
78.249380 107.482800 79.006432 107.406593
80.656160 107.159100 81.437630 106.976982
83.128450 106.823200 83.933556 106.530487
85.650170 106.498800 86.484535 106.089783
88.195570 106.179900 89.049675 105.639656
90.756270 105.878900 91.615295 105.215073
93.347120 105.574100 94.253281 104.780876
95.936460 105.267700 96.834358 104.357635
98.498850 104.969700 99.407013 103.926819
101.043100 104.696300 101.976730 103.536346
103.535900 104.414000 104.500687 103.124100
105.990700 104.117400 106.978432 102.702271
108.401400 103.830100 109.400360 102.298653
110.756600 103.530500 111.787964 101.883385
113.078300 103.210700 114.109627 101.443626
115.356600 102.887000 116.411095 101.010101
117.639100 102.533100 118.695572 100.540649
119.873200 102.178000 120.959511 100.074745
122.079200 101.811900 123.176514 99.585632
124.272600 101.407700 125.354111 99.059860
126.424700 100.975200 127.509735 98.511566
128.537100 100.456100 129.644165 97.865608
130.617700 99.856810 131.676193 97.148849
132.667800 99.216070 133.719055 96.403717
134.687400 98.553530 135.721741 95.641205
136.660100 97.926510 137.677933 94.921829
138.607400 97.314350 139.608307 94.214142
140.503400 96.738880 141.512421 93.555855
142.369000 96.204360 143.363342 92.938957
144.202100 95.695640 145.175156 92.351204
145.980300 95.244100 146.960785 91.816414
147.725300 94.841610 148.678421 91.325035
149.451200 94.497860 150.420578 90.918121
151.160400 94.251030 152.090118 90.600487
152.853900 94.142140 153.781601 90.430328
154.532700 94.132680 155.462585 90.351250
156.196500 94.120650 157.124710 90.241440
157.821400 94.007330 158.762360 90.037407
159.401200 93.838200 160.347427 89.773773
160.938600 93.578160 161.865845 89.428123
162.417600 93.276270 163.328888 89.030106
163.854200 92.938740 164.759552 88.608482
165.277700 92.622550 166.183945 88.188927
166.674900 92.299640 167.582550 87.773003
168.125300 91.946090 169.031158 87.317802
169.638900 91.526300 170.536682 86.805038
171.214100 91.062420 172.097336 86.248108
172.836600 90.569120 173.714508 85.652161
174.480800 90.035230 175.357117 85.025322
176.115700 89.513510 176.989792 84.407425
177.736600 89.009020 178.615616 83.814293
179.315600 88.539550 180.201752 83.230545
180.808000 88.123170 181.725647 82.706322
182.185700 87.753480 183.109314 82.250687
183.432400 87.482040 184.364243 81.883156
184.623100 87.293670 185.546524 81.614311
185.803900 87.231550 186.710983 81.494431
186.952000 87.297830 187.877045 81.492653
188.068600 87.451920 189.012558 81.590889
189.154900 87.728640 190.120560 81.812920
190.233600 88.157250 191.199310 82.192673
191.320100 88.781620 192.280090 82.746994
192.410500 89.600550 193.395432 83.497589
193.454200 90.684490 194.418823 84.458969
194.437900 91.988930 195.487106 85.706863
195.378100 93.548950 196.472549 87.205017
196.271500 95.327110 197.452652 88.985115
197.137400 97.277400 198.409485 90.941437
197.949900 99.411050 199.309189 93.063179
198.716100 101.702700 200.188507 95.381401
199.516800 104.092500 201.099869 97.780350
200.371000 106.590800 202.051910 100.282684
201.252400 109.169500 203.034348 102.867760
202.151000 111.754400 204.037643 105.474693
203.059200 114.350500 205.080109 108.125877
203.983900 117.000400 206.094452 110.758415
204.857600 119.562000 207.102081 113.423119
205.735000 122.179100 208.087250 116.083908
206.598600 124.790300 209.060455 118.714516
207.440900 127.377400 210.007156 121.309135
208.242800 129.908400 210.906311 123.834084
208.997300 132.350000 211.769821 126.296623
209.687300 134.653600 212.547073 128.604858
210.315800 136.812600 213.243866 130.745682
210.853400 138.781000 213.873291 132.726440
211.314900 140.528100 214.392044 134.478455
211.724000 142.072000 214.860626 136.018631
212.087800 143.489600 215.285858 137.440308
212.418900 144.848700 215.664169 138.807053
212.644500 146.170800 215.928848 140.136642
212.735200 147.467000 216.054520 141.416595
212.655400 148.727700 216.013885 142.664597
212.394800 149.931200 215.802460 143.837616
211.967700 151.060900 215.448074 144.924500
211.327800 152.041400 214.900742 145.918716
210.570500 152.900300 214.200348 146.779663
209.690200 153.609600 213.367294 147.488541
208.709700 154.127900 212.417694 148.025848
207.628600 154.446600 211.383484 148.392197
206.514300 154.663600 210.278351 148.638519
205.342600 154.839800 209.123413 148.838806
204.054700 154.916400 207.842819 148.958099
202.653200 155.003000 206.421478 149.081482
201.071000 155.004800 204.795990 149.136337
199.317900 154.934200 203.014297 149.112823
197.401000 154.857200 201.046265 149.092072
195.316900 154.772000 198.928192 149.055588
193.070500 154.750200 196.642960 149.102524
190.668800 154.808600 194.186142 149.235855
188.123400 154.966400 191.591736 149.459808
185.505500 155.209900 188.924332 149.759979
182.877200 155.502600 186.234863 150.126968
180.229400 155.806300 183.537369 150.523651
177.558300 156.111000 180.832123 150.920837
174.880600 156.428400 178.121933 151.317856
172.210900 156.745600 175.408081 151.720627
169.531800 157.057600 172.703110 152.117737
166.857300 157.367500 170.005066 152.502151
164.166400 157.687700 167.321472 152.894455
161.543900 158.015100 164.668381 153.303329
158.917500 158.348300 162.021210 153.711807
156.307000 158.685700 159.360062 154.131638
153.701700 159.029500 156.704102 154.556549
151.074500 159.379400 154.042114 154.999252
148.417600 159.744000 151.346542 155.455231
145.726100 160.131500 148.590149 155.941452
143.006700 160.516800 145.849503 156.419144
140.244900 160.894500 143.068893 156.888855
137.441200 161.249200 140.233810 157.346939
134.595200 161.560200 137.337906 157.763428
131.711200 161.840600 134.441422 158.153534
128.789000 162.129400 131.487991 158.569305
125.847000 162.402500 128.484772 158.974106
122.922800 162.662800 125.486320 159.390549
120.011500 162.917000 122.550850 159.779221
117.096200 163.164900 119.590363 160.160828
114.183400 163.417600 116.650215 160.557480
111.271300 163.676400 113.687370 160.948929
108.360000 163.930000 110.740593 161.343781
105.444700 164.185400 107.777374 161.753662
102.540700 164.434900 104.806297 162.155640
99.644400 164.672400 101.871231 162.532867
96.744730 164.928100 98.912415 162.945709
93.849290 165.223100 95.983208 163.398987
90.952140 165.530200 93.066628 163.854507
88.065380 165.851200 90.100685 164.348022
85.150470 166.191600 87.171638 164.841690
82.242610 166.531500 84.227249 165.319138
79.311830 166.862600 81.224327 165.813751
76.393260 167.201900 78.250748 166.304291
73.438700 167.538900 75.264839 166.803223
70.485150 167.863400 72.295677 167.276276
67.519840 168.167700 69.290733 167.733398
64.540850 168.441900 66.262337 168.167252
61.540400 168.697200 63.235348 168.590515
58.537190 168.941400 60.159122 169.028229
55.533930 169.185000 57.102699 169.436264
52.543330 169.420200 54.049877 169.864029
49.571870 169.640200 51.058136 170.237869
46.635500 169.839600 48.103683 170.591599
43.710130 170.017100 45.169151 170.922897
40.823360 170.176600 42.267914 171.223801
37.953040 170.328300 39.363529 171.527206
35.132860 170.473500 36.521255 171.820999
32.385260 170.602800 33.719440 172.107529
29.704360 170.713400 30.997089 172.356583
27.093420 170.807100 28.350275 172.590790
24.583170 170.877300 25.817249 172.800949
22.209330 170.937800 23.388260 172.983047
19.944280 171.027800 21.034027 173.202805
17.748010 171.142200 18.776785 173.433456
15.606760 171.273100 16.605639 173.671494
13.545460 171.403600 14.482076 173.912827
11.568070 171.540200 12.482880 174.122574
9.709170 171.687300 10.593322 174.353287
7.998637 171.853700 8.889389 174.564575
6.432635 172.024100 7.281744 174.789337
4.995356 172.227700 5.801364 175.056213
3.674361 172.460800 4.455121 175.328247
2.475555 172.738700 3.246091 175.638138
1.394096 173.060700 2.143847 176.002777
0.435287 173.448800 1.172508 176.411072
-0.481995 173.905100 0.275100 176.866348
-1.324858 174.456900 -0.596465 177.411041
-2.065394 175.091700 -1.329086 178.033966
-2.762100 175.808500 -2.058192 178.775406
-3.408457 176.720100 -2.743585 179.719543
-3.994755 177.763900 -3.307662 180.767609
-4.506015 178.951500 -3.831763 182.016220
-4.930925 180.367000 -4.226259 183.445328
-5.212692 181.952900 -4.460957 185.084778
-5.351521 183.714600 -4.551006 186.910416
-5.392321 185.625500 -4.529018 188.859467
-5.387940 187.682900 -4.464147 190.943970
-5.372151 189.871900 -4.380633 193.159729
-5.386586 192.193400 -4.313521 195.557709
-5.406023 194.585200 -4.278035 197.992599
-5.440439 197.017600 -4.252917 200.466888
-5.475977 199.456500 -4.262418 202.945145
-5.514842 201.934200 -4.250951 205.483780
-5.560062 204.406700 -4.250092 207.996323
-5.616804 206.863600 -4.274529 210.493378
-5.692115 209.294100 -4.301321 212.954956
-5.775682 211.678200 -4.344728 215.388123
-5.860771 213.990100 -4.381034 217.747299
-5.940900 216.159300 -4.422203 219.960724
-6.023283 218.169400 -4.464796 222.023071
-6.114588 220.000600 -4.533233 223.896942
-6.209081 221.641100 -4.590979 225.627045
-6.290085 223.094700 -4.636796 227.142685
-6.323739 224.427000 -4.645306 228.509552
-6.274326 225.732300 -4.571745 229.841476
-6.132258 226.985000 -4.408293 231.097946
-5.842543 228.167200 -4.072130 232.338120
-5.392446 229.278300 -3.623691 233.438400
-4.842747 230.275700 -3.060612 234.447266
-4.162700 231.192700 -2.361322 235.366455
-3.339169 232.032200 -1.506736 236.201859
-2.397566 232.795000 -0.510319 236.992935
-1.278517 233.345000 0.663469 237.579514
0.002398 233.849400 2.004914 238.068863
1.451824 234.167300 3.500749 238.346893
3.063341 234.394700 5.162326 238.531403
4.818404 234.521700 6.953192 238.595474
6.718857 234.529500 8.908120 238.533325
8.771869 234.476900 10.982830 238.390442
10.950050 234.353500 13.184987 238.182617
13.283690 234.242600 15.519284 237.980118
15.698180 234.114100 17.933346 237.739990
18.109840 234.011200 20.375296 237.521164
20.538930 233.937000 22.830084 237.325363
23.000350 233.896100 25.286465 237.152817
25.454510 233.895700 27.783298 237.001007
27.927720 233.889300 30.247602 236.841492
30.407900 233.872000 32.750793 236.668762
32.882140 233.853600 35.238625 236.493027
35.338500 233.829000 37.721020 236.309418
37.779520 233.790500 40.195534 236.108749
40.179400 233.727500 42.639065 235.897186
42.552300 233.662400 45.048615 235.696640
44.907840 233.595600 47.446964 235.496277
47.226940 233.520600 49.801266 235.275894
49.522840 233.434600 52.143448 235.043198
51.803140 233.370200 54.455784 234.833710
54.049950 233.306500 56.724022 234.622864
56.280590 233.226500 58.959373 234.386917
58.445580 233.147900 61.122749 234.170090
60.619970 233.086700 63.306625 233.976471
62.750480 233.037500 65.471291 233.803238
64.846290 232.998000 67.593399 233.636642
66.907940 232.934300 69.675400 233.455917
68.927460 232.866900 71.701996 233.271515
70.887740 232.814900 73.681572 233.093933
72.825750 232.758300 75.643539 232.938446
74.737930 232.699000 77.588348 232.774597
76.618370 232.622200 79.472908 232.597000
78.487810 232.513200 81.386192 232.399857
80.415420 232.376500 83.343788 232.166412
82.423060 232.187700 85.375366 231.869568
84.524370 231.969700 87.497925 231.546753
86.709120 231.699600 89.702652 231.157898
89.024130 231.380400 92.015434 230.717117
91.467840 231.021200 94.484009 230.241257
94.024580 230.649200 97.053757 229.735779
96.704300 230.258000 99.735283 229.213959
99.500260 229.890100 102.561058 228.709625
102.390800 229.569300 105.466881 228.255737
105.358500 229.285100 108.460060 227.840881
108.344900 229.013100 111.482788 227.418503
111.363200 228.734900 114.525841 227.024094
114.373200 228.477600 117.560425 226.637268
117.360000 228.229400 120.557487 226.265396
120.339400 228.001300 123.578812 225.912659
123.309400 227.796900 126.604218 225.585129
126.241200 227.623100 129.556152 225.288895
129.151600 227.477500 132.507538 225.024963
132.012600 227.318900 135.386230 224.729156
134.854400 227.154700 138.254288 224.453156
137.658300 226.984100 141.079803 224.176025
140.441600 226.780700 143.879807 223.869431
143.209300 226.535400 146.662140 223.524506
145.977400 226.238300 149.445953 223.128708
148.746000 225.862600 152.264236 222.649338
151.518600 225.402500 155.033920 222.098801
154.265800 224.858900 157.777893 221.454636
157.017900 224.208100 160.573273 220.712280
159.770300 223.494500 163.365158 219.908173
162.519400 222.782200 166.135818 219.110275
165.292700 222.111000 168.929276 218.353394
168.051700 221.507000 171.699539 217.666443
170.813300 220.973200 174.491318 217.031143
173.565300 220.491000 177.266190 216.464844
176.245800 220.043100 179.967712 215.950623
178.818800 219.633700 182.601120 215.465332
181.257200 219.251600 185.049545 214.982376
183.679400 218.884000 187.498505 214.537125
186.086900 218.497600 189.945541 214.073853
188.454700 218.100200 192.342270 213.596878
190.804000 217.716300 194.705902 213.152435
193.140800 217.373500 197.076416 212.756882
195.432100 217.054600 199.413467 212.392868
197.727600 216.759200 201.743851 212.038010
199.972100 216.485600 203.999115 211.713501
202.098700 216.237900 206.170288 211.401810
204.042400 215.996300 208.182877 211.093262
205.749800 215.775100 209.925735 210.831467
207.241200 215.583400 211.442810 210.622879
208.613300 215.379500 212.830109 210.424408
209.946100 215.165400 214.181335 210.218170
211.132200 214.943200 215.392944 209.983200
212.136600 214.744800 216.422806 209.801086
213.062500 214.534600 217.352432 209.584000
213.959300 214.314400 218.282990 209.377502
214.824000 214.088800 219.164139 209.139740
215.687900 213.834700 220.066757 208.897141
216.575000 213.526600 220.980057 208.571503
217.490900 213.157600 221.896942 208.195724
218.457300 212.700900 222.902740 207.717438
219.480700 212.125200 223.940384 207.113419
220.511700 211.370900 225.037262 206.322510
221.550800 210.459100 226.086548 205.367386
222.555600 209.363300 227.107880 204.216370
223.474400 208.082600 228.035309 202.885788
224.312800 206.641100 228.870255 201.370651
225.044800 205.038200 229.589874 199.695557
225.610700 203.260200 230.148758 197.851028
225.969900 201.350200 230.505386 195.870102
226.110100 199.367200 230.628174 193.817108
226.043000 197.305000 230.525925 191.708160
225.807700 195.159800 230.239288 189.532257
225.430000 192.956900 229.831879 187.321030
224.916600 190.707600 229.287689 185.029495
224.270500 188.432400 228.604874 182.726257
223.514900 186.121900 227.824478 180.405579
222.660400 183.771100 226.935928 178.037399
221.783100 181.391000 226.021225 175.636215
220.891900 178.998600 225.096664 173.222504
220.021400 176.587400 224.189728 170.787979
219.223500 174.200300 223.378082 168.385590
218.482200 171.834800 222.622253 166.027908
217.818500 169.568700 221.928131 163.744339
217.216600 167.458800 221.299911 161.621445
216.650700 165.491600 220.706207 159.649765
216.110800 163.682800 220.121582 157.810287
215.577800 162.017400 219.539886 156.084259
214.999400 160.430000 218.918732 154.457382
214.344800 158.975700 218.212296 152.972748
213.573800 157.662600 217.400146 151.626038
212.660500 156.532700 216.466507 150.499481
211.582500 155.560200 215.371582 149.533920
210.426600 154.805400 214.167953 148.767822
209.163000 154.246200 212.855408 148.201492
207.764200 153.857100 211.425201 147.839462
206.280800 153.652300 209.942566 147.654037
204.678000 153.573200 208.343369 147.602249
202.976300 153.576200 206.625397 147.626511
201.140400 153.649700 204.769653 147.736954
199.175800 153.795100 202.776398 147.935684
197.094000 154.001100 200.667969 148.184036
194.884400 154.205500 198.453629 148.440796
192.560300 154.427500 196.110580 148.714447
190.124200 154.677200 193.631454 149.023926
187.577500 154.946500 191.047348 149.367371
184.929000 155.250800 188.349411 149.748215
182.198300 155.594600 185.559616 150.171799
179.402300 155.944800 182.721481 150.618317
176.570000 156.287200 179.840805 151.042511
173.734500 156.623600 176.953674 151.471481
170.901000 156.954000 174.091232 151.898468
168.081500 157.295300 171.240189 152.333420
165.284900 157.640900 168.421173 152.760773
162.507400 157.987500 165.624695 153.193512
159.747400 158.333400 162.854050 153.628906
156.984600 158.680600 160.045273 154.054657
154.216200 159.032100 157.244034 154.501526
151.439500 159.399800 154.417114 154.966232
148.640500 159.792600 151.562912 155.470413
145.813800 160.206400 148.707718 155.986923
142.963600 160.610300 145.836899 156.496292
140.057000 160.997100 142.906479 156.982315
137.092200 161.347900 139.902130 157.440414
134.059200 161.649400 136.839828 157.863373
130.993600 161.935400 133.760544 158.266052
127.858900 162.233700 130.574539 158.699188
124.683800 162.520100 127.338875 159.118530
121.492100 162.798700 124.081726 159.545013
118.297400 163.082000 120.823029 159.972656
115.103400 163.377800 117.596054 160.410385
111.913100 163.672600 114.356033 160.837204
108.723500 163.966800 111.115013 161.285706
105.531500 164.253700 107.887886 161.720413
102.343500 164.537500 104.627243 162.162735
99.161640 164.825900 101.384590 162.613037
95.959550 165.164700 98.132072 163.109879
92.746890 165.547500 94.884232 163.658844
89.526460 165.956000 91.631470 164.247391
86.297890 166.381500 88.341858 164.854904
83.033610 166.817100 85.047646 165.470078
79.736970 167.238800 81.696198 166.064789
76.427180 167.629500 78.331581 166.642487
73.050320 167.986400 74.927864 167.174683
69.640860 168.315400 71.488434 167.685272
66.194370 168.637100 67.985344 168.184875
62.710330 168.931500 64.458733 168.687836
59.214430 169.199600 60.910583 169.166779
55.734640 169.446800 57.347706 169.614609
52.271980 169.681900 53.801456 170.063629
48.833520 169.903400 50.350571 170.445465
45.431860 170.116400 46.924419 170.840714
42.051610 170.315300 43.529678 171.211624
38.742450 170.482700 40.178761 171.548492
35.535340 170.629700 36.935516 171.850174
32.460880 170.758300 33.809856 172.135468
29.526980 170.862700 30.817413 172.408493
26.736320 170.955000 27.973757 172.642365
24.096640 171.032400 25.317642 172.828339
21.599520 171.132300 22.761965 173.046112
19.316590 171.344600 20.281340 173.320007
17.201760 171.658400 17.957859 173.675262
15.089840 171.971500 15.751871 174.084320
12.980420 172.284000 13.645315 174.526184
10.872410 172.596000 11.629553 174.983063
8.838192 172.907600 9.748240 175.382782
7.132350 173.177000 8.016236 175.716660
5.611287 173.387400 6.448684 175.993744
4.309371 173.544500 5.122230 176.201889
3.237420 173.651900 4.052979 176.349396
2.375838 173.729600 3.170872 176.461105
1.679549 173.799100 2.461357 176.543091
1.056923 173.859600 1.817030 176.633850
0.465217 173.909300 1.213328 176.707855
-0.128030 173.962400 0.583055 176.790146
-0.720230 174.003300 0.011780 176.848129
-1.330594 174.023800 -0.593755 176.886810
-2.080426 174.055200 -1.332686 176.940857
-2.997577 174.094600 -2.255385 176.998627
-4.098643 174.120700 -3.370415 177.060867
-5.416520 174.168000 -4.694715 177.152313
-6.936037 174.228300 -6.232635 177.268280
-8.609358 174.340400 -7.942589 177.446167
-10.463980 174.413000 -9.827675 177.589996
-12.494230 174.495000 -11.863036 177.727631
-14.662590 174.544200 -14.046199 177.829681
-17.028510 174.612700 -16.422447 177.941177
-19.515490 174.656900 -18.934113 178.034210
-22.153150 174.694500 -21.613033 178.147461
-24.891700 174.736800 -24.384481 178.242447
-27.728470 174.787700 -27.260010 178.329849
-30.668830 174.869400 -30.211964 178.440536
-33.671140 174.970100 -33.270699 178.566681
-36.734690 175.074800 -36.380539 178.686279
-39.843610 175.165700 -39.521442 178.781387
-43.001160 175.252500 -42.734684 178.886353
-46.184910 175.351700 -45.965622 178.967514
-49.374400 175.443100 -49.186424 179.047531
-52.557440 175.526000 -52.403629 179.105713
-55.757590 175.616000 -55.619568 179.165787
-58.925860 175.702900 -58.824654 179.228470
-62.130070 175.804700 -62.049503 179.298965
-65.328080 175.907300 -65.253525 179.373947
-68.537660 176.003100 -68.477066 179.421753
-71.749230 176.080900 -71.726379 179.462616
-74.976500 176.145900 -75.014961 179.502609
-78.208790 176.218000 -78.268448 179.527771
-81.447070 176.257900 -81.562248 179.517258
-84.692180 176.290600 -84.861961 179.495468
-87.936790 176.288700 -88.156960 179.446320
-91.211290 176.258400 -91.475136 179.391235
-94.484440 176.204800 -94.779594 179.309235
-97.757000 176.121600 -98.106224 179.204498
-101.045200 176.004400 -101.463280 179.081635
-104.339000 175.862100 -104.812950 178.943573
-107.640300 175.694600 -108.150444 178.758804
-110.948600 175.520500 -111.537270 178.569382
-114.267700 175.326000 -114.914085 178.355087
-117.598500 175.123100 -118.293671 178.143692
-120.942600 174.923200 -121.675827 177.914352
-124.293900 174.718800 -125.069679 177.700287
-127.663000 174.505900 -128.488022 177.470840
-131.048900 174.295300 -131.943298 177.256134
-134.443100 174.072500 -135.397659 177.016800
-137.847200 173.848200 -138.907700 176.773056
-141.262000 173.635000 -142.360855 176.557388
-144.675300 173.415500 -145.833572 176.329834
-148.093400 173.189000 -149.304688 176.103882
-151.506600 172.967300 -152.745682 175.886688
-154.901800 172.728300 -156.200165 175.658447
-158.292900 172.494700 -159.665054 175.453903
-161.632200 172.250400 -163.075928 175.225128
-164.974900 172.022600 -166.473816 175.025085
-168.236000 171.803200 -169.784225 174.825729
-171.502400 171.597000 -173.091782 174.639999
-174.668300 171.359900 -176.311172 174.427612
-177.746400 171.132500 -179.441193 174.222885
-180.803200 170.903300 -182.548279 174.016983
-183.778700 170.687800 -185.569000 173.825775
-186.701500 170.475800 -188.530746 173.652863
-189.566000 170.268000 -191.439667 173.478775
-192.391300 170.070600 -194.315735 173.313004
-195.149900 169.858100 -197.118927 173.137009
-197.876000 169.626400 -199.874130 172.941376
-200.552400 169.372500 -202.607590 172.719940
-203.199000 169.063700 -205.277817 172.434647
-205.787000 168.703000 -207.921005 172.107895
-208.326100 168.290400 -210.537186 171.720184
-210.824000 167.881700 -213.093506 171.352661
-213.258300 167.488200 -215.572021 170.998993
-215.584000 167.155500 -217.943604 170.705338
-217.825600 166.951000 -220.231018 170.524384
-219.976700 166.840100 -222.426041 170.436554
-222.030600 166.826400 -224.528763 170.439835
-223.989000 166.912900 -226.556259 170.560913
-225.824600 167.087900 -228.445633 170.777405
-227.550100 167.325800 -230.214249 171.025452
-229.178200 167.608800 -231.888565 171.348328
-230.692700 167.920100 -233.426422 171.684357
-232.121600 168.192100 -234.870865 171.981689
-233.453600 168.409000 -236.198166 172.205338
-234.669500 168.528300 -237.418289 172.336151
-235.786800 168.548000 -238.532974 172.370941
-236.809500 168.431800 -239.534836 172.265442
-237.749100 168.202200 -240.464996 172.044083
-238.622500 167.871000 -241.326996 171.729614
-239.423500 167.439100 -242.109161 171.343933
-240.167900 166.948100 -242.880814 170.878357
-240.836500 166.406300 -243.580383 170.361832
-241.484000 165.802100 -244.274597 169.781952
-242.133500 165.204600 -244.944672 169.195786
-242.760700 164.564800 -245.587570 168.569595
-243.373200 163.846400 -246.229813 167.857544
-243.956600 163.041100 -246.847961 167.059464
-244.490700 162.132200 -247.410858 166.165482
-244.987900 161.116800 -247.939209 165.143127
-245.418700 159.925400 -248.388245 163.952255
-245.815100 158.551700 -248.832443 162.566910
-246.200000 156.991700 -249.242874 160.983521
-246.613900 155.230000 -249.675766 159.208313
-246.967700 153.214300 -250.051956 157.173431
-247.267000 150.943600 -250.387558 154.875885
-247.521500 148.451900 -250.660477 152.366028
-247.763400 145.749400 -250.935822 149.622711
-248.018000 142.841100 -251.198334 146.731415
-248.277200 139.720500 -251.488419 143.597275
-248.523100 136.389500 -251.769745 140.255142
-248.773200 132.870500 -252.051178 136.709885
-249.015800 129.335700 -252.328415 133.138657
-249.218400 125.814900 -252.568634 129.595551
-249.397800 122.286300 -252.792282 126.030502
-249.565200 118.755000 -252.978470 122.473534
-249.697400 115.238200 -253.143707 118.933395
-249.820200 111.741900 -253.291656 115.400314
-249.943300 108.268400 -253.450073 111.893898
-250.044800 104.815000 -253.586884 108.400208
-250.125300 101.386800 -253.717819 104.875130
-250.189300 97.986010 -253.800140 101.386742
-250.244000 94.598780 -253.883713 97.936317
-250.305600 91.259170 -253.992279 94.517014
-250.400100 87.936680 -254.104599 91.119392
-250.549700 84.645240 -254.279205 87.728867
-250.690200 81.356670 -254.437698 84.393768
-250.847000 78.103800 -254.621368 81.064644
-251.020300 74.824490 -254.830978 77.723701
-251.181200 71.549630 -255.016754 74.366493
-251.353200 68.299410 -255.209915 71.087189
-251.504400 65.068130 -255.420456 67.762741
-251.635100 61.852520 -255.567688 64.488876
-251.747700 58.661860 -255.696091 61.259857
-251.845300 55.489840 -255.812988 58.035378
-251.935900 52.343660 -255.928680 54.883472
-252.030900 49.220080 -256.047058 51.732540
-252.144000 46.116710 -256.181000 48.596886
-252.285100 43.039160 -256.354675 45.472908
-252.447800 39.988030 -256.538574 42.407932
-252.625400 36.956390 -256.729431 39.359432
-252.810700 33.954820 -256.932861 36.325211
-252.984400 30.978070 -257.121765 33.332382
-253.097600 28.028950 -257.248108 30.353987
-253.116300 25.101150 -257.285278 27.410368
-253.041100 22.203360 -257.211395 24.475243
-252.848100 19.324220 -257.031250 21.578089
-252.488000 16.480910 -256.696503 18.676775
-251.943700 13.650460 -256.173615 15.800237
-251.206200 10.846250 -255.451691 12.939075
-250.269300 8.064427 -254.510773 10.102121
-249.119400 5.314832 -253.378220 7.319353
-247.746000 2.616861 -252.027817 4.612124
-246.166100 -0.017969 -250.468933 1.913991
-244.406300 -2.619939 -248.705109 -0.720472
-242.507000 -5.201607 -246.801514 -3.368923
-240.543700 -7.805212 -244.807266 -6.038713
-238.527600 -10.441420 -242.745987 -8.760052
-236.482900 -13.102670 -240.677612 -11.477506
-234.463000 -15.778320 -238.648865 -14.205174
-232.508700 -18.481870 -236.667450 -16.996918
-230.631700 -21.211600 -234.781479 -19.777132
-228.850200 -23.973140 -232.998383 -22.577509
-227.120500 -26.731510 -231.277954 -25.386091
-225.420200 -29.466820 -229.571625 -28.171844
-223.756600 -32.175260 -227.900604 -30.937792
-222.113500 -34.852880 -226.248550 -33.684246
-220.503000 -37.487790 -224.622650 -36.396320
-218.945600 -40.020000 -223.057968 -38.994713
-217.473700 -42.350380 -221.596024 -41.349003
-216.081800 -44.449900 -220.195908 -43.503517
-214.778200 -46.310220 -218.867218 -45.461632
-213.569900 -47.963370 -217.662811 -47.129707
-212.469800 -49.406600 -216.544479 -48.645775
-211.402700 -50.703570 -215.472778 -49.960983
-210.350300 -51.866650 -214.412354 -51.146961
-209.329000 -52.882180 -213.373474 -52.189312
-208.342100 -53.712810 -212.374542 -53.049213
-207.433900 -54.314810 -211.452744 -53.674263
-206.639200 -54.750770 -210.649673 -54.137230
-205.846700 -55.112410 -209.849854 -54.517334
-205.046500 -55.376850 -209.065964 -54.785034
-204.238300 -55.572130 -208.287674 -54.977013
-203.340400 -55.720010 -207.399292 -55.138157
-202.343700 -55.812630 -206.373825 -55.246841
-201.230000 -55.831900 -205.238281 -55.282497
-199.966900 -55.727910 -203.978546 -55.196632
-198.511800 -55.515700 -202.516464 -54.988281
-196.896300 -55.177990 -200.865646 -54.669525
-195.101200 -54.675310 -199.034485 -54.173946
-193.144500 -53.980020 -197.032593 -53.490166
-191.089500 -53.059560 -194.938812 -52.549892
-188.959500 -51.870660 -192.775665 -51.353638
-186.748300 -50.457590 -190.508804 -49.951595
-184.446800 -48.882240 -188.137238 -48.318348
-181.997000 -47.211720 -185.637131 -46.657665
-179.497700 -45.532110 -183.050629 -44.938221
-176.845100 -43.764640 -180.351410 -43.162754
-174.079200 -41.951340 -177.547943 -41.334934
-171.182700 -40.094050 -174.623199 -39.463032
-168.181500 -38.252180 -171.568665 -37.584892
-165.080700 -36.437440 -168.366562 -35.717461
-161.936900 -34.664440 -165.149780 -33.926739
-158.730900 -32.961050 -161.920029 -32.217140
-155.498500 -31.326070 -158.598053 -30.549973
-152.284900 -29.754520 -155.308670 -28.975718
-149.069300 -28.182760 -152.017532 -27.375597
-145.857700 -26.612150 -148.763504 -25.810471
-142.641000 -25.057000 -145.451843 -24.232765
-139.402500 -23.486330 -142.147369 -22.653410
-136.173000 -21.934650 -138.821304 -21.078674
-132.945300 -20.377060 -135.483871 -19.489214
-129.754900 -18.849320 -132.230209 -17.934454
-126.594800 -17.311780 -128.996155 -16.361586
-123.481600 -15.777190 -125.776619 -14.807761
-120.382000 -14.275260 -122.616150 -13.297560
-117.290900 -12.878730 -119.440285 -11.873052
-114.140500 -11.587510 -116.229706 -10.583086
-110.985900 -10.399830 -112.989159 -9.394079
-107.823700 -9.243398 -109.759689 -8.226853
-104.639900 -8.124757 -106.488029 -7.073929
-101.445300 -7.020636 -103.228546 -5.959850
-98.266820 -5.927679 -100.030258 -4.881057
-95.057020 -4.924307 -96.740547 -3.888204
-91.816180 -3.988153 -93.440468 -2.957456
-88.560330 -3.139167 -90.137184 -2.122604
-85.275670 -2.357662 -86.809311 -1.357498
-81.984180 -1.642797 -83.453903 -0.641408
-78.695610 -0.956720 -80.110405 0.041789
-75.422800 -0.300680 -76.758034 0.698883
-72.166360 0.319994 -73.427483 1.322727
-68.928530 0.923302 -70.149826 1.934006
-65.700550 1.500442 -66.884415 2.514471
-62.489590 2.047975 -63.631779 3.058074
-59.295260 2.577472 -60.379650 3.587992
-56.128970 3.091711 -57.149612 4.100612
-52.988540 3.575444 -53.984886 4.555315
-49.868360 4.040344 -50.798611 5.023534
-46.776300 4.464286 -47.662090 5.447799
-43.712180 4.856902 -44.548244 5.838961
-40.666360 5.223322 -41.488590 6.204854
-37.689290 5.564962 -38.439327 6.542234
-34.786240 5.888495 -35.465462 6.899045
-31.996720 6.190015 -32.603802 7.193420
-29.296910 6.465571 -29.831625 7.477918
-26.720990 6.720779 -27.186157 7.730702
-24.320240 6.954131 -24.717264 7.957050
-22.089310 7.159574 -22.403700 8.144510
-20.016680 7.362635 -20.254395 8.338354
-18.106820 7.551445 -18.236378 8.524167
-16.337750 7.702083 -16.431005 8.678876
-14.726050 7.819683 -14.773814 8.798075
-13.313500 7.930153 -13.336603 8.923171
-12.128270 8.022018 -12.113540 9.006706
-11.139240 8.100664 -11.107111 9.082379
-10.287410 8.195045 -10.240864 9.173090
-9.518219 8.309922 -9.480751 9.292618
-8.789252 8.478175 -8.750886 9.459005
-8.149181 8.669320 -8.111577 9.645620
-7.829442 8.769976 -7.785416 9.733198
-7.799252 8.787461 -7.760698 9.741909
-7.813018 8.786625 -7.764707 9.745547
-7.809395 8.788143 -7.762373 9.742108
-7.809451 8.779000 -7.749833 9.736589
-7.809131 8.771007 -7.754047 9.739665
-7.804822 8.762953 -7.757944 9.737062
-7.800766 8.755551 -7.755412 9.737802
-7.795082 8.750163 -7.771140 9.748359
-7.789514 8.745234 -7.768073 9.743417
-7.784930 8.740517 -7.769915 9.742955
-7.780166 8.734843 -7.770422 9.744305
-7.775784 8.730871 -7.760604 9.742077
-7.771600 8.726560 -7.759720 9.741317
-7.768634 8.723581 -7.756308 9.740019
-7.766879 8.721761 -7.756011 9.737805
-7.765762 8.717584 -7.756377 9.737674
-7.763983 8.714586 -7.759654 9.741225
-7.763294 8.713489 -7.760377 9.743240
-7.762963 8.712553 -7.758046 9.741179
-7.763086 8.713488 -7.757236 9.740908
-7.762455 8.714167 -7.757649 9.740498
-7.753295 8.722145 -7.748076 9.746336
-7.717107 8.742340 -7.710297 9.759529
-7.658875 8.770779 -7.642609 9.778581
-7.513039 8.836058 -7.491746 9.842388
-7.175297 8.982757 -7.145967 9.977290
-6.640897 9.236569 -6.623163 10.200464
-5.930743 9.644152 -5.997408 10.544949
-5.120740 10.257790 -5.252172 11.097915
-4.260731 11.080700 -4.409841 11.851762
-3.414512 12.135620 -3.556550 12.874889
-2.599066 13.467900 -2.734854 14.191720
-1.884998 15.083310 -2.036054 15.748351
-1.260100 16.974890 -1.414350 17.573528
-0.766019 19.117060 -0.927881 19.683191
-0.469374 21.489410 -0.629384 22.050106
-0.353107 24.066230 -0.524709 24.636557
-0.356192 26.850340 -0.527716 27.457563
-0.405744 29.836580 -0.592145 30.498388
-0.459357 33.017600 -0.631378 33.754036
-0.512628 36.392400 -0.700860 37.163048
-0.584304 39.835620 -0.769778 40.676498
-0.669138 43.283040 -0.866250 44.169666
-0.775721 46.706780 -0.977040 47.642548
-0.884520 50.132480 -1.100229 51.111946
-0.993630 53.521590 -1.236106 54.567516
-1.089707 56.883700 -1.349334 57.996666
-1.185006 60.248880 -1.462130 61.407429
-1.270319 63.565850 -1.587072 64.798599
-1.374798 66.868940 -1.716498 68.167419
-1.472152 70.155470 -1.856286 71.541847
-1.562229 73.416080 -1.968204 74.874496
-1.660434 76.636610 -2.080450 78.137413
-1.775229 79.852040 -2.218559 81.416992
-1.895797 83.032260 -2.349211 84.661179
-2.017852 86.185380 -2.479419 87.880135
-2.146481 89.329260 -2.601562 91.063202
-2.263400 92.442530 -2.706890 94.231010
-2.372203 95.538220 -2.816571 97.380669
-2.465941 98.605540 -2.906313 100.522614
-2.540211 101.651500 -2.964555 103.625778
-2.582148 104.696700 -2.984236 106.710808
-2.595436 107.674300 -2.967629 109.720779
-2.621977 110.691900 -2.969166 112.756752
-2.648827 113.786700 -2.988393 115.819229
-2.681214 116.967200 -2.997475 119.050697
-2.721440 120.204500 -3.009166 122.316383
-2.774777 123.506700 -3.019385 125.664040
-2.842109 126.902400 -3.056408 129.134064
-2.924595 130.351000 -3.085620 132.661438
-3.024507 133.819600 -3.151896 136.169617
-3.138966 137.262500 -3.221167 139.679840
-3.265946 140.693500 -3.295636 143.165115
-3.389718 144.095500 -3.365762 146.664185
-3.526115 147.467500 -3.465948 150.126144
-3.671472 150.775300 -3.566941 153.483810
-3.794318 154.003900 -3.671605 156.789230
-3.904131 157.172200 -3.724190 160.012909
-3.996788 160.276500 -3.757003 163.184006
-4.071651 163.334000 -3.782105 166.286530
-4.122556 166.368900 -3.780570 169.391174
-4.194278 169.380900 -3.786622 172.460968
-4.264263 172.440400 -3.782713 175.582169
-4.319751 175.547300 -3.780017 178.703873
-4.393173 178.705600 -3.775975 181.868973
-4.501446 181.892900 -3.802600 185.077301
-4.607667 185.156000 -3.832188 188.388168
-4.701222 188.477800 -3.842978 191.796082
-4.806531 191.849500 -3.875919 195.230026
-4.887285 195.207400 -3.883867 198.640060
-4.976513 198.565600 -3.912818 202.076401
-5.057617 201.890800 -3.929221 205.491165
-5.132018 205.179500 -3.943193 208.831390
-5.210165 208.394000 -3.955945 212.086227
-5.281372 211.451500 -3.955034 215.196091
-5.354878 214.365600 -3.960366 218.171249
-5.416052 217.205700 -3.945967 221.048325
-5.469074 220.014000 -3.940067 223.938477
-5.505322 222.798100 -3.901757 226.791672
-5.545023 225.571400 -3.862419 229.666794
-5.563610 228.337300 -3.800209 232.497314
-5.598680 231.130300 -3.761623 235.325241
-5.715519 233.992700 -3.810365 238.199966
-5.886862 236.912900 -3.938505 241.149704
-6.076718 239.911700 -4.071347 244.184738
-6.214931 243.011500 -4.170058 247.333405
-6.364206 246.210000 -4.255945 250.623871
-6.521044 249.542600 -4.354076 254.001572
-6.657659 252.972000 -4.443139 257.467773
-6.794881 256.491900 -4.557313 261.047760
-6.924264 260.026600 -4.672509 264.600372
-7.052122 263.522600 -4.795663 268.105011
-7.164917 266.998200 -4.938491 271.662628
-7.284815 270.457200 -5.085507 275.216431
-7.417194 273.852800 -5.246284 278.680847
-7.523524 277.174400 -5.383908 282.064636
-7.651625 280.358300 -5.555529 285.307800
-7.782923 283.414900 -5.734416 288.482239
-7.918403 286.315200 -5.930624 291.484863
-8.055697 289.119300 -6.104931 294.366028
-8.185460 291.911300 -6.294416 297.252960
-8.314789 294.668400 -6.480652 300.082062
-8.425515 297.433700 -6.654819 302.906403
-8.486769 300.239900 -6.784536 305.755096
-8.528132 303.087600 -6.895288 308.662689
-8.538802 306.012500 -7.004806 311.657928
-8.512542 309.030900 -7.064888 314.734863
-8.446156 312.111900 -7.090796 317.851868
-8.351900 315.297900 -7.095733 321.070709
-8.211642 318.520500 -7.052485 324.345215
-8.031870 321.816300 -6.971924 327.692047
-7.798255 325.179400 -6.844716 331.100983
-7.513710 328.583000 -6.681738 334.552002
-7.227060 332.070400 -6.517727 338.104797
-6.930360 335.644600 -6.312912 341.717682
-6.634241 339.252200 -6.129368 345.378571
-6.353320 342.849100 -5.954753 349.040558
-6.099343 346.409700 -5.831883 352.662628
-5.858059 349.945000 -5.702776 356.258392
-5.647279 353.444000 -5.579166 359.823151
-5.439992 356.885000 -5.476815 363.326874
-5.251048 360.315600 -5.405971 366.807861
-5.098453 363.671600 -5.347530 370.245087
-4.951017 366.989800 -5.306599 373.644592
-4.804541 370.256900 -5.268210 376.975067
