1341847980.890737 0.000000 0.000000 0.000000 0.000000 0.000000 0.000000 1.000000
1341847982.498627 -0.033291 0.182964 -0.005365 0.001075 0.002784 -0.015509 0.999875
1341847984.238681 -0.030342 0.776081 0.009623 0.026704 0.023452 -0.087232 0.995554
1341847985.647135 0.435665 1.075792 0.177733 0.068186 0.018829 -0.122462 0.989949
1341847987.123270 0.914214 1.217525 0.395811 0.147979 0.042234 -0.222759 0.962651
1341847988.434023 1.306441 1.380219 0.436782 0.183847 0.000474 -0.332010 0.925186
1341847989.838797 1.418130 1.699425 0.572829 0.181489 0.028603 -0.370801 0.910357
1341847991.378827 1.542783 2.117019 0.697878 0.233972 0.012239 -0.413921 0.879646
1341847992.854878 1.813151 2.358778 0.893597 0.283992 0.023092 -0.523140 0.803206
1341847994.269699 2.170744 2.449979 1.087077 0.315831 0.029019 -0.594072 0.739248
1341847995.670798 2.552790 2.522955 1.273267 0.365909 0.020462 -0.662517 0.653271
1341847996.911011 2.756758 2.513023 1.355928 0.391355 0.029389 -0.718952 0.573659
1341847998.351221 3.170547 2.396870 1.580457 0.385395 0.016939 -0.753445 0.532451
1341847999.691111 3.546276 2.238037 1.720546 -0.409307 -0.011194 0.789144 -0.457815
1341848001.299167 3.648523 1.789468 1.675922 -0.448818 -0.010431 0.847563 -0.283002
1341848002.906670 3.528690 1.397943 1.505286 -0.473032 -0.023596 0.875243 -0.098153
1341848004.221783 3.463243 1.080972 1.369656 -0.449433 -0.063011 0.857516 -0.242293
1341848005.693782 3.474636 0.893541 1.263834 -0.461477 -0.100480 0.779150 -0.412151
1341848006.901778 3.569882 0.780383 1.310310 -0.422011 -0.066190 0.758575 -0.492027
1341848008.238773 3.791581 0.608460 1.469876 -0.464067 -0.031902 0.814307 -0.347171
1341848009.378717 3.915430 0.397489 1.537883 -0.500000 -0.026019 0.843256 -0.195556
1341848010.886724 3.748851 0.126639 1.431598 -0.522418 -0.028599 0.845955 -0.103061
1341848012.226789 3.593210 0.093229 1.315594 -0.540271 -0.029112 0.840939 0.009041
1341848013.598783 3.500225 0.023111 1.172907 -0.547140 -0.116197 0.802154 -0.209008
1341848014.706993 3.588561 -0.152504 1.141659 -0.473009 -0.148464 0.736010 -0.460989
1341848016.121873 3.619246 -0.250088 1.148686 0.384447 0.113249 -0.557536 0.727000
1341848017.754796 3.750640 -0.097893 1.334588 0.408315 0.059721 -0.650601 0.637519
1341848019.362719 4.036240 -0.069305 1.532307 -0.442716 -0.053626 0.747955 -0.491620
1341848020.370828 4.282193 -0.117901 1.662964 -0.457833 -0.045870 0.812690 -0.357520
1341848021.978772 4.503778 -0.499818 1.768744 -0.449120 -0.036484 0.882992 -0.131472
1341848023.118804 4.371186 -0.815897 1.771730 -0.445231 -0.028372 0.891719 0.076166
1341848024.222850 4.140630 -1.010312 1.661806 -0.446210 0.005829 0.856318 0.259966
1341848025.998679 3.850622 -1.291313 1.460334 -0.442314 0.027457 0.784668 0.433475
1341848027.474800 3.642483 -1.605044 1.326089 -0.409431 0.046278 0.759613 0.503203
1341848028.782881 3.375216 -1.806501 1.216397 -0.395617 0.038722 0.777549 0.487243
1341848030.358972 3.109071 -2.068141 1.065199 -0.385759 0.041010 0.718046 0.577856
1341848031.798743 2.821795 -2.227737 0.944744 -0.320544 0.061407 0.657297 0.679295
1341848033.239415 2.558539 -2.388541 0.832619 -0.272973 0.050024 0.616119 0.737144
1341848034.715221 2.298115 -2.470018 0.728976 -0.210469 0.049511 0.535108 0.816646
1341848036.354932 1.983590 -2.436897 0.571572 -0.163827 0.078195 0.473918 0.861654
1341848037.698730 1.590723 -2.334335 0.438469 -0.123834 0.014881 0.441261 0.888669
1341848039.070823 1.294146 -2.137665 0.297676 -0.096376 0.028602 0.355955 0.929080
1341848040.614917 0.997931 -1.902874 0.168009 -0.046719 0.040617 0.268442 0.961305
1341848042.089516 0.918263 -1.526232 0.130954 0.048188 0.049934 0.102383 0.992322
1341848043.165803 0.969074 -1.230563 0.124663 0.123214 0.064684 -0.028837 0.989850
1341848044.541889 1.179962 -0.904835 0.200297 0.177826 0.067581 -0.117961 0.974626
1341848045.842865 1.427294 -0.693271 0.298569 0.210859 0.074147 -0.154243 0.962419
1341848047.015187 1.488560 -0.443524 0.273290 0.147813 0.075030 -0.090033 0.982047
1341848048.522793 1.388234 -0.068522 0.290478 0.127767 0.062256 -0.080371 0.986580
1341848049.626847 1.288785 0.184596 0.315014 0.121021 -0.004406 -0.088691 0.988670
1341848050.834812 1.176233 0.452109 0.292071 0.053273 0.002159 0.015518 0.998457
1341848052.243754 1.092067 0.538876 0.242882 -0.093671 -0.046546 0.117623 0.987534
1341848053.758077 0.888188 0.248470 0.147842 -0.042383 -0.019839 -0.033304 0.998349
1341848054.958755 0.675833 0.287639 0.148252 0.087737 -0.023573 -0.107023 0.990097
1341848056.399274 0.425884 0.626348 0.075619 0.134085 -0.041279 -0.177033 0.974154
1341848057.671015 0.475927 1.131802 0.086710 0.164955 0.036218 -0.170763 0.970731
1341848059.146722 0.616430 1.533538 0.181401 0.202914 0.011987 -0.211044 0.956108
1341848060.318945 0.607620 1.551090 0.168152 0.183986 -0.034667 -0.269327 0.944675
1341848061.962857 0.592639 1.362121 0.185160 0.162892 -0.076308 -0.263665 0.947694
1341848063.135160 0.591631 1.197736 0.170911 0.139196 -0.066413 -0.190113 0.969573
1341848064.518639 0.704566 0.810692 0.203227 0.115803 -0.048534 -0.164113 0.978418
1341848065.582781 0.695079 0.525393 0.187327 0.103418 -0.066974 -0.114974 0.985698
1341848066.905023 0.750802 0.288997 0.182128 0.027356 -0.065767 -0.050921 0.996159
