0.000000 -0.000000 -0.000000 0.000000
-0.140643 2.574964 -0.027522 2.127827
-0.281220 5.148987 -0.091731 4.413580
-0.421837 7.724036 -0.187213 6.837150
-0.562431 10.298960 -0.312510 9.345407
-0.701879 12.869650 -0.439704 11.913278
-0.854664 15.479570 -0.612328 14.581734
-1.011589 18.173180 -0.784248 17.354576
-1.171840 20.913680 -0.965918 20.185934
-1.334841 23.709530 -1.152530 23.037758
-1.487044 26.544710 -1.326220 25.935457
-1.633363 29.422930 -1.506185 28.882195
-1.768976 32.357140 -1.661126 31.867756
-1.929780 35.330970 -1.849849 34.894249
-2.126953 38.471510 -2.053866 37.966377
-2.329940 41.561110 -2.286578 41.065815
-2.535885 44.597900 -2.491037 44.137272
-2.728914 47.592750 -2.706717 47.192928
-2.937935 50.537730 -2.926172 50.189331
-3.130185 53.464980 -3.150320 53.191883
-3.310922 56.350390 -3.362131 56.145840
-3.511313 59.225400 -3.571574 59.076481
-3.703384 62.006320 -3.803972 61.915134
-3.912602 64.697860 -4.042273 64.678680
-4.114442 67.264550 -4.282331 67.300926
-4.313021 69.714240 -4.523970 69.825394
-4.514875 72.037350 -4.760913 72.191696
-4.709494 74.175390 -4.981258 74.375793
-4.891889 76.138280 -5.199129 76.409019
-5.039038 77.925340 -5.382153 78.276978
-5.159772 79.592300 -5.509794 79.971573
-5.235209 81.135380 -5.596516 81.562706
-5.207469 82.555940 -5.562593 83.031212
-5.029560 83.885300 -5.380443 84.391403
-4.680938 85.118200 -5.041189 85.647820
-4.130089 86.200010 -4.501183 86.747124
-3.393066 87.095580 -3.775349 87.679298
-2.508137 87.820100 -2.877052 88.431381
-1.511055 88.343490 -1.849911 88.977547
-0.450022 88.747950 -0.807419 89.398689
0.676345 89.023150 0.327187 89.700638
1.832910 89.277150 1.507841 89.972588
3.089762 89.418990 2.773014 90.125008
4.475771 89.556060 4.152409 90.274857
5.974572 89.621010 5.672199 90.362076
7.614093 89.671530 7.332132 90.432869
9.420230 89.707860 9.177951 90.496635
11.388370 89.721450 11.188048 90.551033
13.505010 89.738680 13.357704 90.620705
15.773680 89.805260 15.682903 90.732506
18.156510 89.929480 18.123718 90.897781
20.581930 90.082780 20.620014 91.080315
23.034320 90.227690 23.140408 91.278130
25.478370 90.365000 25.675877 91.482903
27.909920 90.499220 28.157986 91.649651
30.340320 90.588890 30.639244 91.771080
32.740690 90.598330 33.077736 91.828323
35.110390 90.529620 35.490524 91.810745
37.430830 90.386730 37.839489 91.703949
39.683630 90.176290 40.163033 91.537567
41.863240 89.910310 42.408012 91.312180
43.959460 89.634420 44.558563 91.070152
45.922800 89.378560 46.573067 90.834984
47.726310 89.193250 48.400925 90.706528
49.366470 89.121130 50.084251 90.646233
50.939410 89.191540 51.663177 90.748741
52.464070 89.450930 53.202915 91.038994
53.889450 89.945260 54.597221 91.534683
55.133190 90.660970 55.815819 92.265480
56.158450 91.620300 56.846558 93.238869
56.967930 92.764920 57.620113 94.395905
57.539920 94.061200 58.181709 95.704842
57.927200 95.446880 58.557354 97.093117
58.277310 96.884370 58.880959 98.521919
58.589460 98.403450 59.169830 100.069519
58.940360 100.002400 59.491180 101.726822
59.343230 101.692600 59.864403 103.452873
59.798800 103.499800 60.293964 105.325111
60.309140 105.392300 60.763828 107.260338
60.819120 107.363700 61.258659 109.304237
61.355080 109.477800 61.759377 111.475693
61.874140 111.669200 62.236969 113.722610
62.417580 113.964900 62.749325 116.075142
62.973720 116.373200 63.267738 118.532516
63.512460 118.836400 63.763443 121.036789
64.057360 121.342700 64.268845 123.582603
64.655860 123.876700 64.837822 126.132767
65.262090 126.422600 65.417648 128.702423
65.864770 128.941000 65.983810 131.243240
66.510510 131.382800 66.577255 133.756256
67.135460 133.867500 67.133728 136.307327
67.748220 136.262500 67.665466 138.788315
68.311480 138.668800 68.178383 141.234344
68.830800 141.066900 68.639153 143.686630
69.359830 143.451000 69.107559 146.104965
69.844620 145.829800 69.544205 148.508591
70.257380 148.240700 69.930161 150.934204
70.634070 150.615300 70.289368 153.391327
70.952630 153.048800 70.562485 155.856598
71.236680 155.482600 70.802231 158.352966
71.430750 157.958600 70.969749 160.868240
71.592060 160.420500 71.091141 163.390457
71.705560 162.889100 71.180946 165.880737
71.811250 165.386800 71.258148 168.414276
71.901490 167.846500 71.305244 170.911514
71.944200 170.358200 71.320023 173.452225
71.944230 172.867000 71.269852 175.995453
71.880770 175.411200 71.168365 178.565933
71.759300 177.947700 71.006363 181.144165
71.629380 180.489300 70.844276 183.721497
71.495820 183.069400 70.663994 186.338242
71.389860 185.611000 70.510590 188.925873
71.229200 188.181800 70.305496 191.544418
71.075770 190.694700 70.092407 194.083527
70.908190 193.208300 69.877495 196.620773
70.732240 195.676300 69.666496 199.091827
70.587330 197.902600 69.463394 201.538147
70.462020 200.022200 69.277390 203.829071
70.336670 202.141700 69.107132 205.980682
70.211280 204.261000 68.957039 208.039795
70.085900 206.379000 68.851265 210.071915
69.986060 208.445300 68.777542 212.020630
70.007780 210.375700 68.794968 214.017014
70.026080 212.295900 68.777039 215.999207
70.017620 214.252400 68.756393 217.988617
70.013230 216.217200 68.744034 219.998642
69.972110 218.270700 68.684937 222.073059
69.934360 220.317400 68.628090 224.173828
69.972850 222.305500 68.573814 226.276779
69.981630 224.353700 68.508377 228.442535
69.981870 226.399100 68.449028 230.574280
69.949190 228.454500 68.353767 232.704544
69.907170 230.454300 68.255890 234.770294
69.859830 232.418200 68.175369 236.789108
69.810200 234.247600 68.079529 238.688232
69.754960 235.896800 67.984909 240.386169
69.602960 237.437200 67.775139 241.944305
69.315000 238.920100 67.452103 243.431625
68.846420 240.276600 66.959099 244.740173
68.166090 241.479400 66.265579 245.904663
67.318270 242.492800 65.426437 246.895447
66.332240 243.344200 64.428284 247.734726
65.260110 243.991900 63.326317 248.355347
64.140300 244.474300 62.214024 248.782791
62.867510 244.772700 60.895508 249.063126
61.458940 244.926000 59.465588 249.176498
59.947420 244.952000 57.937988 249.167999
58.335370 244.902100 56.294479 249.074356
56.595980 244.824000 54.485714 248.939514
54.694040 244.743800 52.519547 248.805832
52.650420 244.604800 50.366852 248.667938
50.451970 244.390700 48.031616 248.512207
48.058070 244.235000 45.505142 248.368973
45.515050 244.100900 42.826035 248.229431
42.921790 243.969200 40.111065 248.078415
40.316590 243.840300 37.412235 247.934631
37.706940 243.722400 34.712593 247.762604
35.094890 243.629800 32.024918 247.558578
32.472950 243.489000 29.372864 247.325668
29.851950 243.348200 26.763674 247.102661
27.264200 243.258500 24.157221 246.909653
24.724050 243.174900 21.597179 246.755447
22.210390 243.091000 19.045748 246.597916
19.736330 242.979500 16.520628 246.409592
17.311070 242.850400 14.064713 246.223816
14.901790 242.682800 11.607574 245.985718
12.542000 242.455300 9.210409 245.714508
10.258080 242.218100 6.885431 245.435043
8.077281 241.997300 4.668858 245.171310
6.032146 241.805400 2.590429 244.937500
4.114420 241.647100 0.642977 244.741058
2.325909 241.523700 -1.202202 244.587662
0.684853 241.422100 -2.882543 244.463593
-0.804697 241.361800 -4.405865 244.378067
-2.147061 241.322400 -5.768360 244.306488
-3.335045 241.321100 -7.005580 244.273987
-4.362696 241.347700 -8.021497 244.275330
-5.195608 241.375100 -8.868242 244.286835
-5.787975 241.411000 -9.468271 244.306076
-6.148943 241.435700 -9.835587 244.310608
-6.347609 241.453500 -10.027557 244.327286
-6.441034 241.457400 -10.120255 244.329330
-6.441440 241.456100 -10.113182 244.323273
-6.439927 241.462600 -10.121431 244.322296
-6.440440 241.482800 -10.123392 244.323441
-6.480607 241.498100 -10.161741 244.325089
-6.560264 241.507700 -10.240616 244.325943
-6.742488 241.516100 -10.426172 244.325623
-7.099251 241.541700 -10.774635 244.359909
-7.627305 241.597900 -11.317491 244.404037
-8.293171 241.705000 -11.999056 244.521255
-9.050632 241.890800 -12.748070 244.695465
-9.863606 242.207700 -13.579933 244.996887
-10.727660 242.661600 -14.435524 245.435532
-11.566170 243.294100 -15.303757 246.064178
-12.317670 244.121800 -16.076248 246.913315
-12.969870 245.164100 -16.786293 247.997864
-13.469580 246.441200 -17.304855 249.317123
-13.828110 247.877300 -17.707077 250.829697
-14.057520 249.558000 -17.958735 252.552246
-14.176210 251.405900 -18.130136 254.452423
-14.264690 253.405000 -18.251480 256.486511
-14.328890 255.544200 -18.349665 258.674469
-14.399650 257.837600 -18.459969 260.995758
-14.471380 260.263200 -18.574846 263.456207
-14.561590 262.807800 -18.715248 266.045685
-14.652820 265.491700 -18.866123 268.748993
-14.739760 268.254400 -18.990959 271.556671
-14.858340 271.134800 -19.161026 274.473785
-14.973530 274.134700 -19.328779 277.501160
-15.069550 277.175700 -19.496040 280.593994
-15.175210 280.293600 -19.660469 283.769104
-15.297230 283.446400 -19.859739 286.971191
-15.436590 286.619600 -20.064867 290.185669
-15.585790 289.810900 -20.316635 293.420380
-15.736240 292.959600 -20.548828 296.632172
-15.885310 296.071900 -20.782328 299.819672
-16.046970 299.165600 -21.025625 302.988983
-16.219660 302.246300 -21.246489 306.124725
-16.389710 305.314100 -21.489645 309.241028
-16.559690 308.378300 -21.716219 312.358459
-16.709350 311.458900 -21.940075 315.495209
-16.839300 314.563300 -22.173180 318.657104
-16.972270 317.709200 -22.398045 321.876709
-17.118400 320.893100 -22.614460 325.138916
-17.281700 324.127200 -22.832705 328.428711
-17.454380 327.375400 -23.051458 331.728821
-17.614190 330.593900 -23.265440 334.995483
-17.775860 333.802500 -23.477364 338.247559
-17.959610 336.995200 -23.676723 341.470154
-18.128440 340.134300 -23.895367 344.677979
-18.295640 343.191900 -24.111174 347.803345
-18.453080 346.169000 -24.334988 350.845062
-18.632610 349.056200 -24.558411 353.794434
-18.817710 351.841100 -24.786306 356.632294
-18.986450 354.488400 -25.007633 359.355042
-19.124870 356.982400 -25.193180 361.934906
-19.220930 359.289500 -25.341377 364.309113
-19.310450 361.377700 -25.487139 366.457733
-19.390050 363.254000 -25.603577 368.416443
-19.458340 364.945900 -25.717001 370.158051
-19.552440 366.417400 -25.843065 371.714050
-19.716910 367.755600 -26.005342 373.101257
-19.992010 369.044200 -26.325722 374.396210
-20.413100 370.267200 -26.772408 375.597198
-20.994480 371.390500 -27.384521 376.695496
-21.767920 372.412000 -28.089325 377.638611
-22.740410 373.381300 -29.068787 378.562805
-23.931400 374.199500 -30.256683 379.367371
-25.311900 374.775400 -31.693085 379.903046
-26.849130 375.102700 -33.307602 380.228821
-28.541320 375.088500 -34.999241 380.183807
-30.331610 374.930400 -36.840050 379.981171
-32.178580 374.714400 -38.734974 379.711945
-34.124600 374.519300 -40.706413 379.467010
-36.192510 374.312000 -42.805038 379.212830
-38.360350 374.089000 -44.990776 378.951172
-40.674090 373.890900 -47.345238 378.700653
-43.125350 373.717400 -49.845966 378.476044
-45.733890 373.570600 -52.509949 378.265656
-48.422050 373.450300 -55.255951 378.058838
-51.153580 373.336900 -58.029305 377.868256
-53.919190 373.217300 -60.846840 377.674103
-56.668140 373.082400 -63.638344 377.462067
-59.399580 372.949600 -66.409302 377.244019
-62.128270 372.797100 -69.190048 377.003265
-64.827270 372.599800 -71.941856 376.721313
-67.509200 372.402100 -74.655380 376.448517
-70.186170 372.208700 -77.370872 376.159332
-72.845340 372.028400 -80.089417 375.900635
-75.495320 371.886100 -82.800049 375.678864
-78.116050 371.787300 -85.488472 375.506683
-80.717850 371.718500 -88.148018 375.367798
-83.311780 371.694800 -90.798523 375.270416
-85.842710 371.709900 -93.353844 375.212341
-88.215690 371.734100 -95.788628 375.171326
-90.402660 371.755300 -98.026031 375.137787
-92.376860 371.747200 -100.037315 375.084076
-94.181170 371.700000 -101.871597 374.982239
-95.954170 371.610100 -103.687988 374.837677
-97.692900 371.484000 -105.485077 374.653412
-99.428840 371.332400 -107.253731 374.440063
-101.212400 371.150100 -109.086899 374.192810
-103.049100 370.929900 -110.971130 373.923309
-104.963700 370.712900 -112.921577 373.634216
-106.999900 370.469800 -114.999184 373.339691
-109.147400 370.218500 -117.187637 373.038727
-111.413900 369.990500 -119.497070 372.754974
-113.850400 369.787500 -121.959946 372.490601
-116.381500 369.587900 -124.528496 372.222565
-119.079000 369.402000 -127.271225 371.974670
-121.870500 369.312400 -130.084396 371.819977
-124.798000 369.251000 -133.075760 371.706635
-127.749200 369.222000 -136.081497 371.616974
-130.738100 369.191300 -139.143143 371.524811
-133.724900 369.151000 -142.164139 371.395996
-136.693200 369.116700 -145.139908 371.271698
-139.640200 369.026200 -148.138199 371.095184
-142.545400 368.909400 -151.098740 370.892029
-145.452900 368.800400 -154.072357 370.708466
-148.326000 368.653700 -156.994339 370.464386
-151.184500 368.483700 -159.886703 370.205750
-154.029500 368.306700 -162.766663 369.940918
-156.834000 368.110800 -165.613358 369.672913
-159.601600 367.929800 -168.429901 369.421631
-162.352900 367.769700 -171.220184 369.190338
-165.025300 367.622800 -173.929749 368.974945
-167.587100 367.473600 -176.524719 368.765137
-169.989700 367.347100 -178.966202 368.587067
-172.229800 367.237400 -181.240952 368.429230
-174.255000 367.118500 -183.316406 368.255554
-176.113500 366.976300 -185.194626 368.073242
-177.851600 366.825100 -186.975632 367.861938
-179.482200 366.619100 -188.648605 367.615204
-181.041000 366.257200 -190.203079 367.198578
-182.506900 365.700900 -191.647110 366.609711
-183.830900 364.922700 -192.901337 365.837158
-184.967900 363.901900 -194.007385 364.777466
-185.900600 362.645300 -194.926788 363.472839
-186.575700 361.163300 -195.538025 361.970947
-186.999600 359.497900 -195.946777 360.270050
-187.152300 357.675600 -196.069443 358.456818
-187.206000 355.773500 -196.070816 356.527649
-187.197400 353.800900 -196.018967 354.516357
-187.078300 351.712900 -195.862915 352.402283
-186.904300 349.515700 -195.639999 350.133698
-186.700200 347.199500 -195.394180 347.778320
-186.441500 344.761700 -195.071350 345.289551
-186.138100 342.245600 -194.719482 342.705109
-185.836200 339.600700 -194.366791 340.011169
-185.558800 336.870000 -194.021225 337.252838
-185.300200 334.088400 -193.694824 334.420502
-185.053400 331.295700 -193.387299 331.569611
-184.825700 328.513100 -193.090912 328.730316
-184.626700 325.706700 -192.831253 325.896729
-184.418100 322.895600 -192.554474 323.057678
-184.219300 320.049800 -192.295731 320.147400
-184.077900 317.187100 -192.097977 317.212402
-183.933200 314.300800 -191.893829 314.244751
-183.761600 311.460200 -191.651871 311.362274
-183.601800 308.616200 -191.421112 308.474152
-183.458100 305.794900 -191.198257 305.625702
-183.343100 303.000200 -191.004013 302.787567
-183.261300 300.211900 -190.828979 299.961304
-183.178800 297.450000 -190.657684 297.137817
-183.090500 294.684900 -190.478668 294.286255
-182.927300 291.908300 -190.224884 291.469360
-182.766600 289.099200 -189.969360 288.563599
-182.613800 286.267300 -189.730850 285.672058
-182.441900 283.385600 -189.478241 282.745636
-182.300400 280.490600 -189.245911 279.794952
-182.149900 277.557000 -189.034744 276.803925
-182.001400 274.627800 -188.829117 273.818665
-181.823500 271.689000 -188.578705 270.825745
-181.638500 268.767800 -188.325333 267.850952
-181.424600 265.787800 -188.038361 264.813538
-181.219800 262.838200 -187.750061 261.800476
-181.009300 259.844900 -187.452591 258.728760
-180.770400 256.828000 -187.131805 255.660797
-180.561000 253.860400 -186.837296 252.632477
-180.372700 250.908200 -186.565308 249.639877
-180.191000 247.979500 -186.288528 246.639099
-180.025600 245.104800 -186.035141 243.707611
-179.890000 242.301100 -185.812881 240.869965
-179.765100 239.629200 -185.618484 238.130539
-179.603400 237.077700 -185.385803 235.527878
-179.486600 234.610600 -185.203522 233.011139
-179.426200 232.293500 -185.081436 230.646606
-179.384800 230.153000 -184.977524 228.430939
-179.372900 228.203000 -184.915298 226.424286
-179.353200 226.445600 -184.839584 224.627289
-179.284500 224.889700 -184.728073 223.036285
-179.159500 223.520400 -184.558029 221.628967
-178.892900 222.222300 -184.239471 220.319580
-178.440800 221.019500 -183.752655 219.131454
-177.799300 219.912400 -183.077591 218.085220
-176.993100 218.868700 -182.236145 217.037445
-175.953700 217.908600 -181.150131 216.030045
-174.646400 217.098800 -179.775894 215.176331
-173.037500 216.423500 -178.170349 214.511459
-171.242400 215.987700 -176.369049 214.098389
-169.251700 215.748100 -174.391846 213.906357
-167.160900 215.651300 -172.278564 213.876831
-164.983800 215.579200 -170.036240 213.891266
-162.753200 215.542200 -167.758286 213.923706
-160.419600 215.517400 -165.386322 213.983658
-157.986900 215.494400 -162.917145 214.052551
-155.493900 215.476600 -160.405365 214.149445
-152.924600 215.528800 -157.806839 214.272751
-150.250300 215.556200 -155.099579 214.388702
-147.567100 215.656900 -152.325867 214.537155
-144.855900 215.751900 -149.543671 214.741760
-142.145800 215.896800 -146.768387 215.004105
-139.455100 216.087400 -144.026443 215.303253
-136.768400 216.330800 -141.297546 215.629166
-134.103700 216.562300 -138.574081 215.964081
-131.505400 216.803000 -135.933182 216.279068
-128.992800 217.018200 -133.361542 216.564224
-126.584900 217.191000 -130.925217 216.810867
-124.357100 217.330100 -128.654449 217.011459
-122.326100 217.418900 -126.568848 217.140488
-120.463500 217.466200 -124.654915 217.238312
-118.653600 217.497200 -122.773537 217.295059
-116.849600 217.495900 -120.924835 217.323456
-115.067800 217.514000 -119.088661 217.376297
-113.324000 217.535300 -117.299881 217.414337
-111.616000 217.623100 -115.528610 217.522690
-109.927700 217.875300 -113.829269 217.780533
-108.290900 218.301300 -112.179886 218.201630
-106.749500 218.945400 -110.617928 218.834717
-105.349200 219.793800 -109.213776 219.688828
-104.115500 220.834900 -108.001236 220.727371
-103.036000 222.051200 -106.954361 221.961029
-102.179100 223.400100 -106.132248 223.334381
-101.543200 224.848700 -105.530502 224.795929
-101.115700 226.383800 -105.130379 226.333618
-100.830600 227.968600 -104.864777 227.912567
-100.531100 229.501100 -104.572655 229.478333
-100.252100 231.017900 -104.283752 231.009964
-99.883990 232.463500 -103.905884 232.475494
-99.425550 233.824100 -103.425903 233.815445
-98.775880 234.872900 -102.777512 234.877029
-98.086100 235.806300 -102.060127 235.834778
-97.174270 236.468700 -101.119370 236.526855
-96.254150 236.931100 -100.125381 237.057053
-95.283150 237.358800 -99.079918 237.497452
-94.185080 237.674800 -97.895729 237.799698
-92.955310 237.898800 -96.600822 238.023468
-91.596850 238.102700 -95.180557 238.236526
-90.074690 238.248300 -93.591728 238.397888
-88.387450 238.391700 -91.839256 238.552902
-86.486290 238.540100 -89.936752 238.741623
-84.443490 238.650800 -87.885040 238.922180
-82.253860 238.746800 -85.686836 239.112671
-79.940140 238.872300 -83.364304 239.292892
-77.539590 239.011100 -80.947220 239.461304
-75.087440 239.150700 -78.477425 239.609818
-72.574930 239.313900 -75.932098 239.758804
-69.991910 239.446400 -73.286354 239.910751
-67.351620 239.548800 -70.609192 240.047501
-64.666360 239.657700 -67.928513 240.222412
-61.998030 239.808800 -65.245514 240.432098
-59.311750 239.952600 -62.557907 240.654465
-56.701950 240.109100 -59.939240 240.872299
-54.151130 240.267600 -57.348206 241.091522
-51.625940 240.427100 -54.774574 241.308395
-49.127390 240.564300 -52.259045 241.518372
-46.665870 240.712700 -49.763069 241.739304
-44.240570 240.886300 -47.290562 241.978455
-41.878960 241.088900 -44.892403 242.205658
-39.649020 241.312800 -42.583763 242.474960
-37.552430 241.539400 -40.422443 242.708832
-35.488740 241.743100 -38.308792 242.936203
-33.456700 241.939000 -36.214878 243.148621
-31.533090 242.124800 -34.249619 243.321289
-29.764560 242.287900 -32.439091 243.476593
-28.172420 242.408100 -30.795410 243.589737
-26.747170 242.468900 -29.351070 243.650757
-25.460260 242.473300 -28.011236 243.655334
-24.318710 242.437400 -26.834463 243.625473
-23.324200 242.322300 -25.835049 243.546555
-22.483780 242.186900 -24.985085 243.440567
-21.843230 242.069500 -24.326204 243.344666
-21.357270 241.937100 -23.862461 243.222916
-20.874950 241.791000 -23.369171 243.073883
-20.410090 241.641000 -22.888378 242.922745
-19.938580 241.453200 -22.410614 242.748184
-19.330890 241.150500 -21.813141 242.475952
-18.603550 240.674100 -21.076439 242.016800
-17.817550 240.000300 -20.259483 241.387604
-17.047940 239.130000 -19.450241 240.504150
-16.371440 238.041100 -18.755608 239.372910
-15.819140 236.731500 -18.173279 238.006760
-15.431720 235.164300 -17.775890 236.400787
-15.160930 233.366900 -17.502802 234.567719
-14.985430 231.359800 -17.297089 232.517426
-14.879450 229.166100 -17.182060 230.271698
-14.834570 226.783800 -17.110874 227.830734
-14.805910 224.227300 -17.027334 225.224899
-14.776150 221.503700 -16.963528 222.430038
-14.726190 218.625200 -16.852430 219.476532
-14.646810 215.602400 -16.722961 216.414322
-14.509690 212.459600 -16.522535 213.220337
-14.353480 209.201300 -16.306747 209.911926
-14.179740 205.869600 -16.073902 206.527832
-13.962380 202.478800 -15.789791 203.092514
-13.739120 199.045100 -15.529251 199.613663
-13.514930 195.572200 -15.235964 196.087814
-13.275440 192.054900 -14.954589 192.518158
-13.052000 188.499600 -14.684006 188.895996
-12.854570 184.884700 -14.427741 185.201828
-12.675140 181.220200 -14.205339 181.453247
-12.508030 177.502000 -13.986077 177.629547
-12.341190 173.718700 -13.751331 173.758118
-12.175010 169.898000 -13.538761 169.828644
-12.018250 166.028100 -13.321468 165.875244
-11.841350 162.134100 -13.102589 161.891174
-11.655180 158.220500 -12.867922 157.860367
-11.466580 154.287300 -12.607488 153.854919
-11.281310 150.320000 -12.357174 149.858063
-11.057620 146.379100 -12.090837 145.892792
-10.815240 142.443600 -11.815205 141.958557
-10.570550 138.517900 -11.539936 138.029327
-10.333980 134.639100 -11.256577 134.114288
-10.123240 130.785800 -10.961326 130.234314
-9.914350 127.027500 -10.663084 126.460526
-9.696148 123.395700 -10.389501 122.762070
-9.493383 119.914400 -10.132330 119.239075
-9.310280 116.607700 -9.899660 115.902603
-9.151332 113.442300 -9.696802 112.719658
-9.017561 110.482000 -9.525590 109.741013
-8.888960 107.744800 -9.367216 106.992439
-8.774269 105.222900 -9.240118 104.489334
-8.679794 102.918000 -9.118735 102.191452
-8.504861 100.812800 -8.907154 100.124329
-8.163715 98.919720 -8.536049 98.234947
-7.618518 97.243660 -7.990240 96.633812
-6.858427 95.725240 -7.238483 95.157677
-5.899838 94.392380 -6.285542 93.894394
-4.759829 93.253900 -5.150055 92.805588
-3.450087 92.348760 -3.859104 91.940125
-1.973871 91.691730 -2.385136 91.368134
-0.436803 91.261860 -0.907333 91.000648
1.138073 91.026340 0.648958 90.844696
2.751248 90.881970 2.229719 90.772194
4.431705 90.766140 3.907620 90.729134
6.211745 90.683570 5.707684 90.717789
8.081090 90.578530 7.599171 90.690170
10.076580 90.469280 9.624916 90.665985
12.205890 90.365360 11.809085 90.636711
14.489810 90.290310 14.142286 90.641457
16.910510 90.321490 16.618368 90.739388
19.453620 90.459650 19.225088 90.934120
22.045730 90.671110 21.905443 91.217010
24.644280 90.895340 24.588997 91.497772
27.207850 91.064010 27.231691 91.705444
29.764780 91.130150 29.848076 91.808945
32.287690 91.085550 32.440266 91.814705
34.803420 90.937800 35.001953 91.739471
37.325120 90.728940 37.582230 91.594154
39.896170 90.508470 40.234009 91.436241
42.547960 90.289960 42.950375 91.295441
45.244630 90.097810 45.712101 91.162552
47.943020 89.903610 48.488205 91.036621
50.617990 89.629730 51.236095 90.833046
53.252150 89.185630 53.928673 90.460884
55.814150 88.557720 56.521439 89.908386
58.313300 87.791630 59.073822 89.201538
60.805470 86.920740 61.630119 88.385544
63.322020 85.994100 64.189293 87.516716
65.833720 85.055040 66.756554 86.618690
68.406220 84.080780 69.373474 85.695511
70.998610 83.045350 72.009979 84.707214
73.578520 81.879280 74.651299 83.597076
76.170160 80.586970 77.304504 82.316406
78.819830 79.219290 80.054024 80.988266
81.480420 77.842690 82.754654 79.648140
84.108690 76.469870 85.431595 78.334145
86.695220 75.055290 88.077667 76.967957
89.188920 73.556030 90.654144 75.508514
91.573040 71.968490 93.171715 73.916946
93.850380 70.285940 95.539543 72.265129
96.020560 68.521450 97.780327 70.534798
98.103890 66.740880 99.946960 68.765045
100.107700 65.034010 102.012512 67.094337
101.996900 63.459780 103.973869 65.555496
103.764900 62.070330 105.800034 64.181343
105.408600 60.801050 107.507278 62.931923
107.003200 59.530310 109.166504 61.690025
108.589500 58.247390 110.792297 60.435699
110.134700 56.970520 112.404037 59.159294
111.717500 55.637520 114.028427 57.846210
113.353400 54.247110 115.716461 56.478100
115.077800 52.831180 117.489731 55.088276
116.904200 51.439420 119.362564 53.726986
118.836800 50.054850 121.351624 52.363564
120.853600 48.602090 123.420616 50.940018
122.938000 47.083700 125.571426 49.442081
125.092700 45.485300 127.781830 47.876629
127.330000 43.820780 130.093994 46.240891
129.637600 42.087830 132.446915 44.556095
131.967100 40.344760 134.838776 42.837952
134.297900 38.609850 137.230042 41.145489
136.621900 36.849050 139.613220 39.425671
138.949900 35.131110 141.995911 37.739780
141.293500 33.464730 144.409668 36.092472
143.603900 31.795640 146.778595 34.448051
145.871800 30.121580 149.109238 32.807545
148.133300 28.418200 151.436264 31.125820
150.347600 26.750990 153.718384 29.495014
152.506100 25.137140 155.958038 27.916412
154.521200 23.603510 158.042419 26.406807
156.409800 22.104300 160.002029 24.942345
158.102600 20.729550 161.756210 23.598152
159.605700 19.470090 163.337433 22.359688
161.034400 18.328640 164.776184 21.282135
162.527500 17.369930 166.281891 20.372925
164.102000 16.690040 167.904831 19.702793
165.725700 16.231240 169.566620 19.261852
167.465400 15.980230 171.322723 19.060938
169.275300 15.912810 173.163544 19.019215
171.157200 15.957740 175.068085 19.063116
173.098700 15.972680 177.013580 19.083750
175.120500 15.945180 179.073288 19.076355
177.167200 15.872150 181.148575 19.024250
179.305300 15.756280 183.347382 18.932869
181.477000 15.604010 185.524048 18.803497
183.703700 15.412020 187.783539 18.639816
185.980700 15.238130 190.070877 18.489649
188.280500 15.072990 192.417313 18.377384
190.577500 14.896800 194.743652 18.230106
192.894300 14.714610 197.097549 18.111021
195.244200 14.510220 199.494675 17.966480
197.633500 14.283820 201.956924 17.791103
200.090000 14.030130 204.470062 17.583183
202.592100 13.785300 207.012070 17.371584
205.104900 13.534110 209.586044 17.164469
207.640700 13.310070 212.162613 16.996614
210.148900 13.111090 214.722549 16.853207
212.697300 12.915740 217.334290 16.700083
215.224700 12.737830 219.912064 16.552391
217.808000 12.513180 222.553040 16.375454
220.389500 12.282700 225.196945 16.185513
223.037500 12.068550 227.872040 16.009045
225.699900 11.872960 230.570404 15.851179
228.380800 11.657570 233.314819 15.682734
231.063800 11.400770 236.048660 15.475548
233.768800 11.157120 238.808807 15.283249
236.452700 10.908570 241.539322 15.105824
239.115400 10.628320 244.239090 14.873091
241.756200 10.390980 246.907211 14.676113
244.376200 10.177670 249.569260 14.500320
246.942400 9.977031 252.168274 14.329241
249.503100 9.796410 254.775467 14.202107
251.962400 9.616742 257.276794 14.063982
254.329800 9.452561 259.681122 13.956118
256.557200 9.297183 261.960999 13.853232
258.681500 9.140396 264.130280 13.749618
260.487900 8.870715 266.186523 13.605581
262.171000 8.558198 268.116486 13.398281
263.852900 8.246051 269.946014 13.112434
265.533700 7.934305 271.603577 12.787437
267.212200 7.623220 273.056000 12.450970
268.719700 7.309828 274.347015 12.158031
269.768600 7.040605 275.418274 11.920639
270.654800 6.869143 276.326904 11.782589
271.433400 6.780906 277.125854 11.732407
272.188300 6.798910 277.920715 11.749721
272.939800 6.915555 278.668976 11.872472
273.674100 7.139266 279.367767 12.125656
274.435500 7.486302 280.103821 12.514870
275.206100 8.021776 280.846710 13.045464
275.841400 9.123003 281.537109 13.842560
276.399700 10.403880 282.156677 14.819595
276.938800 11.672800 282.670715 16.020683
277.461700 12.927990 283.094971 17.437393
277.969300 14.165350 283.503204 19.064659
278.402000 15.600760 283.837006 20.914112
278.675500 17.540870 284.050964 22.931465
278.887100 19.689590 284.210876 25.136395
279.050300 22.004090 284.314667 27.535480
279.153100 24.513040 284.396057 30.086750
279.310000 27.147550 284.514648 32.780914
279.492000 29.910160 284.651917 35.599091
279.682000 32.722430 284.828491 38.447968
279.891600 35.618700 285.030518 41.391884
280.117300 38.587970 285.225739 44.393234
280.340800 41.563150 285.433014 47.437874
280.553900 44.602790 285.609985 50.539730
280.757500 47.669170 285.781555 53.628471
280.966700 50.717990 285.958588 56.705597
281.189800 53.763250 286.139465 59.814018
281.387500 56.840290 286.328979 62.920837
281.609200 59.915920 286.525848 66.020782
281.892800 62.993940 286.771881 69.121277
282.168100 66.061440 287.019348 72.205605
282.386200 69.137860 287.190796 75.269196
282.581400 72.205720 287.364899 78.334824
282.741100 75.260420 287.521790 81.413956
282.945600 78.300480 287.690948 84.483215
283.185400 81.322840 287.885864 87.526665
283.441700 84.363870 288.091400 90.580658
283.683800 87.353300 288.293335 93.611046
283.940100 90.352150 288.523346 96.644836
284.231300 93.355260 288.785919 99.687172
284.541900 96.345100 289.083405 102.722900
284.938000 99.320580 289.450714 105.739571
285.395000 102.259500 289.884888 108.732162
285.844100 105.163200 290.311005 111.705460
286.321900 108.053700 290.754150 114.642899
286.793800 110.912200 291.202148 117.584259
287.216900 113.736500 291.596466 120.438103
287.630900 116.518500 291.973450 123.291389
288.058700 119.219300 292.361420 126.085876
288.448800 121.780900 292.698395 128.735977
288.846400 124.280600 293.069885 131.320923
289.285300 126.630100 293.470306 133.747375
289.743500 128.835400 293.895966 136.031784
290.213000 130.821100 294.342834 138.079208
290.683600 132.626000 294.798828 139.948029
291.166200 134.262000 295.262848 141.643158
291.580800 135.832500 295.664337 143.269775
291.961700 137.426400 296.022736 144.918030
292.194000 139.020100 296.230286 146.561020
292.237900 140.604400 296.242279 148.185059
291.762300 142.158200 296.017090 149.796097
290.662500 143.578100 295.518005 151.369476
289.562400 144.964600 294.719452 152.853775
288.468100 146.318100 293.596588 154.231796
287.386000 147.641500 292.217865 155.422058
286.399400 148.976200 290.596100 156.453796
284.571900 149.919400 288.723602 157.379440
282.598600 150.835500 286.704315 158.311371
280.553400 151.805400 284.606934 159.283768
278.418500 152.847000 282.412842 160.317673
276.187000 153.972900 280.119934 161.428375
273.848800 155.201700 277.735291 162.642303
271.423500 156.516000 275.232361 163.939850
268.909500 157.880900 272.654297 165.275818
266.393100 159.278800 270.030212 166.645737
263.831700 160.712200 267.419800 168.082306
261.343100 162.229400 264.857391 169.588379
258.927700 163.839100 262.361603 171.183136
256.567900 165.515700 259.942474 172.832855
254.220600 167.219800 257.518280 174.523285
251.812400 168.915300 255.004120 176.219543
249.342900 170.564800 252.456711 177.822784
246.829700 172.171100 249.841827 179.405212
244.268800 173.728400 247.203278 180.933960
241.687800 175.211100 244.553818 182.381302
239.066600 176.646400 241.839722 183.789810
236.435100 178.027700 239.135803 185.140030
233.828600 179.391700 236.444565 186.462433
231.251200 180.752600 233.794708 187.791687
228.707700 182.113100 231.178757 189.121414
226.214900 183.484500 228.606644 190.474808
223.769900 184.811700 226.081116 191.774811
221.367300 186.107100 223.611359 193.038284
219.059200 187.344000 221.230988 194.246796
216.843700 188.521200 218.950623 195.397614
214.730300 189.612200 216.784180 196.462143
212.761600 190.600600 214.761536 197.431290
210.934100 191.518800 212.868149 198.333328
209.293500 192.364900 211.168854 199.167084
207.831400 193.113300 209.650513 199.910507
206.576700 193.798300 208.349213 200.574371
205.539900 194.395600 207.257126 201.161713
204.729700 194.901600 206.412842 201.660416
204.122300 195.321500 205.759857 202.089035
203.546300 195.745200 205.155853 202.486572
203.042900 196.282400 204.572159 202.922760
202.515700 196.788100 203.988800 203.347046
201.945400 197.325500 203.376480 203.850830
201.195300 198.000000 202.584473 204.501328
200.227400 198.808500 201.569901 205.283813
199.076800 199.760000 200.370468 206.219925
197.730700 200.791700 198.974518 207.243164
196.253000 201.872000 197.459305 208.295105
194.623700 202.967100 195.784912 209.376617
192.619800 204.117900 193.971329 210.471313
190.615300 205.269000 192.014923 211.571167
188.611600 206.419500 189.941620 212.696411
186.608000 207.569800 187.831329 213.821960
184.604500 208.720100 185.605164 214.982590
182.452000 209.923800 183.323074 216.189865
180.162600 211.202300 180.965881 217.461136
177.855000 212.473600 178.600525 218.705780
175.554100 213.761200 176.238480 219.968094
173.260900 215.031900 173.879349 221.221664
171.006800 216.296100 171.560135 222.467133
168.770100 217.549300 169.247055 223.694656
166.635700 218.725900 167.038834 224.857117
164.640400 219.823800 164.979019 225.924377
162.800000 220.792300 163.071701 226.870087
161.109900 221.618400 161.337997 227.659576
159.510500 222.334400 159.680054 228.350662
157.845500 222.860900 157.987106 228.858170
156.181300 223.202900 156.297241 229.162979
154.511100 223.364000 154.604507 229.286911
152.786900 223.350100 152.852859 229.219040
150.969000 223.245000 150.985123 229.072678
149.048400 223.060600 149.049469 228.853653
146.999200 222.886700 146.923798 228.651199
144.811400 222.709100 144.671356 228.432724
142.452400 222.507300 142.318176 228.192352
139.985700 222.307100 139.796188 227.937439
137.342300 222.162600 137.091827 227.744400
134.568800 222.029900 134.254700 227.565460
131.695500 221.932100 131.315842 227.411484
128.711000 221.803000 128.264481 227.242828
125.647300 221.650100 125.136787 227.041443
122.615400 221.500000 122.048729 226.839813
119.543800 221.309500 118.933517 226.602386
116.511500 221.102100 115.819153 226.350433
113.516800 220.903600 112.780174 226.112564
110.545200 220.708000 109.733932 225.868103
107.636200 220.532300 106.767769 225.638611
104.717200 220.373700 103.788429 225.444458
101.840600 220.218600 100.844818 225.245987
98.994700 220.067300 97.941437 225.047318
96.181550 219.895100 95.089218 224.833496
93.438620 219.686500 92.303879 224.594696
90.855460 219.500600 89.651009 224.327393
88.388610 219.326300 87.142487 224.090881
86.123680 219.157800 84.806778 223.860107
84.049970 219.045300 82.673279 223.692322
82.152880 219.016300 80.730110 223.620789
80.388010 219.115100 78.916885 223.645798
78.664760 219.366200 77.136971 223.857864
77.016290 219.796000 75.422943 224.235260
75.461480 220.446100 73.816986 224.841003
74.069090 221.411200 72.342041 225.778442
72.862850 222.604000 71.098251 226.968689
71.841850 224.015300 70.022728 228.354141
71.023420 225.699900 69.197014 230.012115
70.421670 227.540000 68.549835 231.856308
70.034550 229.518400 68.124374 233.855072
69.813760 231.610700 67.874680 235.965729
69.670080 233.800300 67.714493 238.244705
69.603690 236.022800 67.616409 240.556412
69.545910 238.342600 67.504944 242.979462
69.499400 240.719700 67.394142 245.440536
69.469400 243.192800 67.309433 247.963074
69.384530 245.776400 67.163406 250.618057
69.232580 248.432800 66.956879 253.325668
69.094640 251.146000 66.752541 256.110474
68.950990 253.982700 66.558014 258.994324
68.811860 256.917100 66.350143 261.994293
68.650580 259.920100 66.175308 265.035278
68.462200 263.082100 65.970879 268.203552
68.288560 266.252800 65.752106 271.420868
68.096650 269.464100 65.526047 274.659851
67.903830 272.683000 65.295197 277.909180
67.721470 275.872400 65.068863 281.098602
67.525460 279.043300 64.811264 284.353577
67.317450 282.219100 64.563324 287.558044
67.111650 285.343500 64.298706 290.742279
66.901350 288.508400 64.045219 293.930908
66.688140 291.652400 63.810753 297.078613
66.478800 294.782200 63.581123 300.206940
66.289190 297.878200 63.350693 303.335236
66.078070 300.944500 63.107597 306.417694
65.826270 304.008500 62.843666 309.496948
65.573590 307.018200 62.557404 312.522247
65.274710 310.032300 62.239517 315.556244
64.924470 313.030600 61.872154 318.570404
64.540610 315.995300 61.456951 321.580475
64.089990 318.947600 60.968407 324.556061
63.671720 321.903700 60.511890 327.545685
63.304260 324.895900 60.122238 330.563141
62.967580 327.898100 59.745708 333.594910
62.699080 330.909200 59.446060 336.620911
62.553590 333.929000 59.203430 339.703461
62.402330 336.963400 58.966492 342.799927
62.266570 340.021300 58.747437 345.906128
62.116500 343.035800 58.551422 348.963745
61.993500 346.032900 58.347870 352.035400
61.866370 348.989100 58.170174 355.040710
61.760870 351.857800 57.993752 357.960358
61.679290 354.611700 57.848480 360.770264
61.586300 357.261400 57.689651 363.488098
61.550600 359.776900 57.613129 366.043762
61.577240 362.145700 57.580868 368.472565
61.603020 364.290800 57.576233 370.668640
61.628690 366.323100 57.560978 372.756195
61.649880 368.352400 57.542503 374.815002
61.624730 370.355800 57.480080 376.864960
61.511180 372.339500 57.321968 378.870667
61.271590 374.388200 57.030460 380.941345
60.966710 376.528400 56.666996 383.115601
60.637150 378.796200 56.282200 385.407227
60.324540 381.208000 55.932384 387.827942
60.065570 383.741300 55.625370 390.400452
59.884830 386.413700 55.380093 393.146759
59.789830 389.195600 55.238571 395.955902
59.765420 392.106700 55.135452 398.937897
59.766400 395.121300 55.058395 402.014191
59.728620 398.268800 54.932823 405.234497
59.673270 401.492900 54.801453 408.504547
59.575390 404.694600 54.622627 411.722992
59.425140 407.916600 54.409336 415.000305
59.267000 411.104300 54.184036 418.244629
59.084670 414.257800 53.949677 421.466827
58.913680 417.417100 53.733093 424.663147
58.748810 420.528100 53.497932 427.842682
58.574140 423.604200 53.280483 430.974060
58.437200 426.635400 53.085526 434.054352
58.286850 429.523300 52.887367 436.967346
58.117570 432.280500 52.661770 439.748962
57.924100 434.902000 52.414852 442.427063
57.663190 437.382700 52.098076 444.960938
57.368250 439.710400 51.769482 447.335419
57.036690 441.889000 51.399796 449.531586
56.656850 443.874800 50.990204 451.558105
56.323860 445.645400 50.627014 453.355988
56.148660 447.270100 50.429249 455.000061
56.616130 448.530800 50.492813 456.512787
57.333540 449.649800 50.804737 457.885315
58.025620 450.723300 51.394333 459.046570
58.683230 451.752100 52.236832 460.060547
59.300760 452.745900 53.256882 460.869141
60.051910 453.493100 54.375427 461.424500
61.232100 453.863600 55.593689 461.808777
62.575150 454.072200 56.962875 462.018463
64.075560 454.193600 58.470131 462.145416
65.729870 454.237800 60.167145 462.203156
67.536180 454.320400 61.991173 462.307159
69.481920 454.413600 63.957012 462.430603
71.568440 454.517900 66.081970 462.575287
73.783230 454.637300 68.320038 462.751831
76.158670 454.789800 70.694199 462.971893
78.646770 454.943100 73.259811 463.200684
81.225870 455.115600 75.887772 463.440216
83.916780 455.302300 78.608414 463.689514
86.702020 455.456700 81.439636 463.919556
89.526350 455.578300 84.300613 464.118774
92.412350 455.733700 87.204796 464.353241
95.328570 455.895400 90.153442 464.593689
98.249890 456.054300 93.114441 464.822784
101.184100 456.224200 96.095192 465.049866
104.093100 456.393100 99.055611 465.279022
106.998900 456.525600 102.041298 465.477051
109.897200 456.654500 104.984291 465.677063
112.749700 456.816600 107.894547 465.899170
115.610200 456.965500 110.801117 466.118744
118.400100 457.099300 113.636368 466.318024
121.145900 457.258900 116.418762 466.541473
123.876500 457.448100 119.178719 466.790955
126.583800 457.666500 121.922028 467.060242
129.241600 457.972700 124.618088 467.430359
131.877300 458.360200 127.284424 467.880646
134.472300 458.810900 129.912628 468.385406
137.047800 459.328100 132.523438 468.955566
139.578900 459.909300 135.082947 469.577240
142.082300 460.548100 137.612289 470.273193
144.536100 461.240400 140.109711 471.022797
146.935100 462.035700 142.549011 471.866180
149.323900 462.890800 144.956955 472.762939
151.645200 463.789700 147.289886 473.698944
153.953700 464.746000 149.628265 474.703491
156.216300 465.719100 151.907990 475.739349
158.442000 466.755000 154.144989 476.843994
160.610800 467.844100 156.318390 478.003296
162.721500 468.976400 158.441055 479.199097
164.765200 470.136200 160.492279 480.422302
166.772400 471.335900 162.502411 481.698547
168.632200 472.526000 164.362289 482.956146
170.346500 473.697400 166.078094 484.184570
171.909300 474.797000 167.651901 485.342346
173.302800 475.783300 169.060577 486.389923
174.556500 476.625400 170.351349 487.270264
175.656700 477.273900 171.487320 487.937256
176.667400 477.791400 172.537827 488.471985
177.693700 478.199200 173.594421 488.894073
178.769200 478.445200 174.694717 489.168030
179.820200 478.560500 175.791321 489.304108
180.911200 478.531600 176.904007 489.296082
182.068600 478.323700 178.100830 489.098175
183.262200 477.935100 179.333801 488.708832
184.488300 477.285200 180.621399 488.040741
185.759400 476.306800 181.914093 487.059296
187.077400 475.006900 183.260513 485.770203
188.478700 473.464500 184.711304 484.227081
189.953700 471.703500 186.259979 482.445618
191.518900 469.725200 187.896667 480.480652
193.208300 467.608400 189.643631 478.358459
195.017400 465.320900 191.522461 476.043335
196.863700 462.933100 193.431396 473.653809
198.729100 460.522700 195.365738 471.227814
200.614200 458.121400 197.323624 468.829773
202.510500 455.730200 199.283615 466.425476
204.411000 453.358300 201.241257 464.059052
206.321800 451.001000 203.240829 461.691803
208.222000 448.665100 205.192230 459.362793
210.114400 446.337900 207.150177 457.034729
211.976500 444.014500 209.076309 454.736206
213.836200 441.706600 210.992279 452.419952
215.683700 439.420500 212.911743 450.136353
217.555600 437.143300 214.853363 447.856873
219.471300 434.824100 216.859314 445.524078
221.450500 432.447100 218.921539 443.146667
223.466700 430.017100 221.036057 440.731689
225.486700 427.604100 223.153625 438.253357
227.506500 425.191500 225.265671 435.799072
229.526100 422.779100 227.374542 433.383026
231.545400 420.367100 229.461823 431.003601
233.564400 417.955300 231.524902 428.671082
235.559300 415.588300 233.559998 426.376190
237.436800 413.389000 235.504242 424.162811
238.780200 411.507400 237.325470 422.086029
239.937800 409.690800 238.931091 420.144165
241.095100 407.877000 240.286224 418.358643
242.251200 406.068000 241.355774 416.668884
243.408000 404.262500 242.084106 415.000305
244.011000 402.484000 242.486038 413.272675
244.001400 400.839200 242.519135 411.587830
243.616800 399.284000 242.171204 409.948914
242.890100 397.828700 241.451859 408.444153
241.873600 396.462000 240.457993 407.041718
240.631500 395.201500 239.232208 405.727905
239.221600 394.033800 237.822418 404.489563
237.618600 392.957600 236.190048 403.335754
235.793400 391.994800 234.342743 402.322021
233.764600 391.138800 232.278778 401.434540
231.526900 390.407500 230.011871 400.666229
229.101900 389.773400 227.539612 399.971893
226.502900 389.204300 224.891953 399.315094
223.725900 388.759000 222.060089 398.788971
220.797800 388.372500 219.066559 398.327637
217.710700 387.983400 215.917755 397.872986
214.530600 387.607200 212.696167 397.443390
211.281800 387.245500 209.360077 397.042053
207.989900 386.906600 206.022415 396.634491
204.658000 386.595500 202.603943 396.258331
201.286800 386.304300 199.161362 395.912384
197.918900 386.031200 195.709320 395.584076
194.555800 385.786300 192.274063 395.288605
191.207200 385.554600 188.870239 395.011719
187.886200 385.358400 185.485321 394.767242
184.599200 385.187900 182.116028 394.521179
181.348200 385.028900 178.786072 394.309662
178.125300 384.880300 175.518066 394.063721
174.940200 384.732200 172.263489 393.836426
171.787000 384.605200 169.066177 393.614624
168.667500 384.479200 165.888519 393.403320
165.610000 384.375800 162.784363 393.229218
162.651900 384.300900 159.765778 393.078949
159.841600 384.253100 156.894608 392.939758
157.212800 384.244100 154.222519 392.863037
154.757500 384.238100 151.711929 392.788147
152.465500 384.177300 149.373718 392.669830
150.349500 384.033300 147.236572 392.466064
148.462800 383.774700 145.322098 392.153870
146.861800 383.342900 143.744080 391.655670
145.493000 382.652100 142.409912 390.924927
144.342900 381.710300 141.299622 389.967682
143.476000 380.548800 140.467422 388.765808
142.885900 379.215000 139.931686 387.429199
142.512900 377.743300 139.570831 385.934143
142.317800 376.136600 139.406616 384.327820
142.188100 374.395800 139.312073 382.597351
142.147200 372.567400 139.302582 380.759125
142.122900 370.607400 139.299911 378.777252
142.117600 368.494900 139.335190 376.644165
142.130800 366.233800 139.389618 374.356812
142.204400 363.814600 139.514709 371.865234
142.299400 361.231000 139.662079 369.239716
142.415300 358.474700 139.840134 366.446960
142.582500 355.558100 140.095459 363.462891
142.739700 352.539000 140.324448 360.412506
142.891900 349.439100 140.558029 357.254456
143.064500 346.281300 140.806305 354.049438
143.227100 343.091000 141.028656 350.833191
143.425200 339.887400 141.290024 347.560303
143.616200 336.700500 141.547272 344.309540
143.795900 333.502200 141.794891 341.041992
144.005700 330.337500 142.053436 337.833313
144.230000 327.130600 142.287262 334.593445
144.419100 323.896200 142.504349 331.304840
144.587400 320.591100 142.729126 327.986816
144.754600 317.239000 142.955414 324.587189
144.941900 313.833000 143.189209 321.149872
145.157300 310.363000 143.457687 317.667511
145.368500 306.861100 143.700119 314.158264
145.569800 303.322100 143.947891 310.588776
145.779600 299.781500 144.194916 306.991699
145.995800 296.224300 144.453079 303.374023
146.232800 292.723700 144.745209 299.822540
146.466500 289.221500 145.011795 296.266754
146.685200 285.746000 145.297714 292.735870
146.893800 282.281200 145.579483 289.210327
147.103700 278.834100 145.836639 285.682892
147.309200 275.380000 146.128815 282.187439
147.469000 272.014900 146.351349 278.787750
147.644100 268.640500 146.581375 275.376068
147.828000 265.287400 146.830307 271.988617
148.018700 262.011300 147.078995 268.646240
148.191600 258.776500 147.297318 265.334351
148.362500 255.568000 147.496231 262.039917
148.542700 252.484800 147.725143 258.906738
148.699400 249.530100 147.915604 255.928223
148.855100 246.697000 148.113098 253.075241
149.012000 244.059600 148.340469 250.393936
149.177500 241.565300 148.557266 247.855560
149.354100 239.240800 148.793671 245.497910
149.518500 237.141100 149.002075 243.345551
149.688400 235.241100 149.210205 241.412781
149.831600 233.536700 149.387451 239.676758
149.906300 232.004900 149.509491 238.105682
149.838700 230.619900 149.472870 236.683105
149.635100 229.344100 149.298721 235.342316
149.241300 228.150200 148.924667 234.164474
148.716100 227.039600 148.405075 233.003998
148.000700 226.008200 147.699265 231.898102
147.075700 225.048900 146.792297 230.891632
145.937600 224.217300 145.671173 229.972931
144.564400 223.496400 144.320694 229.206802
143.010800 222.963900 142.758911 228.593536
141.316600 222.568700 141.069153 228.139465
139.454500 222.334500 139.219284 227.838379
137.425000 222.166300 137.202484 227.586792
135.205500 222.050100 134.987747 227.400314
132.804000 221.961500 132.555542 227.232040
130.267400 221.919300 129.949768 227.104141
127.508700 221.882500 127.142204 226.950989
124.622700 221.854300 124.204765 226.791656
121.664000 221.830100 121.201050 226.647583
118.657200 221.763300 118.142624 226.471909
115.641600 221.685500 115.074310 226.262115
112.627300 221.570300 112.024231 226.029800
109.673500 221.356100 109.016891 225.782455
106.754900 221.166500 106.040016 225.539780
103.815900 220.977200 103.053528 225.315750
100.933900 220.822800 100.110275 225.097031
98.075460 220.656000 97.202332 224.887695
95.253020 220.487500 94.352448 224.663895
92.486910 220.344500 91.528862 224.429108
89.875370 220.223200 88.921738 224.216293
87.458400 220.103100 86.489105 224.008682
85.308900 219.940400 84.250908 223.835556
83.404740 219.814900 82.316704 223.714157
81.811460 219.719400 80.654686 223.633759
80.386560 219.682400 79.181992 223.592041
79.003730 219.767200 77.768372 223.643616
77.660700 220.007600 76.398041 223.830338
76.371580 220.406400 75.085724 224.157990
75.155860 220.960300 73.834763 224.645554
74.011040 221.726500 72.641014 225.377151
72.923470 222.715600 71.500526 226.321198
71.978870 223.872400 70.510849 227.446793
71.184520 225.266700 69.715797 228.742828
70.559680 226.755300 69.075562 230.156021
70.106430 228.212400 68.615631 231.640594
69.780350 229.717400 68.271156 233.188141
69.611080 231.273600 68.081734 234.776382
69.507330 232.885000 67.960609 236.397949
69.413710 234.508900 67.850159 238.069229
69.343880 236.144900 67.745018 239.705612
69.165330 237.775100 67.543610 241.339508
68.850580 239.377200 67.206726 242.919891
68.411010 240.827300 66.701897 244.362549
67.727420 242.111200 65.961037 245.651810
66.803100 243.182900 64.999825 246.774124
65.701790 244.107800 63.847328 247.736450
64.448250 244.782200 62.594398 248.375641
63.080800 245.260000 61.168442 248.854996
61.580750 245.474700 59.627007 249.044479
60.021940 245.545100 58.054142 249.079681
58.373630 245.501300 56.372787 249.002945
56.557790 245.387700 54.519348 248.898392
54.575700 245.267600 52.502953 248.772354
52.422320 245.171900 50.281517 248.658295
50.087930 245.081900 47.884392 248.528473
47.581640 245.008900 45.325996 248.408569
44.918970 244.937600 42.627327 248.266556
42.122820 244.817200 39.740616 248.069260
39.164720 244.672400 36.710808 247.862442
36.057060 244.510700 33.528481 247.622375
32.840100 244.318200 30.250654 247.358795
29.595440 244.119000 26.934847 247.090240
26.356030 243.938500 23.624863 246.850601
23.136280 243.778100 20.316235 246.626953
19.923890 243.574600 17.015158 246.356720
16.771670 243.333700 13.778028 246.057312
13.661940 243.082500 10.599407 245.748840
10.666390 242.818300 7.576281 245.426422
7.814747 242.555200 4.677698 245.123306
5.139292 242.325200 1.972342 244.853607
2.679849 242.118700 -0.519913 244.615631
0.450309 241.930700 -2.780693 244.395935
-1.528966 241.776000 -4.796425 244.207504
-3.228819 241.670700 -6.525486 244.081573
-4.618300 241.633500 -7.917685 244.018768
-5.727634 241.635600 -9.042593 244.007217
-6.594910 241.676300 -9.917617 244.038025
-7.316062 241.736500 -10.645585 244.097137
-7.999830 241.824600 -11.342403 244.182785
-8.668434 241.971800 -12.011951 244.333542
-9.310473 242.159800 -12.661278 244.515869
-10.040280 242.489600 -13.407547 244.826004
-10.900630 242.986700 -14.280457 245.295410
-11.788840 243.696900 -15.202606 245.989151
-12.605680 244.629900 -16.066193 246.915161
-13.325190 245.805400 -16.863335 248.114182
-13.876090 247.212100 -17.438034 249.594574
-14.262280 248.903900 -17.851116 251.333298
-14.456720 250.843200 -18.065708 253.329010
-14.534350 252.994100 -18.172361 255.555008
-14.597030 255.350200 -18.269648 257.976685
-14.667090 257.910700 -18.385756 260.599792
-14.735990 260.649600 -18.520916 263.405396
-14.849520 263.575900 -18.703829 266.402161
-14.957480 266.729800 -18.889154 269.622253
-15.059630 270.015600 -19.083961 272.976105
-15.182710 273.477200 -19.311510 276.486053
-15.303150 277.021400 -19.531332 280.074921
-15.440230 280.658500 -19.767155 283.776855
-15.590580 284.351600 -20.017496 287.495911
-15.764490 288.068200 -20.290188 291.267334
-15.946800 291.811700 -20.571949 295.073975
-16.099940 295.543400 -20.835964 298.909149
-16.260060 299.308400 -21.078415 302.775421
-16.425310 303.105800 -21.317734 306.645447
-16.590140 306.893300 -21.585005 310.507507
-16.756680 310.705900 -21.854967 314.408386
-16.910250 314.536100 -22.104555 318.309967
-17.062160 318.371600 -22.371782 322.229889
-17.211700 322.183300 -22.645294 326.140137
-17.359600 325.995800 -22.901184 330.021088
-17.503240 329.777900 -23.178383 333.917633
-17.652950 333.537700 -23.421663 337.721497
-17.803470 337.274400 -23.674358 341.539154
-17.965510 340.928300 -23.938354 345.287842
-18.139020 344.467400 -24.195847 348.914398
-18.309560 347.827300 -24.455338 352.363220
-18.498430 351.069300 -24.704786 355.675507
-18.657830 354.177800 -24.933554 358.868896
-18.779270 357.113600 -25.117289 361.902191
-18.870160 359.864000 -25.263081 364.738251
-18.946200 362.402300 -25.397121 367.338379
-18.990920 364.711200 -25.503544 369.710571
-19.050610 366.784400 -25.608875 371.818878
-19.150770 368.599600 -25.754616 373.659332
-19.288630 370.232600 -25.952036 375.294342
-19.600770 371.746300 -26.293747 376.806366
-20.181060 373.134000 -26.911598 378.144745
-21.046240 374.352900 -27.733673 379.268433
-22.127780 375.353800 -28.772659 380.205994
-23.457040 376.098400 -30.102570 380.935486
-24.934490 376.556700 -31.632713 381.348511
-26.555040 376.670400 -33.287231 381.400146
-28.276760 376.521700 -35.019409 381.168152
-30.056280 376.231600 -36.826859 380.805817
-31.975970 375.881500 -38.771091 380.414307
-34.041570 375.538800 -40.849892 380.028107
-36.312400 375.174700 -43.131660 379.601044
-38.740670 374.815500 -45.585918 379.173981
-41.349510 374.513500 -48.228020 378.807312
-44.097790 374.260800 -51.035316 378.526154
-47.011360 374.040700 -54.014114 378.247253
-50.040150 373.823900 -57.096664 377.964417
-53.185680 373.618900 -60.275021 377.697327
-56.406270 373.421900 -63.526253 377.432343
-59.653410 373.251300 -66.817886 377.176239
-62.943060 373.083600 -70.142006 376.931488
-66.219570 372.909300 -73.467377 376.664856
-69.486870 372.732000 -76.780716 376.392944
-72.726120 372.532900 -80.077858 376.096802
-75.949990 372.348800 -83.350281 375.824829
-79.132360 372.198800 -86.598305 375.581451
-82.276670 372.085900 -89.790176 375.370087
-85.318380 372.021300 -92.881180 375.205658
-88.202870 371.999200 -95.821411 375.097839
-90.927450 371.989600 -98.602806 375.006866
-93.555550 371.974900 -101.289497 374.914459
-96.169310 371.894100 -103.963516 374.758362
-98.735200 371.699400 -106.570831 374.481201
-101.335900 371.405700 -109.225082 374.108734
-104.006100 371.090100 -111.951279 373.700928
-106.771100 370.792200 -114.773010 373.319824
-109.682200 370.477800 -117.730110 372.932861
-112.739100 370.228500 -120.829697 372.609467
-115.931600 370.036400 -124.062347 372.319275
-119.286600 369.828600 -127.450455 372.023834
-122.729500 369.724600 -130.952591 371.826752
-126.288700 369.671200 -134.566666 371.656830
-129.839700 369.662300 -138.147919 371.538422
-133.385600 369.650900 -141.743774 371.436554
-136.894400 369.634000 -145.298569 371.331818
-140.398100 369.514400 -148.829819 371.110474
-143.862100 369.340500 -152.330612 370.836060
-147.327600 369.166400 -155.863937 370.582886
-150.737000 368.971100 -159.314682 370.291718
-154.158600 368.781900 -162.772079 370.020294
-157.533900 368.539100 -166.191879 369.698334
-160.863100 368.281900 -169.578720 369.350311
-164.185700 368.025000 -172.935760 369.000427
-167.432800 367.748600 -176.261871 368.647430
-170.642400 367.488400 -179.526733 368.314331
-173.841400 367.227100 -182.788422 367.985291
-177.023700 366.951400 -186.023468 367.638794
-180.244500 366.730400 -189.305267 367.339752
-183.473900 366.580900 -192.581940 367.103455
-186.744800 366.472000 -195.905624 366.910431
-190.033500 366.367300 -199.226242 366.720734
-193.355400 366.250500 -202.597443 366.525391
-196.716900 366.188600 -206.015945 366.367462
-200.121200 366.182600 -209.473389 366.284271
-203.540500 366.199800 -212.928009 366.203339
-206.952700 366.227500 -216.385849 366.144531
-210.347900 366.285500 -219.844040 366.105347
-213.706200 366.365900 -223.306122 366.069244
-217.009500 366.481900 -226.645721 366.112305
-220.179700 366.654500 -229.885574 366.203705
-223.191200 366.879000 -232.960312 366.358521
-226.097000 367.114900 -235.929871 366.509674
-228.814800 367.345400 -238.683853 366.676819
-231.386300 367.584000 -241.287094 366.858490
-233.712600 367.887700 -243.670944 367.101013
-235.782000 368.275800 -245.801620 367.442749
-237.675400 368.737900 -247.741379 367.878448
-239.369400 369.206200 -249.485321 368.303528
-240.923900 369.617600 -251.095337 368.682526
-242.343700 369.946600 -252.546844 368.972687
-243.617800 370.200700 -253.829437 369.185516
-244.859400 370.340600 -255.084381 369.296539
-246.077300 370.391700 -256.312042 369.313690
-247.267700 370.379800 -257.512939 369.266449
-248.493500 370.333700 -258.745453 369.189911
-249.783700 370.306600 -260.044342 369.133820
-251.078800 370.299200 -261.352295 369.102478
-252.358200 370.349900 -262.663300 369.126404
-253.632100 370.436500 -263.977264 369.160706
-254.850600 370.581800 -265.221619 369.286102
-255.940600 370.729900 -266.335541 369.415344
-256.915700 370.895600 -267.334747 369.562012
-257.880300 371.026600 -268.315094 369.666656
-258.825300 371.074700 -269.275269 369.702515
-259.790200 371.036700 -270.244446 369.640106
-260.853800 370.865000 -271.291626 369.447052
-261.981300 370.525600 -272.430054 369.082611
-263.149900 369.955400 -273.540131 368.466888
-264.334300 369.128800 -274.721741 367.613037
-265.453200 367.983800 -275.815735 366.432465
-266.451000 366.525200 -276.799988 364.949066
-267.251800 364.723800 -277.605408 363.150696
-267.949500 362.709300 -278.258698 361.106445
-268.506500 360.485200 -278.772675 358.830597
-268.941500 358.026800 -279.135193 356.316010
-269.220400 355.348600 -279.343506 353.595978
-269.448800 352.477300 -279.498291 350.649475
-269.718000 349.407100 -279.674347 347.534210
-269.985700 346.177700 -279.843353 344.242645
-270.257600 342.841000 -279.983307 340.870819
-270.518100 339.408900 -280.128876 337.399750
-270.754500 335.850800 -280.253815 333.759552
-270.955500 332.279200 -280.320435 330.131287
-271.100700 328.699800 -280.356293 326.511353
-271.205200 325.126400 -280.363953 322.889984
-271.267700 321.587300 -280.315308 319.289276
-271.275200 318.070500 -280.201050 315.699066
-271.222900 314.582000 -280.040771 312.160889
-271.120000 311.120600 -279.845459 308.630188
-270.978000 307.683800 -279.593597 305.148315
-270.782700 304.265600 -279.291229 301.673279
-270.528600 300.853100 -278.928680 298.229004
-270.242000 297.429400 -278.547974 294.747284
-269.919600 293.989900 -278.108551 291.259949
-269.545200 290.528500 -277.626892 287.785950
-269.141700 287.042100 -277.130096 284.271027
-268.688300 283.528200 -276.585144 280.714081
-268.188900 279.998100 -275.974396 277.173706
-267.644900 276.438400 -275.335724 273.613831
-267.060700 272.864800 -274.653595 270.025757
-266.415600 269.267600 -273.905273 266.421204
-265.703700 265.659900 -273.108673 262.818329
-264.933700 262.028500 -272.229980 259.190765
-264.083600 258.356100 -271.276489 255.519836
-263.198600 254.694500 -270.288086 251.851944
-262.249500 251.044300 -269.237396 248.196381
-261.237300 247.429800 -268.117859 244.552261
-260.189300 243.839800 -266.961609 240.923920
-259.094000 240.246100 -265.771790 237.295456
-257.955600 236.666200 -264.537231 233.732437
-256.772700 233.104800 -263.259216 230.155701
-255.531300 229.548500 -261.919525 226.576202
-254.248400 226.028100 -260.548889 223.024399
-252.919100 222.544000 -259.148651 219.506104
-251.574800 219.079600 -257.698853 216.037537
-250.208800 215.633800 -256.235687 212.658600
-248.823500 212.212300 -254.757568 209.213470
-247.396200 208.816100 -253.247238 205.839417
-245.924600 205.438400 -251.702423 202.425476
-244.407500 202.096000 -250.114334 199.095184
-242.864900 198.761700 -248.484161 195.746170
-241.279000 195.474400 -246.823730 192.441589
-239.649300 192.235800 -245.109558 189.196732
-237.983200 189.035400 -243.368958 185.988571
-236.298900 185.858800 -241.602875 182.801636
-234.588400 182.702700 -239.814575 179.669296
-232.835600 179.589900 -237.983978 176.551117
-231.009300 176.491000 -236.090546 173.425980
-229.111700 173.245900 -234.152130 170.334473
-227.176300 170.021800 -232.174927 167.198715
-225.177100 166.838100 -230.115646 164.072861
-223.121100 163.678300 -227.986450 160.933624
-221.021800 160.583500 -225.817062 157.848862
-218.906700 157.528200 -223.627502 154.798584
-216.758300 154.516100 -221.399506 151.787109
-214.598900 151.542200 -219.171310 148.822357
-212.419400 148.613400 -216.928406 145.928040
-210.228200 145.723000 -214.672577 143.037903
-207.984500 142.875200 -212.363281 140.211533
-205.709300 140.044600 -210.024429 137.382309
-203.367700 137.252600 -207.614716 134.582916
-200.986900 134.476000 -205.178223 131.827469
-198.545200 131.709700 -202.681671 129.065979
-196.059300 128.939500 -200.151276 126.328339
-193.510200 126.196800 -197.549103 123.621857
-190.897300 123.468900 -194.867538 120.901688
-188.227400 120.762000 -192.132904 118.189369
-185.497000 118.076800 -189.326004 115.473488
-182.724000 115.414700 -186.463379 112.785904
-179.874900 112.756200 -183.554398 110.136780
-176.963500 110.129700 -180.583176 107.531326
-174.022700 107.478800 -177.592102 104.917236
-171.062700 104.830200 -174.551636 102.287445
-168.072200 102.205400 -171.490219 99.672745
-165.063500 99.572080 -168.379730 97.038437
-162.094200 96.925240 -165.335663 94.396370
-159.158100 94.245620 -162.321945 91.723648
-156.222000 91.591220 -159.292969 89.069443
-153.302600 88.949020 -156.265945 86.413895
-150.415700 86.290970 -153.294617 83.765221
-147.525700 83.616700 -150.319992 81.094727
-144.616800 80.967880 -147.339890 78.453064
-141.680000 78.334030 -144.330231 75.825844
-138.744900 75.701910 -141.303772 73.176628
-135.803000 73.066790 -138.271301 70.503204
-132.863800 70.434610 -135.256592 67.849335
-129.933000 67.796650 -132.268066 65.232773
-127.009300 65.165490 -129.264648 62.596237
-124.094300 62.565200 -126.268143 59.993950
-121.185800 59.961850 -123.279617 57.374733
-118.275800 57.358150 -120.296280 54.765388
-115.383500 54.746480 -117.327179 52.132317
-112.487100 52.132910 -114.332542 49.493004
-109.563100 49.507800 -111.343254 46.892410
-106.649400 46.882310 -108.359932 44.284973
-103.717200 44.240620 -105.356148 41.661259
-100.776700 41.607720 -102.342888 39.046818
-97.815960 38.955960 -99.347435 36.444935
-94.863170 36.299440 -96.303345 33.809391
-91.884440 33.643060 -93.233231 31.144720
-88.909720 30.989760 -90.194237 28.511496
-85.917480 28.322680 -87.164734 25.881247
-82.929050 25.668410 -84.105225 23.254032
-79.941980 23.038030 -81.053017 20.645737
-76.962720 20.421650 -78.003983 18.037525
-74.007520 17.823510 -74.962540 15.430449
-71.092400 15.226900 -71.963608 12.835089
-68.209240 12.634500 -69.004616 10.224504
-65.354250 10.051970 -66.085068 7.700005
-62.542350 7.481356 -63.199829 5.135824
-59.754040 4.927046 -60.346962 2.587463
-57.009180 2.422195 -57.508858 0.071661
-54.340090 0.009828 -54.772919 -2.335566
-51.766990 -2.296378 -52.151680 -4.632925
-49.260900 -4.526641 -49.572876 -6.870565
-46.853800 -6.677798 -47.102386 -9.025867
-44.569730 -8.685225 -44.743473 -11.032568
-42.404320 -10.528340 -42.494793 -12.890328
-40.364200 -12.198710 -40.412132 -14.539221
-38.389800 -13.695430 -38.400578 -16.019249
-36.423220 -15.003710 -36.381630 -17.303406
-34.423200 -16.097900 -34.328320 -18.397629
-32.364650 -16.913830 -32.214069 -19.207724
-30.265120 -17.411740 -30.115232 -19.673733
-28.163420 -17.604910 -27.991388 -19.837774
-26.110560 -17.459960 -25.948051 -19.653002
-24.143360 -16.987220 -23.979338 -19.151230
-22.296980 -16.217800 -22.115248 -18.345186
-20.604650 -15.231400 -20.389996 -17.314310
-19.008910 -14.153640 -18.754532 -16.191437
-17.427180 -13.090130 -17.112106 -15.064182
-15.874640 -12.069320 -15.538248 -13.984646
-14.363580 -11.106930 -13.996430 -12.963740
-12.922670 -10.242620 -12.511774 -12.019520
-11.574780 -9.466819 -11.121727 -11.174839
-10.317910 -8.788752 -9.838277 -10.435084
-9.188230 -8.193104 -8.677818 -9.786543
-8.211014 -7.716742 -7.674512 -9.256910
-7.426664 -7.335419 -6.867812 -8.828023
-6.732949 -7.004384 -6.166132 -8.468985
-6.081177 -6.624412 -5.509078 -8.053433
-5.489078 -6.233971 -4.897311 -7.653329
-4.934984 -5.802268 -4.323795 -7.222967
-4.339961 -5.285216 -3.736177 -6.681349
-3.697865 -4.592905 -3.090511 -5.963391
-3.037676 -3.769289 -2.431456 -5.131820
-2.408137 -2.790908 -1.798981 -4.126626
-1.801721 -1.625169 -1.204491 -2.946222
-1.269630 -0.215074 -0.687908 -1.528203
-0.812186 1.417145 -0.234113 0.131650
-0.577413 3.304554 0.036933 2.010182
-0.470925 5.426109 0.143606 4.080407
-0.476637 7.694492 0.108952 6.353646
-0.570738 10.119870 -0.015543 8.785668
-0.648451 12.686750 -0.124389 11.360040
-0.748385 15.378500 -0.264555 14.119627
-0.860824 18.191740 -0.413631 16.987753
-0.998219 21.084400 -0.588381 20.023731
-1.176238 24.100490 -0.801668 23.145567
-1.395968 27.224660 -1.055888 26.325886
-1.640741 30.420880 -1.342130 29.597494
-1.879320 33.664680 -1.628263 32.912296
-2.150183 36.923590 -1.941332 36.255329
-2.397389 40.249040 -2.250323 39.668732
-2.638864 43.594280 -2.563807 43.111622
-2.848280 46.962570 -2.815622 46.582367
-3.041372 50.356970 -3.087230 50.083885
-3.212653 53.820380 -3.324584 53.608284
-3.380992 57.307360 -3.547255 57.179173
-3.567609 60.834770 -3.785518 60.788651
-3.786600 64.385720 -4.047148 64.418037
-3.981904 67.973540 -4.297191 68.092140
-4.173959 71.565920 -4.563330 71.779449
-4.396788 75.106490 -4.827312 75.417061
-4.593996 78.623730 -5.056466 79.064064
-4.800834 82.136440 -5.290262 82.670479
-5.016400 85.597270 -5.543994 86.200455
-5.214554 89.008160 -5.787316 89.647720
-5.369648 92.435540 -6.001926 93.128479
-5.524006 95.827610 -6.196135 96.597771
