-0.000000 0.000000 0.000000 0.000000
-0.031067 2.888054 0.003657 2.922179
-0.064585 5.738958 0.022401 5.803829
-0.101303 8.535486 0.003997 8.654831
-0.142195 11.339520 -0.027871 11.479980
-0.184906 14.041360 -0.061179 14.272608
-0.236713 16.743090 -0.106052 17.056427
-0.293743 19.414190 -0.162961 19.776365
-0.351775 22.037930 -0.216608 22.487648
-0.412104 24.615430 -0.294409 25.114702
-0.469077 27.080370 -0.379237 27.634361
-0.537729 29.454710 -0.457331 30.065176
-0.609883 31.753310 -0.542920 32.450104
-0.707028 33.962280 -0.645808 34.722076
-0.822501 36.085730 -0.745264 36.903225
-0.935694 38.111240 -0.867255 39.005840
-1.022967 40.037480 -0.963627 40.996250
-1.107347 41.890890 -1.050010 42.892216
-1.156523 43.592390 -1.090333 44.673512
-1.165281 45.110470 -1.094921 46.265553
-1.139704 46.435620 -1.066712 47.646950
-1.077742 47.567320 -1.001054 48.823139
-1.006263 48.450880 -0.927789 49.762207
-0.897746 49.232390 -0.808427 50.590652
-0.757712 49.986150 -0.661839 51.404922
-0.562625 50.707270 -0.454928 52.146168
-0.317219 51.420200 -0.189415 52.900703
0.000274 52.129820 0.145466 53.643772
0.427978 52.800310 0.594347 54.332787
0.965237 53.472800 1.157879 55.046223
1.658262 54.153430 1.858234 55.740433
2.612681 54.789880 2.808292 56.439369
3.766145 55.335410 3.969749 57.049408
5.103719 55.721430 5.368305 57.521980
6.612372 55.902800 6.878138 57.731140
8.209580 55.971350 8.528625 57.847309
9.933246 55.981820 10.293431 57.863708
11.755010 55.963040 12.169283 57.834332
13.673080 55.883300 14.159490 57.772507
15.697980 55.779010 16.260317 57.700146
17.784720 55.672100 18.416660 57.623993
19.978240 55.590270 20.683357 57.578259
22.167140 55.510110 22.953299 57.538204
24.373310 55.484540 25.235516 57.541840
26.568060 55.472620 27.575590 57.563854
28.777650 55.510270 29.855740 57.591751
30.985590 55.548590 32.165073 57.648598
33.207400 55.613480 34.505192 57.739754
35.442520 55.709300 36.832504 57.844601
37.704740 55.826600 39.189678 57.981659
40.002200 55.976310 41.586704 58.168518
42.339510 56.141300 43.996273 58.337372
44.713720 56.343910 46.448746 58.555157
47.122240 56.605330 48.916130 58.834309
49.540680 56.921620 51.418232 59.171455
51.989070 57.297260 53.896618 59.563393
54.343180 57.698510 56.311302 59.983234
56.645460 58.120330 58.678024 60.437908
58.876010 58.567270 60.969875 60.911407
61.013190 59.021080 63.150715 61.393814
63.055930 59.468430 65.258453 61.856697
65.032810 59.902180 67.290222 62.307411
66.922080 60.298360 69.243073 62.747154
68.724720 60.677920 71.095337 63.137135
70.449950 61.033000 72.884155 63.516655
72.086540 61.346730 74.587616 63.843887
73.701140 61.657010 76.267052 64.167679
75.335240 61.944750 77.973816 64.478622
76.992600 62.291350 79.687935 64.860069
78.692590 62.691950 81.457420 65.292305
80.453400 63.179850 83.272186 65.804588
82.265790 63.740490 85.155571 66.390831
84.194030 64.399810 87.118164 67.072060
86.224450 65.153770 89.185478 67.847054
88.357870 65.993410 91.346596 68.685753
90.502450 66.907090 93.552002 69.631042
92.609040 67.903710 95.708504 70.611237
94.633120 68.920130 97.829407 71.629303
96.583420 69.912990 99.873611 72.634026
98.435050 70.883890 101.800552 73.616142
100.212200 71.816210 103.650757 74.576309
101.905500 72.735820 105.413307 75.507286
103.511500 73.620900 107.094131 76.384453
105.060100 74.482340 108.683472 77.263168
106.565000 75.343110 110.239754 78.150040
108.028900 76.228830 111.736023 79.058578
109.484600 77.160920 113.219963 80.005157
111.012500 78.171090 114.758369 81.054192
112.582900 79.246780 116.335258 82.174507
114.228600 80.425890 117.975166 83.400864
115.947600 81.729260 119.680939 84.725319
117.700100 83.151090 121.457794 86.195374
119.523000 84.685210 123.297226 87.787476
121.433400 86.292660 125.226234 89.446899
123.377700 87.978210 127.179726 91.160706
125.311100 89.753620 129.129517 92.980484
127.275600 91.596860 131.113449 94.862022
129.224500 93.463900 133.099365 96.761063
131.149100 95.403230 135.081268 98.754883
133.059000 97.419260 137.058197 100.806007
134.953900 99.488560 139.002975 102.919548
136.852800 101.578900 140.939697 105.064194
138.768400 103.700800 142.869278 107.238083
140.668600 105.771500 144.799088 109.376534
142.593300 107.805600 146.752899 111.467545
144.499400 109.783900 148.696152 113.517479
146.448400 111.754000 150.682541 115.564949
148.396300 113.639400 152.678574 117.542488
150.376300 115.438400 154.689041 119.432571
152.404100 117.222400 156.764999 121.363068
154.478600 118.989300 158.840134 123.215965
156.645400 120.724500 161.014389 125.043327
158.905800 122.432200 163.272049 126.841820
161.194700 124.063600 165.597382 128.567261
163.498700 125.601900 167.946518 130.229340
165.800800 127.092000 170.284821 131.797913
168.046900 128.527100 172.572388 133.293716
170.193100 129.881700 174.815231 134.726166
172.320500 131.175000 176.999023 136.051025
174.354500 132.418200 179.101334 137.335373
176.353200 133.630800 181.160828 138.547302
178.293700 134.777800 183.146851 139.717194
180.174800 135.863800 185.085709 140.829285
181.990300 136.890800 186.970428 141.890839
183.746700 137.844100 188.797699 142.884079
185.502900 138.752600 190.634094 143.832291
187.316700 139.650000 192.514771 144.758820
189.197800 140.526600 194.442276 145.656113
191.166700 141.381000 196.469284 146.539383
193.245000 142.204500 198.617126 147.395813
195.460000 143.026300 200.863617 148.233856
197.772100 143.833600 203.242889 149.084473
200.145100 144.607400 205.699051 149.895874
202.692400 145.397600 208.265350 150.696121
205.249500 146.171900 210.855560 151.521973
207.860900 146.926000 213.539520 152.317841
210.549200 147.643600 216.293808 153.062088
213.300400 148.348200 219.125641 153.790619
216.084100 149.048900 222.000824 154.524933
218.860300 149.726200 224.840836 155.241028
221.644800 150.382100 227.726990 155.941895
224.412100 151.021800 230.565704 156.610825
227.167600 151.643200 233.399033 157.270676
229.918900 152.230300 236.236298 157.879211
232.689500 152.785800 239.054047 158.449326
235.449300 153.313200 241.864380 158.997269
238.199800 153.803200 244.661011 159.521881
240.934200 154.256400 247.446030 160.007767
243.668800 154.668400 250.232697 160.453232
246.368400 155.041200 252.984772 160.861816
249.069800 155.358200 255.767563 161.196686
251.725900 155.632800 258.450714 161.500443
254.402400 155.881300 261.207062 161.797348
257.042800 156.089700 263.910522 162.040390
259.660100 156.224000 266.585388 162.202744
262.271700 156.315800 269.266022 162.319946
264.865700 156.356900 271.935455 162.384262
267.459400 156.359600 274.602600 162.408905
270.039500 156.343700 277.257416 162.423340
272.588200 156.330000 279.879852 162.425903
275.056200 156.330100 282.393738 162.445023
277.448400 156.359600 284.848114 162.497147
279.738200 156.429500 287.194214 162.586273
281.938200 156.520200 289.464111 162.694138
284.012100 156.634000 291.592133 162.812042
285.967000 156.761600 293.600861 162.941742
287.810800 156.898300 295.487457 163.092590
289.549300 157.041600 297.261322 163.248444
291.199000 157.180400 298.940430 163.410751
292.759600 157.324200 300.525879 163.581772
294.237400 157.467800 302.041962 163.761963
295.702000 157.617000 303.546387 163.931305
297.209000 157.765400 305.100006 164.097580
298.767900 157.889400 306.684448 164.233475
300.432800 158.016900 308.385132 164.381836
302.189300 158.141600 310.180420 164.515381
304.038500 158.267800 312.080170 164.654800
305.995200 158.405700 314.076660 164.803528
308.048700 158.531900 316.170746 164.947144
310.174500 158.661100 318.365143 165.082840
312.381400 158.771100 320.639832 165.201843
314.676200 158.867600 322.972107 165.308212
317.037300 158.975500 325.403534 165.414536
319.477900 159.096700 327.892303 165.571182
321.983300 159.231700 330.469391 165.715454
324.556700 159.385400 333.108917 165.882996
327.199000 159.561700 335.804382 166.068680
329.888000 159.763100 338.564362 166.290192
332.606500 159.992500 341.362976 166.546204
335.346200 160.242300 344.178040 166.808670
338.087800 160.502200 347.010040 167.080658
340.808300 160.751300 349.805359 167.342316
343.520500 160.989100 352.588196 167.619247
346.223500 161.227200 355.341736 167.891449
348.906500 161.474100 358.096436 168.156372
351.590100 161.717700 360.843262 168.425262
354.273100 161.969400 363.590271 168.715836
356.966000 162.239900 366.333588 169.038010
359.666600 162.550200 369.075348 169.416229
362.375700 162.896300 371.783997 169.846878
365.062800 163.323000 374.496216 170.345551
367.727000 163.850800 377.190521 170.929443
370.348600 164.475400 379.867462 171.569763
372.964400 165.138700 382.567047 172.257919
375.599800 165.826700 385.273590 172.984467
378.229900 166.566100 387.965302 173.762955
380.801800 167.357500 390.608582 174.559631
383.318400 168.171800 393.217224 175.396286
385.808200 169.013900 395.792847 176.259521
388.246500 169.856400 398.300110 177.113129
390.650800 170.695000 400.780487 177.961304
393.014800 171.503500 403.225403 178.780182
395.404400 172.284100 405.663422 179.580063
397.780400 173.063700 408.119507 180.388504
400.205400 173.874000 410.595703 181.214676
402.725900 174.699400 413.144958 182.047241
405.238700 175.529800 415.766724 182.898880
407.810400 176.369600 418.428436 183.768173
410.380800 177.246300 421.064026 184.652023
412.944100 178.091800 423.676361 185.539856
415.502100 178.907300 426.264771 186.411667
417.987000 179.722000 428.780151 187.268661
420.400700 180.499000 431.246002 188.110931
422.723500 181.229600 433.610046 188.903824
424.970600 181.953100 435.893555 189.662628
427.191300 182.654700 438.179230 190.398590
429.364900 183.330700 440.398193 191.120514
431.542400 184.015100 442.619232 191.825485
433.709700 184.706100 444.864319 192.541626
435.894400 185.396800 447.084747 193.274963
437.987000 186.094800 449.253479 194.012283
439.976500 186.775400 451.314209 194.720810
441.889500 187.423200 453.268188 195.400269
443.709700 188.041300 455.145233 196.060287
445.449300 188.641500 456.920410 196.690460
447.056300 189.201200 458.612885 197.294495
448.590500 189.739900 460.188477 197.860733
450.015000 190.249300 461.679199 198.407013
451.352700 190.721500 463.070007 198.932556
452.596100 191.161200 464.343445 199.395065
453.710200 191.550200 465.509399 199.797516
454.731200 191.911400 466.589111 200.181870
455.653200 192.246800 467.544556 200.523178
456.505300 192.533700 468.445587 200.830414
457.319300 192.826200 469.292114 201.127594
458.109900 193.111500 470.102509 201.422058
458.896600 193.410900 470.928192 201.722015
459.697700 193.760100 471.759369 202.068161
460.531700 194.165900 472.624146 202.481201
461.370300 194.631800 473.482849 202.958893
462.158600 195.139900 474.284668 203.476349
462.899600 195.612800 475.038147 203.984680
463.586200 195.962000 475.760376 204.368546
464.354300 196.273600 476.498718 204.698227
465.139400 196.550800 477.291412 204.964828
465.948600 196.799800 478.107513 205.204971
466.714000 197.006300 478.898407 205.446548
467.409700 197.209000 479.592224 205.651535
468.004600 197.427000 480.191193 205.887192
468.491000 197.643300 480.682281 206.130295
468.884200 197.788300 481.084229 206.328354
469.204000 197.984300 481.403320 206.558014
469.473000 198.134800 481.670746 206.753601
469.708700 198.262200 481.900818 206.926666
469.857800 198.400100 482.050140 207.095581
469.984600 198.505100 482.171143 207.208893
470.093200 198.600100 482.285217 207.301270
