0.000000 0.000000 0.000000 -0.000000
-0.007832 1.689225 -0.008954 1.718691
-0.029694 3.390281 -0.033488 3.401357
-0.070081 5.150463 -0.056594 5.184794
-0.123858 6.989627 -0.104426 7.045971
-0.184475 8.978383 -0.155904 9.048505
-0.253794 11.064230 -0.231592 11.167126
-0.296212 13.335200 -0.286927 13.455294
-0.345120 15.748820 -0.354784 15.886679
-0.368644 18.288060 -0.407212 18.471344
-0.406558 20.990620 -0.478833 21.233824
-0.450732 23.849210 -0.552584 24.104176
-0.505576 26.794890 -0.627304 27.046658
-0.567916 29.817300 -0.706943 30.122658
-0.634186 32.902500 -0.793519 33.216648
-0.704629 36.067260 -0.890928 36.397884
-0.763742 39.276990 -0.986360 39.637592
-0.840559 42.506460 -1.099426 42.893211
-0.944805 45.707290 -1.203838 46.152447
-1.050114 48.934630 -1.327215 49.422478
-1.142897 52.159540 -1.418939 52.686077
-1.248790 55.372460 -1.526770 55.942348
-1.352181 58.600620 -1.620928 59.231979
-1.444555 61.847430 -1.713666 62.522968
-1.528092 65.085270 -1.809242 65.808456
-1.623511 68.349680 -1.925984 69.116379
-1.697570 71.605970 -2.011766 72.422882
-1.784427 74.842930 -2.102509 75.726944
-1.892754 78.044640 -2.207537 78.995468
-2.009246 81.241000 -2.337705 82.251503
-2.118145 84.381460 -2.464983 85.443581
-2.224921 87.410700 -2.561785 88.555832
-2.344772 90.265560 -2.680623 91.460968
-2.486719 92.915770 -2.815174 94.136047
-2.649588 95.352060 -2.969186 96.597084
-2.827593 97.533080 -3.134424 98.790840
-2.992555 99.437370 -3.289161 100.730560
-3.132396 101.119600 -3.421298 102.425529
-3.196722 102.604300 -3.470984 103.948708
-3.182672 103.907400 -3.454494 105.251923
-3.061832 105.116200 -3.317320 106.487076
-2.813888 106.240500 -3.069613 107.638657
-2.431748 107.285400 -2.704176 108.651970
-1.921488 108.234600 -2.209324 109.600159
-1.282825 109.049600 -1.566994 110.452003
-0.530716 109.791000 -0.783272 111.210197
0.374458 110.404000 0.156075 111.847748
1.408134 110.856700 1.201000 112.345894
2.533142 111.185100 2.346607 112.677353
3.783818 111.364400 3.604521 112.841881
5.173439 111.489500 4.988484 112.969444
6.728517 111.518300 6.555021 112.977737
8.447661 111.482200 8.282152 112.967102
10.365340 111.411600 10.243523 112.913292
12.440570 111.376600 12.343682 112.891800
14.658270 111.336300 14.583465 112.859306
16.980990 111.294300 16.944527 112.821083
19.371510 111.225100 19.366722 112.775841
21.827520 111.168600 21.846493 112.720390
24.338230 111.128000 24.378212 112.669487
26.865460 111.086600 26.924191 112.603355
29.340250 111.018500 29.431396 112.545128
31.824380 110.949500 31.945425 112.482391
34.255590 110.895700 34.414326 112.449249
36.655720 110.832300 36.829536 112.378098
39.023530 110.760300 39.219364 112.298233
41.348270 110.661800 41.562458 112.209305
43.625630 110.563400 43.875225 112.115913
45.778700 110.472200 46.031803 112.021912
47.871130 110.381700 48.144356 111.930061
49.939530 110.289100 50.223351 111.837769
51.971720 110.194600 52.285057 111.743507
53.966400 110.084400 54.290325 111.633789
55.968740 109.922700 56.322819 111.473740
58.012520 109.724900 58.402435 111.285370
60.142410 109.502900 60.544552 111.070152
62.329410 109.265100 62.737068 110.838371
64.563430 109.013700 64.991844 110.585930
66.805840 108.790700 67.234825 110.338997
69.024790 108.566800 69.475082 110.099266
71.274060 108.316000 71.717346 109.834892
73.551630 108.056300 74.013817 109.564308
75.878910 107.783000 76.366150 109.279282
78.249380 107.482800 78.755234 108.961349
80.656160 107.159100 81.195496 108.624817
83.128450 106.823200 83.707413 108.281006
85.650170 106.498800 86.243683 107.948669
88.195570 106.179900 88.836021 107.617455
90.756270 105.878900 91.420403 107.307007
93.347120 105.574100 94.024048 106.993553
95.936460 105.267700 96.625916 106.681740
98.498850 104.969700 99.228485 106.372238
101.043100 104.696300 101.819542 106.100899
103.535900 104.414000 104.350037 105.808533
105.990700 104.117400 106.855316 105.516838
108.401400 103.830100 109.279350 105.215981
110.756600 103.530500 111.682167 104.920807
113.078300 103.210700 114.008972 104.573387
115.356600 102.887000 116.323158 104.252441
117.639100 102.533100 118.649384 103.898071
119.873200 102.178000 120.900406 103.531715
122.079200 101.811900 123.143677 103.152328
124.272600 101.407700 125.392197 102.739525
126.424700 100.975200 127.546516 102.287750
128.537100 100.456100 129.693298 101.764923
130.617700 99.856810 131.785339 101.152740
132.667800 99.216070 133.853821 100.513802
134.687400 98.553530 135.884766 99.842232
136.660100 97.926510 137.868439 99.227371
138.607400 97.314350 139.825073 98.613564
140.503400 96.738880 141.734787 98.042229
142.369000 96.204360 143.616302 97.516182
144.202100 95.695640 145.448853 97.019440
145.980300 95.244100 147.237015 96.574150
147.725300 94.841610 149.004379 96.159523
149.451200 94.497860 150.743088 95.818611
151.160400 94.251030 152.466507 95.597336
152.853900 94.142140 154.163712 95.522270
154.532700 94.132680 155.838974 95.521606
156.196500 94.120650 157.514633 95.505150
157.821400 94.007330 159.140274 95.374817
159.401200 93.838200 160.728180 95.196609
160.938600 93.578160 162.289597 94.933174
162.417600 93.276270 163.787323 94.619095
163.854200 92.938740 165.257690 94.269897
165.277700 92.622550 166.705261 93.924522
166.674900 92.299640 168.105545 93.581696
168.125300 91.946090 169.588699 93.199738
169.638900 91.526300 171.117813 92.766342
171.214100 91.062420 172.725021 92.282257
172.836600 90.569120 174.359009 91.759911
174.480800 90.035230 176.037399 91.219521
176.115700 89.513510 177.722488 90.686974
177.736600 89.009020 179.377625 90.170052
179.315600 88.539550 180.970001 89.673553
180.808000 88.123170 182.500214 89.213493
182.185700 87.753480 183.903107 88.828979
183.432400 87.482040 185.157471 88.544968
184.623100 87.293670 186.350464 88.337418
185.803900 87.231550 187.482513 88.289581
186.952000 87.297830 188.635300 88.346619
188.068600 87.451920 189.765579 88.493683
189.154900 87.728640 190.819183 88.767754
190.233600 88.157250 191.908127 89.198593
191.320100 88.781620 192.924728 89.796051
192.410500 89.600550 194.011230 90.607681
193.454200 90.684490 195.041962 91.703156
194.437900 91.988930 196.070007 92.997269
195.378100 93.548950 197.010773 94.543846
196.271500 95.327110 197.905411 96.314133
197.137400 97.277400 198.784317 98.288857
197.949900 99.411050 199.622177 100.441734
198.716100 101.702700 200.390549 102.773186
199.516800 104.092500 201.223831 105.173859
200.371000 106.590800 202.094208 107.711662
201.252400 109.169500 202.995544 110.334610
202.151000 111.754400 203.916580 112.984711
203.059200 114.350500 204.832993 115.618561
203.983900 117.000400 205.746552 118.266403
204.857600 119.562000 206.653290 120.906960
205.735000 122.179100 207.540604 123.554314
206.598600 124.790300 208.423950 126.218224
207.440900 127.377400 209.289536 128.853348
208.242800 129.908400 210.121689 131.419525
208.997300 132.350000 210.884125 133.894226
209.687300 134.653600 211.580673 136.226700
210.315800 136.812600 212.221008 138.412064
210.853400 138.781000 212.779221 140.384766
211.314900 140.528100 213.234009 142.150696
211.724000 142.072000 213.657303 143.734344
212.087800 143.489600 214.020767 145.134277
212.418900 144.848700 214.355255 146.513824
212.644500 146.170800 214.570969 147.840317
212.735200 147.467000 214.664169 149.127991
212.655400 148.727700 214.568085 150.364029
212.394800 149.931200 214.313293 151.538422
211.967700 151.060900 213.904846 152.638214
211.327800 152.041400 213.334274 153.619827
210.570500 152.900300 212.534744 154.420609
209.690200 153.609600 211.685608 155.116394
208.709700 154.127900 210.734863 155.625900
207.628600 154.446600 209.699173 155.976364
206.514300 154.663600 208.611176 156.193024
205.342600 154.839800 207.488007 156.369492
204.054700 154.916400 206.230499 156.484268
202.653200 155.003000 204.824997 156.597168
201.071000 155.004800 203.219986 156.608200
199.317900 154.934200 201.437500 156.555161
197.401000 154.857200 199.487625 156.490723
195.316900 154.772000 197.356750 156.409882
193.070500 154.750200 195.072464 156.393585
190.668800 154.808600 192.610962 156.476364
188.123400 154.966400 190.015808 156.623871
185.505500 155.209900 187.370804 156.867462
182.877200 155.502600 184.697998 157.174393
180.229400 155.806300 182.030319 157.492401
177.558300 156.111000 179.314224 157.807602
174.880600 156.428400 176.599854 158.146851
172.210900 156.745600 173.893204 158.469772
169.531800 157.057600 171.179901 158.786911
166.857300 157.367500 168.491318 159.093155
164.166400 157.687700 165.795837 159.414062
161.543900 158.015100 163.123398 159.744736
158.917500 158.348300 160.462433 160.079880
156.307000 158.685700 157.833908 160.421814
153.701700 159.029500 155.193512 160.769516
151.074500 159.379400 152.541763 161.112091
148.417600 159.744000 149.873718 161.464279
145.726100 160.131500 147.120361 161.855423
143.006700 160.516800 144.383011 162.226273
140.244900 160.894500 141.620987 162.598816
137.441200 161.249200 138.792892 162.953018
134.595200 161.560200 135.938980 163.247818
131.711200 161.840600 133.016846 163.539917
128.789000 162.129400 130.063507 163.828949
125.847000 162.402500 127.101654 164.109360
122.922800 162.662800 124.144531 164.384415
120.011500 162.917000 121.200317 164.652451
117.096200 163.164900 118.250275 164.908936
114.183400 163.417600 115.299805 165.172150
111.271300 163.676400 112.377304 165.444687
108.360000 163.930000 109.422806 165.703064
105.444700 164.185400 106.464348 165.974701
102.540700 164.434900 103.525162 166.224655
99.644400 164.672400 100.600739 166.468475
96.744730 164.928100 97.680038 166.736847
93.849290 165.223100 94.754181 167.040375
90.952140 165.530200 91.842369 167.355103
88.065380 165.851200 88.919159 167.683121
85.150470 166.191600 85.981712 168.030685
82.242610 166.531500 83.039391 168.369339
79.311830 166.862600 80.050232 168.694733
76.393260 167.201900 77.102058 169.044296
73.438700 167.538900 74.105667 169.376923
70.485150 167.863400 71.142563 169.686935
67.519840 168.167700 68.112228 170.009995
64.540850 168.441900 65.100716 170.292328
61.540400 168.697200 62.069313 170.548721
58.537190 168.941400 59.035820 170.801788
55.533930 169.185000 55.999657 171.050522
52.543330 169.420200 52.984558 171.292130
49.571870 169.640200 49.972008 171.519363
46.635500 169.839600 46.996155 171.725601
43.710130 170.017100 44.062843 171.900589
40.823360 170.176600 41.135849 172.070587
37.953040 170.328300 38.251495 172.224411
35.132860 170.473500 35.420094 172.390717
32.385260 170.602800 32.629711 172.517517
29.704360 170.713400 29.936790 172.650513
27.093420 170.807100 27.266304 172.758865
24.583170 170.877300 24.725611 172.852325
22.209330 170.937800 22.332769 172.929001
19.944280 171.027800 20.043253 173.033447
17.748010 171.142200 17.807095 173.153061
15.606760 171.273100 15.640141 173.284088
13.545460 171.403600 13.532191 173.423889
11.568070 171.540200 11.530161 173.561661
9.709170 171.687300 9.660105 173.703461
7.998637 171.853700 7.940534 173.863983
6.432635 172.024100 6.346315 174.019806
4.995356 172.227700 4.881308 174.213272
3.674361 172.460800 3.522213 174.449966
2.475555 172.738700 2.290630 174.720840
1.394096 173.060700 1.199619 175.034454
0.435287 173.448800 0.207760 175.416046
-0.481995 173.905100 -0.666656 175.841187
-1.324858 174.456900 -1.520706 176.365250
-2.065394 175.091700 -2.315941 176.974319
-2.762100 175.808500 -3.014450 177.695969
-3.408457 176.720100 -3.673973 178.599274
-3.994755 177.763900 -4.265152 179.657135
-4.506015 178.951500 -4.787743 180.861267
-4.930925 180.367000 -5.220707 182.270874
-5.212692 181.952900 -5.491859 183.888107
-5.351521 183.714600 -5.637481 185.678741
-5.392321 185.625500 -5.671531 187.618256
-5.387940 187.682900 -5.659902 189.697876
-5.372151 189.871900 -5.634879 191.924423
-5.386586 192.193400 -5.644070 194.267776
-5.406023 194.585200 -5.671206 196.705872
-5.440439 197.017600 -5.696133 199.174927
-5.475977 199.456500 -5.749718 201.654327
-5.514842 201.934200 -5.818758 204.150070
-5.560062 204.406700 -5.873261 206.649139
-5.616804 206.863600 -5.964719 209.121994
-5.692115 209.294100 -6.036296 211.575378
-5.775682 211.678200 -6.132173 213.993118
-5.860771 213.990100 -6.228471 216.339005
-5.940900 216.159300 -6.315580 218.530136
-6.023283 218.169400 -6.406404 220.561127
-6.114588 220.000600 -6.500500 222.395447
-6.209081 221.641100 -6.593737 224.054764
-6.290085 223.094700 -6.696008 225.536682
-6.323739 224.427000 -6.731595 226.910675
-6.274326 225.732300 -6.688111 228.226898
-6.132258 226.985000 -6.537775 229.492004
-5.842543 228.167200 -6.237766 230.692322
-5.392446 229.278300 -5.805489 231.796265
-4.842747 230.275700 -5.261337 232.814636
-4.162700 231.192700 -4.586014 233.766769
-3.339169 232.032200 -3.736107 234.637695
-2.397566 232.795000 -2.775459 235.430328
-1.278517 233.345000 -1.617317 236.035889
0.002398 233.849400 -0.308815 236.560791
1.451824 234.167300 1.186539 236.889816
3.063341 234.394700 2.807209 237.118744
4.818404 234.521700 4.612847 237.264877
6.718857 234.529500 6.519499 237.264648
8.771869 234.476900 8.594007 237.216278
10.950050 234.353500 10.816206 237.103561
13.283690 234.242600 13.152482 237.008118
15.698180 234.114100 15.587983 236.880890
18.109840 234.011200 18.010473 236.773880
20.538930 233.937000 20.444687 236.707352
23.000350 233.896100 22.911976 236.661957
25.454510 233.895700 25.414543 236.635437
27.927720 233.889300 27.905724 236.599411
30.407900 233.872000 30.412865 236.559326
32.882140 233.853600 32.905090 236.524948
35.338500 233.829000 35.405437 236.487656
37.779520 233.790500 37.880066 236.425293
40.179400 233.727500 40.304245 236.354950
42.552300 233.662400 42.705750 236.269226
44.907840 233.595600 45.098572 236.192993
47.226940 233.520600 47.451000 236.106873
49.522840 233.434600 49.785110 236.005203
51.803140 233.370200 52.095261 235.937500
54.049950 233.306500 54.357925 235.852921
56.280590 233.226500 56.604450 235.756500
58.445580 233.147900 58.808659 235.669250
60.619970 233.086700 61.006691 235.598190
62.750480 233.037500 63.150902 235.541458
64.846290 232.998000 65.286041 235.492157
66.907940 232.934300 67.352325 235.431610
68.927460 232.866900 69.407379 235.351028
70.887740 232.814900 71.361900 235.280212
72.825750 232.758300 73.295715 235.217224
74.737930 232.699000 75.239853 235.161377
76.618370 232.622200 77.175522 235.095322
78.487810 232.513200 79.063408 234.989899
80.415420 232.376500 81.020233 234.855667
82.423060 232.187700 83.055519 234.664871
84.524370 231.969700 85.174110 234.458344
86.709120 231.699600 87.380508 234.180161
89.024130 231.380400 89.716141 233.858505
91.467840 231.021200 92.173782 233.498184
94.024580 230.649200 94.752777 233.102173
96.704300 230.258000 97.451698 232.730652
99.500260 229.890100 100.285179 232.350876
102.390800 229.569300 103.193626 232.011475
105.358500 229.285100 106.185059 231.721252
108.344900 229.013100 109.186752 231.440582
111.363200 228.734900 112.253632 231.159622
114.373200 228.477600 115.277908 230.904358
117.360000 228.229400 118.289490 230.664459
120.339400 228.001300 121.314926 230.430603
123.309400 227.796900 124.304878 230.223389
126.241200 227.623100 127.252922 230.053055
129.151600 227.477500 130.194321 229.893387
132.012600 227.318900 133.111115 229.745743
134.854400 227.154700 135.983002 229.562347
137.658300 226.984100 138.825226 229.389557
140.441600 226.780700 141.639801 229.179886
143.209300 226.535400 144.433868 228.936081
145.977400 226.238300 147.215912 228.628159
148.746000 225.862600 150.024597 228.259796
151.518600 225.402500 152.820343 227.808731
154.265800 224.858900 155.602798 227.256088
157.017900 224.208100 158.377701 226.596603
159.770300 223.494500 161.191986 225.870407
162.519400 222.782200 163.975510 225.136215
165.292700 222.111000 166.768829 224.482071
168.051700 221.507000 169.545456 223.882690
170.813300 220.973200 172.340668 223.336227
173.565300 220.491000 175.118637 222.848663
176.245800 220.043100 177.842865 222.418335
178.818800 219.633700 180.426300 221.976852
181.257200 219.251600 182.858337 221.573288
183.679400 218.884000 185.299255 221.187576
186.086900 218.497600 187.764221 220.768661
188.454700 218.100200 190.173721 220.353104
190.804000 217.716300 192.526321 219.962433
193.140800 217.373500 194.884430 219.617218
195.432100 217.054600 197.197342 219.299362
197.727600 216.759200 199.499695 218.988449
199.972100 216.485600 201.765182 218.706894
202.098700 216.237900 203.919205 218.448944
204.042400 215.996300 205.889023 218.195251
205.749800 215.775100 207.631775 217.960876
207.241200 215.583400 209.157547 217.787735
208.613300 215.379500 210.510956 217.620239
209.946100 215.165400 211.836548 217.421539
211.132200 214.943200 213.038879 217.209717
212.136600 214.744800 214.066498 217.034576
213.062500 214.534600 214.993134 216.847824
213.959300 214.314400 215.897507 216.644272
214.824000 214.088800 216.786591 216.438751
215.687900 213.834700 217.668549 216.201889
216.575000 213.526600 218.588745 215.907013
217.490900 213.157600 219.549072 215.543579
218.457300 212.700900 220.543015 215.074036
219.480700 212.125200 221.591156 214.489456
220.511700 211.370900 222.677856 213.719910
221.550800 210.459100 223.756226 212.773636
222.555600 209.363300 224.770706 211.654678
223.474400 208.082600 225.702194 210.355927
224.312800 206.641100 226.554108 208.877319
225.044800 205.038200 227.308640 207.206772
225.610700 203.260200 227.897522 205.366180
225.969900 201.350200 228.287720 203.425766
226.110100 199.367200 228.426712 201.372238
226.043000 197.305000 228.356842 199.280060
225.807700 195.159800 228.112091 197.104858
225.430000 192.956900 227.729950 194.886658
224.916600 190.707600 227.208130 192.621185
224.270500 188.432400 226.555328 190.320511
223.514900 186.121900 225.789383 187.999939
222.660400 183.771100 224.936096 185.609894
221.783100 181.391000 224.056961 183.195663
220.891900 178.998600 223.159348 180.773621
220.021400 176.587400 222.300751 178.362473
219.223500 174.200300 221.497894 175.957428
218.482200 171.834800 220.763947 173.582565
217.818500 169.568700 220.107422 171.295532
217.216600 167.458800 219.505569 169.158997
216.650700 165.491600 218.946960 167.182724
216.110800 163.682800 218.403015 165.355835
215.577800 162.017400 217.869492 163.647324
214.999400 160.430000 217.263702 162.032227
214.344800 158.975700 216.594269 160.553650
213.573800 157.662600 215.849091 159.254211
212.660500 156.532700 214.929047 158.108963
211.582500 155.560200 213.870361 157.145447
210.426600 154.805400 212.689270 156.368988
209.163000 154.246200 211.387268 155.774780
207.764200 153.857100 209.982101 155.381073
206.280800 153.652300 208.455490 155.163452
204.678000 153.573200 206.826630 155.081161
202.976300 153.576200 205.106522 155.096481
201.140400 153.649700 203.251587 155.187759
199.175800 153.795100 201.255920 155.354111
197.094000 154.001100 199.136169 155.561401
194.884400 154.205500 196.884171 155.772385
192.560300 154.427500 194.531586 155.993042
190.124200 154.677200 192.059143 156.246078
187.577500 154.946500 189.479218 156.528351
184.929000 155.250800 186.787384 156.848068
182.198300 155.594600 184.042252 157.191681
179.402300 155.944800 181.204865 157.553421
176.570000 156.287200 178.317917 157.911728
173.734500 156.623600 175.448425 158.261017
170.901000 156.954000 172.567627 158.602783
168.081500 157.295300 169.722412 158.961975
165.284900 157.640900 166.889343 159.307709
162.507400 157.987500 164.084106 159.667999
159.747400 158.333400 161.299866 160.018372
156.984600 158.680600 158.508667 160.369476
154.216200 159.032100 155.710938 160.722687
151.439500 159.399800 152.917908 161.097763
148.640500 159.792600 150.092896 161.489609
145.813800 160.206400 147.232986 161.908310
142.963600 160.610300 144.374939 162.292847
140.057000 160.997100 141.454071 162.692200
137.092200 161.347900 138.480255 163.034409
134.059200 161.649400 135.434875 163.331940
130.993600 161.935400 132.335907 163.620163
127.858900 162.233700 129.159943 163.915802
124.683800 162.520100 125.951248 164.207077
121.492100 162.798700 122.736565 164.478317
118.297400 163.082000 119.495712 164.769928
115.103400 163.377800 116.256760 165.068344
111.913100 163.672600 113.017548 165.363754
108.723500 163.966800 109.781998 165.661469
105.531500 164.253700 106.579361 165.943115
102.343500 164.537500 103.331940 166.239166
99.161640 164.825900 100.116074 166.521530
95.959550 165.164700 96.887390 166.866486
92.746890 165.547500 93.643013 167.252930
89.526460 165.956000 90.402428 167.658218
86.297890 166.381500 87.143753 168.099670
83.033610 166.817100 83.841965 168.545975
79.736970 167.238800 80.497009 168.978119
76.427180 167.629500 77.157097 169.362228
73.050320 167.986400 73.743958 169.722809
69.640860 168.315400 70.296371 170.068787
66.194370 168.637100 66.805367 170.399796
62.710330 168.931500 63.276417 170.706787
59.214430 169.199600 59.744347 170.989700
55.734640 169.446800 56.245338 171.230972
52.271980 169.681900 52.730885 171.474075
48.833520 169.903400 49.240768 171.709412
45.431860 170.116400 45.815910 171.924393
42.051610 170.315300 42.402306 172.115417
38.742450 170.482700 39.067921 172.291626
35.535340 170.629700 35.837788 172.440491
32.460880 170.758300 32.719246 172.567963
29.526980 170.862700 29.739096 172.691864
26.736320 170.955000 26.910120 172.785690
24.096640 171.032400 24.223278 172.868790
21.599520 171.132300 21.701052 172.957199
19.316590 171.344600 19.291655 173.113647
17.201760 171.658400 16.958759 173.354141
15.089840 171.971500 14.730482 173.665405
12.980420 172.284000 12.631760 174.019714
10.872410 172.596000 10.624557 174.391083
8.838192 172.907600 8.760023 174.712769
7.132350 173.177000 7.032850 174.970520
5.611287 173.387400 5.503359 175.185425
4.309371 173.544500 4.181793 175.342758
3.237420 173.651900 3.086422 175.465271
2.375838 173.729600 2.208942 175.558075
1.679549 173.799100 1.495687 175.620117
1.056923 173.859600 0.863219 175.672546
0.465217 173.909300 0.258848 175.721390
-0.128030 173.962400 -0.344120 175.766388
-0.720230 174.003300 -0.933933 175.805740
-1.330594 174.023800 -1.551820 175.826767
-2.080426 174.055200 -2.299706 175.858002
-2.997577 174.094600 -3.214837 175.892776
-4.098643 174.120700 -4.339492 175.921982
-5.416520 174.168000 -5.687469 175.975677
-6.936037 174.228300 -7.224910 176.041473
-8.609358 174.340400 -8.934694 176.172775
-10.463980 174.413000 -10.794860 176.253662
-12.494230 174.495000 -12.849047 176.345535
-14.662590 174.544200 -15.036270 176.389053
-17.028510 174.612700 -17.428291 176.465790
-19.515490 174.656900 -19.939240 176.506927
-22.153150 174.694500 -22.624760 176.570190
-24.891700 174.736800 -25.381226 176.623611
-27.728470 174.787700 -28.245167 176.685120
-30.668830 174.869400 -31.214689 176.767578
-33.671140 174.970100 -34.234386 176.865677
-36.734690 175.074800 -37.314377 176.961914
-39.843610 175.165700 -40.449173 177.049988
-43.001160 175.252500 -43.611416 177.140656
-46.184910 175.351700 -46.835835 177.235168
-49.374400 175.443100 -50.044788 177.324722
-52.557440 175.526000 -53.261204 177.401474
-55.757590 175.616000 -56.464638 177.487350
-58.925860 175.702900 -59.661694 177.574997
-62.130070 175.804700 -62.874485 177.674362
-65.328080 175.907300 -66.090302 177.776428
-68.537660 176.003100 -69.317352 177.864456
-71.749230 176.080900 -72.551636 177.934235
-74.976500 176.145900 -75.800552 178.003555
-78.208790 176.218000 -79.101967 178.056580
-81.447070 176.257900 -82.394821 178.089417
-84.692180 176.290600 -85.687477 178.116074
-87.936790 176.288700 -88.972038 178.117416
-91.211290 176.258400 -92.281746 178.095825
-94.484440 176.204800 -95.567169 178.053238
-97.757000 176.121600 -98.865730 177.984802
-101.045200 176.004400 -102.189484 177.886719
-104.339000 175.862100 -105.514374 177.779465
-107.640300 175.694600 -108.856392 177.629013
-110.948600 175.520500 -112.209854 177.473785
-114.267700 175.326000 -115.579971 177.289505
-117.598500 175.123100 -118.941338 177.092010
-120.942600 174.923200 -122.294205 176.902176
-124.293900 174.718800 -125.684402 176.700272
-127.663000 174.505900 -129.092117 176.492935
-131.048900 174.295300 -132.527847 176.277420
-134.443100 174.072500 -135.935440 176.053909
-137.847200 173.848200 -139.385849 175.834396
-141.262000 173.635000 -142.841141 175.627655
-144.675300 173.415500 -146.303650 175.396179
-148.093400 173.189000 -149.745529 175.179398
-151.506600 172.967300 -153.187912 174.949326
-154.901800 172.728300 -156.619675 174.721039
-158.292900 172.494700 -160.044998 174.497635
-161.632200 172.250400 -163.415283 174.269485
-164.974900 172.022600 -166.814362 174.069595
-168.236000 171.803200 -170.096893 173.863647
-171.502400 171.597000 -173.413651 173.660461
-174.668300 171.359900 -176.615326 173.432693
-177.746400 171.132500 -179.772049 173.221878
-180.803200 170.903300 -182.860886 172.974808
-183.778700 170.687800 -185.890045 172.769348
-186.701500 170.475800 -188.825302 172.560837
-189.566000 170.268000 -191.717789 172.353851
-192.391300 170.070600 -194.543854 172.155441
-195.149900 169.858100 -197.317490 171.948364
-197.876000 169.626400 -200.064087 171.720200
-200.552400 169.372500 -202.761200 171.467636
-203.199000 169.063700 -205.444794 171.165756
-205.787000 168.703000 -208.069214 170.790665
-208.326100 168.290400 -210.662506 170.382843
-210.824000 167.881700 -213.189545 169.983810
-213.258300 167.488200 -215.660187 169.596832
-215.584000 167.155500 -218.023758 169.277008
-217.825600 166.951000 -220.305771 169.068619
-219.976700 166.840100 -222.475342 168.962524
-222.030600 166.826400 -224.578384 168.945755
-223.989000 166.912900 -226.573639 169.028290
-225.824600 167.087900 -228.451508 169.208267
-227.550100 167.325800 -230.204010 169.433029
-229.178200 167.608800 -231.858551 169.711121
-230.692700 167.920100 -233.384460 170.010956
-232.121600 168.192100 -234.817795 170.291519
-233.453600 168.409000 -236.154556 170.486603
-234.669500 168.528300 -237.368530 170.609436
-235.786800 168.548000 -238.467896 170.634705
-236.809500 168.431800 -239.493835 170.521561
-237.749100 168.202200 -240.349792 170.260895
-238.622500 167.871000 -241.180649 169.938843
-239.423500 167.439100 -241.924438 169.546921
-240.167900 166.948100 -242.690308 169.117752
-240.836500 166.406300 -243.412659 168.626587
-241.484000 165.802100 -244.003296 167.974640
-242.133500 165.204600 -244.658203 167.389038
-242.760700 164.564800 -245.292877 166.754074
-243.373200 163.846400 -245.918106 166.030197
-243.956600 163.041100 -246.532639 165.228729
-244.490700 162.132200 -247.107956 164.322220
-244.987900 161.116800 -247.501251 163.399567
-245.418700 159.925400 -247.934769 162.221176
-245.815100 158.551700 -248.371826 160.828156
-246.200000 156.991700 -248.771317 159.247681
-246.613900 155.230000 -249.196533 157.458954
-246.967700 153.214300 -249.531647 155.443558
-247.267000 150.943600 -249.858231 153.144196
-247.521500 148.451900 -250.096863 150.675934
-247.763400 145.749400 -250.335785 147.956635
-248.018000 142.841100 -250.595428 145.051682
-248.277200 139.720500 -250.856918 141.989578
-248.523100 136.389500 -251.122833 138.614929
-248.773200 132.870500 -251.370422 135.122070
-249.015800 129.335700 -251.625381 131.576355
-249.218400 125.814900 -251.832748 128.032959
-249.397800 122.286300 -252.023987 124.539680
-249.565200 118.755000 -252.187836 121.007370
-249.697400 115.238200 -252.328094 117.554779
-249.820200 111.741900 -252.445084 114.120506
-249.943300 108.268400 -252.562897 110.590118
-250.044800 104.815000 -252.672958 107.120461
-250.125300 101.386800 -252.749237 103.677788
-250.189300 97.986010 -252.830475 100.252747
-250.244000 94.598780 -252.890656 96.855667
-250.305600 91.259170 -252.967636 93.476242
-250.400100 87.936680 -253.066483 90.115417
-250.549700 84.645240 -253.224289 86.775230
-250.690200 81.356670 -253.370377 83.444862
-250.847000 78.103800 -253.537811 80.155518
-251.020300 74.824490 -253.711349 76.836792
-251.181200 71.549630 -253.888275 73.533997
-251.353200 68.299410 -254.068085 70.249596
-251.504400 65.068130 -254.218750 66.996674
-251.635100 61.852520 -254.359482 63.758839
-251.747700 58.661860 -254.480759 60.534843
-251.845300 55.489840 -254.573853 57.329399
-251.935900 52.343660 -254.666107 54.138390
-252.030900 49.220080 -254.765121 50.999229
-252.144000 46.116710 -254.873657 47.872231
-252.285100 43.039160 -255.029556 44.778267
-252.447800 39.988030 -255.181595 41.704529
-252.625400 36.956390 -255.369751 38.656029
-252.810700 33.954820 -255.557556 35.629173
-252.984400 30.978070 -255.741013 32.640980
-253.097600 28.028950 -255.864578 29.672489
-253.116300 25.101150 -255.883453 26.735308
-253.041100 22.203360 -255.811096 23.803856
-252.848100 19.324220 -255.634964 20.902353
-252.488000 16.480910 -255.285934 18.024330
-251.943700 13.650460 -254.749023 15.195572
-251.206200 10.846250 -254.031738 12.354198
-250.269300 8.064427 -253.093079 9.549812
-249.119400 5.314832 -251.959763 6.792503
-247.746000 2.616861 -250.603729 4.079834
-246.166100 -0.017969 -249.032501 1.439880
-244.406300 -2.619939 -247.290710 -1.161034
-242.507000 -5.201607 -245.384506 -3.766472
-240.543700 -7.805212 -243.419632 -6.391068
-238.527600 -10.441420 -241.391190 -9.062233
-236.482900 -13.102670 -239.321381 -11.759247
-234.463000 -15.778320 -237.296890 -14.460632
-232.508700 -18.481870 -235.325073 -17.214882
-230.631700 -21.211600 -233.420471 -19.996445
-228.850200 -23.973140 -231.571716 -22.854370
-227.120500 -26.731510 -229.808563 -25.645210
-225.420200 -29.466820 -228.071045 -28.454796
-223.756600 -32.175260 -226.429199 -31.155869
-222.113500 -34.852880 -224.776566 -33.851044
-220.503000 -37.487790 -223.150269 -36.511368
-218.945600 -40.020000 -221.584717 -39.061920
-217.473700 -42.350380 -220.104614 -41.430122
-216.081800 -44.449900 -218.704224 -43.548378
-214.778200 -46.310220 -217.396439 -45.425964
-213.569900 -47.963370 -216.192017 -47.107849
-212.469800 -49.406600 -215.067307 -48.583031
-211.402700 -50.703570 -213.993683 -49.896416
-210.350300 -51.866650 -212.937317 -51.075584
-209.329000 -52.882180 -211.923035 -52.095093
-208.342100 -53.712810 -210.944061 -52.939835
-207.433900 -54.314810 -210.033966 -53.560509
-206.639200 -54.750770 -209.260040 -53.991364
-205.846700 -55.112410 -208.457855 -54.367767
-205.046500 -55.376850 -207.702011 -54.622574
-204.238300 -55.572130 -206.898743 -54.808846
-203.340400 -55.720010 -206.039490 -54.967331
-202.343700 -55.812630 -205.028839 -55.069458
-201.230000 -55.831900 -203.892288 -55.090996
-199.966900 -55.727910 -202.619980 -54.983971
-198.511800 -55.515700 -201.191269 -54.786713
-196.896300 -55.177990 -199.538574 -54.476906
-195.101200 -54.675310 -197.725723 -53.985447
-193.144500 -53.980020 -195.743332 -53.290352
-191.089500 -53.059560 -193.671005 -52.367256
-188.959500 -51.870660 -191.506241 -51.182697
-186.748300 -50.457590 -189.248444 -49.752724
-184.446800 -48.882240 -186.908569 -48.195499
-181.997000 -47.211720 -184.434204 -46.554459
-179.497700 -45.532110 -181.837341 -44.846348
-176.845100 -43.764640 -179.128998 -43.055038
-174.079200 -41.951340 -176.314850 -41.234509
-171.182700 -40.094050 -173.346878 -39.345402
-168.181500 -38.252180 -170.311142 -37.514374
-165.080700 -36.437440 -167.153137 -35.688206
-161.936900 -34.664440 -163.970551 -33.917385
-158.730900 -32.961050 -160.690567 -32.204956
-155.498500 -31.326070 -157.408081 -30.559528
-152.284900 -29.754520 -154.137115 -28.989491
-149.069300 -28.182760 -150.850967 -27.408432
-145.857700 -26.612150 -147.576355 -25.841396
-142.641000 -25.057000 -144.333206 -24.277649
-139.402500 -23.486330 -141.040527 -22.712261
-136.173000 -21.934650 -137.751495 -21.147366
-132.945300 -20.377060 -134.465179 -19.586834
-129.754900 -18.849320 -131.219055 -18.060234
-126.594800 -17.311780 -128.023605 -16.513119
-123.481600 -15.777190 -124.864487 -14.970650
-120.382000 -14.275260 -121.713425 -13.464146
-117.290900 -12.878730 -118.587585 -12.063690
-114.140500 -11.587510 -115.374657 -10.769228
-110.985900 -10.399830 -112.180862 -9.579056
-107.823700 -9.243398 -108.975502 -8.427912
-104.639900 -8.124757 -105.737312 -7.293512
-101.445300 -7.020636 -102.533005 -6.208723
-98.266820 -5.927679 -99.315331 -5.118288
-95.057020 -4.924307 -96.071503 -4.106733
-91.816180 -3.988153 -92.781662 -3.172272
-88.560330 -3.139167 -89.485054 -2.334953
-85.275670 -2.357662 -86.190575 -1.581526
-81.984180 -1.642797 -82.793182 -0.845039
-78.695610 -0.956720 -79.443634 -0.151620
-75.422800 -0.300680 -76.156982 0.476061
-72.166360 0.319994 -72.863930 1.089756
-68.928530 0.923302 -69.587784 1.686909
-65.700550 1.500442 -66.375496 2.237633
-62.489590 2.047975 -63.137486 2.768477
-59.295260 2.577472 -59.911945 3.297086
-56.128970 3.091711 -56.729668 3.807075
-52.988540 3.575444 -53.557644 4.288626
-49.868360 4.040344 -50.429871 4.734825
-46.776300 4.464286 -47.318783 5.145050
-43.712180 4.856902 -44.230991 5.537747
-40.666360 5.223322 -41.150948 5.894910
-37.689290 5.564962 -38.147377 6.249644
-34.786240 5.888495 -35.207497 6.572979
-31.996720 6.190015 -32.400948 6.849181
-29.296910 6.465571 -29.618843 7.149158
-26.720990 6.720779 -26.978510 7.394292
-24.320240 6.954131 -24.538626 7.626810
-22.089310 7.159574 -22.260284 7.837366
-20.016680 7.362635 -20.150850 8.029803
-18.106820 7.551445 -18.206421 8.224736
-16.337750 7.702083 -16.406191 8.369807
-14.726050 7.819683 -14.756698 8.497123
-13.313500 7.930153 -13.326221 8.612445
-12.128270 8.022018 -12.099763 8.705940
-11.139240 8.100664 -11.083608 8.783813
-10.287410 8.195045 -10.234878 8.881925
-9.518219 8.309922 -9.454659 9.001787
-8.789252 8.478175 -8.737126 9.183095
-8.149181 8.669320 -8.090488 9.365793
-7.829442 8.769976 -7.769671 9.463969
-7.799252 8.787461 -7.740836 9.467787
-7.813018 8.786625 -7.750200 9.468236
-7.809395 8.788143 -7.746522 9.472034
-7.809451 8.779000 -7.746145 9.473474
-7.809131 8.771007 -7.748039 9.467758
-7.804822 8.762953 -7.745867 9.465893
-7.800766 8.755551 -7.747615 9.464042
-7.795082 8.750163 -7.749024 9.468306
-7.789514 8.745234 -7.756732 9.473640
-7.784930 8.740517 -7.751651 9.472283
-7.780166 8.734843 -7.754231 9.473171
-7.775784 8.730871 -7.751386 9.472118
-7.771600 8.726560 -7.752716 9.472656
-7.768634 8.723581 -7.751099 9.472101
-7.766879 8.721761 -7.750985 9.472176
-7.765762 8.717584 -7.751853 9.472464
-7.763983 8.714586 -7.752651 9.472932
-7.763294 8.713489 -7.752943 9.472383
-7.762963 8.712553 -7.752128 9.472423
-7.763086 8.713488 -7.751698 9.471942
-7.762455 8.714167 -7.751680 9.472338
-7.753295 8.722145 -7.743341 9.473703
-7.717107 8.742340 -7.705229 9.496261
-7.658875 8.770779 -7.638142 9.509824
-7.513039 8.836058 -7.489521 9.561302
-7.175297 8.982757 -7.143247 9.694941
-6.640897 9.236569 -6.623432 9.933492
-5.930743 9.644152 -5.973911 10.285329
-5.120740 10.257790 -5.190183 10.857759
-4.260731 11.080700 -4.346458 11.644373
-3.414512 12.135620 -3.505591 12.669094
-2.599066 13.467900 -2.687668 13.959765
-1.884998 15.083310 -1.974909 15.545679
-1.260100 16.974890 -1.335551 17.423470
-0.766019 19.117060 -0.843135 19.540951
-0.469374 21.489410 -0.543060 21.910904
-0.353107 24.066230 -0.433488 24.497759
-0.356192 26.850340 -0.425043 27.286489
-0.405744 29.836580 -0.466347 30.305637
-0.459357 33.017600 -0.515617 33.522652
-0.512628 36.392400 -0.564231 36.934376
-0.584304 39.835620 -0.633525 40.426144
-0.669138 43.283040 -0.730856 43.890026
-0.775721 46.706780 -0.826108 47.373592
-0.884520 50.132480 -0.951771 50.859955
-0.993630 53.521590 -1.058567 54.283997
-1.089707 56.883700 -1.165977 57.680656
-1.185006 60.248880 -1.271252 61.096569
-1.270319 63.565850 -1.383888 64.449081
-1.374798 66.868940 -1.498607 67.795784
-1.472152 70.155470 -1.605547 71.117737
-1.562229 73.416080 -1.719835 74.431534
-1.660434 76.636610 -1.819039 77.686615
-1.775229 79.852040 -1.944936 80.958481
-1.895797 83.032260 -2.079207 84.181908
-2.017852 86.185380 -2.203817 87.380760
-2.146481 89.329260 -2.327832 90.565933
-2.263400 92.442530 -2.450190 93.714050
-2.372203 95.538220 -2.558727 96.846680
-2.465941 98.605540 -2.643927 99.957664
-2.540211 101.651500 -2.717407 103.026382
-2.582148 104.696700 -2.776091 106.087494
-2.595436 107.674300 -2.786237 109.089584
-2.621977 110.691900 -2.816825 112.124687
-2.648827 113.786700 -2.863871 115.189087
-2.681214 116.967200 -2.909767 118.353569
-2.721440 120.204500 -2.954649 121.585052
-2.774777 123.506700 -3.001696 124.925034
-2.842109 126.902400 -3.085182 128.336777
-2.924595 130.351000 -3.175871 131.807373
-3.024507 133.819600 -3.281003 135.249680
-3.138966 137.262500 -3.406741 138.703629
-3.265946 140.693500 -3.601459 142.081696
-3.389718 144.095500 -3.650472 145.581390
-3.526115 147.467500 -3.776894 149.013260
-3.671472 150.775300 -3.920837 152.347168
-3.794318 154.003900 -4.035202 155.636459
-3.904131 157.172200 -4.140207 158.839859
-3.996788 160.276500 -4.237228 161.967865
-4.071651 163.334000 -4.311118 165.065598
-4.122556 166.368900 -4.380767 168.136414
-4.194278 169.380900 -4.473533 171.187851
-4.264263 172.440400 -4.558857 174.268021
-4.319751 175.547300 -4.636005 177.410385
-4.393173 178.705600 -4.722222 180.628662
-4.501446 181.892900 -4.834949 183.823486
-4.607667 185.156000 -4.962556 187.154739
-4.701222 188.477800 -5.077814 190.533401
-4.806531 191.849500 -5.203053 193.962463
-4.887285 195.207400 -5.284955 197.393127
-4.976513 198.565600 -5.387984 200.800278
-5.057617 201.890800 -5.495744 204.153458
-5.132018 205.179500 -5.587928 207.484482
-5.210165 208.394000 -5.667617 210.732391
-5.281372 211.451500 -5.738780 213.798569
-5.354878 214.365600 -5.810149 216.759033
-5.416052 217.205700 -5.857712 219.616745
-5.469074 220.014000 -5.912714 222.442368
-5.505322 222.798100 -5.940940 225.264496
-5.545023 225.571400 -5.968909 228.049164
-5.563610 228.337300 -5.967727 230.865845
-5.598680 231.130300 -6.008719 233.654877
-5.715519 233.992700 -6.119179 236.558655
-5.886862 236.912900 -6.263755 239.458893
-6.076718 239.911700 -6.456971 242.498627
-6.214931 243.011500 -6.595842 245.624237
-6.364206 246.210000 -6.767758 248.884338
-6.521044 249.542600 -6.914243 252.254883
-6.657659 252.972000 -7.033381 255.697617
-6.794881 256.491900 -7.180162 259.231903
-6.924264 260.026600 -7.315505 262.771454
-7.052122 263.522600 -7.451362 266.258392
-7.164917 266.998200 -7.566082 269.744415
-7.284815 270.457200 -7.702481 273.203308
-7.417194 273.852800 -7.834736 276.645355
-7.523524 277.174400 -7.953936 280.008667
-7.651625 280.358300 -8.082512 283.232849
-7.782923 283.414900 -8.218133 286.329346
-7.918403 286.315200 -8.358040 289.284882
-8.055697 289.119300 -8.506266 292.144653
-8.185460 291.911300 -8.651354 294.987427
-8.314789 294.668400 -8.782541 297.791992
-8.425515 297.433700 -8.898068 300.590668
-8.486769 300.239900 -8.975215 303.418854
-8.528132 303.087600 -9.027542 306.269043
-8.538802 306.012500 -9.053032 309.226349
-8.512542 309.030900 -9.039265 312.260193
-8.446156 312.111900 -8.977255 315.359344
-8.351900 315.297900 -8.908065 318.546600
-8.211642 318.520500 -8.782119 321.789337
-8.031870 321.816300 -8.607445 325.095947
-7.798255 325.179400 -8.390331 328.498535
-7.513710 328.583000 -8.126799 331.947510
-7.227060 332.070400 -7.851124 335.479004
-6.930360 335.644600 -7.564299 339.064545
-6.634241 339.252200 -7.287024 342.716309
-6.353320 342.849100 -7.013672 346.342133
-6.099343 346.409700 -6.766077 349.912354
-5.858059 349.945000 -6.524618 353.475128
-5.647279 353.444000 -6.308016 356.996490
-5.439992 356.885000 -6.102175 360.465302
-5.251048 360.315600 -5.915335 363.944672
-5.098453 363.671600 -5.772257 367.319458
-4.951017 366.989800 -5.627165 370.677460
-4.804541 370.256900 -5.487484 373.978943
