0.000000 0.000000 1.000000 0.000000 -1.000000 0.000000 0.000000 0.000000 0.000000 -1.000000 0.000000 0.000000
-0.000460 -0.001446 0.999999 -0.006104 -0.999990 0.004559 -0.000454 0.002097 -0.004559 -0.999989 -0.001448 0.977625
0.001580 -0.001503 0.999998 0.015840 -0.999982 0.005727 0.001589 0.014842 -0.005729 -0.999982 -0.001493 1.980595
0.003105 -0.001591 0.999994 0.013344 -0.999994 0.001670 0.003108 0.010294 -0.001675 -0.999997 -0.001586 2.973249
0.005763 -0.000017 0.999983 0.035905 -0.999974 -0.004354 0.005763 0.009128 0.004354 -0.999991 -0.000042 3.976749
0.008860 0.001121 0.999960 0.034792 -0.999953 -0.004019 0.008864 0.019001 0.004029 -0.999991 0.001085 4.979046
0.011667 0.001181 0.999931 0.006974 -0.999931 -0.001273 0.011668 0.021445 0.001287 -0.999998 0.001166 5.952903
0.012065 0.002011 0.999925 0.000359 -0.999925 0.001986 0.012061 0.019616 -0.001961 -0.999996 0.002035 6.921632
0.011759 0.003050 0.999926 -0.001255 -0.999928 0.002355 0.011752 0.012576 -0.002319 -0.999993 0.003078 7.878900
0.011453 0.003865 0.999927 -0.012392 -0.999934 0.000336 0.011452 0.009894 -0.000292 -0.999992 0.003869 8.830972
0.010854 0.004715 0.999930 -0.014249 -0.999939 -0.002188 0.010864 0.019166 0.002239 -0.999987 0.004691 9.796647
0.011140 0.004712 0.999927 -0.044437 -0.999931 -0.003575 0.011157 0.019838 0.003627 -0.999983 0.004672 10.751561
0.012822 0.004970 0.999905 -0.062733 -0.999908 -0.004384 0.012843 0.025554 0.004448 -0.999978 0.004913 11.696295
0.012821 0.005553 0.999902 -0.076422 -0.999908 -0.004273 0.012844 0.029862 0.004344 -0.999975 0.005498 12.644422
0.013198 0.006254 0.999893 -0.088721 -0.999908 -0.002929 0.013216 0.030181 0.003011 -0.999976 0.006214 13.572033
0.013436 0.007925 0.999878 -0.093479 -0.999909 -0.000950 0.013444 0.033218 0.001057 -0.999968 0.007911 14.504700
0.014890 0.009058 0.999848 -0.112957 -0.999889 0.000367 0.014887 0.034553 -0.000232 -0.999959 0.009063 15.431968
0.014627 0.010738 0.999835 -0.125470 -0.999893 0.001081 0.014617 0.033465 -0.000924 -0.999942 0.010752 16.355759
0.013272 0.012326 0.999836 -0.139447 -0.999910 0.001880 0.013250 0.031130 -0.001717 -0.999922 0.012349 17.285398
0.012249 0.013752 0.999830 -0.164645 -0.999924 0.001753 0.012226 0.026056 -0.001584 -0.999904 0.013772 18.201113
0.012997 0.015254 0.999799 -0.183891 -0.999915 0.000879 0.012985 0.024812 -0.000680 -0.999883 0.015265 19.116898
0.012374 0.016257 0.999791 -0.209161 -0.999923 -0.000388 0.012382 0.024664 0.000589 -0.999868 0.016251 20.025455
0.012387 0.017785 0.999765 -0.226966 -0.999923 -0.001023 0.012407 0.024950 0.001243 -0.999841 0.017771 20.926912
0.013537 0.019205 0.999724 -0.247765 -0.999908 -0.000861 0.013556 0.025968 0.001121 -0.999815 0.019191 21.825829
0.013520 0.020619 0.999696 -0.274528 -0.999908 -0.000736 0.013538 0.021843 0.001015 -0.999787 0.020607 22.727001
0.013292 0.022388 0.999661 -0.288331 -0.999911 -0.000948 0.013317 0.024208 0.001246 -0.999749 0.022373 23.610067
0.013177 0.023204 0.999644 -0.314141 -0.999907 -0.003182 0.013254 0.021319 0.003488 -0.999726 0.023160 24.483452
0.014056 0.024304 0.999606 -0.329979 -0.999882 -0.005841 0.014202 0.022878 0.006184 -0.999688 0.024219 25.357254
0.013607 0.025091 0.999593 -0.351124 -0.999876 -0.007589 0.013802 0.026126 0.007932 -0.999656 0.024985 26.215277
0.012601 0.025357 0.999599 -0.380123 -0.999898 -0.006343 0.012766 0.030486 0.006664 -0.999658 0.025274 27.048376
0.010551 0.026339 0.999597 -0.405799 -0.999936 -0.003898 0.010657 0.033748 0.004177 -0.999646 0.026296 27.879883
0.009867 0.027137 0.999583 -0.428084 -0.999948 -0.002155 0.009929 0.039508 0.002423 -0.999629 0.027114 28.697968
0.009878 0.028067 0.999557 -0.452318 -0.999949 -0.001891 0.009935 0.038471 0.002170 -0.999604 0.028047 29.510178
0.010204 0.029321 0.999518 -0.478369 -0.999947 -0.001089 0.010240 0.046188 0.001389 -0.999570 0.029308 30.311220
0.009134 0.030816 0.999483 -0.512623 -0.999958 -0.000465 0.009153 0.043833 0.000747 -0.999525 0.030810 31.106169
0.009268 0.032784 0.999420 -0.544019 -0.999956 -0.000752 0.009297 0.039930 0.001057 -0.999462 0.032775 31.875875
0.009581 0.034629 0.999354 -0.573533 -0.999952 -0.001768 0.009648 0.043916 0.002101 -0.999399 0.034610 32.662056
0.009221 0.037026 0.999272 -0.597959 -0.999948 -0.004056 0.009378 0.049019 0.004401 -0.999306 0.036987 33.437214
0.008322 0.039031 0.999203 -0.629122 -0.999947 -0.005739 0.008553 0.052296 0.006068 -0.999222 0.038981 34.203789
0.007432 0.041325 0.999118 -0.655959 -0.999954 -0.005801 0.007678 0.056859 0.006114 -0.999129 0.041280 34.954823
0.004680 0.043332 0.999050 -0.691660 -0.999976 -0.004903 0.004897 0.058896 0.005111 -0.999049 0.043308 35.700558
0.003031 0.045436 0.998963 -0.723580 -0.999986 -0.004182 0.003224 0.061761 0.004324 -0.998959 0.045423 36.442902
0.002504 0.047273 0.998879 -0.755228 -0.999983 -0.005156 0.002750 0.069252 0.005280 -0.998869 0.047259 37.175911
0.001303 0.048853 0.998805 -0.782780 -0.999975 -0.006943 0.001644 0.074066 0.007015 -0.998782 0.048843 37.901543
-0.001452 0.048960 0.998800 -0.817609 -0.999969 -0.007806 -0.001071 0.070948 0.007744 -0.998770 0.048970 38.621986
-0.004355 0.048296 0.998824 -0.849467 -0.999974 -0.005916 -0.004074 0.070345 0.005712 -0.998816 0.048320 39.312073
-0.006541 0.046329 0.998905 -0.892377 -0.999976 -0.002737 -0.006422 0.075543 0.002436 -0.998922 0.046346 39.981071
-0.007471 0.044645 0.998975 -0.912133 -0.999972 -0.001002 -0.007434 0.073560 0.000669 -0.999002 0.044651 40.669029
-0.008510 0.041230 0.999113 -0.943959 -0.999963 -0.001846 -0.008441 0.073823 0.001496 -0.999148 0.041245 41.320606
-0.013351 0.038674 0.999163 -0.956516 -0.999903 -0.004416 -0.013190 0.079315 0.003902 -0.999242 0.038729 41.989792
-0.017700 0.035210 0.999223 -0.980119 -0.999817 -0.007934 -0.017431 0.078447 0.007314 -0.999349 0.035344 42.632038
-0.022790 0.031006 0.999259 -0.999712 -0.999708 -0.008790 -0.022528 0.085721 0.008085 -0.999480 0.031197 43.258602
-0.026587 0.026353 0.999299 -1.003741 -0.999611 -0.009118 -0.026355 0.090368 0.008417 -0.999611 0.026585 43.876194
-0.029779 0.020289 0.999351 -1.034199 -0.999502 -0.011084 -0.029559 0.093033 0.010477 -0.999733 0.020609 44.442280
-0.034367 0.013863 0.999313 -1.046674 -0.999337 -0.012504 -0.034194 0.093635 0.012021 -0.999826 0.014284 45.017590
-0.037345 0.007208 0.999276 -1.048412 -0.999232 -0.012138 -0.037256 0.100085 0.011860 -0.999900 0.007656 45.573498
-0.040785 -0.000170 0.999168 -1.051059 -0.999093 -0.012237 -0.040784 0.102623 0.012233 -0.999925 0.000329 46.083828
-0.044893 -0.007850 0.998961 -1.058383 -0.998923 -0.011402 -0.044980 0.118500 0.011743 -0.999904 -0.007330 46.623875
-0.049033 -0.015494 0.998677 -1.061404 -0.998752 -0.008722 -0.049172 0.119780 0.009472 -0.999842 -0.015047 47.099323
-0.050885 -0.023536 0.998427 -1.055678 -0.998681 -0.005617 -0.051030 0.120745 0.006810 -0.999707 -0.023219 47.567074
-0.051817 -0.031242 0.998168 -1.037681 -0.998631 -0.005520 -0.052014 0.119548 0.007134 -0.999497 -0.030913 48.005409
-0.050660 -0.038893 0.997958 -1.017416 -0.998679 -0.006578 -0.050953 0.132162 0.008547 -0.999222 -0.038509 48.438267
-0.052400 -0.046461 0.997545 -0.983150 -0.998579 -0.007273 -0.052793 0.136773 0.009708 -0.998894 -0.046014 48.837116
-0.055583 -0.055276 0.996923 -0.964182 -0.998399 -0.007420 -0.056077 0.138676 0.010497 -0.998444 -0.054775 49.215534
-0.060466 -0.064133 0.996108 -0.949231 -0.998111 -0.006945 -0.061035 0.133928 0.010833 -0.997917 -0.063592 49.579906
-0.063965 -0.072770 0.995295 -0.914989 -0.997885 -0.006923 -0.064638 0.133563 0.011594 -0.997325 -0.072174 49.878654
-0.063830 -0.082409 0.994552 -0.890071 -0.997870 -0.008179 -0.064721 0.112577 0.013468 -0.996565 -0.081711 50.206093
-0.062743 -0.092994 0.993688 -0.857617 -0.997954 -0.006412 -0.063612 0.106730 0.012287 -0.995646 -0.092402 50.510811
-0.061396 -0.105095 0.992565 -0.824257 -0.998078 -0.001944 -0.061943 0.102114 0.008439 -0.994460 -0.104774 50.788490
-0.061949 -0.118113 0.991066 -0.783136 -0.998067 0.002293 -0.062113 0.106232 0.005064 -0.992998 -0.118026 51.048752
-0.063895 -0.133389 0.989002 -0.733790 -0.997948 0.004464 -0.063871 0.111734 0.004105 -0.991054 -0.133401 51.325020
-0.065223 -0.149664 0.986583 -0.685557 -0.997861 0.005334 -0.065159 0.086041 0.004489 -0.988723 -0.149692 51.598267
-0.065586 -0.167010 0.983771 -0.644722 -0.997837 0.006585 -0.065406 0.084952 0.004446 -0.985933 -0.167081 51.885441
-0.065114 -0.184788 0.980619 -0.571361 -0.997869 0.007923 -0.064767 0.088360 0.004199 -0.982747 -0.184911 52.130344
-0.063817 -0.203666 0.976958 -0.496097 -0.997949 0.008086 -0.063502 0.078746 0.005034 -0.979007 -0.203764 52.376038
-0.064080 -0.224094 0.972458 -0.427366 -0.997932 0.009389 -0.063596 0.077776 0.005121 -0.974522 -0.224232 52.643276
-0.066290 -0.244800 0.967305 -0.340637 -0.997790 0.011864 -0.065377 0.079333 0.004528 -0.969501 -0.245046 52.890701
-0.068024 -0.267779 0.961076 -0.267503 -0.997673 0.013867 -0.066751 0.071182 0.004547 -0.963381 -0.268100 53.164211
-0.068795 -0.292219 0.953874 -0.168749 -0.997618 0.015245 -0.067279 0.073910 0.005118 -0.956230 -0.292571 53.425285
-0.072127 -0.318153 0.945292 -0.069082 -0.997368 0.016004 -0.070715 0.060491 0.007370 -0.947904 -0.318470 53.714149
-0.073581 -0.345155 0.935657 0.048876 -0.997254 0.017519 -0.071963 0.064972 0.008446 -0.938382 -0.345496 53.996010
-0.074383 -0.373905 0.924479 0.169583 -0.997181 0.018717 -0.072662 0.048398 0.009865 -0.927278 -0.374243 54.264256
-0.072667 -0.403883 0.911920 0.306072 -0.997312 0.020843 -0.070240 0.041637 0.009362 -0.914573 -0.404312 54.484016
-0.069675 -0.435729 0.897377 0.472923 -0.997543 0.023787 -0.065903 0.039633 0.007370 -0.899763 -0.436316 54.721821
-0.069254 -0.469929 0.879983 0.615921 -0.997585 0.027902 -0.063609 0.022929 0.005338 -0.882263 -0.470726 54.937862
-0.071186 -0.504099 0.860707 0.784314 -0.997457 0.033037 -0.063147 0.019152 0.003397 -0.863014 -0.505169 55.152260
-0.073008 -0.538978 0.839150 0.981866 -0.997329 0.037710 -0.062549 0.009544 0.002068 -0.841476 -0.540291 55.387756
-0.076102 -0.574380 0.815044 1.212240 -0.997096 0.041479 -0.063869 0.000574 0.002878 -0.817537 -0.575868 55.614525
-0.080151 -0.611109 0.787478 1.398537 -0.996767 0.044647 -0.066806 -0.011736 0.005668 -0.790286 -0.612711 55.849022
-0.084586 -0.647476 0.757377 1.626940 -0.996369 0.047592 -0.070591 -0.023922 0.009661 -0.760598 -0.649151 56.096050
-0.085567 -0.683691 0.724738 1.907499 -0.996264 0.050208 -0.070260 -0.051964 0.011649 -0.728042 -0.685433 56.343277
-0.083153 -0.720613 0.688333 2.195374 -0.996458 0.051417 -0.066546 -0.069450 0.012562 -0.691428 -0.722336 56.576973
-0.082255 -0.756369 0.648953 2.514627 -0.996513 0.053270 -0.064221 -0.086104 0.014005 -0.651973 -0.758113 56.820393
-0.081682 -0.790888 0.606485 2.865837 -0.996537 0.055316 -0.062080 -0.108949 0.015550 -0.609456 -0.792668 57.056629
-0.081023 -0.823854 0.560981 3.239066 -0.996596 0.058351 -0.058244 -0.141073 0.015251 -0.563790 -0.825778 57.265427
-0.080019 -0.854792 0.512765 3.636403 -0.996657 0.060105 -0.055335 -0.165388 0.016480 -0.515478 -0.856744 57.472073
-0.078287 -0.882202 0.464318 4.050533 -0.996748 0.060356 -0.053382 -0.186103 0.019069 -0.466987 -0.884058 57.657284
-0.076316 -0.906737 0.414733 4.491765 -0.996795 0.059366 -0.053629 -0.211331 0.024006 -0.417497 -0.908361 57.828960
-0.076195 -0.927829 0.365141 4.922144 -0.996631 0.059720 -0.056221 -0.226536 0.030358 -0.368195 -0.929253 57.971958
-0.076593 -0.945714 0.315845 5.399701 -0.996565 0.062608 -0.054207 -0.251715 0.031490 -0.318912 -0.947261 58.109283
-0.073002 -0.960206 0.269585 5.885174 -0.997066 0.064020 -0.041973 -0.278532 0.023044 -0.271858 -0.962062 58.198196
-0.066960 -0.971889 0.225718 6.404973 -0.997652 0.061962 -0.029163 -0.316027 0.014357 -0.227141 -0.973756 58.275627
-0.066010 -0.980742 0.183817 6.929932 -0.997783 0.063302 -0.020565 -0.346154 0.008532 -0.184767 -0.982745 58.333664
-0.068004 -0.987011 0.145549 7.465608 -0.997663 0.066318 -0.016412 -0.362331 0.006546 -0.146325 -0.989215 58.387108
-0.068282 -0.991273 0.112765 8.017517 -0.997666 0.067884 -0.007363 -0.401568 -0.000356 -0.113005 -0.993595 58.430069
-0.066373 -0.994241 0.084136 8.583727 -0.997782 0.066563 -0.000544 -0.442849 -0.005060 -0.083986 -0.996454 58.448296
-0.064897 -0.996162 0.058740 9.168783 -0.997838 0.065393 0.006547 -0.471610 -0.010363 -0.058188 -0.998252 58.470440
-0.064089 -0.997167 0.039369 9.757195 -0.997854 0.064563 0.010888 -0.502903 -0.013399 -0.038587 -0.999166 58.472034
-0.065533 -0.997572 0.023553 10.361006 -0.997738 0.065862 0.013485 -0.539225 -0.015004 -0.022616 -0.999632 58.478104
-0.064901 -0.997841 0.010083 10.991974 -0.997786 0.065038 0.013916 -0.582441 -0.014541 -0.009157 -0.999852 58.484138
-0.065526 -0.997850 -0.001633 11.607663 -0.997749 0.065495 0.014428 -0.624051 -0.014290 0.002575 -0.999895 58.473740
-0.068587 -0.997589 -0.010582 12.234458 -0.997469 0.068372 0.019495 -0.656371 -0.018724 0.011892 -0.999754 58.458435
-0.070543 -0.997370 -0.016623 12.886835 -0.997253 0.070138 0.023822 -0.691998 -0.022593 0.018257 -0.999578 58.432800
-0.069725 -0.997335 -0.021476 13.558045 -0.997314 0.069207 0.023976 -0.734535 -0.022425 0.023090 -0.999482 58.426083
-0.067080 -0.997424 -0.025412 14.229862 -0.997553 0.066543 0.021437 -0.770753 -0.019691 0.026788 -0.999447 58.419792
-0.060101 -0.997808 -0.027712 14.913696 -0.998031 0.059569 0.019631 -0.808379 -0.017937 0.028837 -0.999423 58.400848
-0.054177 -0.998112 -0.028919 15.615240 -0.998345 0.053584 0.020900 -0.851098 -0.019311 0.030003 -0.999363 58.376453
-0.051708 -0.998231 -0.029345 16.325113 -0.998413 0.051016 0.023851 -0.880946 -0.022312 0.030532 -0.999285 58.354553
-0.054046 -0.998121 -0.028882 17.044682 -0.998213 0.053267 0.027088 -0.917292 -0.025498 0.030294 -0.999216 58.327137
-0.061194 -0.997738 -0.027815 17.764853 -0.997780 0.060416 0.028017 -0.955876 -0.026274 0.029467 -0.999221 58.299183
-0.069316 -0.997265 -0.025653 18.490437 -0.997230 0.068572 0.028831 -0.989494 -0.026993 0.027581 -0.999255 58.285252
-0.070216 -0.997266 -0.023045 19.237288 -0.997142 0.069524 0.029562 -1.024282 -0.027879 0.025055 -0.999297 58.258968
-0.065464 -0.997638 -0.020819 19.987455 -0.997493 0.064864 0.028309 -1.075834 -0.026892 0.022620 -0.999382 58.237064
-0.059092 -0.998089 -0.018069 20.766645 -0.997888 0.058571 0.028099 -1.120225 -0.026987 0.019691 -0.999442 58.218098
-0.057096 -0.998260 -0.014740 21.536997 -0.998048 0.056698 0.026162 -1.170333 -0.025281 0.016205 -0.999549 58.197662
-0.062335 -0.997993 -0.011158 22.284706 -0.997512 0.061928 0.033676 -1.216357 -0.032917 0.013230 -0.999371 58.170444
-0.068070 -0.997651 -0.007743 23.044325 -0.997078 0.067757 0.035288 -1.256937 -0.034680 0.010122 -0.999347 58.162613
-0.068857 -0.997614 -0.005081 23.796539 -0.997186 0.068674 0.030056 -1.291612 -0.029636 0.007136 -0.999536 58.165588
-0.065105 -0.997876 -0.002360 24.584475 -0.997551 0.065023 0.025781 -1.344669 -0.025572 0.004033 -0.999665 58.197308
-0.061171 -0.998125 0.002220 25.343960 -0.997692 0.061210 0.029413 -1.398653 -0.029493 -0.000415 -0.999565 58.197323
-0.062241 -0.998043 0.005996 26.113203 -0.997475 0.062410 0.033885 -1.445009 -0.034193 -0.003872 -0.999408 58.193775
-0.067001 -0.997713 0.008919 26.887472 -0.997163 0.067266 0.033785 -1.484814 -0.034307 -0.006630 -0.999389 58.203831
-0.067907 -0.997616 0.012273 27.669292 -0.997211 0.068251 0.030197 -1.524036 -0.030963 -0.010188 -0.999469 58.233719
-0.067597 -0.997590 0.015680 28.446762 -0.997244 0.068038 0.029580 -1.567600 -0.030575 -0.013637 -0.999440 58.257641
-0.064158 -0.997753 0.019317 29.220840 -0.997343 0.064777 0.033321 -1.625820 -0.034498 -0.017128 -0.999258 58.274593
-0.064591 -0.997652 0.022777 29.996683 -0.997137 0.065424 0.037919 -1.675291 -0.039320 -0.020262 -0.999021 58.293457
-0.065568 -0.997502 0.026274 30.763014 -0.996933 0.066613 0.041090 -1.721175 -0.042737 -0.023499 -0.998810 58.313942
-0.065456 -0.997430 0.029137 31.544231 -0.996908 0.066639 0.041641 -1.769490 -0.043476 -0.026322 -0.998708 58.337563
-0.064069 -0.997417 0.032468 32.320152 -0.996933 0.065435 0.042923 -1.816203 -0.044937 -0.029619 -0.998551 58.367783
-0.062933 -0.997364 0.036112 33.100639 -0.996894 0.064538 0.045133 -1.864727 -0.047345 -0.033159 -0.998328 58.392372
-0.063372 -0.997223 0.039107 33.866531 -0.996936 0.065057 0.043434 -1.907183 -0.045857 -0.036234 -0.998291 58.423641
-0.064885 -0.997006 0.042054 34.626778 -0.996943 0.066604 0.040848 -1.955644 -0.043527 -0.039275 -0.998280 58.463284
-0.064532 -0.996915 0.044682 35.413372 -0.996888 0.066432 0.042439 -2.011727 -0.045276 -0.041804 -0.998100 58.504436
-0.064343 -0.996804 0.047350 36.185753 -0.996987 0.066270 0.040313 -2.055856 -0.043322 -0.044614 -0.998065 58.546017
-0.064570 -0.996651 0.050171 36.964901 -0.997022 0.066554 0.038950 -2.101133 -0.042158 -0.047507 -0.997981 58.578655
-0.064710 -0.996508 0.052764 37.736397 -0.997135 0.066646 0.035795 -2.149354 -0.039186 -0.050297 -0.997965 58.628242
-0.066930 -0.996179 0.056103 38.517395 -0.997032 0.068920 0.034322 -2.195927 -0.038058 -0.053640 -0.997835 58.675373
-0.070392 -0.995746 0.059457 39.302994 -0.996805 0.072471 0.033577 -2.243939 -0.037743 -0.056904 -0.997666 58.723701
-0.072304 -0.995391 0.063006 40.090340 -0.996652 0.074525 0.033634 -2.301858 -0.038174 -0.060363 -0.997446 58.776653
-0.074566 -0.995030 0.066000 40.882572 -0.996689 0.076515 0.027501 -2.350745 -0.032414 -0.063731 -0.997441 58.835110
-0.074029 -0.994893 0.068612 41.680351 -0.996827 0.075840 0.024164 -2.397336 -0.029244 -0.066606 -0.997351 58.902786
-0.074115 -0.994635 0.072172 42.483852 -0.996748 0.076178 0.026260 -2.460479 -0.031617 -0.069991 -0.997046 58.966106
-0.075250 -0.994264 0.076010 43.289345 -0.996678 0.077376 0.025421 -2.520557 -0.031156 -0.073845 -0.996783 59.032936
-0.076184 -0.993926 0.079423 44.092518 -0.996724 0.078084 0.021090 -2.577018 -0.027164 -0.077556 -0.996618 59.108788
-0.074403 -0.993729 0.083470 44.916485 -0.996869 0.076363 0.020540 -2.630575 -0.026785 -0.081680 -0.996299 59.188602
-0.073959 -0.993348 0.088258 45.728031 -0.996891 0.076054 0.020616 -2.697512 -0.027192 -0.086459 -0.995884 59.264599
-0.077709 -0.992591 0.093401 46.544167 -0.996661 0.079698 0.017751 -2.751742 -0.025063 -0.091710 -0.995470 59.347237
-0.086315 -0.991268 0.099686 47.352600 -0.995956 0.088360 0.016279 -2.811799 -0.024945 -0.097878 -0.994886 59.430435
-0.090744 -0.990111 0.106984 48.162338 -0.995573 0.092835 0.014729 -2.881150 -0.024515 -0.105174 -0.994152 59.525158
-0.093365 -0.989047 0.114324 49.000710 -0.995379 0.095311 0.011666 -2.945941 -0.022434 -0.112707 -0.993375 59.633366
-0.091802 -0.988342 0.121463 49.824932 -0.995596 0.093429 0.007763 -3.019106 -0.019021 -0.120215 -0.992566 59.743847
-0.089949 -0.987559 0.128979 50.661369 -0.995748 0.091755 0.008121 -3.090854 -0.019854 -0.127700 -0.991614 59.859577
-0.086563 -0.986880 0.136292 51.507725 -0.996041 0.088506 0.008250 -3.151845 -0.020205 -0.135038 -0.990634 59.990536
-0.081254 -0.986220 0.144113 52.329113 -0.996530 0.083005 0.006169 -3.221302 -0.018046 -0.143112 -0.989542 60.104797
-0.073754 -0.985809 0.150799 53.176743 -0.997157 0.075240 0.004167 -3.284310 -0.015454 -0.150062 -0.988556 60.261692
-0.070993 -0.984869 0.158094 54.009109 -0.997358 0.072533 0.003989 -3.350485 -0.015396 -0.157393 -0.987416 60.403641
-0.072779 -0.983542 0.165375 54.819412 -0.997229 0.074324 0.003167 -3.414369 -0.015406 -0.164686 -0.986226 60.542645
-0.079086 -0.982051 0.171236 55.621063 -0.996707 0.080982 0.004102 -3.475472 -0.017895 -0.170348 -0.985222 60.688995
-0.082615 -0.980899 0.176104 56.429665 -0.996413 0.084553 0.003515 -3.535340 -0.018338 -0.175182 -0.984365 60.845940
-0.085606 -0.979725 0.181140 57.221275 -0.996178 0.087337 0.001588 -3.605381 -0.017376 -0.180312 -0.983456 60.997311
-0.085124 -0.978765 0.186477 58.019878 -0.996250 0.086515 -0.000681 -3.672545 -0.015466 -0.185836 -0.982459 61.164425
-0.082033 -0.978009 0.191751 58.800217 -0.996441 0.084228 0.003311 -3.736314 -0.019389 -0.190797 -0.981438 61.317410
-0.075392 -0.977573 0.196637 59.574520 -0.996969 0.077692 0.003998 -3.796474 -0.019185 -0.195740 -0.980468 61.468582
-0.069099 -0.977497 0.199314 60.342266 -0.997476 0.070966 0.002230 -3.858100 -0.016324 -0.198657 -0.979933 61.640514
-0.065781 -0.977067 0.202515 61.088333 -0.997768 0.066737 -0.002110 -3.919227 -0.011454 -0.202202 -0.979277 61.802601
-0.065577 -0.976382 0.205860 61.827927 -0.997792 0.066335 -0.003224 -3.971082 -0.010508 -0.205617 -0.978576 61.964649
-0.067859 -0.975723 0.208232 62.556889 -0.997647 0.068412 -0.004555 -4.016723 -0.009801 -0.208051 -0.978069 62.125839
-0.072306 -0.975157 0.209384 63.279915 -0.997363 0.072010 -0.009045 -4.070817 -0.006257 -0.209486 -0.977792 62.300278
-0.076295 -0.974492 0.211057 63.980103 -0.997069 0.075772 -0.010576 -4.127219 -0.005686 -0.211245 -0.977417 62.461681
-0.081524 -0.973605 0.213182 64.672600 -0.996648 0.081110 -0.010702 -4.176746 -0.006872 -0.213340 -0.976954 62.619900
-0.083509 -0.973106 0.214688 65.372543 -0.996475 0.083270 -0.010174 -4.233423 -0.007977 -0.214781 -0.976630 62.780930
-0.083199 -0.972824 0.216082 66.058258 -0.996516 0.082484 -0.012338 -4.289769 -0.005821 -0.216356 -0.976297 62.937977
-0.080732 -0.972950 0.216450 66.746315 -0.996721 0.079974 -0.012272 -4.340774 -0.005370 -0.216732 -0.976217 63.106258
-0.078263 -0.972981 0.217215 67.432869 -0.996916 0.077639 -0.011420 -4.388671 -0.005753 -0.217439 -0.976057 63.269207
-0.076570 -0.973179 0.216932 68.088493 -0.997046 0.076056 -0.010730 -4.447786 -0.006057 -0.217113 -0.976128 63.415974
-0.075955 -0.973545 0.215503 68.736786 -0.997098 0.075279 -0.011355 -4.499506 -0.005168 -0.215740 -0.976437 63.564342
-0.076902 -0.973844 0.213808 69.383850 -0.997029 0.076041 -0.012258 -4.548368 -0.004321 -0.214115 -0.976799 63.719425
-0.079558 -0.974178 0.211301 70.009521 -0.996822 0.078622 -0.012841 -4.596987 -0.004104 -0.211651 -0.977337 63.864639
-0.083033 -0.974408 0.208889 70.638794 -0.996524 0.082616 -0.010734 -4.649967 -0.006798 -0.209054 -0.977880 64.014801
-0.083573 -0.974720 0.207211 71.239479 -0.996461 0.083619 -0.008552 -4.697837 -0.008991 -0.207193 -0.978259 64.137306
-0.082719 -0.975259 0.205005 71.839996 -0.996548 0.082417 -0.010026 -4.746126 -0.007118 -0.205126 -0.978710 64.262634
-0.079723 -0.976101 0.202166 72.449547 -0.996798 0.079337 -0.010022 -4.790446 -0.006256 -0.202317 -0.979300 64.407104
-0.075772 -0.976870 0.199958 73.046837 -0.997108 0.075400 -0.009486 -4.839180 -0.005810 -0.200098 -0.979759 64.536545
-0.074769 -0.977386 0.197806 73.622475 -0.997163 0.075001 -0.006326 -4.892225 -0.008653 -0.197718 -0.980221 64.657425
-0.076509 -0.977595 0.196098 74.183212 -0.996989 0.077493 -0.002663 -4.932799 -0.012592 -0.195712 -0.980581 64.760155
-0.078415 -0.977951 0.193555 74.734642 -0.996782 0.080154 0.001160 -4.975520 -0.016649 -0.192841 -0.981089 64.863937
-0.080264 -0.978219 0.191428 75.299995 -0.996640 0.081907 0.000672 -5.017384 -0.016337 -0.190731 -0.981507 64.987938
-0.082876 -0.978219 0.190313 75.867302 -0.996427 0.084454 0.000186 -5.062888 -0.016255 -0.189617 -0.981724 65.102188
-0.081044 -0.978626 0.189004 76.435593 -0.996546 0.083005 0.002469 -5.106371 -0.018105 -0.188151 -0.981973 65.215073
-0.079468 -0.978681 0.189389 77.000290 -0.996553 0.082539 0.008372 -5.151047 -0.023825 -0.188070 -0.981867 65.323181
-0.077541 -0.978408 0.191585 77.564880 -0.996578 0.081583 0.013288 -5.190576 -0.028631 -0.189899 -0.981386 65.427727
-0.077101 -0.978137 0.193143 78.128426 -0.996532 0.081683 0.015864 -5.232335 -0.031293 -0.191250 -0.981042 65.540665
-0.077273 -0.977590 0.195821 78.700966 -0.996594 0.081413 0.013169 -5.275013 -0.028816 -0.194137 -0.980551 65.677162
-0.077057 -0.976453 0.201497 79.278008 -0.996602 0.081330 0.013002 -5.322134 -0.029084 -0.199811 -0.979403 65.799431
-0.075713 -0.975247 0.207753 79.881874 -0.996616 0.080700 0.015623 -5.356519 -0.032002 -0.205867 -0.978057 65.954216
-0.075975 -0.973540 0.215519 80.463364 -0.996647 0.080732 0.013342 -5.399067 -0.030388 -0.213782 -0.976409 66.083580
-0.073862 -0.971797 0.223953 81.062393 -0.996788 0.078911 0.013670 -5.445524 -0.030957 -0.222224 -0.974504 66.228020
-0.073450 -0.969796 0.232594 81.657852 -0.996895 0.078029 0.010535 -5.491451 -0.028366 -0.231098 -0.972517 66.390976
-0.072875 -0.967445 0.242361 82.252182 -0.996958 0.077402 0.009197 -5.539926 -0.027657 -0.240953 -0.970143 66.539993
-0.076934 -0.964708 0.251833 82.862419 -0.996747 0.080500 0.003873 -5.582905 -0.024009 -0.250715 -0.967763 66.717094
-0.079352 -0.962108 0.260865 83.476257 -0.996606 0.082322 0.000460 -5.623414 -0.021917 -0.259943 -0.965375 66.903099
-0.082006 -0.958874 0.271729 84.096886 -0.996435 0.084303 -0.003229 -5.666847 -0.019811 -0.271025 -0.962368 67.088402
-0.083794 -0.955811 0.281787 84.734367 -0.996283 0.086027 -0.004461 -5.714642 -0.019978 -0.281114 -0.959466 67.299973
-0.084309 -0.952875 0.291414 85.365265 -0.996276 0.085910 -0.007324 -5.764291 -0.018057 -0.290946 -0.956569 67.508537
-0.084936 -0.949567 0.301842 86.013145 -0.996217 0.086522 -0.008139 -5.807971 -0.018387 -0.301392 -0.953323 67.722214
-0.086166 -0.946291 0.311623 86.674461 -0.996176 0.086365 -0.013188 -5.863779 -0.014434 -0.311567 -0.950114 67.962112
-0.080920 -0.943320 0.321869 87.364441 -0.996601 0.081574 -0.011478 -5.908170 -0.015429 -0.321704 -0.946715 68.230515
-0.073809 -0.940174 0.332604 88.045204 -0.997111 0.075575 -0.007644 -5.959682 -0.017950 -0.332207 -0.943036 68.476799
-0.068998 -0.936584 0.343584 88.736267 -0.997425 0.071512 -0.005366 -6.008461 -0.019544 -0.343070 -0.939106 68.732498
-0.065742 -0.933046 0.353698 89.432297 -0.997656 0.068202 -0.005521 -6.050041 -0.018972 -0.353232 -0.935343 69.008232
-0.063239 -0.929586 0.363140 90.139755 -0.997673 0.068181 0.000794 -6.092417 -0.025498 -0.362245 -0.931734 69.288315
-0.057795 -0.926457 0.371938 90.880188 -0.997852 0.065116 0.007140 -6.136232 -0.030834 -0.370726 -0.928230 69.570709
-0.048242 -0.924283 0.378646 91.606949 -0.998113 0.059023 0.016910 -6.174789 -0.037978 -0.377116 -0.925387 69.863228
-0.043842 -0.921672 0.385486 92.339203 -0.998133 0.056832 0.022363 -6.219216 -0.042520 -0.383785 -0.922443 70.170197
-0.043875 -0.918742 0.392414 93.078438 -0.998012 0.058098 0.024438 -6.264241 -0.045251 -0.390562 -0.919464 70.501205
-0.049945 -0.915410 0.399413 93.816826 -0.997450 0.066134 0.026844 -6.307789 -0.050988 -0.397054 -0.916378 70.835526
-0.054644 -0.912338 0.405776 94.546471 -0.996866 0.073129 0.030178 -6.352223 -0.057207 -0.402855 -0.913474 71.180298
-0.056718 -0.909768 0.411223 95.318802 -0.996774 0.075027 0.028505 -6.409648 -0.056786 -0.408280 -0.911089 71.545937
-0.058145 -0.907833 0.415282 96.043007 -0.997037 0.073791 0.021715 -6.466094 -0.050358 -0.412789 -0.909434 71.910172
-0.061775 -0.905714 0.419363 96.765945 -0.997043 0.075243 0.015634 -6.517640 -0.045714 -0.417157 -0.907684 72.262375
-0.064861 -0.903725 0.423171 97.477516 -0.996850 0.078079 0.013954 -6.593196 -0.045651 -0.420933 -0.905942 72.611710
-0.068623 -0.901415 0.427484 98.166588 -0.996642 0.081124 0.011076 -6.655543 -0.044663 -0.425289 -0.903955 72.934410
-0.071422 -0.899586 0.430864 98.853165 -0.996505 0.083118 0.008356 -6.712381 -0.043330 -0.428761 -0.902378 73.280022
-0.070009 -0.897975 0.434442 99.536522 -0.996662 0.081301 0.007438 -6.768121 -0.042000 -0.432471 -0.900669 73.635872
-0.066476 -0.896071 0.438905 100.211967 -0.996871 0.078500 0.009281 -6.823580 -0.042770 -0.436915 -0.898485 73.960297
-0.063678 -0.894658 0.442190 100.870979 -0.997093 0.075613 0.009395 -6.877683 -0.041841 -0.440306 -0.896872 74.301300
-0.062786 -0.893057 0.445541 101.531975 -0.997212 0.074178 0.008155 -6.943271 -0.040332 -0.443786 -0.895225 74.652657
-0.064300 -0.891111 0.449206 102.170753 -0.997146 0.075218 0.006480 -6.994804 -0.039562 -0.447507 -0.893405 74.976540
-0.065100 -0.889807 0.451670 102.807838 -0.997098 0.075910 0.005832 -7.068064 -0.039475 -0.449979 -0.892166 75.314056
-0.063298 -0.888586 0.454323 103.415291 -0.997149 0.075043 0.007847 -7.111213 -0.041067 -0.452531 -0.890803 75.598564
-0.062144 -0.887947 0.455729 104.041718 -0.997127 0.075048 0.010255 -7.162221 -0.043308 -0.453783 -0.890059 75.944016
-0.061942 -0.887071 0.457459 104.655327 -0.997211 0.074124 0.008709 -7.223084 -0.041635 -0.455643 -0.889188 76.280579
-0.060797 -0.885969 0.459743 105.255264 -0.997222 0.073769 0.010286 -7.276831 -0.043027 -0.457841 -0.887992 76.591469
-0.062422 -0.884468 0.462407 105.834129 -0.997095 0.075524 0.009858 -7.324929 -0.043642 -0.460448 -0.886613 76.896416
-0.062447 -0.883001 0.465199 106.414276 -0.996922 0.077324 0.012947 -7.372665 -0.047403 -0.462958 -0.885112 77.205620
-0.061513 -0.881568 0.468032 106.983788 -0.996890 0.077408 0.014783 -7.426386 -0.049262 -0.465667 -0.883588 77.528206
-0.059823 -0.880090 0.471024 107.541481 -0.996859 0.077204 0.017645 -7.476889 -0.051894 -0.468489 -0.881944 77.828011
-0.058866 -0.878500 0.474101 108.094460 -0.996861 0.076917 0.018752 -7.530463 -0.052940 -0.471509 -0.880271 78.146431
-0.058612 -0.876931 0.477030 108.630554 -0.996833 0.077141 0.019330 -7.582761 -0.053750 -0.474386 -0.878675 78.447289
-0.057632 -0.875085 0.480525 109.164375 -0.996835 0.076845 0.020387 -7.626715 -0.054766 -0.477829 -0.876744 78.748466
-0.057077 -0.873202 0.484005 109.683601 -0.996790 0.077106 0.021561 -7.675162 -0.056147 -0.481220 -0.874800 79.035851
-0.058228 -0.870942 0.487924 110.208252 -0.996665 0.078709 0.021555 -7.719169 -0.057177 -0.485042 -0.872620 79.342789
-0.058495 -0.868671 0.491925 110.719452 -0.996518 0.080142 0.023022 -7.767863 -0.059422 -0.488865 -0.870334 79.644379
-0.061949 -0.865850 0.496453 111.226265 -0.996314 0.083216 0.020810 -7.816325 -0.059331 -0.493334 -0.867814 79.949318
-0.067551 -0.862453 0.501609 111.732285 -0.995945 0.088227 0.017573 -7.864555 -0.059411 -0.498388 -0.864916 80.275764
-0.074810 -0.858301 0.507664 112.223358 -0.995496 0.094007 0.012239 -7.909503 -0.058229 -0.504462 -0.861468 80.566032
-0.081140 -0.854104 0.513733 112.719490 -0.995091 0.098718 0.006956 -7.959440 -0.056656 -0.510647 -0.857922 80.889526
-0.085253 -0.849680 0.520361 113.218674 -0.994790 0.101890 0.003394 -8.014725 -0.055903 -0.517361 -0.853940 81.205643
-0.085558 -0.846376 0.525668 113.720314 -0.994956 0.100309 -0.000432 -8.061515 -0.052364 -0.523054 -0.850690 81.542099
-0.084514 -0.843004 0.531227 114.228210 -0.995414 0.095410 -0.006957 -8.118300 -0.044820 -0.529379 -0.847201 81.879967
-0.082044 -0.839607 0.536963 114.738235 -0.995974 0.088600 -0.013641 -8.176553 -0.036122 -0.535920 -0.843496 82.233124
-0.080271 -0.836209 0.542504 115.261833 -0.996364 0.082895 -0.019654 -8.226342 -0.028536 -0.542109 -0.839823 82.611412
-0.078139 -0.832329 0.548747 115.785141 -0.996627 0.079058 -0.022002 -8.275469 -0.025070 -0.548615 -0.835699 82.974731
-0.081494 -0.827924 0.554889 116.311295 -0.996422 0.080194 -0.026686 -8.324054 -0.022404 -0.555078 -0.831497 83.354973
-0.085539 -0.823337 0.561070 116.847054 -0.996105 0.082758 -0.030421 -8.364501 -0.021386 -0.561487 -0.827209 83.738876
-0.088970 -0.818779 0.567174 117.380096 -0.995831 0.084636 -0.034030 -8.419797 -0.020140 -0.567837 -0.822895 84.128166
-0.091309 -0.814349 0.573148 117.930977 -0.995628 0.086032 -0.036378 -8.465810 -0.019685 -0.573963 -0.818645 84.543877
-0.092349 -0.809632 0.579628 118.490578 -0.995579 0.085106 -0.039742 -8.517643 -0.017153 -0.580735 -0.813912 84.954903
-0.094994 -0.805093 0.585492 119.045334 -0.995409 0.083753 -0.046336 -8.563634 -0.011732 -0.587205 -0.809353 85.392967
-0.092987 -0.800340 0.592291 119.614403 -0.995612 0.081014 -0.046835 -8.614768 -0.010500 -0.594047 -0.804362 85.846275
-0.090943 -0.794761 0.600070 120.194283 -0.995805 0.078693 -0.046693 -8.660456 -0.010111 -0.601799 -0.798584 86.285973
-0.091099 -0.789206 0.607335 120.778252 -0.995790 0.078435 -0.047443 -8.714646 -0.010194 -0.609100 -0.793028 86.755203
-0.093253 -0.783099 0.614866 121.361305 -0.995616 0.077825 -0.051880 -8.766527 -0.007225 -0.617009 -0.786923 87.233192
-0.093800 -0.776828 0.622687 121.949631 -0.995561 0.078039 -0.052611 -8.813275 -0.007724 -0.624858 -0.780700 87.724037
-0.095034 -0.771353 0.629272 122.550385 -0.995454 0.077626 -0.055182 -8.859557 -0.006283 -0.631656 -0.775223 88.241875
-0.094053 -0.767416 0.634213 123.156631 -0.995549 0.076360 -0.055242 -8.910063 -0.006035 -0.636586 -0.771182 88.767387
-0.092950 -0.764416 0.637988 123.777763 -0.995647 0.075784 -0.054256 -8.959600 -0.006876 -0.640254 -0.768132 89.295906
-0.090545 -0.761692 0.641581 124.408211 -0.995844 0.075580 -0.050811 -9.009116 -0.009788 -0.643516 -0.765370 89.843155
-0.086566 -0.759181 0.645098 125.046432 -0.996146 0.075133 -0.045252 -9.063113 -0.014114 -0.646529 -0.762759 90.385437
-0.080293 -0.756613 0.648914 125.690910 -0.996587 0.073440 -0.037683 -9.119643 -0.019145 -0.649725 -0.759928 90.934875
-0.074330 -0.754055 0.652592 126.345680 -0.996985 0.070795 -0.031755 -9.177464 -0.022255 -0.652985 -0.757044 91.504433
-0.068829 -0.751809 0.655779 127.009857 -0.997306 0.068557 -0.026079 -9.232594 -0.025352 -0.655808 -0.754502 92.087952
-0.066999 -0.749012 0.659160 127.664719 -0.997437 0.066910 -0.025351 -9.287239 -0.025116 -0.659169 -0.751575 92.670334
-0.068182 -0.746126 0.662304 128.326920 -0.997332 0.068326 -0.025699 -9.342475 -0.026077 -0.662289 -0.748794 93.265244
-0.072832 -0.742924 0.665402 128.977249 -0.997075 0.069733 -0.031278 -9.392879 -0.023163 -0.665734 -0.745829 93.867584
-0.076392 -0.739964 0.668295 129.628296 -0.996906 0.069139 -0.037401 -9.439301 -0.018530 -0.669084 -0.742956 94.476028
-0.072719 -0.737782 0.671111 130.286438 -0.997219 0.064806 -0.036811 -9.488358 -0.016334 -0.671922 -0.740442 95.095230
-0.069395 -0.734926 0.674587 130.954300 -0.997532 0.058347 -0.039051 -9.533491 -0.010660 -0.675633 -0.737161 95.733566
-0.064064 -0.732130 0.678145 131.622314 -0.997926 0.051323 -0.038865 -9.581898 -0.006351 -0.679228 -0.733900 96.366257
-0.060152 -0.728422 0.682483 132.292816 -0.998174 0.047719 -0.037045 -9.628459 -0.005583 -0.683465 -0.729963 97.017555
-0.057150 -0.724409 0.686997 132.961472 -0.998301 0.049270 -0.031093 -9.666814 -0.011324 -0.687607 -0.725994 97.652809
-0.054111 -0.719708 0.692165 133.635300 -0.998260 0.055269 -0.020571 -9.709744 -0.023450 -0.692074 -0.721446 98.292938
-0.055753 -0.714468 0.697444 134.302460 -0.997877 0.063413 -0.014809 -9.752393 -0.033647 -0.696789 -0.716487 98.943962
-0.056031 -0.708459 0.703525 134.976746 -0.997664 0.067311 -0.011673 -9.798386 -0.039085 -0.702535 -0.710575 99.583817
-0.051715 -0.702896 0.709410 135.641983 -0.997906 0.064003 -0.009331 -9.848736 -0.038846 -0.708407 -0.704734 100.252045
-0.046176 -0.697458 0.715137 136.303421 -0.998110 0.061283 -0.004679 -9.903427 -0.040563 -0.714001 -0.698969 100.924461
-0.042664 -0.691973 0.720662 136.965652 -0.998086 0.061836 0.000286 -9.954771 -0.044760 -0.719270 -0.693287 101.613174
-0.044872 -0.687344 0.724944 137.612839 -0.997730 0.067312 0.002064 -10.017344 -0.050216 -0.723206 -0.688804 102.312363
-0.046199 -0.683297 0.728678 138.255615 -0.997640 0.068660 0.001132 -10.076525 -0.050804 -0.726905 -0.684856 103.000206
-0.043032 -0.680084 0.731870 138.911163 -0.997717 0.067413 0.003979 -10.133680 -0.052043 -0.730029 -0.681432 103.707687
-0.037436 -0.677634 0.734446 139.570587 -0.997972 0.063212 0.007454 -10.190586 -0.051477 -0.732678 -0.678626 104.420242
-0.032208 -0.676247 0.735970 140.227707 -0.998096 0.060512 0.011923 -10.242088 -0.052598 -0.734185 -0.676909 105.132217
-0.027530 -0.675775 0.736594 140.883133 -0.998211 0.057706 0.015633 -10.292139 -0.053070 -0.734846 -0.676155 105.842796
-0.026148 -0.675806 0.736615 141.532394 -0.998277 0.056371 0.016281 -10.346357 -0.052526 -0.734921 -0.676116 106.574242
-0.026884 -0.675861 0.736539 142.182983 -0.998360 0.055412 0.014406 -10.402878 -0.050550 -0.734943 -0.676242 107.302299
-0.029419 -0.676378 0.735967 142.822968 -0.998304 0.056894 0.012383 -10.453333 -0.050247 -0.734354 -0.676904 107.999161
-0.032704 -0.676851 0.735393 143.470062 -0.998266 0.058158 0.009134 -10.496840 -0.048952 -0.733819 -0.677579 108.686172
-0.036112 -0.679012 0.733239 144.112900 -0.998197 0.059715 0.006137 -10.547728 -0.047952 -0.731695 -0.679944 109.407875
-0.038754 -0.681106 0.731158 144.762695 -0.998233 0.059374 0.002400 -10.593946 -0.045047 -0.729773 -0.682204 110.129181
-0.040463 -0.683294 0.729021 145.418076 -0.998267 0.058852 -0.000246 -10.648425 -0.042736 -0.727767 -0.684491 110.838699
-0.039153 -0.685802 0.726735 146.074722 -0.998394 0.056659 -0.000321 -10.701289 -0.040955 -0.725580 -0.686918 111.546570
-0.037956 -0.688515 0.724228 146.730377 -0.998575 0.053333 -0.001631 -10.750346 -0.037503 -0.723258 -0.689559 112.249069
-0.033806 -0.691439 0.721644 147.387833 -0.998682 0.051275 0.002345 -10.806140 -0.038624 -0.720613 -0.692261 112.922623
-0.038012 -0.694060 0.718913 148.046799 -0.998414 0.056286 0.001550 -10.862903 -0.041541 -0.717713 -0.695099 113.612915
-0.048373 -0.697138 0.715303 148.694687 -0.997874 0.065051 -0.004083 -10.912182 -0.043684 -0.713979 -0.698802 114.302940
-0.055230 -0.700243 0.711765 149.336716 -0.997408 0.071618 -0.006936 -10.964509 -0.046119 -0.710303 -0.702384 114.965729
-0.053560 -0.703467 0.708707 150.006195 -0.997681 0.067550 -0.008348 -11.021707 -0.042001 -0.707510 -0.705454 115.631508
-0.051829 -0.707745 0.704564 150.673920 -0.998036 0.061560 -0.011579 -11.086845 -0.035178 -0.703781 -0.709546 116.330444
-0.049968 -0.711275 0.701136 151.339157 -0.998287 0.056955 -0.013367 -11.139352 -0.030425 -0.700603 -0.712903 116.985550
-0.050048 -0.714724 0.697614 151.995041 -0.998277 0.057225 -0.012990 -11.189635 -0.030637 -0.697062 -0.716356 117.638748
-0.048455 -0.717694 0.694671 152.688400 -0.998351 0.056225 -0.011549 -11.253429 -0.030769 -0.694086 -0.719235 118.318260
-0.047678 -0.720589 0.691722 153.353851 -0.998247 0.058692 -0.007664 -11.304881 -0.035076 -0.690874 -0.722124 118.954514
-0.046604 -0.723989 0.688236 154.021118 -0.998159 0.060518 -0.003929 -11.358390 -0.038806 -0.687152 -0.725477 119.580978
-0.046635 -0.727622 0.684391 154.707153 -0.997939 0.064174 0.000227 -11.397829 -0.044085 -0.682970 -0.729115 120.246323
-0.046695 -0.731273 0.680485 155.384552 -0.997946 0.064062 0.000364 -11.447940 -0.043859 -0.679070 -0.732762 120.885429
-0.048045 -0.734818 0.676561 156.080444 -0.997949 0.063996 -0.001362 -11.500625 -0.042297 -0.675239 -0.736385 121.542793
-0.047136 -0.739561 0.671438 156.764053 -0.997951 0.063978 0.000411 -11.548180 -0.043262 -0.670042 -0.741061 122.176712
-0.049876 -0.744555 0.665695 157.445145 -0.997897 0.064777 -0.002315 -11.604057 -0.041398 -0.664410 -0.746221 122.799400
-0.057311 -0.749528 0.659487 158.141815 -0.997481 0.070651 -0.006387 -11.658981 -0.041806 -0.658191 -0.751689 123.427574
-0.062894 -0.754536 0.653238 158.836075 -0.997133 0.075104 -0.009254 -11.716235 -0.042079 -0.651947 -0.757096 124.046913
-0.065255 -0.760473 0.646082 159.546890 -0.996936 0.077676 -0.009263 -11.785808 -0.043140 -0.644707 -0.763212 124.697464
-0.060184 -0.766493 0.639427 160.274475 -0.997511 0.069760 -0.010265 -11.841857 -0.036738 -0.638453 -0.768783 125.317810
-0.056005 -0.772551 0.632478 161.006592 -0.998127 0.058928 -0.016404 -11.903929 -0.024598 -0.632212 -0.774405 125.934784
-0.051196 -0.778863 0.625101 161.743698 -0.998465 0.053170 -0.015525 -11.951106 -0.021145 -0.624936 -0.780389 126.541969
-0.052256 -0.784564 0.617841 162.491928 -0.998510 0.050777 -0.019973 -11.993729 -0.015702 -0.617965 -0.786049 127.148499
-0.053569 -0.790788 0.609742 163.233246 -0.998407 0.053249 -0.018655 -12.039052 -0.017716 -0.609770 -0.792381 127.725868
-0.052977 -0.795358 0.603820 164.037201 -0.998298 0.056944 -0.012580 -12.098503 -0.024378 -0.603459 -0.797021 128.314697
-0.062012 -0.800346 0.596323 164.825638 -0.997585 0.068421 -0.011910 -12.144511 -0.031269 -0.595621 -0.802657 128.925491
-0.063175 -0.806135 0.588349 165.606720 -0.997326 0.072695 -0.007485 -12.184279 -0.036736 -0.587249 -0.808572 129.512390
-0.058857 -0.810857 0.582277 166.428497 -0.997581 0.069383 -0.004216 -12.235748 -0.036981 -0.581117 -0.812979 130.067001
-0.053573 -0.816509 0.574841 167.236710 -0.997872 0.065199 -0.000388 -12.289582 -0.037162 -0.573639 -0.818265 130.648529
-0.052520 -0.821702 0.567492 168.025253 -0.997959 0.063851 0.000096 -12.357109 -0.036314 -0.566329 -0.823379 131.209656
-0.054147 -0.826423 0.560440 168.822510 -0.997922 0.064418 -0.001424 -12.414155 -0.034925 -0.559353 -0.828194 131.768768
-0.051870 -0.830536 0.554544 169.626663 -0.997888 0.064846 0.003780 -12.464675 -0.039099 -0.553177 -0.832146 132.302658
-0.045752 -0.834507 0.549094 170.411407 -0.998109 0.060774 0.009199 -12.516764 -0.041047 -0.547635 -0.835710 132.828644
-0.042744 -0.837752 0.544375 171.186951 -0.998316 0.057207 0.009650 -12.582623 -0.039227 -0.543046 -0.838786 133.330093
-0.041549 -0.840761 0.539809 171.971573 -0.998449 0.054982 0.008785 -12.627797 -0.037066 -0.538607 -0.841742 133.854431
-0.043850 -0.843407 0.535483 172.757874 -0.998334 0.057110 0.008198 -12.678349 -0.037496 -0.534232 -0.844506 134.344391
-0.046039 -0.845298 0.532308 173.522980 -0.998100 0.060763 0.010166 -12.728532 -0.040938 -0.530829 -0.846490 134.819382
-0.051979 -0.847260 0.528628 174.279877 -0.997712 0.066974 0.009240 -12.783687 -0.043233 -0.526939 -0.848803 135.321640
-0.054569 -0.849236 0.525187 175.036484 -0.997641 0.068311 0.006801 -12.841898 -0.041651 -0.523577 -0.850960 135.806290
-0.049712 -0.851269 0.522370 175.791626 -0.998001 0.062774 0.007321 -12.901325 -0.039023 -0.520961 -0.852688 136.284195
-0.041389 -0.852791 0.520609 176.547440 -0.998414 0.055209 0.011060 -12.950863 -0.038174 -0.519326 -0.853724 136.733353
-0.036172 -0.854439 0.518291 177.298737 -0.998507 0.052146 0.016281 -12.988909 -0.040938 -0.516928 -0.855050 137.187378
-0.034486 -0.856122 0.515622 178.028366 -0.998357 0.053135 0.021451 -13.037643 -0.045762 -0.514035 -0.856548 137.627777
-0.036650 -0.857285 0.513537 178.753372 -0.998107 0.056799 0.023586 -13.080011 -0.049389 -0.511700 -0.857744 138.062271
-0.043857 -0.858211 0.511421 179.460236 -0.997783 0.063274 0.020615 -13.138487 -0.050052 -0.509383 -0.859083 138.494827
-0.052095 -0.859004 0.509312 180.160645 -0.997256 0.071615 0.018781 -13.193819 -0.052607 -0.506936 -0.860377 138.926208
-0.053459 -0.860293 0.506990 180.864624 -0.996901 0.075320 0.022692 -13.243850 -0.057708 -0.504206 -0.861653 139.338531
-0.047127 -0.862048 0.504631 181.569061 -0.997413 0.068067 0.023131 -13.286611 -0.054289 -0.502235 -0.863025 139.754379
-0.039283 -0.864248 0.501530 182.266571 -0.998393 0.054467 0.015659 -13.339949 -0.040850 -0.500109 -0.864999 140.172379
-0.035571 -0.865976 0.498820 182.945129 -0.998924 0.045670 0.008053 -13.390044 -0.029755 -0.497996 -0.866669 140.573853
-0.037876 -0.867153 0.496600 183.612366 -0.998856 0.047371 0.006536 -13.428164 -0.029192 -0.495784 -0.867955 140.972412
-0.040725 -0.868308 0.494351 184.277115 -0.998617 0.051834 0.008778 -13.465448 -0.033246 -0.493310 -0.869218 141.349869
-0.042586 -0.869753 0.491646 184.934586 -0.998429 0.054980 0.010778 -13.497328 -0.036405 -0.490415 -0.870728 141.733810
-0.041123 -0.871232 0.489147 185.583450 -0.998524 0.053225 0.010854 -13.535013 -0.035491 -0.487978 -0.872134 142.100647
-0.040373 -0.872536 0.486879 186.234726 -0.998585 0.052120 0.010600 -13.571466 -0.034625 -0.485762 -0.873405 142.466919
-0.039868 -0.873836 0.484583 186.871475 -0.998609 0.051596 0.010884 -13.605900 -0.034513 -0.483475 -0.874678 142.822906
-0.039939 -0.875614 0.481357 187.504837 -0.998540 0.052513 0.012675 -13.645844 -0.036376 -0.480148 -0.876433 143.175644
-0.041768 -0.877669 0.477444 188.133255 -0.998410 0.054767 0.013332 -13.681754 -0.037849 -0.476129 -0.878561 143.523880
-0.043400 -0.879885 0.473200 188.762192 -0.998301 0.056625 0.013731 -13.716576 -0.038877 -0.471800 -0.880848 143.866623
-0.045158 -0.882264 0.468585 189.375610 -0.998181 0.058611 0.014160 -13.752958 -0.039958 -0.467093 -0.883305 144.199966
-0.047467 -0.884958 0.463245 189.991547 -0.998038 0.060973 0.014215 -13.790849 -0.040825 -0.461661 -0.886116 144.532150
-0.050728 -0.887806 0.457414 190.594833 -0.997784 0.064799 0.015115 -13.829047 -0.043059 -0.455633 -0.889126 144.844315
-0.053181 -0.891002 0.450875 191.212158 -0.997524 0.068210 0.017137 -13.870629 -0.046023 -0.448847 -0.892423 145.158478
-0.055663 -0.894149 0.444297 191.834305 -0.997435 0.069855 0.015623 -13.910645 -0.045005 -0.442287 -0.895744 145.468582
-0.057174 -0.897448 0.437399 192.460968 -0.997537 0.069180 0.011553 -13.954515 -0.040627 -0.435661 -0.899194 145.791183
-0.058530 -0.900484 0.430933 193.090561 -0.997617 0.068556 0.007759 -13.999949 -0.036530 -0.429452 -0.902350 146.099686
-0.059304 -0.903448 0.424577 193.730682 -0.997591 0.068977 0.007433 -14.047138 -0.036002 -0.423113 -0.905362 146.398148
-0.062605 -0.906667 0.417176 194.382034 -0.997405 0.071730 0.006215 -14.091569 -0.035559 -0.415704 -0.908805 146.711685
-0.067555 -0.909772 0.409575 195.043442 -0.997139 0.075519 0.003279 -14.133842 -0.033914 -0.408182 -0.912270 147.010880
-0.071148 -0.913030 0.401640 195.700317 -0.996947 0.078075 0.000882 -14.181337 -0.032163 -0.400351 -0.915797 147.311203
-0.073616 -0.915930 0.394529 196.376785 -0.996799 0.079952 -0.000381 -14.235465 -0.031194 -0.393294 -0.918884 147.600723
-0.075952 -0.919032 0.386798 197.056168 -0.996635 0.081967 -0.000945 -14.290508 -0.030836 -0.385568 -0.922164 147.891434
-0.078141 -0.922052 0.379097 197.752258 -0.996508 0.083458 -0.002415 -14.347488 -0.029412 -0.377962 -0.925354 148.180817
-0.078840 -0.925031 0.371622 198.460739 -0.996343 0.085433 0.001282 -14.396766 -0.032935 -0.370161 -0.928384 148.470123
-0.077899 -0.928113 0.364059 199.181763 -0.996391 0.084833 0.003068 -14.450515 -0.033732 -0.362506 -0.931371 148.756561
-0.075166 -0.931373 0.356222 199.920258 -0.996610 0.082152 0.004503 -14.507600 -0.033458 -0.354676 -0.934391 149.041031
-0.073174 -0.934393 0.348649 200.662643 -0.996858 0.079153 0.002914 -14.560780 -0.030319 -0.347340 -0.937249 149.322220
-0.068801 -0.937189 0.341971 201.424454 -0.997202 0.074651 0.003959 -14.616369 -0.029238 -0.340742 -0.939703 149.602188
-0.065375 -0.939606 0.335958 202.187256 -0.997370 0.072084 0.007523 -14.666434 -0.031286 -0.334583 -0.941847 149.874649
-0.059242 -0.941989 0.330375 202.968887 -0.997846 0.065227 0.007049 -14.715809 -0.028190 -0.329246 -0.943823 150.149796
-0.054211 -0.944372 0.324381 203.796173 -0.998156 0.060137 0.008263 -14.755490 -0.027311 -0.323334 -0.945891 150.455734
-0.053796 -0.946218 0.319026 204.621078 -0.998071 0.060862 0.012211 -14.800955 -0.030971 -0.317754 -0.947667 150.748642
-0.061611 -0.947479 0.313827 205.471710 -0.997405 0.070182 0.016075 -14.858669 -0.037255 -0.312022 -0.949344 151.063370
-0.072804 -0.948258 0.309041 206.292023 -0.996342 0.083050 0.020110 -14.907392 -0.044735 -0.306446 -0.950836 151.328766
-0.079903 -0.949201 0.304358 207.174011 -0.995410 0.092118 0.025962 -14.956125 -0.052680 -0.300887 -0.952204 151.650787
-0.075229 -0.950990 0.299931 208.062057 -0.995519 0.088911 0.032212 -15.023451 -0.057300 -0.296164 -0.953417 151.936295
-0.067743 -0.953147 0.294824 208.931137 -0.995818 0.082753 0.038724 -15.079685 -0.061307 -0.290967 -0.954767 152.225693
-0.062219 -0.955103 0.289668 209.936417 -0.996130 0.077479 0.041505 -15.144697 -0.062085 -0.285965 -0.956227 152.563629
-0.068165 -0.956186 0.284715 210.811935 -0.995868 0.082377 0.038229 -15.213196 -0.060008 -0.280933 -0.957850 152.840012
-0.078165 -0.956938 0.279571 211.739655 -0.995313 0.090922 0.032937 -15.275023 -0.056938 -0.275686 -0.959560 153.132523
-0.081597 -0.958211 0.274178 212.643280 -0.995226 0.093116 0.029240 -15.341670 -0.053548 -0.270483 -0.961234 153.427032
-0.076962 -0.960250 0.268323 213.609833 -0.995852 0.087134 0.026193 -15.429198 -0.048532 -0.265194 -0.962973 153.726532
-0.073482 -0.962050 0.262795 214.624893 -0.996273 0.082746 0.024345 -15.508140 -0.045166 -0.260027 -0.964545 154.012192
-0.075204 -0.963449 0.257120 215.640778 -0.996227 0.083792 0.022594 -15.575758 -0.043313 -0.254451 -0.966115 154.306595
-0.079336 -0.964508 0.251852 216.548721 -0.995950 0.087413 0.021025 -15.644789 -0.042294 -0.249164 -0.967537 154.552048
-0.079305 -0.965788 0.246911 217.491516 -0.995825 0.087989 0.024321 -15.726908 -0.045214 -0.243951 -0.968733 154.810104
-0.078260 -0.966977 0.242552 218.455536 -0.995700 0.087910 0.029205 -15.803197 -0.049564 -0.239223 -0.969699 155.063812
-0.077054 -0.968112 0.238375 219.457199 -0.995759 0.086776 0.030547 -15.892159 -0.050258 -0.235010 -0.970693 155.322708
-0.076403 -0.969079 0.234624 220.465866 -0.995752 0.086285 0.032135 -15.969859 -0.051386 -0.231172 -0.971555 155.577209
-0.075651 -0.969865 0.231601 221.422394 -0.995750 0.085715 0.033691 -16.041100 -0.052528 -0.228068 -0.972228 155.805359
-0.074246 -0.970556 0.229150 222.394913 -0.995994 0.083652 0.031600 -16.118505 -0.049838 -0.225886 -0.972878 156.033142
-0.071930 -0.971409 0.226256 223.371521 -0.996194 0.081165 0.031772 -16.198408 -0.049227 -0.223110 -0.973550 156.262802
-0.072143 -0.971989 0.223678 224.319366 -0.996366 0.080413 0.028074 -16.265528 -0.045275 -0.220840 -0.974259 156.491959
-0.074354 -0.972235 0.221881 225.291092 -0.996269 0.082197 0.026315 -16.352224 -0.043822 -0.219096 -0.974719 156.708588
-0.075159 -0.972561 0.220174 226.238068 -0.996216 0.082897 0.026106 -16.429497 -0.043641 -0.217379 -0.975111 156.926468
-0.075035 -0.972994 0.218294 227.195969 -0.996194 0.082879 0.026989 -16.504940 -0.044352 -0.215438 -0.975510 157.139160
-0.073876 -0.973416 0.216805 228.188278 -0.996282 0.081699 0.027336 -16.584389 -0.044322 -0.213979 -0.975832 157.357910
-0.068530 -0.974056 0.215683 229.155228 -0.996643 0.076547 0.029029 -16.655022 -0.044785 -0.212970 -0.976032 157.570908
-0.067012 -0.974588 0.213745 230.104813 -0.996644 0.075475 0.031676 -16.733778 -0.047003 -0.210905 -0.976376 157.787964
-0.068578 -0.975004 0.211340 231.089935 -0.996670 0.076325 0.028710 -16.797169 -0.044123 -0.208667 -0.976991 158.035278
-0.075866 -0.974822 0.209681 232.047012 -0.996088 0.083647 0.028481 -16.866550 -0.045304 -0.206700 -0.977355 158.242340
-0.077942 -0.975146 0.207401 233.005432 -0.995899 0.085739 0.028862 -16.937384 -0.045927 -0.204301 -0.977830 158.458603
-0.079468 -0.975662 0.204376 233.954590 -0.995848 0.086834 0.027320 -17.014126 -0.044402 -0.201357 -0.978511 158.662537
-0.075263 -0.976565 0.201633 234.894699 -0.996255 0.082271 0.026589 -17.089531 -0.042554 -0.198877 -0.979100 158.862732
-0.069158 -0.977692 0.198334 235.868530 -0.996758 0.075915 0.026659 -17.168756 -0.041121 -0.195847 -0.979772 159.065826
-0.065728 -0.978708 0.194450 236.841446 -0.997021 0.072297 0.026873 -17.234600 -0.040359 -0.192104 -0.980545 159.263596
-0.066307 -0.979435 0.190552 237.797882 -0.997052 0.072430 0.025339 -17.302843 -0.038620 -0.188310 -0.981350 159.456909
-0.067624 -0.980179 0.186215 238.735733 -0.996969 0.073582 0.025263 -17.364405 -0.038464 -0.183942 -0.982184 159.639969
-0.068313 -0.980907 0.182082 239.681000 -0.996910 0.074207 0.025751 -17.430111 -0.038772 -0.179760 -0.982946 159.818832
-0.067856 -0.981772 0.177534 240.627243 -0.996972 0.073497 0.025383 -17.490543 -0.037969 -0.175274 -0.983787 159.999878
-0.066544 -0.982610 0.173348 241.575592 -0.997031 0.072229 0.026686 -17.560108 -0.038743 -0.171058 -0.984499 160.168808
-0.065939 -0.983335 0.169424 242.534271 -0.997093 0.071432 0.026524 -17.619871 -0.038184 -0.167182 -0.985186 160.342911
-0.066728 -0.983971 0.165371 243.496460 -0.997115 0.071774 0.024716 -17.686440 -0.036189 -0.163245 -0.985922 160.515366
-0.067390 -0.984631 0.161125 244.456848 -0.997170 0.071862 0.022085 -17.757208 -0.033324 -0.159181 -0.986687 160.681046
-0.066803 -0.985336 0.157002 245.411072 -0.997321 0.070641 0.018989 -17.821321 -0.029802 -0.155313 -0.987416 160.840790
-0.067151 -0.985937 0.153033 246.348038 -0.997425 0.070207 0.014645 -17.890738 -0.025183 -0.151655 -0.988113 160.999756
-0.072122 -0.986179 0.149160 247.294113 -0.997186 0.074361 0.009478 -17.947849 -0.020438 -0.148056 -0.988768 161.167114
-0.076955 -0.986356 0.145534 248.224503 -0.996863 0.078822 0.007094 -18.018591 -0.018468 -0.144532 -0.989328 161.318588
-0.078841 -0.986625 0.142674 249.165176 -0.996743 0.080449 0.005526 -18.091724 -0.016930 -0.141774 -0.989754 161.449722
-0.076217 -0.987313 0.139301 250.115158 -0.996980 0.077551 0.004165 -18.163120 -0.014915 -0.138563 -0.990241 161.587479
-0.072702 -0.988069 0.135773 251.072922 -0.997239 0.074084 0.005148 -18.232161 -0.015145 -0.135024 -0.990727 161.723511
-0.069600 -0.988771 0.132243 252.016418 -0.997464 0.070955 0.005556 -18.295963 -0.014876 -0.131521 -0.991202 161.863113
-0.068863 -0.989264 0.128898 252.958847 -0.997500 0.070331 0.006865 -18.359991 -0.015857 -0.128103 -0.991634 161.987564
-0.068421 -0.989764 0.125246 253.893692 -0.997530 0.069872 0.007229 -18.424768 -0.015906 -0.124442 -0.992099 162.113007
-0.070714 -0.990131 0.120996 254.829117 -0.997382 0.072023 0.006473 -18.480562 -0.015123 -0.120221 -0.992632 162.233398
-0.074005 -0.990458 0.116263 255.760101 -0.997150 0.075207 0.005986 -18.542265 -0.014673 -0.115489 -0.993201 162.346390
-0.069158 -0.991382 0.111262 256.692261 -0.997335 0.071308 0.015458 -18.602427 -0.023259 -0.109896 -0.993671 162.443146
-0.063824 -0.992194 0.107133 257.624146 -0.997712 0.065837 0.015357 -18.663889 -0.022291 -0.105908 -0.994126 162.542572
-0.064905 -0.992682 0.101838 258.546906 -0.997628 0.066893 0.016224 -18.729362 -0.022918 -0.100543 -0.994669 162.631897
-0.076814 -0.992251 0.097659 259.439392 -0.996714 0.078944 0.018135 -18.790560 -0.025704 -0.095945 -0.995055 162.718002
-0.089119 -0.991771 0.091918 260.368103 -0.995634 0.091278 0.019553 -18.855352 -0.027782 -0.089774 -0.995575 162.817963
-0.093540 -0.991865 0.086333 261.280518 -0.995285 0.095390 0.017545 -18.927652 -0.025637 -0.084285 -0.996112 162.900208
-0.088101 -0.992809 0.081045 262.187286 -0.995907 0.089440 0.013036 -19.009501 -0.020191 -0.079565 -0.996625 162.980072
-0.081541 -0.993768 0.076003 263.116455 -0.996539 0.082531 0.009963 -19.085562 -0.016174 -0.074927 -0.997058 163.061676
-0.077259 -0.994510 0.070572 264.067932 -0.996913 0.078048 0.008496 -19.147329 -0.013957 -0.069698 -0.997471 163.149170
-0.077102 -0.994948 0.064296 264.989471 -0.996977 0.077560 0.004662 -19.217520 -0.009625 -0.063742 -0.997920 163.224304
-0.074790 -0.995566 0.057057 265.881195 -0.997187 0.074951 0.000690 -19.281897 -0.004964 -0.056845 -0.998371 163.286682
-0.070683 -0.996273 0.049430 266.819031 -0.997499 0.070604 -0.003333 -19.340742 -0.000170 -0.049542 -0.998772 163.357788
-0.067261 -0.996846 0.042111 267.730988 -0.997734 0.067119 -0.004763 -19.400358 0.001921 -0.042336 -0.999102 163.411179
-0.068687 -0.997004 0.035573 268.629486 -0.997638 0.068685 -0.001281 -19.463615 -0.001167 -0.035577 -0.999366 163.442856
-0.072557 -0.996942 0.029032 269.522003 -0.997359 0.072616 0.000977 -19.518639 -0.003082 -0.028884 -0.999578 163.475525
-0.074756 -0.996958 0.022069 270.453644 -0.997192 0.074834 0.002725 -19.574980 -0.004369 -0.021804 -0.999753 163.517670
-0.072947 -0.997219 0.015280 271.359253 -0.997327 0.073002 0.003056 -19.636326 -0.004163 -0.015016 -0.999879 163.545670
-0.070706 -0.997460 0.008571 272.287750 -0.997494 0.070726 0.001984 -19.688986 -0.002585 -0.008409 -0.999961 163.577866
-0.069444 -0.997582 0.002689 273.179840 -0.997571 0.069457 0.005286 -19.750477 -0.005460 -0.002316 -0.999983 163.582184
-0.072051 -0.997396 -0.003134 274.106506 -0.997380 0.072029 0.006650 -19.805145 -0.006407 0.003605 -0.999973 163.604187
-0.075516 -0.997112 -0.008011 274.991028 -0.997124 0.075460 0.006959 -19.861237 -0.006334 0.008514 -0.999944 163.603699
-0.077051 -0.996967 -0.010995 275.894958 -0.996990 0.076948 0.009481 -19.922037 -0.008606 0.011693 -0.999895 163.589340
-0.076217 -0.996994 -0.013942 276.811462 -0.997001 0.076014 0.014528 -19.979876 -0.013425 0.015007 -0.999797 163.587692
-0.073477 -0.997169 -0.015961 277.696045 -0.997190 0.073226 0.015793 -20.041172 -0.014579 0.017077 -0.999748 163.574280
-0.071962 -0.997243 -0.018125 278.597473 -0.997270 0.071639 0.017877 -20.101408 -0.016529 0.019362 -0.999676 163.562576
-0.070924 -0.997286 -0.019758 279.484894 -0.997310 0.070530 0.019936 -20.162283 -0.018489 0.021118 -0.999606 163.541092
-0.072899 -0.997115 -0.021178 280.382782 -0.997135 0.072438 0.021774 -20.213049 -0.020177 0.022704 -0.999539 163.532364
-0.074275 -0.997000 -0.021775 281.287720 -0.996986 0.073748 0.024085 -20.275648 -0.022407 0.023499 -0.999473 163.523972
-0.075807 -0.996892 -0.021418 282.160126 -0.996778 0.075199 0.027893 -20.340115 -0.026196 0.023463 -0.999381 163.502701
-0.076807 -0.996836 -0.020484 283.043579 -0.996628 0.076164 0.030517 -20.402327 -0.028860 0.022759 -0.999324 163.487839
-0.076964 -0.996846 -0.019361 283.912231 -0.996588 0.076334 0.031396 -20.462940 -0.029819 0.021712 -0.999320 163.474411
-0.076809 -0.996892 -0.017501 284.771362 -0.996531 0.076193 0.033491 -20.533680 -0.032054 0.020013 -0.999286 163.455780
-0.075689 -0.997009 -0.015645 285.639282 -0.996562 0.075106 0.034981 -20.593761 -0.033701 0.018239 -0.999265 163.458466
-0.073535 -0.997199 -0.013690 286.477203 -0.996709 0.073016 0.035201 -20.659630 -0.034103 0.016233 -0.999287 163.456467
-0.070370 -0.997462 -0.010841 287.309845 -0.996951 0.069958 0.034553 -20.715714 -0.033707 0.013239 -0.999344 163.456894
-0.067577 -0.997688 -0.007293 288.116058 -0.997143 0.067289 0.034321 -20.770292 -0.033751 0.009592 -0.999384 163.453125
-0.065318 -0.997857 -0.004000 288.919952 -0.997351 0.065155 0.032337 -20.825716 -0.032007 0.006101 -0.999469 163.459305
-0.065477 -0.997854 -0.000224 289.699371 -0.997475 0.065446 0.027568 -20.878250 -0.027494 0.002028 -0.999620 163.468491
-0.066714 -0.997766 0.003356 290.476471 -0.997458 0.066777 0.024864 -20.927530 -0.025032 -0.001689 -0.999685 163.481354
-0.066669 -0.997745 0.007776 291.240112 -0.997458 0.066842 0.024703 -20.976215 -0.025167 -0.006110 -0.999665 163.484970
-0.064220 -0.997875 0.011018 292.007599 -0.997635 0.064468 0.023854 -21.025145 -0.024514 -0.009460 -0.999655 163.504425
-0.061192 -0.998027 0.014090 292.759308 -0.997875 0.061487 0.021578 -21.074430 -0.022402 -0.012740 -0.999668 163.523926
-0.059119 -0.998091 0.017877 293.491760 -0.998059 0.059449 0.018563 -21.125000 -0.019590 -0.016744 -0.999668 163.543579
-0.059963 -0.997964 0.021739 294.202576 -0.997972 0.060401 0.020089 -21.171162 -0.021361 -0.020490 -0.999562 163.564850
-0.061144 -0.997802 0.025551 294.899933 -0.997885 0.061675 0.020525 -21.212334 -0.022056 -0.024242 -0.999463 163.588348
-0.062922 -0.997612 0.028482 295.587006 -0.997776 0.063510 0.020230 -21.257523 -0.021991 -0.027146 -0.999390 163.619095
-0.065962 -0.997329 0.031352 296.261169 -0.997607 0.066568 0.018696 -21.300236 -0.020733 -0.030044 -0.999334 163.647552
-0.066189 -0.997226 0.034059 296.918640 -0.997651 0.066745 0.015438 -21.343801 -0.017668 -0.032957 -0.999301 163.686325
-0.066682 -0.997088 0.036991 297.563904 -0.997652 0.067208 0.013175 -21.385502 -0.015623 -0.036026 -0.999229 163.720764
-0.066803 -0.996962 0.040044 298.187469 -0.997666 0.067312 0.011502 -21.425091 -0.014163 -0.039182 -0.999132 163.756317
-0.065936 -0.996883 0.043332 298.811829 -0.997719 0.066496 0.011628 -21.472960 -0.014473 -0.042466 -0.998993 163.786011
-0.067108 -0.996664 0.046457 299.423981 -0.997653 0.067664 0.010503 -21.507441 -0.013612 -0.045643 -0.998865 163.820740
-0.070249 -0.996325 0.049003 300.028107 -0.997475 0.070674 0.006988 -21.550999 -0.010426 -0.048389 -0.998774 163.873810
-0.069956 -0.996223 0.051434 300.606628 -0.997514 0.070302 0.004935 -21.587318 -0.008533 -0.050961 -0.998664 163.912216
-0.069899 -0.996041 0.054915 301.191864 -0.997521 0.070238 0.004249 -21.631491 -0.008089 -0.054482 -0.998482 163.943008
-0.069039 -0.995957 0.057479 301.751190 -0.997590 0.069319 0.002902 -21.670860 -0.006875 -0.057140 -0.998343 163.987335
-0.069825 -0.995746 0.060122 302.301270 -0.997536 0.070110 0.002637 -21.708422 -0.006841 -0.059790 -0.998188 164.024292
-0.070449 -0.995505 0.063304 302.848724 -0.997493 0.070728 0.002189 -21.749395 -0.006656 -0.062992 -0.997992 164.065857
-0.071645 -0.995254 0.065845 303.383881 -0.997410 0.071904 0.001566 -21.788414 -0.006293 -0.065563 -0.997829 164.108124
-0.073060 -0.994983 0.068348 303.905762 -0.997298 0.073410 0.002634 -21.823948 -0.007638 -0.067971 -0.997658 164.146942
-0.074440 -0.994742 0.070329 304.428955 -0.997203 0.074727 0.001450 -21.862188 -0.006698 -0.070025 -0.997523 164.193832
-0.075556 -0.994545 0.071908 304.933380 -0.997124 0.075787 0.000475 -21.898115 -0.005922 -0.071665 -0.997411 164.231995
-0.077061 -0.994350 0.073003 305.450348 -0.997011 0.077259 -0.000114 -21.935810 -0.005526 -0.072793 -0.997332 164.288147
-0.078145 -0.994196 0.073947 305.953247 -0.996929 0.078306 -0.000726 -21.973017 -0.005069 -0.073777 -0.997262 164.329437
-0.078879 -0.994138 0.073943 306.458679 -0.996868 0.079081 -0.000197 -22.009565 -0.005651 -0.073727 -0.997262 164.374588
-0.079292 -0.994158 0.073227 306.962341 -0.996838 0.079465 -0.000541 -22.047472 -0.005281 -0.073038 -0.997315 164.415131
-0.078576 -0.994305 0.071990 307.473602 -0.996901 0.078641 -0.001932 -22.085318 -0.003741 -0.071919 -0.997403 164.460663
-0.077283 -0.994525 0.070343 308.000000 -0.997005 0.077295 -0.002556 -22.119213 -0.002895 -0.070330 -0.997519 164.507965
-0.077756 -0.994613 0.068544 308.523895 -0.996964 0.077856 -0.001209 -22.160439 -0.004134 -0.068430 -0.997648 164.541687
-0.080538 -0.994539 0.066370 309.052002 -0.996725 0.080840 0.001868 -22.205177 -0.007224 -0.066002 -0.997793 164.577560
-0.084434 -0.994335 0.064565 309.581390 -0.996345 0.085092 0.007506 -22.250292 -0.012957 -0.063695 -0.997885 164.604294
-0.089666 -0.994052 0.061811 310.126251 -0.995851 0.090451 0.010022 -22.286085 -0.015553 -0.060655 -0.998038 164.647385
-0.092691 -0.993941 0.059078 310.681244 -0.995589 0.093383 0.009056 -22.321531 -0.014518 -0.057978 -0.998212 164.684738
-0.092859 -0.994066 0.056655 311.250336 -0.995574 0.093528 0.009266 -22.363201 -0.014510 -0.055543 -0.998351 164.724365
-0.090453 -0.994392 0.054799 311.840576 -0.995738 0.091295 0.013052 -22.405025 -0.017981 -0.053385 -0.998412 164.753281
-0.085575 -0.994892 0.053541 312.432098 -0.995967 0.086874 0.022406 -22.457804 -0.026943 -0.051408 -0.998314 164.775635
-0.084460 -0.995117 0.051081 313.034637 -0.996029 0.085763 0.023888 -22.511261 -0.028152 -0.048861 -0.998409 164.796829
-0.087247 -0.995057 0.047420 313.642487 -0.995901 0.088263 0.019771 -22.559437 -0.023859 -0.045500 -0.998679 164.846405
-0.088746 -0.994999 0.045838 314.271271 -0.995807 0.089656 0.018189 -22.607197 -0.022208 -0.044031 -0.998783 164.874268
-0.087219 -0.995202 0.044335 314.924561 -0.995824 0.088305 0.023162 -22.658995 -0.026966 -0.042130 -0.998748 164.898209
-0.085930 -0.995364 0.043197 315.578003 -0.995808 0.087171 0.027701 -22.700172 -0.031338 -0.040636 -0.998682 164.923416
-0.086135 -0.995429 0.041244 316.230377 -0.995768 0.087348 0.028587 -22.749769 -0.032059 -0.038607 -0.998740 164.951691
-0.086928 -0.995463 0.038700 316.921844 -0.995817 0.087925 0.024870 -22.806536 -0.028159 -0.036376 -0.998941 164.987152
-0.088883 -0.995373 0.036494 317.614380 -0.995691 0.089764 0.023278 -22.861925 -0.026447 -0.034267 -0.999063 165.015167
-0.092296 -0.995123 0.034814 318.321625 -0.995422 0.093083 0.021714 -22.902620 -0.024849 -0.032650 -0.999158 165.049484
-0.094356 -0.995005 0.032592 319.044800 -0.995196 0.095132 0.023141 -22.964321 -0.026126 -0.030252 -0.999201 165.080719
-0.092698 -0.995208 0.031104 319.771454 -0.995430 0.093347 0.020129 -23.027420 -0.022936 -0.029096 -0.999314 165.106979
-0.091782 -0.995365 0.028728 320.503082 -0.995594 0.092284 0.016651 -23.093941 -0.019225 -0.027074 -0.999449 165.137375
-0.092458 -0.995364 0.026495 321.240112 -0.995548 0.092899 0.015932 -23.156374 -0.018320 -0.024904 -0.999522 165.164169
-0.097815 -0.994892 0.024947 322.000854 -0.994959 0.098318 0.019780 -23.222031 -0.022131 -0.022886 -0.999493 165.189545
-0.103701 -0.994330 0.023559 322.764191 -0.994327 0.104206 0.021328 -23.293972 -0.023662 -0.021214 -0.999495 165.197754
-0.107611 -0.993960 0.021538 323.569183 -0.993936 0.108050 0.020384 -23.365845 -0.022588 -0.019214 -0.999560 165.256485
-0.105222 -0.994225 0.021109 324.353882 -0.994083 0.105735 0.024867 -23.431049 -0.026956 -0.018368 -0.999468 165.258575
-0.099433 -0.994835 0.020413 325.169525 -0.994530 0.100020 0.030102 -23.514473 -0.031988 -0.017308 -0.999338 165.268799
-0.096740 -0.995128 0.019038 325.974304 -0.994689 0.097338 0.033441 -23.588093 -0.035132 -0.015701 -0.999259 165.280380
-0.097166 -0.995110 0.017753 326.794037 -0.994583 0.097745 0.035360 -23.669762 -0.036923 -0.014221 -0.999217 165.297928
-0.099128 -0.994930 0.016993 327.598206 -0.994375 0.099684 0.035800 -23.741529 -0.037312 -0.013349 -0.999215 165.308945
-0.100356 -0.994813 0.016589 328.425232 -0.994215 0.100909 0.036801 -23.812029 -0.038284 -0.012800 -0.999185 165.321442
-0.099254 -0.994931 0.016154 329.282379 -0.994328 0.099791 0.036806 -23.905756 -0.038231 -0.012409 -0.999192 165.353043
-0.097295 -0.995110 0.017019 330.144867 -0.994469 0.097884 0.038079 -23.981482 -0.039559 -0.013220 -0.999130 165.383926
-0.096092 -0.995211 0.017960 331.001373 -0.994535 0.096735 0.039276 -24.054840 -0.040825 -0.014088 -0.999067 165.400879
-0.095201 -0.995277 0.018970 331.898499 -0.994589 0.095896 0.039947 -24.138414 -0.041578 -0.015064 -0.999022 165.429688
-0.093125 -0.995454 0.020003 332.761444 -0.994819 0.093851 0.039089 -24.215693 -0.040788 -0.016259 -0.999036 165.461884
-0.091938 -0.995529 0.021684 333.628662 -0.994917 0.092736 0.039240 -24.281374 -0.041075 -0.017966 -0.998995 165.483017
-0.090534 -0.995612 0.023662 334.513367 -0.994951 0.091456 0.041342 -24.361774 -0.043325 -0.019799 -0.998865 165.504135
-0.090173 -0.995615 0.024916 335.402679 -0.994974 0.091152 0.041453 -24.433741 -0.043543 -0.021053 -0.998830 165.538498
-0.090469 -0.995527 0.027219 336.288147 -0.994878 0.091580 0.042787 -24.509638 -0.045088 -0.023209 -0.998714 165.568192
-0.089507 -0.995526 0.030283 337.192749 -0.994855 0.090813 0.044915 -24.584011 -0.047464 -0.026107 -0.998532 165.590591
-0.088254 -0.995551 0.033002 338.105835 -0.994877 0.089737 0.046552 -24.657761 -0.049306 -0.028725 -0.998371 165.618484
-0.087402 -0.995539 0.035529 339.006958 -0.994891 0.089043 0.047579 -24.731302 -0.050531 -0.031189 -0.998236 165.651031
-0.087863 -0.995370 0.038961 339.917969 -0.994797 0.089702 0.048301 -24.807013 -0.051572 -0.034514 -0.998073 165.677322
-0.088556 -0.995177 0.042198 340.832397 -0.994675 0.090595 0.049135 -24.879692 -0.052721 -0.037623 -0.997900 165.707367
-0.089541 -0.994963 0.045068 341.751587 -0.994569 0.091733 0.049167 -24.953278 -0.053054 -0.040420 -0.997773 165.753769
-0.090548 -0.994747 0.047744 342.678253 -0.994610 0.092759 0.046336 -25.029486 -0.050522 -0.043291 -0.997784 165.798553
-0.091328 -0.994543 0.050429 343.611603 -0.994593 0.093612 0.044966 -25.113138 -0.049442 -0.046050 -0.997715 165.846222
-0.091583 -0.994416 0.052443 344.553070 -0.994671 0.093856 0.042664 -25.195480 -0.047348 -0.048256 -0.997712 165.902679
-0.090271 -0.994442 0.054178 345.510376 -0.994786 0.092627 0.042674 -25.272615 -0.047456 -0.050043 -0.997619 165.957535
-0.087570 -0.994600 0.055704 346.462738 -0.995044 0.089979 0.042328 -25.357172 -0.047112 -0.051721 -0.997550 166.018097
-0.084789 -0.994780 0.056777 347.398560 -0.995261 0.087277 0.042876 -25.436775 -0.047607 -0.052872 -0.997466 166.077301
-0.084023 -0.994781 0.057882 348.363251 -0.995265 0.086629 0.044078 -25.529396 -0.048862 -0.053905 -0.997350 166.132538
-0.086246 -0.994555 0.058502 349.301605 -0.994983 0.088974 0.045749 -25.610683 -0.050705 -0.054263 -0.997239 166.184875
-0.085349 -0.994580 0.059383 350.245209 -0.995040 0.088142 0.046119 -25.682941 -0.051103 -0.055152 -0.997169 166.236237
-0.083541 -0.994720 0.059607 351.207794 -0.995300 0.086231 0.044076 -25.758329 -0.048984 -0.055645 -0.997248 166.299805
-0.081633 -0.994869 0.059760 352.162323 -0.995567 0.084207 0.041911 -25.829773 -0.046728 -0.056074 -0.997333 166.358109
-0.082950 -0.994758 0.059798 353.122955 -0.995569 0.085386 0.039400 -25.909222 -0.044299 -0.056265 -0.997433 166.430435
-0.084273 -0.994658 0.059604 354.063507 -0.995515 0.086624 0.038018 -25.975140 -0.042978 -0.056133 -0.997498 166.491486
-0.084699 -0.994612 0.059784 355.005554 -0.995504 0.087022 0.037396 -26.052210 -0.042397 -0.056348 -0.997511 166.552872
-0.085158 -0.994580 0.059658 355.956665 -0.995527 0.087392 0.035894 -26.130518 -0.040913 -0.056335 -0.997573 166.630676
-0.085802 -0.994525 0.059657 356.898499 -0.995459 0.088052 0.036161 -26.208485 -0.041216 -0.056283 -0.997564 166.696732
-0.085499 -0.994515 0.060249 357.846649 -0.995512 0.087734 0.035477 -26.282701 -0.040568 -0.056945 -0.997553 166.752502
-0.083847 -0.994665 0.060094 358.785065 -0.995608 0.086142 0.036679 -26.358458 -0.041660 -0.056755 -0.997519 166.816696
-0.084747 -0.994573 0.060361 359.726562 -0.995577 0.086987 0.035499 -26.439987 -0.040557 -0.057086 -0.997545 166.881119
-0.086590 -0.994391 0.060733 360.645020 -0.995395 0.088871 0.035919 -26.518227 -0.041115 -0.057343 -0.997508 166.933609
-0.088470 -0.994201 0.061142 361.570038 -0.995102 0.090935 0.038780 -26.586227 -0.044115 -0.057412 -0.997375 166.994598
-0.084892 -0.994426 0.062539 362.504303 -0.995304 0.087563 0.041276 -26.661560 -0.046522 -0.058741 -0.997189 167.046265
-0.081855 -0.994564 0.064364 363.446259 -0.995453 0.084743 0.043491 -26.739172 -0.048709 -0.060511 -0.996979 167.098648
-0.083611 -0.994271 0.066586 364.373444 -0.995125 0.086816 0.046784 -26.811081 -0.052297 -0.062350 -0.996683 167.151367
-0.089320 -0.993593 0.069243 365.300049 -0.994273 0.093045 0.052566 -26.888227 -0.058672 -0.064151 -0.996214 167.223892
-0.092284 -0.993120 0.072082 366.216766 -0.993811 0.096359 0.055263 -26.967283 -0.061829 -0.066536 -0.995867 167.294052
-0.092100 -0.992870 0.075675 367.157257 -0.993617 0.096608 0.058249 -27.048674 -0.065145 -0.069828 -0.995430 167.354141
-0.091081 -0.992692 0.079160 368.070648 -0.993592 0.095930 0.059771 -27.136078 -0.066928 -0.073209 -0.995068 167.421494
-0.093676 -0.992189 0.082375 368.996887 -0.993295 0.098768 0.060080 -27.219955 -0.067747 -0.076194 -0.994789 167.490677
-0.093664 -0.991908 0.085713 369.926849 -0.993292 0.098963 0.059807 -27.296860 -0.067806 -0.079536 -0.994524 167.568558
-0.090069 -0.991920 0.089343 370.835083 -0.993670 0.095549 0.059077 -27.378107 -0.067137 -0.083457 -0.994247 167.653625
-0.085651 -0.991938 0.093393 371.788849 -0.994229 0.091172 0.056538 -27.466927 -0.064597 -0.088011 -0.994023 167.764771
-0.084209 -0.991633 0.097840 372.695953 -0.994445 0.089857 0.054824 -27.545059 -0.063156 -0.092680 -0.993691 167.852432
-0.083493 -0.991199 0.102730 373.604401 -0.994631 0.089217 0.052440 -27.619833 -0.061143 -0.097801 -0.993326 167.952026
-0.082952 -0.990672 0.108110 374.530823 -0.994750 0.088837 0.050802 -27.694815 -0.059932 -0.103328 -0.992840 168.055344
-0.082328 -0.990047 0.114143 375.461090 -0.994813 0.088505 0.050137 -27.786152 -0.059740 -0.109424 -0.992198 168.176270
-0.083207 -0.989123 0.121291 376.368896 -0.994777 0.089664 0.048776 -27.871445 -0.059121 -0.116599 -0.991418 168.289398
-0.084255 -0.988032 0.129206 377.311646 -0.994783 0.090889 0.046334 -27.946154 -0.057523 -0.124628 -0.990535 168.432465
-0.084815 -0.986778 0.138114 378.252167 -0.994771 0.091774 0.044816 -28.043314 -0.056898 -0.133590 -0.989402 168.582489
-0.085022 -0.985407 0.147460 379.179596 -0.994764 0.092374 0.043732 -28.122692 -0.056715 -0.142970 -0.988101 168.727249
-0.085289 -0.983993 0.156474 380.125946 -0.994801 0.092870 0.041786 -28.204224 -0.055649 -0.152097 -0.986798 168.899643
-0.084872 -0.982551 0.165497 381.040619 -0.994895 0.092668 0.039953 -28.291456 -0.054592 -0.161262 -0.985401 169.061646
-0.084635 -0.981059 0.174241 381.959412 -0.994981 0.092579 0.037963 -28.375029 -0.053375 -0.170153 -0.983971 169.239929
-0.084222 -0.979612 0.182395 382.977692 -0.995042 0.092399 0.036793 -28.471226 -0.052896 -0.178392 -0.982537 169.425903
-0.083367 -0.978329 0.189531 383.944794 -0.995130 0.091769 0.035980 -28.585333 -0.052594 -0.185608 -0.981215 169.605453
-0.083447 -0.977219 0.195140 384.898621 -0.995178 0.091851 0.034409 -28.671124 -0.051549 -0.191327 -0.980172 169.807312
-0.084334 -0.976072 0.200429 385.819519 -0.995124 0.092828 0.033348 -28.746029 -0.051156 -0.196640 -0.979141 169.994415
-0.083697 -0.975207 0.204857 386.724335 -0.995202 0.092259 0.032586 -28.829374 -0.050678 -0.201146 -0.978250 170.198914
-0.083895 -0.974232 0.209367 387.629181 -0.995240 0.092378 0.031055 -28.905834 -0.049595 -0.205765 -0.977344 170.401825
-0.083499 -0.973339 0.213635 388.518982 -0.995226 0.092323 0.031647 -28.988621 -0.050527 -0.209973 -0.976401 170.609390
-0.083766 -0.972398 0.217775 389.407440 -0.995197 0.092746 0.031327 -29.068830 -0.050660 -0.214105 -0.975496 170.825134
-0.083534 -0.971498 0.221843 390.322754 -0.995238 0.092556 0.030567 -29.143351 -0.050229 -0.218233 -0.974603 171.042450
-0.081937 -0.970654 0.226093 391.241119 -0.995358 0.091188 0.030762 -29.226200 -0.050476 -0.222523 -0.973620 171.262268
-0.080473 -0.969868 0.229958 392.143311 -0.995535 0.089625 0.029617 -29.305803 -0.049335 -0.226547 -0.972750 171.494614
-0.078229 -0.968888 0.234810 393.063446 -0.995721 0.087556 0.029548 -29.385288 -0.049187 -0.231494 -0.971592 171.712921
-0.076092 -0.967978 0.239226 393.970551 -0.995905 0.085529 0.029303 -29.459736 -0.048825 -0.236017 -0.970522 171.943283
-0.074440 -0.967029 0.243543 394.867035 -0.996078 0.083814 0.028339 -29.533421 -0.047817 -0.240478 -0.969476 172.179703
-0.074546 -0.965942 0.247787 395.788422 -0.996068 0.084049 0.027985 -29.612589 -0.047858 -0.244727 -0.968410 172.423950
-0.077687 -0.964523 0.252309 396.685333 -0.995837 0.087174 0.026625 -29.687712 -0.047676 -0.249191 -0.967280 172.671967
-0.080748 -0.963115 0.256687 397.590332 -0.995690 0.089729 0.023451 -29.765747 -0.045618 -0.253688 -0.966210 172.919769
-0.081142 -0.961987 0.260763 398.486481 -0.995700 0.089969 0.022077 -29.840458 -0.044698 -0.257850 -0.965151 173.175674
-0.076924 -0.961491 0.263851 399.370972 -0.996136 0.085362 0.020648 -29.916914 -0.042375 -0.261243 -0.964343 173.429855
-0.074228 -0.961168 0.265794 400.262421 -0.996514 0.081670 0.017041 -29.990808 -0.038086 -0.263603 -0.963879 173.703995
-0.075008 -0.960774 0.266997 401.157623 -0.996594 0.081431 0.013050 -30.083410 -0.034280 -0.265108 -0.963609 173.973877
-0.080291 -0.960254 0.267329 402.033295 -0.996252 0.085970 0.009586 -30.156096 -0.032187 -0.265558 -0.963557 174.249542
-0.084848 -0.959665 0.268039 402.911652 -0.995896 0.090180 0.007619 -30.226191 -0.031483 -0.266293 -0.963378 174.505524
-0.084954 -0.959421 0.268875 403.801941 -0.995935 0.089875 0.006022 -30.309258 -0.029943 -0.267270 -0.963156 174.743607
-0.081084 -0.959704 0.269059 404.656830 -0.996360 0.085173 0.003539 -30.379786 -0.026313 -0.267793 -0.963117 175.000046
-0.077109 -0.960016 0.269114 405.503418 -0.996777 0.080225 0.000583 -30.446053 -0.022149 -0.268202 -0.963108 175.253601
-0.075062 -0.960231 0.268929 406.385925 -0.996980 0.077657 -0.000989 -30.513453 -0.019934 -0.268191 -0.963160 175.508163
-0.074506 -0.960495 0.268140 407.225983 -0.997013 0.077239 -0.000357 -30.582838 -0.020367 -0.267366 -0.963380 175.759918
-0.075251 -0.960632 0.267438 408.060944 -0.996941 0.078155 0.000212 -30.647230 -0.021106 -0.266604 -0.963575 175.998566
-0.076406 -0.960612 0.267181 408.904602 -0.996865 0.079118 -0.000614 -30.706099 -0.020549 -0.266391 -0.963646 176.227066
-0.072599 -0.961094 0.266510 409.741425 -0.997029 0.076833 0.005481 -30.765755 -0.025744 -0.265320 -0.963817 176.464005
-0.070879 -0.961184 0.266649 410.585541 -0.997137 0.075335 0.006508 -30.826860 -0.026344 -0.265424 -0.963772 176.690781
-0.073257 -0.961177 0.266031 411.412720 -0.996952 0.077752 0.006389 -30.894440 -0.026826 -0.264753 -0.963943 176.925323
-0.078263 -0.960840 0.265824 412.246796 -0.996497 0.083284 0.007652 -30.943872 -0.029491 -0.264294 -0.963992 177.156830
-0.082616 -0.960505 0.265715 413.105438 -0.996075 0.088081 0.008697 -31.012609 -0.031758 -0.263953 -0.964013 177.390213
-0.081547 -0.960867 0.264737 413.945923 -0.996224 0.086523 0.007172 -31.082617 -0.029797 -0.263152 -0.964294 177.630463
-0.078484 -0.961192 0.264483 414.814178 -0.996507 0.083230 0.006769 -31.144920 -0.028519 -0.263028 -0.964367 177.874878
-0.078042 -0.961388 0.263900 415.661163 -0.996567 0.082565 0.006073 -31.212780 -0.027628 -0.262520 -0.964531 178.117477
-0.079109 -0.961289 0.263943 416.529236 -0.996450 0.083898 0.006903 -31.286684 -0.028780 -0.262460 -0.964514 178.356720
-0.082602 -0.960991 0.263957 417.399628 -0.996108 0.087784 0.007877 -31.347128 -0.030741 -0.262279 -0.964502 178.603180
-0.083237 -0.960971 0.263830 418.229584 -0.996007 0.088797 0.009197 -31.425180 -0.032265 -0.262011 -0.964525 178.856018
-0.082024 -0.961197 0.263387 419.110596 -0.996135 0.087400 0.008740 -31.488682 -0.031421 -0.261652 -0.964651 179.112366
-0.078800 -0.961348 0.263821 420.001160 -0.996378 0.084438 0.010082 -31.561302 -0.031969 -0.262071 -0.964519 179.356598
-0.078687 -0.961368 0.263780 420.892456 -0.996316 0.084889 0.012180 -31.632067 -0.034102 -0.261849 -0.964506 179.616196
-0.079178 -0.961128 0.264508 421.792847 -0.996114 0.086551 0.016317 -31.697422 -0.038576 -0.262188 -0.964246 179.859253
-0.079312 -0.961024 0.264845 422.696320 -0.995946 0.087705 0.020000 -31.766556 -0.042449 -0.262185 -0.964084 180.109680
-0.077512 -0.960871 0.265929 423.593628 -0.996015 0.086433 0.021991 -31.839186 -0.044116 -0.263165 -0.963742 180.359009
-0.076341 -0.960458 0.267754 424.517517 -0.995801 0.087049 0.028333 -31.917692 -0.050521 -0.264467 -0.963071 180.601288
-0.074909 -0.960277 0.268807 425.408630 -0.995719 0.086668 0.032130 -31.985846 -0.054151 -0.265249 -0.962658 180.855103
-0.072056 -0.960490 0.268824 426.318939 -0.996081 0.083156 0.030120 -32.058701 -0.051284 -0.265600 -0.962718 181.115295
-0.066363 -0.960906 0.268805 427.219482 -0.996686 0.076538 0.027538 -32.131176 -0.047035 -0.266087 -0.962801 181.395828
-0.062380 -0.960887 0.269823 428.145050 -0.996955 0.072666 0.028293 -32.196350 -0.046793 -0.267237 -0.962494 181.648056
-0.063720 -0.960758 0.269972 429.032013 -0.996847 0.074092 0.028395 -32.265457 -0.047284 -0.267311 -0.962450 181.901718
-0.066351 -0.960577 0.269980 429.917755 -0.996621 0.076927 0.028772 -32.326775 -0.048406 -0.267159 -0.962436 182.164505
-0.068297 -0.960287 0.270527 430.813843 -0.996411 0.079249 0.029756 -32.398129 -0.050013 -0.267524 -0.962252 182.426880
-0.065989 -0.960176 0.271491 431.724701 -0.996453 0.077650 0.032424 -32.480766 -0.052214 -0.268388 -0.961895 182.673264
-0.063257 -0.960235 0.271933 432.645752 -0.996562 0.075382 0.034365 -32.546013 -0.053497 -0.268825 -0.961702 182.938477
-0.062081 -0.960217 0.272267 433.530609 -0.996708 0.073895 0.033344 -32.607357 -0.052136 -0.269301 -0.961644 183.187363
-0.062989 -0.960342 0.271616 434.386261 -0.996714 0.074419 0.031979 -32.665756 -0.050924 -0.268709 -0.961874 183.444580
-0.062703 -0.960517 0.271062 435.227875 -0.996755 0.074003 0.031660 -32.729881 -0.050470 -0.268198 -0.962041 183.695068
-0.060969 -0.960865 0.270223 436.081787 -0.996849 0.072380 0.032458 -32.795475 -0.050747 -0.267393 -0.962250 183.940857
-0.057963 -0.961180 0.269764 436.970551 -0.997006 0.069588 0.033726 -32.870804 -0.051189 -0.267001 -0.962336 184.169235
-0.056186 -0.961594 0.268663 437.802765 -0.997157 0.067580 0.033346 -32.930527 -0.050221 -0.266025 -0.962657 184.402390
-0.055620 -0.961967 0.267442 438.627136 -0.997164 0.067119 0.034043 -32.989124 -0.050698 -0.264790 -0.962973 184.634201
-0.057484 -0.962127 0.266472 439.472534 -0.996958 0.069394 0.035488 -33.043808 -0.052636 -0.263622 -0.963189 184.842651
-0.061757 -0.962411 0.264482 440.272003 -0.996650 0.073701 0.035467 -33.108200 -0.053626 -0.261406 -0.963738 185.106079
-0.067126 -0.962391 0.263244 441.052032 -0.996333 0.078687 0.033609 -33.172832 -0.053059 -0.260023 -0.964144 185.325180
-0.071370 -0.962440 0.261944 441.874451 -0.996021 0.082820 0.032921 -33.237888 -0.053379 -0.258552 -0.964521 185.540390
-0.072826 -0.962740 0.260437 442.629822 -0.995935 0.084079 0.032318 -33.289646 -0.053011 -0.257024 -0.964950 185.758591
-0.068386 -0.963453 0.259001 443.437653 -0.996327 0.079366 0.032164 -33.363796 -0.051545 -0.255849 -0.965342 185.972137
-0.064256 -0.963786 0.258819 444.351471 -0.996666 0.075044 0.032009 -33.418888 -0.050272 -0.255899 -0.965396 186.162628
-0.062573 -0.964203 0.257675 445.117676 -0.996737 0.073566 0.033236 -33.478889 -0.051002 -0.254755 -0.965660 186.377808
-0.063073 -0.964463 0.256579 445.884735 -0.996627 0.074394 0.034651 -33.540199 -0.052507 -0.253527 -0.965902 186.587616
-0.065055 -0.964371 0.256431 446.651978 -0.996461 0.076489 0.034859 -33.590614 -0.053231 -0.253255 -0.965934 186.789291
-0.066122 -0.964338 0.256282 447.411835 -0.996379 0.077571 0.034812 -33.651150 -0.053450 -0.253052 -0.965975 186.989075
-0.066126 -0.964413 0.255999 448.180450 -0.996240 0.078206 0.037288 -33.706661 -0.055981 -0.252571 -0.965958 187.196793
-0.066617 -0.964390 0.255958 448.935669 -0.996144 0.078959 0.038235 -33.768875 -0.057084 -0.252424 -0.965932 187.402359
-0.067717 -0.964357 0.255792 449.688873 -0.995955 0.080517 0.039892 -33.827690 -0.059065 -0.252056 -0.965909 187.600891
-0.069488 -0.964245 0.255740 450.454224 -0.995926 0.081825 0.037906 -33.887440 -0.057477 -0.252064 -0.966003 187.815552
-0.069333 -0.964318 0.255508 451.213196 -0.995900 0.081824 0.038576 -33.950043 -0.058106 -0.251786 -0.966037 188.017975
-0.068127 -0.964381 0.255592 451.982605 -0.996010 0.080545 0.038424 -34.008282 -0.057642 -0.251954 -0.966021 188.227921
-0.066571 -0.964374 0.256029 452.750397 -0.996084 0.079196 0.039308 -34.063393 -0.058184 -0.252410 -0.965870 188.444427
-0.064840 -0.964198 0.257135 453.515747 -0.996210 0.077517 0.039462 -34.120602 -0.057982 -0.253602 -0.965569 188.654739
-0.062509 -0.964026 0.258352 454.273163 -0.996362 0.075302 0.039914 -34.183823 -0.057933 -0.254917 -0.965226 188.866623
-0.061334 -0.963728 0.259743 455.015930 -0.996445 0.074177 0.039927 -34.238079 -0.057746 -0.256371 -0.964852 189.071014
-0.061689 -0.963212 0.261565 455.747742 -0.996494 0.074276 0.038504 -34.298630 -0.056516 -0.258273 -0.964418 189.272949
-0.063151 -0.962617 0.263402 456.481384 -0.996464 0.075475 0.036924 -34.351509 -0.055424 -0.260139 -0.963979 189.481369
-0.063778 -0.962151 0.264950 457.207397 -0.996420 0.076158 0.036709 -34.404137 -0.055497 -0.261660 -0.963564 189.704666
-0.063725 -0.961631 0.266842 457.906830 -0.996489 0.075861 0.035409 -34.454792 -0.054293 -0.263649 -0.963089 189.906754
-0.062870 -0.961403 0.267866 458.609436 -0.996640 0.074598 0.033822 -34.513092 -0.052499 -0.264840 -0.962862 190.111816
-0.061334 -0.961313 0.268544 459.301300 -0.996806 0.072780 0.032865 -34.574055 -0.051138 -0.265671 -0.962707 190.319580
-0.060802 -0.960973 0.269879 460.003113 -0.996863 0.072185 0.032447 -34.624634 -0.050662 -0.267060 -0.962348 190.513138
-0.061659 -0.960521 0.271289 460.717896 -0.996802 0.073104 0.032277 -34.645229 -0.050835 -0.268431 -0.961957 190.708313
-0.061708 -0.960471 0.271456 461.401764 -0.996783 0.073238 0.032542 -34.696995 -0.051136 -0.268574 -0.961901 190.934952
-0.061352 -0.960105 0.272826 462.076324 -0.996780 0.073075 0.033010 -34.755188 -0.051630 -0.269923 -0.961497 191.133087
-0.060815 -0.959858 0.273815 462.744568 -0.996750 0.072920 0.034241 -34.803654 -0.052833 -0.270843 -0.961173 191.329941
-0.060134 -0.959917 0.273756 463.393219 -0.996761 0.072418 0.034982 -34.884689 -0.053404 -0.270766 -0.961163 191.589722
-0.060024 -0.959567 0.275005 464.012207 -0.996786 0.072262 0.034578 -34.944115 -0.053052 -0.272045 -0.960821 191.770157
-0.061237 -0.959312 0.275628 464.659027 -0.996768 0.073161 0.033180 -34.974014 -0.051995 -0.272705 -0.960691 191.972443
-0.061130 -0.959099 0.276392 465.254517 -0.996790 0.073002 0.032862 -35.021755 -0.051695 -0.273496 -0.960483 192.147217
-0.061014 -0.958659 0.277940 465.873627 -0.996794 0.072960 0.032832 -35.069798 -0.051754 -0.275046 -0.960037 192.305023
-0.061238 -0.958490 0.278472 466.475494 -0.996860 0.072764 0.031233 -35.100864 -0.050199 -0.275685 -0.959936 192.489166
-0.059533 -0.958798 0.277782 467.030060 -0.997015 0.070815 0.030749 -35.162457 -0.049153 -0.275122 -0.960152 192.715485
-0.058830 -0.958710 0.278234 467.570099 -0.997110 0.069856 0.029876 -35.200676 -0.048079 -0.275672 -0.960049 192.880310
-0.058380 -0.958719 0.278298 468.165039 -0.997094 0.069667 0.030834 -35.246185 -0.048950 -0.275689 -0.960000 193.086624
-0.058465 -0.958797 0.278011 468.701294 -0.997065 0.069875 0.031303 -35.330204 -0.049440 -0.275365 -0.960068 193.281509
-0.062069 -0.958476 0.278336 469.221161 -0.996856 0.073297 0.030108 -35.354015 -0.049259 -0.275592 -0.960012 193.446976
-0.064481 -0.958366 0.278167 469.726898 -0.996724 0.075486 0.029024 -35.417709 -0.048813 -0.275384 -0.960094 193.633957
-0.066499 -0.957921 0.279224 470.223328 -0.996603 0.077390 0.028154 -35.453602 -0.048578 -0.276404 -0.959813 193.774261
-0.066687 -0.958064 0.278688 470.722687 -0.996484 0.078148 0.030204 -35.513897 -0.050716 -0.275694 -0.959907 193.973816
-0.065819 -0.957995 0.279128 471.219940 -0.996500 0.077556 0.031201 -35.578407 -0.051538 -0.276097 -0.959747 194.120132
-0.064570 -0.958333 0.278261 471.695496 -0.996602 0.076215 0.031227 -35.611523 -0.051133 -0.275300 -0.959998 194.269470
-0.062665 -0.958862 0.276871 472.157440 -0.996849 0.073650 0.029446 -35.678497 -0.048626 -0.274153 -0.960456 194.415100
-0.061845 -0.959455 0.274993 472.585907 -0.996939 0.072584 0.029039 -35.715233 -0.047821 -0.272355 -0.961008 194.556534
-0.061581 -0.959869 0.273606 473.017517 -0.996964 0.072241 0.029049 -35.737373 -0.047649 -0.270986 -0.961403 194.690796
-0.060086 -0.960617 0.271302 473.430847 -0.997059 0.070712 0.029554 -35.799801 -0.047574 -0.268728 -0.962041 194.845535
-0.059512 -0.960996 0.270083 473.833801 -0.997107 0.070043 0.029514 -35.830311 -0.047280 -0.267545 -0.962385 194.961716
-0.058689 -0.961534 0.268342 474.223511 -0.997157 0.069190 0.029837 -35.860592 -0.047256 -0.265828 -0.962862 195.102310
-0.057606 -0.961798 0.267632 474.601562 -0.997208 0.068195 0.030431 -35.890873 -0.047520 -0.265132 -0.963041 195.199158
-0.057463 -0.962339 0.265710 474.976105 -0.997193 0.068123 0.031072 -35.913322 -0.048003 -0.263178 -0.963552 195.335922
-0.057027 -0.962427 0.265486 475.299835 -0.997257 0.067482 0.030419 -35.934032 -0.047192 -0.263023 -0.963635 195.393967
-0.057151 -0.962729 0.264359 475.634399 -0.997323 0.067154 0.028950 -35.956264 -0.045624 -0.261997 -0.963990 195.490372
-0.056917 -0.963141 0.262908 475.965698 -0.997406 0.066476 0.027599 -35.989441 -0.044059 -0.260655 -0.964426 195.598709
-0.056622 -0.963588 0.261327 476.282104 -0.997413 0.066207 0.028013 -36.025181 -0.044294 -0.259065 -0.964844 195.701416
-0.057642 -0.963982 0.259646 476.593719 -0.997308 0.067408 0.028857 -36.033543 -0.045319 -0.257284 -0.965273 195.805618
-0.058223 -0.964063 0.259216 476.910370 -0.997209 0.068323 0.030117 -36.069687 -0.046745 -0.256739 -0.965350 195.891052
-0.059533 -0.964226 0.258309 477.225403 -0.997126 0.069589 0.029956 -36.069855 -0.046860 -0.255783 -0.965598 195.985580
-0.058852 -0.964391 0.257849 477.513580 -0.997182 0.068833 0.029844 -36.090637 -0.046530 -0.255366 -0.965724 196.070023
-0.058588 -0.964346 0.258077 477.825836 -0.997251 0.068285 0.028762 -36.110737 -0.045359 -0.255682 -0.965696 196.167160
-0.058962 -0.964183 0.258600 478.099792 -0.997260 0.068486 0.027966 -36.118496 -0.044675 -0.256242 -0.965580 196.256866
-0.058525 -0.963831 0.260010 478.381775 -0.997344 0.067763 0.026701 -36.144905 -0.043354 -0.257756 -0.965237 196.332809
-0.058931 -0.963450 0.261327 478.661621 -0.997379 0.067834 0.025176 -36.159004 -0.041983 -0.259158 -0.964922 196.422638
-0.058474 -0.962812 0.263769 478.950500 -0.997415 0.067397 0.024902 -36.190422 -0.041753 -0.261632 -0.964264 196.512802
-0.058781 -0.961816 0.267310 479.241394 -0.997377 0.067911 0.025033 -36.208469 -0.042230 -0.265138 -0.963285 196.619293
-0.058656 -0.960059 0.273580 479.523376 -0.997339 0.068240 0.025639 -36.217499 -0.043284 -0.271348 -0.961508 196.683640
-0.059319 -0.957907 0.280884 479.808441 -0.997316 0.068970 0.024591 -36.240654 -0.042929 -0.278671 -0.959427 196.787308
-0.059997 -0.955144 0.290000 480.103058 -0.997294 0.069723 0.023314 -36.261837 -0.042488 -0.287816 -0.956743 196.898666
-0.061107 -0.951813 0.300528 480.395721 -0.997224 0.071054 0.022270 -36.281422 -0.042551 -0.298333 -0.953513 197.005844
-0.061685 -0.948163 0.311740 480.699585 -0.997150 0.072139 0.022104 -36.298485 -0.043447 -0.309488 -0.949910 197.136765
-0.061715 -0.943424 0.325797 481.009460 -0.997162 0.072382 0.020709 -36.323025 -0.043119 -0.323594 -0.945213 197.269684
-0.063019 -0.937223 0.342990 481.300690 -0.997125 0.073616 0.017951 -36.344368 -0.042074 -0.340872 -0.939168 197.371780
-0.064544 -0.930575 0.360367 481.607788 -0.997091 0.074811 0.014600 -36.366608 -0.040545 -0.358376 -0.932697 197.528320
-0.066310 -0.922878 0.379340 481.902130 -0.996929 0.077147 0.013420 -36.388580 -0.041650 -0.377285 -0.925160 197.667084
-0.068783 -0.914465 0.398776 482.210419 -0.996698 0.080281 0.012182 -36.414837 -0.043154 -0.396621 -0.916968 197.818832
-0.070033 -0.905419 0.418703 482.504364 -0.996536 0.082370 0.011438 -36.441326 -0.044845 -0.416452 -0.908051 197.979980
-0.072705 -0.895634 0.438810 482.795288 -0.996467 0.083776 0.005890 -36.462227 -0.042037 -0.436831 -0.898561 198.141052
-0.076738 -0.888557 0.452303 483.051056 -0.996256 0.086452 0.000811 -36.487972 -0.039823 -0.450548 -0.891864 198.315781
-0.081247 -0.885085 0.458283 483.327271 -0.996060 0.088506 -0.005653 -36.514229 -0.035558 -0.456937 -0.888788 198.475159
-0.083287 -0.885356 0.457393 483.602112 -0.995959 0.089427 -0.008255 -36.532131 -0.033595 -0.456233 -0.889226 198.628845
-0.084343 -0.887845 0.452346 483.873474 -0.995934 0.089529 -0.009975 -36.559910 -0.031642 -0.451349 -0.891787 198.778015
-0.084792 -0.892542 0.442922 484.135345 -0.995894 0.090064 -0.009163 -36.577190 -0.031713 -0.441880 -0.896513 198.895889
-0.083810 -0.899416 0.428983 484.387146 -0.995928 0.089953 -0.005975 -36.611641 -0.033214 -0.427737 -0.903293 199.012863
-0.083792 -0.906302 0.414241 484.632416 -0.995834 0.091163 -0.001982 -36.618870 -0.035967 -0.412681 -0.910165 199.095474
-0.082378 -0.914822 0.395367 484.889038 -0.995848 0.090977 0.003013 -36.643665 -0.038726 -0.393477 -0.918518 199.201721
-0.081902 -0.923516 0.374713 485.141205 -0.995873 0.090584 0.005583 -36.666290 -0.039099 -0.372710 -0.927124 199.283096
-0.082302 -0.932044 0.352875 485.414062 -0.995870 0.090529 0.006843 -36.684105 -0.038324 -0.350855 -0.935645 199.378265
-0.082082 -0.939996 0.331164 485.672424 -0.995959 0.089513 0.007223 -36.708565 -0.036434 -0.329233 -0.943546 199.457336
-0.080911 -0.947230 0.310175 485.944122 -0.996091 0.087909 0.008626 -36.736580 -0.035438 -0.308265 -0.950640 199.536240
-0.080087 -0.953149 0.291706 486.230377 -0.996053 0.087764 0.013305 -36.757320 -0.038283 -0.289489 -0.956416 199.599243
-0.079623 -0.958403 0.274086 486.519836 -0.995934 0.088112 0.018779 -36.776939 -0.042148 -0.271476 -0.961522 199.676529
-0.078736 -0.962888 0.258162 486.801605 -0.995932 0.087358 0.022080 -36.804111 -0.043813 -0.255374 -0.965849 199.741165
-0.078309 -0.966118 0.245936 487.065247 -0.996031 0.086289 0.021825 -36.828987 -0.042307 -0.243251 -0.969040 199.768723
-0.076505 -0.968858 0.235504 487.347260 -0.996196 0.084159 0.022607 -36.850925 -0.041723 -0.232878 -0.971610 199.833115
-0.074314 -0.971333 0.225808 487.625427 -0.996331 0.081957 0.024647 -36.862106 -0.042447 -0.223148 -0.973860 199.899200
-0.073041 -0.973159 0.218237 487.888702 -0.996405 0.080623 0.026028 -36.882710 -0.042924 -0.215551 -0.975549 199.960693
-0.072740 -0.973688 0.215966 488.140991 -0.996399 0.080406 0.026911 -36.908081 -0.043567 -0.213230 -0.976030 200.018677
-0.073302 -0.973212 0.217909 488.389679 -0.996343 0.081078 0.026950 -36.926662 -0.043896 -0.215137 -0.975597 200.091385
-0.072534 -0.971779 0.224463 488.636932 -0.996315 0.080929 0.028417 -36.946068 -0.045780 -0.221575 -0.974068 200.146713
-0.071202 -0.969570 0.234232 488.860870 -0.996287 0.080525 0.030471 -36.960243 -0.048406 -0.231192 -0.971703 200.212402
-0.070444 -0.966460 0.246965 489.066956 -0.996381 0.079977 0.028769 -36.980194 -0.047556 -0.244045 -0.968597 200.262085
-0.072525 -0.962909 0.259897 489.277496 -0.996411 0.081358 0.023379 -36.989624 -0.043657 -0.257269 -0.965353 200.354553
-0.074736 -0.958903 0.273714 489.462738 -0.996402 0.082811 0.018050 -37.005684 -0.039975 -0.271380 -0.961642 200.434982
-0.074558 -0.954539 0.288613 489.630524 -0.996518 0.082150 0.014266 -37.026054 -0.037327 -0.286544 -0.957340 200.496902
-0.072430 -0.950181 0.303166 489.793884 -0.996731 0.079871 0.012202 -37.038601 -0.035808 -0.301291 -0.952860 200.571091
-0.070485 -0.945231 0.318700 489.946167 -0.996785 0.078946 0.013692 -37.054234 -0.038102 -0.316710 -0.947757 200.626968
-0.070354 -0.939757 0.334525 490.089813 -0.996282 0.082915 0.023398 -37.065567 -0.049726 -0.331635 -0.942097 200.680283
-0.073456 -0.933488 0.351004 490.198059 -0.995650 0.088868 0.027979 -37.079826 -0.057312 -0.347422 -0.935956 200.723236
-0.075823 -0.927246 0.366697 490.312012 -0.995491 0.091415 0.025315 -37.091450 -0.056995 -0.363124 -0.929996 200.786636
-0.076985 -0.921288 0.381186 490.417297 -0.995762 0.090339 0.017236 -37.099960 -0.050315 -0.378243 -0.924338 200.856735
-0.076954 -0.915446 0.395014 490.517487 -0.996023 0.088431 0.010899 -37.104660 -0.044908 -0.392604 -0.918611 200.925873
-0.076136 -0.909529 0.408607 490.619049 -0.996172 0.087038 0.008124 -37.114815 -0.042954 -0.406425 -0.912674 200.987915
-0.074925 -0.903929 0.421068 490.715973 -0.996249 0.086183 0.007741 -37.124561 -0.043286 -0.418908 -0.906996 201.045227
-0.074723 -0.898112 0.433372 490.805328 -0.996234 0.086397 0.007275 -37.127052 -0.043976 -0.431197 -0.901186 201.102722
-0.074456 -0.892263 0.445334 490.888916 -0.996246 0.086333 0.006411 -37.134037 -0.044167 -0.443185 -0.895341 201.151978
-0.073220 -0.887212 0.455515 490.965118 -0.996293 0.085748 0.006868 -37.139229 -0.045153 -0.453324 -0.890201 201.210037
-0.071264 -0.882264 0.465329 491.042084 -0.996418 0.084262 0.007163 -37.145096 -0.045529 -0.463152 -0.885109 201.263214
-0.071744 -0.878183 0.472914 491.113129 -0.996464 0.083898 0.004624 -37.149300 -0.043737 -0.470910 -0.881096 201.315704
-0.075213 -0.873409 0.481144 491.163727 -0.996412 0.084610 -0.002168 -37.163719 -0.038816 -0.479580 -0.876639 201.356140
-0.081473 -0.868159 0.489553 491.200562 -0.996146 0.086933 -0.011617 -37.171646 -0.032473 -0.488613 -0.871896 201.419174
-0.086471 -0.864006 0.496001 491.239319 -0.995862 0.088935 -0.018696 -37.174126 -0.027958 -0.495565 -0.868121 201.459534
-0.085236 -0.861065 0.501300 491.281677 -0.995951 0.088064 -0.018078 -37.181164 -0.028580 -0.500811 -0.865085 201.484924
-0.080627 -0.857675 0.507832 491.336700 -0.996227 0.085752 -0.013342 -37.181305 -0.032105 -0.506992 -0.861353 201.522400
-0.075837 -0.854834 0.513329 491.382355 -0.996497 0.083176 -0.008707 -37.183815 -0.035254 -0.512191 -0.858148 201.543320
-0.073828 -0.852503 0.517483 491.424347 -0.996650 0.081375 -0.008131 -37.190495 -0.035178 -0.516349 -0.855655 201.570587
-0.075570 -0.849237 0.522576 491.454956 -0.996627 0.081149 -0.012247 -37.188496 -0.032006 -0.521738 -0.852505 201.608658
-0.077930 -0.846065 0.527353 491.478821 -0.996569 0.080894 -0.017485 -37.195045 -0.027867 -0.526906 -0.849467 201.637009
-0.080792 -0.843782 0.530571 491.510101 -0.996400 0.082095 -0.021167 -37.191578 -0.025697 -0.530370 -0.847377 201.670242
