0.000000 0.0000000 0.0000000 0.0000000 0.0000000 0.0000000 0.0000000 1.0000000 0 0 2010 721.5377197 721.5377197 609.5593262 172.8540039 0.0013859 0.0013859 387.5744019 0.5371506 21.4860229 
0.310262 -0.0109209 -0.0040624 2.8529336 0.0006473 0.0013588 0.0012398 0.9999981 1 3 2011 721.5377197 721.5377197 609.5593262 172.8540039 0.0013859 0.0013859 387.5744019 0.5371506 21.4860229 
0.413621 -0.0077959 -0.0078439 3.8018262 -0.0024542 0.0010397 0.0024776 0.9999934 2 4 2006 721.5377197 721.5377197 609.5593262 172.8540039 0.0013859 0.0013859 387.5744019 0.5371506 21.4860229 
0.620389 -0.0082685 -0.0027392 5.6686153 -0.0010394 -0.0000297 0.0055894 0.9999838 3 6 2004 721.5377197 721.5377197 609.5593262 172.8540039 0.0013859 0.0013859 387.5744019 0.5371506 21.4860229 
0.827211 -0.0206011 -0.0027207 7.5205679 0.0008898 -0.0006951 0.0057016 0.9999831 4 8 2007 721.5377197 721.5377197 609.5593262 172.8540039 0.0013859 0.0013859 387.5744019 0.5371506 21.4860229 
1.034070 -0.0395303 0.0036211 9.3758411 -0.0013376 -0.0014382 0.0054344 0.9999833 5 10 2008 721.5377197 721.5377197 609.5593262 172.8540039 0.0013859 0.0013859 387.5744019 0.5371506 21.4860229 
1.244258 -0.0489769 0.0048840 11.2111921 -0.0026059 -0.0023187 0.0061349 0.9999751 6 12 2005 721.5377197 721.5377197 609.5593262 172.8540039 0.0013859 0.0013859 387.5744019 0.5371506 21.4860229 
1.551083 -0.0804126 0.0183326 13.9305143 -0.0008476 -0.0036708 0.0065889 0.9999712 7 15 2008 721.5377197 721.5377197 609.5593262 172.8540039 0.0013859 0.0013859 387.5744019 0.5371506 21.4860229 
1.964724 -0.1375045 0.0226259 17.5284901 0.0005444 -0.0068794 0.0060107 0.9999581 8 19 2004 721.5377197 721.5377197 609.5593262 172.8540039 0.0013859 0.0013859 387.5744019 0.5371506 21.4860229 
2.378626 -0.2126589 0.0168396 21.0764046 -0.0010855 -0.0098785 0.0063230 0.9999306 9 23 2010 721.5377197 721.5377197 609.5593262 172.8540039 0.0013859 0.0013859 387.5744019 0.5371506 21.4860229 
2.793694 -0.3005679 0.0355937 24.4907665 -0.0031659 -0.0121630 0.0064614 0.9999002 10 27 2006 721.5377197 721.5377197 609.5593262 172.8540039 0.0013859 0.0013859 387.5744019 0.5371506 21.4860229 
3.103545 -0.3807712 0.0371900 26.9766178 -0.0021607 -0.0131327 0.0057955 0.9998946 11 30 2008 721.5377197 721.5377197 609.5593262 172.8540039 0.0013859 0.0013859 387.5744019 0.5371506 21.4860229 
3.413963 -0.4613475 0.0389174 29.3654957 -0.0010150 -0.0145869 0.0050044 0.9998806 12 33 2008 721.5377197 721.5377197 609.5593262 172.8540039 0.0013859 0.0013859 387.5744019 0.5371506 21.4860229 
3.724674 -0.5438959 0.0454695 31.6738243 -0.0010149 -0.0175299 0.0050693 0.9998330 13 36 2007 721.5377197 721.5377197 609.5593262 172.8540039 0.0013859 0.0013859 387.5744019 0.5371506 21.4860229 
4.034871 -0.6439684 0.0472797 33.8895493 -0.0031068 -0.0203706 0.0040409 0.9997795 14 39 2006 721.5377197 721.5377197 609.5593262 172.8540039 0.0013859 0.0013859 387.5744019 0.5371506 21.4860229 
4.345966 -0.7489098 0.0581312 36.0242882 -0.0027781 -0.0231422 0.0018520 0.9997266 15 42 2008 721.5377197 721.5377197 609.5593262 172.8540039 0.0013859 0.0013859 387.5744019 0.5371506 21.4860229 
4.656235 -0.8550340 0.0668461 38.0589600 -0.0028476 -0.0232298 -0.0015258 0.9997249 16 45 2005 721.5377197 721.5377197 609.5593262 172.8540039 0.0013859 0.0013859 387.5744019 0.5371506 21.4860229 
5.073257 -0.9721658 0.0805070 40.6510239 -0.0019896 -0.0183622 -0.0055526 0.9998140 17 49 2005 721.5377197 721.5377197 609.5593262 172.8540039 0.0013859 0.0013859 387.5744019 0.5371506 21.4860229 
5.588095 -1.0762560 0.0936907 43.6128769 -0.0059716 -0.0054503 -0.0165345 0.9998306 18 54 2006 721.5377197 721.5377197 609.5593262 172.8540039 0.0013859 0.0013859 387.5744019 0.5371506 21.4860229 
6.105870 -1.0671012 0.1040885 46.0851669 -0.0032033 0.0132832 -0.0251830 0.9995894 19 59 2009 721.5377197 721.5377197 609.5593262 172.8540039 0.0013859 0.0013859 387.5744019 0.5371506 21.4860229 
6.524037 -0.9942875 0.1087559 47.6580963 -0.0047434 0.0296215 -0.0276472 0.9991675 20 63 2008 721.5377197 721.5377197 609.5593262 172.8540039 0.0013859 0.0013859 387.5744019 0.5371506 21.4860229 
6.727294 -0.9455345 0.1097513 48.2835236 -0.0048908 0.0384142 -0.0321136 0.9987338 21 65 2005 721.5377197 721.5377197 609.5593262 172.8540039 0.0013859 0.0013859 387.5744019 0.5371506 21.4860229 
7.038067 -0.8426499 0.1049037 49.1009598 -0.0025019 0.0544414 -0.0303483 0.9980525 22 68 2008 721.5377197 721.5377197 609.5593262 172.8540039 0.0013859 0.0013859 387.5744019 0.5371506 21.4860229 
7.141701 -0.8005486 0.1081283 49.3695793 -0.0006109 0.0611367 -0.0307954 0.9976540 23 69 2007 721.5377197 721.5377197 609.5593262 172.8540039 0.0013859 0.0013859 387.5744019 0.5371506 21.4860229 
7.353300 -0.7097054 0.1039639 49.8825340 0.0005318 0.0770884 -0.0324262 0.9964967 24 71 2007 721.5377197 721.5377197 609.5593262 172.8540039 0.0013859 0.0013859 387.5744019 0.5371506 21.4860229 
8.074250 -0.2002764 0.0787889 51.5925713 0.0025830 0.1499186 -0.0341966 0.9881034 25 78 2010 721.5377197 721.5377197 609.5593262 172.8540039 0.0013859 0.0013859 387.5744019 0.5371506 21.4860229 
8.799662 0.7316265 0.0246822 53.2052765 0.0077229 0.2635044 -0.0344123 0.9640133 26 85 2008 721.5377197 721.5377197 609.5593262 172.8540039 0.0013859 0.0013859 387.5744019 0.5371506 21.4860229 
9.525112 2.3788052 -0.0804886 54.7840347 0.0106333 0.4189149 -0.0394424 0.9071061 27 92 2009 721.5377197 721.5377197 609.5593262 172.8540039 0.0013859 0.0013859 387.5744019 0.5371506 21.4860229 
9.939685 3.8703327 -0.1609519 55.5930328 0.0119183 0.5182916 -0.0379360 0.8542790 28 96 2004 721.5377197 721.5377197 609.5593262 172.8540039 0.0013859 0.0013859 387.5744019 0.5371506 21.4860229 
10.250360 5.2161503 -0.2251893 56.0475731 0.0093776 0.5859315 -0.0397337 0.8093315 29 99 2007 721.5377197 721.5377197 609.5593262 172.8540039 0.0013859 0.0013859 387.5744019 0.5371506 21.4860229 
10.664530 7.2410707 -0.3374312 56.3141823 0.0190094 0.6557487 -0.0276144 0.7542346 30 103 2008 721.5377197 721.5377197 609.5593262 172.8540039 0.0013859 0.0013859 387.5744019 0.5371506 21.4860229 
11.077200 9.4700880 -0.4624598 56.3684731 0.0267366 0.6954210 -0.0180907 0.7178771 31 107 2010 721.5377197 721.5377197 609.5593262 172.8540039 0.0013859 0.0013859 387.5744019 0.5371506 21.4860229 
11.488980 11.8934412 -0.5980660 56.3321419 0.0311920 0.7131677 -0.0171388 0.7000894 32 111 2009 721.5377197 721.5377197 609.5593262 172.8540039 0.0013859 0.0013859 387.5744019 0.5371506 21.4860229 
11.901710 14.5180817 -0.7440289 56.2483292 0.0280239 0.7192443 -0.0142777 0.6940450 33 115 2004 721.5377197 721.5377197 609.5593262 172.8540039 0.0013859 0.0013859 387.5744019 0.5371506 21.4860229 
12.417650 18.0189838 -0.9218820 56.1207275 0.0345765 0.7188362 -0.0143241 0.6941713 34 120 2005 721.5377197 721.5377197 609.5593262 172.8540039 0.0013859 0.0013859 387.5744019 0.5371506 21.4860229 
12.830730 20.9827919 -1.0832093 56.0470047 0.0299192 0.7155579 -0.0110019 0.6978257 35 124 2005 721.5377197 721.5377197 609.5593262 172.8540039 0.0013859 0.0013859 387.5744019 0.5371506 21.4860229 
13.244210 23.9444141 -1.2591530 56.0113487 0.0323586 0.7111827 -0.0142185 0.7021182 36 128 2008 721.5377197 721.5377197 609.5593262 172.8540039 0.0013859 0.0013859 387.5744019 0.5371506 21.4860229 
13.657960 26.9247494 -1.4447621 56.0047989 0.0350995 0.7059721 -0.0134649 0.7072412 37 132 2005 721.5377197 721.5377197 609.5593262 172.8540039 0.0013859 0.0013859 387.5744019 0.5371506 21.4860229 
14.071640 29.9303036 -1.6398568 56.0317764 0.0385207 0.7008697 -0.0086410 0.7121960 38 136 2006 721.5377197 721.5377197 609.5593262 172.8540039 0.0013859 0.0013859 387.5744019 0.5371506 21.4860229 
14.588970 33.6976891 -1.8730860 56.1365623 0.0383949 0.6951090 -0.0086424 0.7178263 39 141 2006 721.5377197 721.5377197 609.5593262 172.8540039 0.0013859 0.0013859 387.5744019 0.5371506 21.4860229 
15.106400 37.5016785 -2.1053343 56.3173103 0.0371616 0.6901485 -0.0115158 0.7226213 40 146 2007 721.5377197 721.5377197 609.5593262 172.8540039 0.0013859 0.0013859 387.5744019 0.5371506 21.4860229 
15.520220 40.5943909 -2.3133173 56.5220108 0.0359578 0.6856754 -0.0175490 0.7268069 41 150 2004 721.5377197 721.5377197 609.5593262 172.8540039 0.0013859 0.0013859 387.5744019 0.5371506 21.4860229 
16.039410 44.5334473 -2.6001453 56.8173561 0.0353657 0.6782084 -0.0186220 0.7337819 42 155 2005 721.5377197 721.5377197 609.5593262 172.8540039 0.0013859 0.0013859 387.5744019 0.5371506 21.4860229 
16.554450 48.4883728 -2.9175506 57.2543106 0.0373981 0.6656982 -0.0293145 0.7447066 43 160 2009 721.5377197 721.5377197 609.5593262 172.8540039 0.0013859 0.0013859 387.5744019 0.5371506 21.4860229 
17.175580 53.3682404 -3.3169250 57.9808426 0.0288977 0.6490811 -0.0244624 0.7597764 44 166 2002 721.5377197 721.5377197 609.5593262 172.8540039 0.0013859 0.0013859 387.5744019 0.5371506 21.4860229 
17.693880 57.2419472 -3.6293688 58.6819801 0.0330850 0.6386413 -0.0275806 0.7682981 45 171 2003 721.5377197 721.5377197 609.5593262 172.8540039 0.0013859 0.0013859 387.5744019 0.5371506 21.4860229 
18.209790 60.9421692 -3.9028654 59.4496727 0.0247948 0.6324298 -0.0254212 0.7738032 46 176 2010 721.5377197 721.5377197 609.5593262 172.8540039 0.0013859 0.0013859 387.5744019 0.5371506 21.4860229 
18.830950 65.0445328 -4.2290530 60.3550568 0.0271707 0.6284402 -0.0314517 0.7767467 47 182 2006 721.5377197 721.5377197 609.5593262 172.8540039 0.0013859 0.0013859 387.5744019 0.5371506 21.4860229 
19.351800 68.2116547 -4.4871187 61.0477066 0.0262464 0.6304499 -0.0316771 0.7751391 48 187 2008 721.5377197 721.5377197 609.5593262 172.8540039 0.0013859 0.0013859 387.5744019 0.5371506 21.4860229 
19.763960 70.5840988 -4.6777105 61.5300331 0.0275654 0.6337810 -0.0310048 0.7723992 49 191 2005 721.5377197 721.5377197 609.5593262 172.8540039 0.0013859 0.0013859 387.5744019 0.5371506 21.4860229 
20.073350 72.2787476 -4.8179007 61.8558617 0.0290243 0.6361935 -0.0277227 0.7704849 50 194 2004 721.5377197 721.5377197 609.5593262 172.8540039 0.0013859 0.0013859 387.5744019 0.5371506 21.4860229 
20.590890 75.0049973 -5.0292530 62.3449631 0.0345663 0.6384663 -0.0253265 0.7684560 51 199 2012 721.5377197 721.5377197 609.5593262 172.8540039 0.0013859 0.0013859 387.5744019 0.5371506 21.4860229 
21.213570 78.3295593 -5.2781081 63.0201035 0.0353650 0.6278343 -0.0232601 0.7771952 52 205 2012 721.5377197 721.5377197 609.5593262 172.8540039 0.0013859 0.0013859 387.5744019 0.5371506 21.4860229 
21.833000 81.8370667 -5.5504818 63.9686127 0.0321336 0.6045609 -0.0299746 0.7953459 53 211 2005 721.5377197 721.5377197 609.5593262 172.8540039 0.0013859 0.0013859 387.5744019 0.5371506 21.4860229 
22.245290 84.3296738 -5.7452192 64.7841263 0.0306515 0.5874061 -0.0339193 0.8080000 54 215 2008 721.5377197 721.5377197 609.5593262 172.8540039 0.0013859 0.0013859 387.5744019 0.5371506 21.4860229 
22.555690 86.3130569 -5.8993335 65.4963837 0.0267099 0.5739582 -0.0267544 0.8180115 55 218 2008 721.5377197 721.5377197 609.5593262 172.8540039 0.0013859 0.0013859 387.5744019 0.5371506 21.4860229 
22.865960 88.3848953 -6.0248966 66.2996979 0.0278415 0.5617251 -0.0195193 0.8266249 56 221 2007 721.5377197 721.5377197 609.5593262 172.8540039 0.0013859 0.0013859 387.5744019 0.5371506 21.4860229 
23.072970 89.8102951 -6.1123180 66.8725052 0.0285729 0.5556896 -0.0106710 0.8308302 57 223 2009 721.5377197 721.5377197 609.5593262 172.8540039 0.0013859 0.0013859 387.5744019 0.5371506 21.4860229 
23.384670 91.9458847 -6.2401271 67.7968826 0.0377103 0.5456992 -0.0115124 0.8370530 58 226 2004 721.5377197 721.5377197 609.5593262 172.8540039 0.0013859 0.0013859 387.5744019 0.5371506 21.4860229 
23.798210 94.7066269 -6.4626293 69.1014404 0.0354474 0.5372499 -0.0195138 0.8424519 59 230 2006 721.5377197 721.5377197 609.5593262 172.8540039 0.0013859 0.0013859 387.5744019 0.5371506 21.4860229 
24.315110 97.9846573 -6.7488718 70.7203445 0.0330298 0.5283725 -0.0212806 0.8481030 60 235 2009 721.5377197 721.5377197 609.5593262 172.8540039 0.0013859 0.0013859 387.5744019 0.5371506 21.4860229 
24.832200 101.0285034 -7.0255766 72.2751999 0.0331796 0.5219100 -0.0201890 0.8521159 61 240 2009 721.5377197 721.5377197 609.5593262 172.8540039 0.0013859 0.0013859 387.5744019 0.5371506 21.4860229 
25.452750 104.3761215 -7.3189335 74.0385590 0.0364482 0.5146778 -0.0176635 0.8564265 62 246 2005 721.5377197 721.5377197 609.5593262 172.8540039 0.0013859 0.0013859 387.5744019 0.5371506 21.4860229 
26.177790 107.9331894 -7.6427007 76.0235367 0.0404251 0.5016308 -0.0169021 0.8639715 63 253 2005 721.5377197 721.5377197 609.5593262 172.8540039 0.0013859 0.0013859 387.5744019 0.5371506 21.4860229 
26.590190 109.8485184 -7.8437672 77.2162552 0.0445148 0.4891625 -0.0286240 0.8705855 64 257 2006 721.5377197 721.5377197 609.5593262 172.8540039 0.0013859 0.0013859 387.5744019 0.5371506 21.4860229 
27.003850 111.8307190 -8.0558939 78.5394211 0.0308991 0.4771326 -0.0338781 0.8776343 65 261 2012 721.5377197 721.5377197 609.5593262 172.8540039 0.0013859 0.0013859 387.5744019 0.5371506 21.4860229 
27.313990 113.3689575 -8.1963501 79.6268311 0.0284156 0.4670968 -0.0384838 0.8829111 66 264 2008 721.5377197 721.5377197 609.5593262 172.8540039 0.0013859 0.0013859 387.5744019 0.5371506 21.4860229 
27.624170 114.9684219 -8.3457937 80.8086929 0.0280207 0.4567998 -0.0423919 0.8881170 67 267 2013 721.5377197 721.5377197 609.5593262 172.8540039 0.0013859 0.0013859 387.5744019 0.5371506 21.4860229 
28.037820 117.2148056 -8.5536594 82.5518646 0.0238527 0.4409037 -0.0436084 0.8961771 68 271 2009 721.5377197 721.5377197 609.5593262 172.8540039 0.0013859 0.0013859 387.5744019 0.5371506 21.4860229 
28.451340 119.5812531 -8.7515745 84.5322723 0.0222845 0.4248781 -0.0460397 0.9038044 69 275 2007 721.5377197 721.5377197 609.5593262 172.8540039 0.0013859 0.0013859 387.5744019 0.5371506 21.4860229 
28.866830 122.0821686 -8.9774952 86.6604080 0.0250217 0.4169031 -0.0367913 0.9078613 70 279 2007 721.5377197 721.5377197 609.5593262 172.8540039 0.0013859 0.0013859 387.5744019 0.5371506 21.4860229 
29.279330 124.6523895 -9.1950188 88.9342346 0.0252875 0.4093052 -0.0304545 0.9115385 71 283 2003 721.5377197 721.5377197 609.5593262 172.8540039 0.0013859 0.0013859 387.5744019 0.5371506 21.4860229 
29.692890 127.2354660 -9.4035845 91.3539429 0.0177385 0.4012835 -0.0355702 0.9150910 72 287 2003 721.5377197 721.5377197 609.5593262 172.8540039 0.0013859 0.0013859 387.5744019 0.5371506 21.4860229 
30.106560 129.8450775 -9.5792723 93.8430099 0.0202445 0.3908229 -0.0260352 0.9198749 73 291 2010 721.5377197 721.5377197 609.5593262 172.8540039 0.0013859 0.0013859 387.5744019 0.5371506 21.4860229 
30.623580 133.0686798 -9.8372269 97.0891495 0.0273101 0.3727143 -0.0171979 0.9273847 74 296 2006 721.5377197 721.5377197 609.5593262 172.8540039 0.0013859 0.0013859 387.5744019 0.5371506 21.4860229 
31.142770 136.2384186 -10.1140232 100.4962234 0.0289932 0.3624412 -0.0114788 0.9314848 75 301 2006 721.5377197 721.5377197 609.5593262 172.8540039 0.0013859 0.0013859 387.5744019 0.5371506 21.4860229 
31.661730 139.4028168 -10.3627901 104.0000458 0.0275120 0.3631983 -0.0123683 0.9312235 76 306 2005 721.5377197 721.5377197 609.5593262 172.8540039 0.0013859 0.0013859 387.5744019 0.5371506 21.4860229 
32.176640 142.5816040 -10.6305542 107.4622269 0.0231743 0.3706722 -0.0170125 0.9283187 77 311 2007 721.5377197 721.5377197 609.5593262 172.8540039 0.0013859 0.0013859 387.5744019 0.5371506 21.4860229 
32.589890 145.1208344 -10.8397961 110.1268387 0.0310340 0.3787089 -0.0230174 0.9247090 78 315 2010 721.5377197 721.5377197 609.5593262 172.8540039 0.0013859 0.0013859 387.5744019 0.5371506 21.4860229 
33.106800 148.3354492 -11.1198969 113.3324127 0.0231930 0.3898549 -0.0224113 0.9203113 79 320 2006 721.5377197 721.5377197 609.5593262 172.8540039 0.0013859 0.0013859 387.5744019 0.5371506 21.4860229 
33.623980 151.6045380 -11.3929253 116.4192734 0.0280542 0.4014866 -0.0207732 0.9151994 80 325 2006 721.5377197 721.5377197 609.5593262 172.8540039 0.0013859 0.0013859 387.5744019 0.5371506 21.4860229 
33.934650 153.6075134 -11.5597811 118.2434921 0.0298197 0.4116172 -0.0249241 0.9105278 81 328 2002 721.5377197 721.5377197 609.5593262 172.8540039 0.0013859 0.0013859 387.5744019 0.5371506 21.4860229 
34.244700 155.6805573 -11.7431402 120.0369644 0.0286390 0.4230001 -0.0266921 0.9052835 82 331 2009 721.5377197 721.5377197 609.5593262 172.8540039 0.0013859 0.0013859 387.5744019 0.5371506 21.4860229 
34.451590 157.1093597 -11.8635492 121.2281647 0.0198697 0.4313788 -0.0259097 0.9015799 83 333 2004 721.5377197 721.5377197 609.5593262 172.8540039 0.0013859 0.0013859 387.5744019 0.5371506 21.4860229 
34.659100 158.5571442 -11.9530773 122.3799438 0.0191271 0.4400044 -0.0277043 0.8973643 84 335 2006 721.5377197 721.5377197 609.5593262 172.8540039 0.0013859 0.0013859 387.5744019 0.5371506 21.4860229 
34.866170 160.0530090 -12.0538836 123.5133057 0.0274095 0.4476327 -0.0284441 0.8933446 85 337 2006 721.5377197 721.5377197 609.5593262 172.8540039 0.0013859 0.0013859 387.5744019 0.5371506 21.4860229 
35.176790 162.3394928 -12.2390509 125.1521759 0.0277901 0.4596719 -0.0229842 0.8873563 86 340 2009 721.5377197 721.5377197 609.5593262 172.8540039 0.0013859 0.0013859 387.5744019 0.5371506 21.4860229 
35.486280 164.6174774 -12.4192448 126.7166595 0.0285539 0.4705412 -0.0215742 0.8816520 87 343 2008 721.5377197 721.5377197 609.5593262 172.8540039 0.0013859 0.0013859 387.5744019 0.5371506 21.4860229 
35.900040 167.6097107 -12.6495600 128.6793060 0.0258572 0.4809716 -0.0187349 0.8761545 88 347 2006 721.5377197 721.5377197 609.5593262 172.8540039 0.0013859 0.0013859 387.5744019 0.5371506 21.4860229 
36.417070 171.2371368 -12.9306307 130.9486389 0.0258832 0.4886681 -0.0174792 0.8719106 89 352 2007 721.5377197 721.5377197 609.5593262 172.8540039 0.0013859 0.0013859 387.5744019 0.5371506 21.4860229 
37.040370 175.3732147 -13.2397223 133.4416504 0.0376081 0.4956050 -0.0178692 0.8675495 90 358 2005 721.5377197 721.5377197 609.5593262 172.8540039 0.0013859 0.0013859 387.5744019 0.5371506 21.4860229 
37.451400 178.0199738 -13.4509916 135.0159454 0.0211959 0.5011386 -0.0183280 0.8649132 91 362 2007 721.5377197 721.5377197 609.5593262 172.8540039 0.0013859 0.0013859 387.5744019 0.5371506 21.4860229 
37.865070 180.5795135 -13.6115789 136.4653778 0.0242114 0.5059941 -0.0180876 0.8620073 92 366 2009 721.5377197 721.5377197 609.5593262 172.8540039 0.0013859 0.0013859 387.5744019 0.5371506 21.4860229 
38.278810 183.0316162 -13.7822428 137.8132935 0.0267174 0.5122827 -0.0184053 0.8582039 93 370 2007 721.5377197 721.5377197 609.5593262 172.8540039 0.0013859 0.0013859 387.5744019 0.5371506 21.4860229 
38.692720 185.4050751 -13.9526062 139.0510254 0.0324155 0.5226387 -0.0207450 0.8516852 94 374 2008 721.5377197 721.5377197 609.5593262 172.8540039 0.0013859 0.0013859 387.5744019 0.5371506 21.4860229 
39.106870 187.8536377 -14.1440296 140.2551727 0.0302469 0.5346214 -0.0259682 0.8441509 95 378 2007 721.5377197 721.5377197 609.5593262 172.8540039 0.0013859 0.0013859 387.5744019 0.5371506 21.4860229 
39.520900 190.4080353 -14.3534508 141.4186707 0.0327688 0.5478191 -0.0326297 0.8353178 96 382 2008 721.5377197 721.5377197 609.5593262 172.8540039 0.0013859 0.0013859 387.5744019 0.5371506 21.4860229 
39.831290 192.4252014 -14.5332088 142.2627411 0.0353701 0.5578032 -0.0339791 0.8285228 97 385 2005 721.5377197 721.5377197 609.5593262 172.8540039 0.0013859 0.0013859 387.5744019 0.5371506 21.4860229 
40.245190 195.2985077 -14.7843342 143.3711090 0.0312988 0.5706898 -0.0308174 0.8199902 98 389 2006 721.5377197 721.5377197 609.5593262 172.8540039 0.0013859 0.0013859 387.5744019 0.5371506 21.4860229 
40.660160 198.3930511 -15.0100155 144.4607544 0.0279998 0.5805749 -0.0238164 0.8133766 99 393 2007 721.5377197 721.5377197 609.5593262 172.8540039 0.0013859 0.0013859 387.5744019 0.5371506 21.4860229 
40.969360 200.7872772 -15.1973572 145.2386932 0.0447713 0.5859247 -0.0275905 0.8086572 100 396 2003 721.5377197 721.5377197 609.5593262 172.8540039 0.0013859 0.0013859 387.5744019 0.5371506 21.4860229 
41.176820 202.4722443 -15.3506451 145.7545471 0.0447125 0.5897989 -0.0198234 0.8060676 101 398 2002 721.5377197 721.5377197 609.5593262 172.8540039 0.0013859 0.0013859 387.5744019 0.5371506 21.4860229 
41.385110 204.1807251 -15.5076427 146.2778625 0.0444068 0.5937762 -0.0200838 0.8031529 102 400 2005 721.5377197 721.5377197 609.5593262 172.8540039 0.0013859 0.0013859 387.5744019 0.5371506 21.4860229 
41.592690 205.8916779 -15.6563425 146.8115997 0.0461564 0.5975285 -0.0267009 0.8000727 103 402 2006 721.5377197 721.5377197 609.5593262 172.8540039 0.0013859 0.0013859 387.5744019 0.5371506 21.4860229 
41.796670 207.6353302 -15.8238754 147.3322296 0.0402857 0.6023375 -0.0262441 0.7967923 104 404 2009 721.5377197 721.5377197 609.5593262 172.8540039 0.0013859 0.0013859 387.5744019 0.5371506 21.4860229 
42.003560 209.4044647 -15.9806137 147.8293457 0.0412598 0.6065466 -0.0287241 0.7934569 105 406 2003 721.5377197 721.5377197 609.5593262 172.8540039 0.0013859 0.0013859 387.5744019 0.5371506 21.4860229 
42.106940 210.3059082 -16.0649929 148.0677490 0.0424357 0.6085299 -0.0278343 0.7919064 106 407 2008 721.5377197 721.5377197 609.5593262 172.8540039 0.0013859 0.0013859 387.5744019 0.5371506 21.4860229 
42.210320 211.1975708 -16.1501656 148.2917633 0.0437404 0.6102363 -0.0262884 0.7905741 107 408 2007 721.5377197 721.5377197 609.5593262 172.8540039 0.0013859 0.0013859 387.5744019 0.5371506 21.4860229 
42.313830 212.1264496 -16.2341118 148.5346985 0.0439056 0.6118526 -0.0254563 0.7893419 108 409 2005 721.5377197 721.5377197 609.5593262 172.8540039 0.0013859 0.0013859 387.5744019 0.5371506 21.4860229 
42.520590 213.9638824 -16.4043560 149.0016022 0.0442456 0.6146070 -0.0240490 0.7872244 109 411 2004 721.5377197 721.5377197 609.5593262 172.8540039 0.0013859 0.0013859 387.5744019 0.5371506 21.4860229 
42.727360 215.8351440 -16.5741959 149.4692383 0.0420324 0.6167818 -0.0236736 0.7856545 110 413 2010 721.5377197 721.5377197 609.5593262 172.8540039 0.0013859 0.0013859 387.5744019 0.5371506 21.4860229 
42.934150 217.7041168 -16.7497177 149.9331665 0.0408347 0.6184019 -0.0261680 0.7843640 111 415 2004 721.5377197 721.5377197 609.5593262 172.8540039 0.0013859 0.0013859 387.5744019 0.5371506 21.4860229 
43.140760 219.5749664 -16.9179630 150.3877563 0.0411573 0.6198765 -0.0268826 0.7831581 112 417 2004 721.5377197 721.5377197 609.5593262 172.8540039 0.0013859 0.0013859 387.5744019 0.5371506 21.4860229 
43.244710 220.5142059 -17.0085487 150.6147308 0.0407184 0.6204954 -0.0266366 0.7826991 113 418 2004 721.5377197 721.5377197 609.5593262 172.8540039 0.0013859 0.0013859 387.5744019 0.5371506 21.4860229 
43.450910 222.3844910 -17.1813145 151.0434875 0.0396076 0.6215619 -0.0232130 0.7820186 114 420 2006 721.5377197 721.5377197 609.5593262 172.8540039 0.0013859 0.0013859 387.5744019 0.5371506 21.4860229 
43.660340 224.2328033 -17.3406448 151.4778595 0.0420659 0.6229122 -0.0267527 0.7807017 115 422 2006 721.5377197 721.5377197 609.5593262 172.8540039 0.0013859 0.0013859 387.5744019 0.5371506 21.4860229 
43.865300 226.0818481 -17.5183849 151.8990479 0.0428251 0.6247776 -0.0283243 0.7791128 116 424 2006 721.5377197 721.5377197 609.5593262 172.8540039 0.0013859 0.0013859 387.5744019 0.5371506 21.4860229 
44.176790 228.8925934 -17.7804794 152.5132141 0.0371284 0.6286966 -0.0240519 0.7763914 117 427 2008 721.5377197 721.5377197 609.5593262 172.8540039 0.0013859 0.0013859 387.5744019 0.5371506 21.4860229 
44.485720 231.6756897 -18.0155945 153.0927124 0.0374082 0.6335410 -0.0252337 0.7723922 118 430 2001 721.5377197 721.5377197 609.5593262 172.8540039 0.0013859 0.0013859 387.5744019 0.5371506 21.4860229 
44.796760 234.4409485 -18.2519283 153.6276550 0.0363252 0.6383563 -0.0247610 0.7684846 119 433 2006 721.5377197 721.5377197 609.5593262 172.8540039 0.0013859 0.0013859 387.5744019 0.5371506 21.4860229 
45.107140 237.2205658 -18.4828510 154.1467590 0.0340783 0.6431006 -0.0274431 0.7645307 120 436 2008 721.5377197 721.5377197 609.5593262 172.8540039 0.0013859 0.0013859 387.5744019 0.5371506 21.4860229 
45.416890 239.9719849 -18.7084312 154.6419678 0.0335885 0.6470391 -0.0351660 0.7609044 121 439 2006 721.5377197 721.5377197 609.5593262 172.8540039 0.0013859 0.0013859 387.5744019 0.5371506 21.4860229 
45.727180 242.7202606 -18.9581909 155.0971985 0.0308005 0.6510853 -0.0350660 0.7575682 122 442 2004 721.5377197 721.5377197 609.5593262 172.8540039 0.0013859 0.0013859 387.5744019 0.5371506 21.4860229 
46.037440 245.4508514 -19.1892071 155.5043182 0.0300763 0.6549345 -0.0329010 0.7543697 123 445 2004 721.5377197 721.5377197 609.5593262 172.8540039 0.0013859 0.0013859 387.5744019 0.5371506 21.4860229 
46.244200 247.2638245 -19.3458786 155.7603455 0.0315248 0.6581413 -0.0348299 0.7514274 124 447 2003 721.5377197 721.5377197 609.5593262 172.8540039 0.0013859 0.0013859 387.5744019 0.5371506 21.4860229 
46.451100 249.0801086 -19.4960690 155.9825134 0.0310843 0.6619442 -0.0285078 0.7483656 125 449 2006 721.5377197 721.5377197 609.5593262 172.8540039 0.0013859 0.0013859 387.5744019 0.5371506 21.4860229 
46.761380 251.7386780 -19.7367783 156.2826538 0.0420783 0.6671293 -0.0356576 0.7428974 126 452 2005 721.5377197 721.5377197 609.5593262 172.8540039 0.0013859 0.0013859 387.5744019 0.5371506 21.4860229 
46.968250 253.5230713 -19.9199486 156.4793549 0.0395120 0.6712867 -0.0372151 0.7392077 127 454 2005 721.5377197 721.5377197 609.5593262 172.8540039 0.0013859 0.0013859 387.5744019 0.5371506 21.4860229 
47.175200 255.3175049 -20.0934982 156.6496582 0.0336209 0.6753013 -0.0351917 0.7359343 128 456 2004 721.5377197 721.5377197 609.5593262 172.8540039 0.0013859 0.0013859 387.5744019 0.5371506 21.4860229 
47.382040 257.0888672 -20.2575455 156.8040466 0.0298213 0.6801697 -0.0371685 0.7315042 129 458 2007 721.5377197 721.5377197 609.5593262 172.8540039 0.0013859 0.0013859 387.5744019 0.5371506 21.4860229 
47.692300 259.7260132 -20.4872246 156.9775543 0.0267267 0.6879423 -0.0359346 0.7243823 130 461 2006 721.5377197 721.5377197 609.5593262 172.8540039 0.0013859 0.0013859 387.5744019 0.5371506 21.4860229 
47.899190 261.4749451 -20.6306038 157.0551910 0.0302736 0.6925489 -0.0367146 0.7197997 131 463 2006 721.5377197 721.5377197 609.5593262 172.8540039 0.0013859 0.0013859 387.5744019 0.5371506 21.4860229 
48.209330 264.1124268 -20.8598080 157.1385956 0.0288971 0.6993608 -0.0343637 0.7133573 132 466 2003 721.5377197 721.5377197 609.5593262 172.8540039 0.0013859 0.0013859 387.5744019 0.5371506 21.4860229 
48.519480 266.7196655 -21.0855255 157.1744690 0.0327869 0.7040023 -0.0356671 0.7085434 133 469 2002 721.5377197 721.5377197 609.5593262 172.8540039 0.0013859 0.0013859 387.5744019 0.5371506 21.4860229 
48.829380 269.3354492 -21.3201580 157.1735077 0.0340826 0.7065239 -0.0306179 0.7062045 134 472 2005 721.5377197 721.5377197 609.5593262 172.8540039 0.0013859 0.0013859 387.5744019 0.5371506 21.4860229 
49.242780 272.7861023 -21.6204491 157.1678925 0.0385803 0.7076047 -0.0287268 0.7049694 135 476 2010 721.5377197 721.5377197 609.5593262 172.8540039 0.0013859 0.0013859 387.5744019 0.5371506 21.4860229 
49.656580 276.1184082 -21.9391499 157.1641388 0.0409358 0.7053264 -0.0260826 0.7072189 136 480 2003 721.5377197 721.5377197 609.5593262 172.8540039 0.0013859 0.0013859 387.5744019 0.5371506 21.4860229 
50.069330 279.3085022 -22.2285652 157.2157745 0.0367463 0.7011076 -0.0231577 0.7117314 137 484 2004 721.5377197 721.5377197 609.5593262 172.8540039 0.0013859 0.0013859 387.5744019 0.5371506 21.4860229 
50.483680 282.3204041 -22.4804134 157.3254700 0.0338084 0.6956338 -0.0255560 0.7171454 138 488 2011 721.5377197 721.5377197 609.5593262 172.8540039 0.0013859 0.0013859 387.5744019 0.5371506 21.4860229 
50.896200 285.1482849 -22.7166920 157.4602051 0.0316728 0.6901459 -0.0257244 0.7225190 139 492 2007 721.5377197 721.5377197 609.5593262 172.8540039 0.0013859 0.0013859 387.5744019 0.5371506 21.4860229 
51.309660 287.7489319 -22.9367695 157.6267548 0.0315024 0.6852928 -0.0299361 0.7269699 140 496 2006 721.5377197 721.5377197 609.5593262 172.8540039 0.0013859 0.0013859 387.5744019 0.5371506 21.4860229 
51.826760 290.7105408 -23.1948586 157.8695374 0.0299422 0.6797488 -0.0338253 0.7320526 141 501 2007 721.5377197 721.5377197 609.5593262 172.8540039 0.0013859 0.0013859 387.5744019 0.5371506 21.4860229 
52.343730 293.4173584 -23.4378014 158.1248779 0.0294009 0.6742159 -0.0358350 0.7370782 142 506 2009 721.5377197 721.5377197 609.5593262 172.8540039 0.0013859 0.0013859 387.5744019 0.5371506 21.4860229 
52.860930 295.8893127 -23.6603069 158.3886719 0.0310423 0.6709912 -0.0390032 0.7397878 143 511 2003 721.5377197 721.5377197 609.5593262 172.8540039 0.0013859 0.0013859 387.5744019 0.5371506 21.4860229 
53.481550 298.9024963 -23.9350834 158.6966553 0.0329672 0.6735592 -0.0393960 0.7373461 144 517 2000 721.5377197 721.5377197 609.5593262 172.8540039 0.0013859 0.0013859 387.5744019 0.5371506 21.4860229 
53.999020 301.6136475 -24.1967812 158.9183807 0.0404442 0.6773304 -0.0387014 0.7335461 145 522 2007 721.5377197 721.5377197 609.5593262 172.8540039 0.0013859 0.0013859 387.5744019 0.5371506 21.4860229 
54.412740 303.9918518 -24.4322586 159.0980072 0.0413277 0.6805031 -0.0371961 0.7306326 146 526 2006 721.5377197 721.5377197 609.5593262 172.8540039 0.0013859 0.0013859 387.5744019 0.5371506 21.4860229 
54.723200 305.8962097 -24.6165047 159.2112579 0.0441881 0.6820974 -0.0322572 0.7292119 147 529 2007 721.5377197 721.5377197 609.5593262 172.8540039 0.0013859 0.0013859 387.5744019 0.5371506 21.4860229 
54.930030 307.2080383 -24.7451954 159.3092346 0.0432003 0.6836577 -0.0355378 0.7276558 148 531 2005 721.5377197 721.5377197 609.5593262 172.8540039 0.0013859 0.0013859 387.5744019 0.5371506 21.4860229 
55.343740 309.9730835 -25.0259800 159.4890900 0.0417837 0.6861411 -0.0390149 0.7252188 149 535 2008 721.5377197 721.5377197 609.5593262 172.8540039 0.0013859 0.0013859 387.5744019 0.5371506 21.4860229 
55.860740 313.6265564 -25.4231262 159.6751099 0.0496522 0.6884267 -0.0406048 0.7224642 150 540 2010 721.5377197 721.5377197 609.5593262 172.8540039 0.0013859 0.0013859 387.5744019 0.5371506 21.4860229 
56.170950 315.9187927 -25.6866531 159.7760162 0.0503462 0.6899831 -0.0343301 0.7212558 151 543 2006 721.5377197 721.5377197 609.5593262 172.8540039 0.0013859 0.0013859 387.5744019 0.5371506 21.4860229 
56.481050 318.2963562 -25.9448357 159.8846436 0.0519055 0.6904415 -0.0342463 0.7207105 152 546 2009 721.5377197 721.5377197 609.5593262 172.8540039 0.0013859 0.0013859 387.5744019 0.5371506 21.4860229 
56.791050 320.7265930 -26.2109032 159.9928284 0.0512205 0.6893901 -0.0324352 0.7218488 153 549 2006 721.5377197 721.5377197 609.5593262 172.8540039 0.0013859 0.0013859 387.5744019 0.5371506 21.4860229 
56.997680 322.3928223 -26.3916836 160.0832214 0.0501794 0.6883384 -0.0309076 0.7229917 154 551 2009 721.5377197 721.5377197 609.5593262 172.8540039 0.0013859 0.0013859 387.5744019 0.5371506 21.4860229 
57.307630 324.9501038 -26.6594124 160.2285309 0.0508627 0.6862449 -0.0293627 0.7249957 155 554 2006 721.5377197 721.5377197 609.5593262 172.8540039 0.0013859 0.0013859 387.5744019 0.5371506 21.4860229 
57.617510 327.5682983 -26.9312973 160.3907928 0.0516654 0.6832510 -0.0264098 0.7278745 156 557 2006 721.5377197 721.5377197 609.5593262 172.8540039 0.0013859 0.0013859 387.5744019 0.5371506 21.4860229 
57.927360 330.2420654 -27.2114944 160.5731964 0.0530070 0.6797582 -0.0268097 0.7310269 157 560 2008 721.5377197 721.5377197 609.5593262 172.8540039 0.0013859 0.0013859 387.5744019 0.5371506 21.4860229 
58.237240 332.9641418 -27.5001030 160.8057861 0.0512950 0.6770025 -0.0302584 0.7335672 158 563 2004 721.5377197 721.5377197 609.5593262 172.8540039 0.0013859 0.0013859 387.5744019 0.5371506 21.4860229 
58.443830 334.8002930 -27.6938744 160.9671021 0.0499315 0.6757273 -0.0289139 0.7348901 159 565 2009 721.5377197 721.5377197 609.5593262 172.8540039 0.0013859 0.0013859 387.5744019 0.5371506 21.4860229 
58.650440 336.6571960 -27.8899097 161.1207886 0.0494502 0.6748707 -0.0270457 0.7357804 160 567 2004 721.5377197 721.5377197 609.5593262 172.8540039 0.0013859 0.0013859 387.5744019 0.5371506 21.4860229 
58.857110 338.5018616 -28.0768738 161.2810974 0.0505057 0.6743150 -0.0272763 0.7362095 161 569 2009 721.5377197 721.5377197 609.5593262 172.8540039 0.0013859 0.0013859 387.5744019 0.5371506 21.4860229 
59.167110 341.2663269 -28.3674812 161.5348969 0.0470667 0.6739562 -0.0288752 0.7367048 162 572 2008 721.5377197 721.5377197 609.5593262 172.8540039 0.0013859 0.0013859 387.5744019 0.5371506 21.4860229 
59.477160 344.0070190 -28.6560669 161.7897797 0.0470176 0.6737129 -0.0301713 0.7368785 163 575 2008 721.5377197 721.5377197 609.5593262 172.8540039 0.0013859 0.0013859 387.5744019 0.5371506 21.4860229 
59.787170 346.7424011 -28.9339199 162.0408325 0.0468093 0.6733773 -0.0296506 0.7372196 164 578 2006 721.5377197 721.5377197 609.5593262 172.8540039 0.0013859 0.0013859 387.5744019 0.5371506 21.4860229 
60.097040 349.4280396 -29.2223511 162.3050537 0.0492323 0.6730423 -0.0304505 0.7373351 165 581 2008 721.5377197 721.5377197 609.5593262 172.8540039 0.0013859 0.0013859 387.5744019 0.5371506 21.4860229 
60.510030 353.0538330 -29.5957756 162.6303101 0.0548624 0.6698602 -0.0257737 0.7400088 166 585 2009 721.5377197 721.5377197 609.5593262 172.8540039 0.0013859 0.0013859 387.5744019 0.5371506 21.4860229 
60.819920 355.7384338 -29.8921394 162.9102173 0.0584429 0.6662316 -0.0238779 0.7430678 167 588 2004 721.5377197 721.5377197 609.5593262 172.8540039 0.0013859 0.0013859 387.5744019 0.5371506 21.4860229 
61.026630 357.5279846 -30.0896473 163.1163788 0.0597873 0.6636454 -0.0243222 0.7452574 168 590 2008 721.5377197 721.5377197 609.5593262 172.8540039 0.0013859 0.0013859 387.5744019 0.5371506 21.4860229 
61.233200 359.3238831 -30.2927303 163.3398132 0.0559441 0.6606402 -0.0227318 0.7482700 169 592 2008 721.5377197 721.5377197 609.5593262 172.8540039 0.0013859 0.0013859 387.5744019 0.5371506 21.4860229 
61.439830 361.1153564 -30.4824371 163.5852661 0.0537928 0.6569730 -0.0234860 0.7516257 170 594 2008 721.5377197 721.5377197 609.5593262 172.8540039 0.0013859 0.0013859 387.5744019 0.5371506 21.4860229 
61.646430 362.9000244 -30.6712284 163.8510132 0.0527547 0.6524423 -0.0240836 0.7556163 171 596 2005 721.5377197 721.5377197 609.5593262 172.8540039 0.0013859 0.0013859 387.5744019 0.5371506 21.4860229 
61.853030 364.6828613 -30.8587151 164.1396790 0.0523594 0.6464099 -0.0262604 0.7607386 172 598 2007 721.5377197 721.5377197 609.5593262 172.8540039 0.0013859 0.0013859 387.5744019 0.5371506 21.4860229 
62.059540 366.4517822 -31.0476608 164.4602051 0.0519223 0.6390787 -0.0278645 0.7668808 173 600 2005 721.5377197 721.5377197 609.5593262 172.8540039 0.0013859 0.0013859 387.5744019 0.5371506 21.4860229 
62.266190 368.2182007 -31.2380409 164.8162537 0.0510660 0.6316717 -0.0289045 0.7730120 174 602 2005 721.5377197 721.5377197 609.5593262 172.8540039 0.0013859 0.0013859 387.5744019 0.5371506 21.4860229 
62.472790 370.0025330 -31.4298553 165.2042847 0.0501324 0.6247680 -0.0296609 0.7786347 175 604 2006 721.5377197 721.5377197 609.5593262 172.8540039 0.0013859 0.0013859 387.5744019 0.5371506 21.4860229 
62.679430 371.7713928 -31.6294079 165.6337280 0.0490753 0.6196843 -0.0305911 0.7827178 176 606 2004 721.5377197 721.5377197 609.5593262 172.8540039 0.0013859 0.0013859 387.5744019 0.5371506 21.4860229 
62.886160 373.5359497 -31.8233604 166.0740662 0.0487983 0.6157147 -0.0311998 0.7858376 177 608 2007 721.5377197 721.5377197 609.5593262 172.8540039 0.0013859 0.0013859 387.5744019 0.5371506 21.4860229 
63.092920 375.2927246 -32.0125656 166.5290070 0.0484932 0.6120490 -0.0316490 0.7886968 178 610 2004 721.5377197 721.5377197 609.5593262 172.8540039 0.0013859 0.0013859 387.5744019 0.5371506 21.4860229 
63.299560 377.0457458 -32.2141075 167.0117493 0.0485396 0.6085612 -0.0314797 0.7913951 179 612 2006 721.5377197 721.5377197 609.5593262 172.8540039 0.0013859 0.0013859 387.5744019 0.5371506 21.4860229 
63.506200 378.8119812 -32.4081879 167.5056915 0.0469322 0.6049038 -0.0310851 0.7943063 180 614 2007 721.5377197 721.5377197 609.5593262 172.8540039 0.0013859 0.0013859 387.5744019 0.5371506 21.4860229 
63.712840 380.5708618 -32.5998230 168.0138550 0.0454375 0.6012129 -0.0294565 0.7972520 181 616 2007 721.5377197 721.5377197 609.5593262 172.8540039 0.0013859 0.0013859 387.5744019 0.5371506 21.4860229 
63.919450 382.2952271 -32.7888794 168.5401764 0.0444248 0.5976911 -0.0294980 0.7999510 182 618 2006 721.5377197 721.5377197 609.5593262 172.8540039 0.0013859 0.0013859 387.5744019 0.5371506 21.4860229 
64.125870 384.0059204 -32.9743500 169.0777435 0.0455158 0.5937961 -0.0327740 0.8026583 183 620 2004 721.5377197 721.5377197 609.5593262 172.8540039 0.0013859 0.0013859 387.5744019 0.5371506 21.4860229 
64.435680 386.5500793 -33.2545395 169.9018250 0.0403752 0.5897885 -0.0328893 0.8058770 184 623 2005 721.5377197 721.5377197 609.5593262 172.8540039 0.0013859 0.0013859 387.5744019 0.5371506 21.4860229 
64.642350 388.2146606 -33.4340210 170.4652710 0.0401471 0.5886134 -0.0373732 0.8065518 185 625 2006 721.5377197 721.5377197 609.5593262 172.8540039 0.0013859 0.0013859 387.5744019 0.5371506 21.4860229 
64.952280 390.7038574 -33.7072792 171.3021698 0.0380447 0.5879439 -0.0395919 0.8070360 186 628 2004 721.5377197 721.5377197 609.5593262 172.8540039 0.0013859 0.0013859 387.5744019 0.5371506 21.4860229 
65.262120 393.1639404 -33.9684296 172.1190186 0.0339224 0.5881588 -0.0386049 0.8071110 187 631 2006 721.5377197 721.5377197 609.5593262 172.8540039 0.0013859 0.0013859 387.5744019 0.5371506 21.4860229 
65.571960 395.5818176 -34.2096977 172.9082336 0.0355525 0.5888770 -0.0360009 0.8066373 188 634 2007 721.5377197 721.5377197 609.5593262 172.8540039 0.0013859 0.0013859 387.5744019 0.5371506 21.4860229 
65.778660 397.1693420 -34.3729210 173.4282227 0.0363400 0.5891211 -0.0358076 0.8064326 189 636 2007 721.5377197 721.5377197 609.5593262 172.8540039 0.0013859 0.0013859 387.5744019 0.5371506 21.4860229 
66.191750 400.4408264 -34.6981812 174.4859314 0.0391163 0.5895476 -0.0368002 0.8059462 190 640 2006 721.5377197 721.5377197 609.5593262 172.8540039 0.0013859 0.0013859 387.5744019 0.5371506 21.4860229 
66.605040 403.7514648 -35.0482979 175.5605469 0.0421575 0.5893709 -0.0375714 0.8058865 191 644 2006 721.5377197 721.5377197 609.5593262 172.8540039 0.0013859 0.0013859 387.5744019 0.5371506 21.4860229 
66.914810 406.3172302 -35.3173599 176.3948822 0.0415889 0.5891982 -0.0350678 0.8061551 192 647 2003 721.5377197 721.5377197 609.5593262 172.8540039 0.0013859 0.0013859 387.5744019 0.5371506 21.4860229 
67.224700 408.9442444 -35.5889816 177.2352905 0.0453004 0.5881608 -0.0312043 0.8068712 193 650 2007 721.5377197 721.5377197 609.5593262 172.8540039 0.0013859 0.0013859 387.5744019 0.5371506 21.4860229 
67.534610 411.5560608 -35.8709412 178.0827179 0.0464832 0.5870176 -0.0269622 0.8077887 194 653 2006 721.5377197 721.5377197 609.5593262 172.8540039 0.0013859 0.0013859 387.5744019 0.5371506 21.4860229 
67.844550 414.1277771 -36.1301613 178.9491272 0.0423037 0.5865896 -0.0253973 0.8083798 195 656 2005 721.5377197 721.5377197 609.5593262 172.8540039 0.0013859 0.0013859 387.5744019 0.5371506 21.4860229 
68.154890 416.6733093 -36.3877945 179.7977295 0.0450550 0.5856883 -0.0248776 0.8089007 196 659 2009 721.5377197 721.5377197 609.5593262 172.8540039 0.0013859 0.0013859 387.5744019 0.5371506 21.4860229 
68.361010 418.3589172 -36.5639801 180.3608856 0.0437479 0.5854079 -0.0231565 0.8092265 197 661 2002 721.5377197 721.5377197 609.5593262 172.8540039 0.0013859 0.0013859 387.5744019 0.5371506 21.4860229 
68.670920 420.8147888 -36.8162994 181.1851501 0.0431309 0.5858958 -0.0226403 0.8089210 198 664 2009 721.5377197 721.5377197 609.5593262 172.8540039 0.0013859 0.0013859 387.5744019 0.5371506 21.4860229 
69.084250 423.9765930 -37.1288033 182.2137909 0.0430286 0.5876790 -0.0206023 0.8076865 199 668 2005 721.5377197 721.5377197 609.5593262 172.8540039 0.0013859 0.0013859 387.5744019 0.5371506 21.4860229 
69.394410 426.2352600 -37.3640633 182.9509277 0.0477638 0.5891142 -0.0257994 0.8062242 200 671 2009 721.5377197 721.5377197 609.5593262 172.8540039 0.0013859 0.0013859 387.5744019 0.5371506 21.4860229 
69.808000 429.2023315 -37.6781273 183.9061890 0.0441750 0.5912504 -0.0226795 0.8049579 201 675 2002 721.5377197 721.5377197 609.5593262 172.8540039 0.0013859 0.0013859 387.5744019 0.5371506 21.4860229 
70.324290 432.8697205 -38.0514641 185.0543060 0.0480140 0.5916253 -0.0224013 0.8044702 202 680 2011 721.5377197 721.5377197 609.5593262 172.8540039 0.0013859 0.0013859 387.5744019 0.5371506 21.4860229 
70.841960 436.5184937 -38.4350357 186.2010193 0.0487283 0.5910819 -0.0215719 0.8048493 203 685 2006 721.5377197 721.5377197 609.5593262 172.8540039 0.0013859 0.0013859 387.5744019 0.5371506 21.4860229 
71.255370 439.3880005 -38.7309418 187.1263733 0.0467471 0.5884907 -0.0205202 0.8068905 204 689 2006 721.5377197 721.5377197 609.5593262 172.8540039 0.0013859 0.0013859 387.5744019 0.5371506 21.4860229 
71.564460 441.4359741 -38.9402275 187.8127747 0.0463889 0.5861010 -0.0220674 0.8086079 205 692 2006 721.5377197 721.5377197 609.5593262 172.8540039 0.0013859 0.0013859 387.5744019 0.5371506 21.4860229 
71.771950 442.7573853 -39.0807037 188.2612457 0.0445675 0.5851990 -0.0221969 0.8093597 206 694 2007 721.5377197 721.5377197 609.5593262 172.8540039 0.0013859 0.0013859 387.5744019 0.5371506 21.4860229 
71.977870 444.0186462 -39.2119370 188.6956482 0.0441250 0.5843082 -0.0223112 0.8100241 207 696 2007 721.5377197 721.5377197 609.5593262 172.8540039 0.0013859 0.0013859 387.5744019 0.5371506 21.4860229 
72.184720 445.2550964 -39.3405190 189.1132507 0.0444032 0.5832824 -0.0217405 0.8107635 208 698 2006 721.5377197 721.5377197 609.5593262 172.8540039 0.0013859 0.0013859 387.5744019 0.5371506 21.4860229 
72.495110 447.0282593 -39.5215683 189.7254944 0.0446762 0.5818487 -0.0216558 0.8117802 209 701 2007 721.5377197 721.5377197 609.5593262 172.8540039 0.0013859 0.0013859 387.5744019 0.5371506 21.4860229 
72.701420 448.1639404 -39.6371689 190.1194153 0.0444975 0.5809621 -0.0220620 0.8124139 210 703 2006 721.5377197 721.5377197 609.5593262 172.8540039 0.0013859 0.0013859 387.5744019 0.5371506 21.4860229 
72.908190 449.2579956 -39.7507401 190.4989471 0.0437590 0.5802153 -0.0223476 0.8129797 211 705 2005 721.5377197 721.5377197 609.5593262 172.8540039 0.0013859 0.0013859 387.5744019 0.5371506 21.4860229 
73.114920 450.3027039 -39.8584824 190.8688049 0.0422761 0.5796833 -0.0224000 0.8134360 212 707 2005 721.5377197 721.5377197 609.5593262 172.8540039 0.0013859 0.0013859 387.5744019 0.5371506 21.4860229 
73.322240 451.3097534 -39.9555359 191.2181549 0.0432340 0.5790279 -0.0222026 0.8138578 213 709 2003 721.5377197 721.5377197 609.5593262 172.8540039 0.0013859 0.0013859 387.5744019 0.5371506 21.4860229 
73.632800 452.7198181 -40.1042328 191.7228699 0.0454331 0.5780476 -0.0255038 0.8143380 214 712 2010 721.5377197 721.5377197 609.5593262 172.8540039 0.0013859 0.0013859 387.5744019 0.5371506 21.4860229 
73.942010 454.0573730 -40.2395134 192.1879120 0.0463023 0.5776716 -0.0243927 0.8145899 215 715 2007 721.5377197 721.5377197 609.5593262 172.8540039 0.0013859 0.0013859 387.5744019 0.5371506 21.4860229 
74.459100 456.0239563 -40.4546509 192.8823700 0.0438945 0.5802532 -0.0239776 0.8128989 216 720 2009 721.5377197 721.5377197 609.5593262 172.8540039 0.0013859 0.0013859 387.5744019 0.5371506 21.4860229 
75.079510 458.0119019 -40.6649361 193.5765991 0.0419570 0.5829755 -0.0238100 0.8110563 217 726 2006 721.5377197 721.5377197 609.5593262 172.8540039 0.0013859 0.0013859 387.5744019 0.5371506 21.4860229 
75.906260 460.2557678 -40.8855896 194.3352661 0.0421429 0.5832744 -0.0244002 0.8108142 218 734 2008 721.5377197 721.5377197 609.5593262 172.8540039 0.0013859 0.0013859 387.5744019 0.5371506 21.4860229 
76.732320 462.4122620 -41.1001968 195.1762848 0.0425081 0.5600496 -0.0265792 0.8269408 219 742 2006 721.5377197 721.5377197 609.5593262 172.8540039 0.0013859 0.0013859 387.5744019 0.5371506 21.4860229 
77.454530 464.3365479 -41.3121338 196.2256012 0.0430001 0.5010436 -0.0347366 0.8636549 220 749 2011 721.5377197 721.5377197 609.5593262 172.8540039 0.0013859 0.0013859 387.5744019 0.5371506 21.4860229 
78.490350 466.7544861 -41.5993500 197.5368500 0.0459065 0.5405088 -0.0377632 0.8392358 221 759 2006 721.5377197 721.5377197 609.5593262 172.8540039 0.0013859 0.0013859 387.5744019 0.5371506 21.4860229 
79.422000 469.0899048 -41.8782539 198.2411499 0.0467248 0.5985722 -0.0291992 0.7991717 222 768 2006 721.5377197 721.5377197 609.5593262 172.8540039 0.0013859 0.0013859 387.5744019 0.5371506 21.4860229 
80.971640 471.5674133 -42.1673813 199.3023529 0.0456288 0.5203276 -0.0345856 0.8520452 223 783 2003 721.5377197 721.5377197 609.5593262 172.8540039 0.0013859 0.0013859 387.5744019 0.5371506 21.4860229 
