1311875572.417883 0.000000 0.000000 0.000000 0.000000 0.000000 0.000000 1.000000
1311875574.118404 0.092539 -2.444910 1.411135 0.000911 0.009370 -0.362489 0.931940
1311875575.720045 0.091658 -2.478815 1.399503 -0.039440 -0.057357 -0.408032 0.910310
1311875577.218535 0.203025 -2.387776 1.440004 -0.018942 -0.050255 -0.422445 0.904796
1311875578.818569 0.601889 -1.948284 0.999217 -0.080502 -0.083056 -0.361416 0.925202
1311875580.405844 0.929791 -1.699177 0.880557 -0.061120 0.065415 -0.262395 0.960799
1311875582.237976 0.988367 -1.134989 0.809828 -0.046361 0.122051 -0.040245 0.990623
1311875584.124817 1.169161 -0.651224 0.810954 -0.058568 0.002689 0.047093 0.997168
1311875585.941762 1.311945 1.595105 1.564505 -0.025179 0.218570 -0.034453 0.974888
1311875587.794603 1.572779 2.132023 1.462977 -0.008470 0.262396 0.090707 0.960650
1311875589.505769 1.761944 2.563881 1.496648 0.019406 0.139474 0.308602 0.940710
1311875591.141700 1.779148 2.909458 1.437144 -0.010612 0.099925 0.359156 0.927852
1311875592.941562 1.510401 3.098378 1.752829 0.038573 -0.043940 0.136574 0.988903
1311875594.742992 1.807803 3.725459 1.688758 -0.008638 0.089703 -0.184751 0.978645
1311875596.441518 2.014734 4.149406 1.582338 0.019117 0.200160 -0.123907 0.971709
1311875598.175940 2.452962 4.467805 1.460824 0.019959 0.234363 -0.096667 0.967125
1311875599.476965 2.735061 4.755238 1.346305 0.012446 0.291876 -0.206842 0.933740
1311875600.843036 3.013165 5.018150 1.203566 0.047902 0.368492 -0.268290 0.888786
1311875602.445169 3.188552 5.756697 1.134392 0.051606 0.260914 -0.030321 0.963505
1311875603.913473 3.037302 6.245191 1.387868 0.070853 0.116938 0.231063 0.963284
1311875605.249579 3.617235 5.900826 1.043260 0.111430 -0.007619 0.367647 0.923234
1311875606.849740 3.607739 6.689057 0.917595 0.023223 0.026489 0.070766 0.996871
1311875608.450097 4.055405 6.911168 0.806073 0.027468 0.111021 -0.250541 0.961327
1311875610.253383 4.490780 7.175540 0.788879 -0.022740 -0.004584 -0.471501 0.881560
1311875611.641313 4.819191 7.299953 0.820147 -0.048480 -0.110484 -0.555632 0.822628
1311875612.957121 5.251124 7.230712 0.808232 -0.077635 -0.132697 -0.623181 0.766818
1311875614.089855 5.526245 6.968976 0.774940 -0.034253 -0.091470 -0.629339 0.770969
1311875615.656970 5.821291 6.545436 0.654537 0.024298 0.028557 -0.674059 0.737725
1311875617.161498 6.057092 6.302448 0.748011 -0.068591 -0.101436 -0.646623 0.752918
1311875618.709316 6.438698 6.210279 0.895251 -0.035640 -0.079272 -0.430136 0.898570
1311875620.477106 6.861426 6.666571 1.033506 0.010975 0.013917 -0.308948 0.950914
1311875621.598084 6.956357 6.729042 1.289598 0.052049 0.082508 -0.246746 0.964158
1311875622.613101 7.106633 6.890800 1.368509 0.087693 0.123754 -0.232103 0.960793
1311875624.445092 7.484499 7.193069 1.353705 0.074904 0.159125 -0.044929 0.983387
1311875625.476971 7.631264 7.440537 1.331255 0.075304 0.168270 0.021235 0.982631
1311875626.676965 7.720146 7.989335 1.495715 0.023330 0.156599 0.274681 0.948411
1311875628.044988 7.924648 8.235330 1.326673 0.003140 0.079615 0.346644 0.934607
1311875629.777027 8.401343 8.476047 1.222404 0.054542 -0.030485 0.248441 0.966630
1311875630.980915 8.872755 8.612004 1.191219 0.019428 -0.170297 0.130731 0.976489
1311875632.076921 9.436188 9.096663 1.246059 0.013330 -0.162979 -0.219897 0.961720
1311875633.181039 10.458859 9.286093 0.802649 0.018760 -0.198292 -0.479798 0.854472
1311875634.280906 11.566202 9.732804 1.141328 0.099009 -0.076732 -0.709377 0.693609
1311875635.583314 11.677520 9.673526 1.001545 0.181559 0.055618 -0.626720 0.755755
1311875636.913455 11.867654 10.222824 1.295334 0.087827 -0.179657 -0.374403 0.905446
1311875638.315984 11.847394 10.431767 1.610376 0.055261 -0.177210 -0.080445 0.979322
1311875639.685811 12.007970 10.354836 1.394557 0.012631 -0.068750 -0.018834 0.997376
1311875641.288210 12.341461 10.312316 1.415899 0.056186 0.020550 0.391053 0.918422
1311875642.995595 12.856109 9.992701 1.561848 -0.037553 0.031729 0.601478 0.797375
1311875644.492241 13.175700 9.813790 1.830580 0.132545 -0.125626 0.735545 0.652399
1311875645.659152 13.398405 9.818045 1.768000 -0.017734 -0.013551 0.797958 0.602300
1311875647.180697 13.182298 10.144200 1.590128 -0.216215 0.103035 0.853295 0.463166
1311875648.661439 12.748667 10.213834 1.521907 -0.104781 -0.011409 0.906095 0.409734
1311875650.148634 12.184769 10.191769 1.621577 0.048031 -0.138216 0.862545 0.484361
1311875651.680451 11.430485 9.998539 1.774225 0.216853 -0.239609 0.751065 0.575729
1311875653.116485 10.623296 10.111749 1.818095 0.183339 -0.158751 0.755853 0.608170
1311875654.448487 10.042034 10.335881 1.597361 0.056632 -0.090536 0.735684 0.668854
1311875656.016378 9.162495 10.454617 1.270489 -0.051225 0.076939 0.741487 0.664570
1311875657.416543 8.572803 10.412661 1.235501 -0.037133 0.018143 0.835532 0.547886
1311875658.916551 7.748292 9.931631 1.353571 0.020586 -0.052902 0.818428 0.571799
1311875660.416400 7.145507 9.917819 1.201919 0.187904 -0.156867 0.825877 0.507949
1311875661.516337 6.772522 10.013547 1.148538 0.245444 -0.175898 0.809911 0.502853
1311875662.616403 6.130572 10.099640 1.030307 0.130449 -0.074342 0.827787 0.540579
1311875664.316335 5.321883 10.120828 0.710448 -0.085194 0.064165 0.839285 0.533128
1311875665.785302 4.972260 10.239120 0.691812 -0.163963 0.081712 0.865146 0.466864
1311875667.316262 4.737893 10.203360 0.730219 0.007169 -0.001518 0.926897 0.375246
1311875668.852303 4.421021 9.941237 0.679334 0.203235 -0.070870 0.905001 0.366942
1311875670.084785 4.041909 9.795662 0.692863 0.224836 -0.110589 0.888383 0.384702
1311875671.484042 3.607534 10.033751 0.664233 0.085736 -0.056362 0.853134 0.511503
1311875672.754783 3.232878 10.156975 0.594172 -0.028931 0.002287 0.838656 0.543887
1311875674.225113 2.804500 10.275956 0.461080 -0.185940 0.090106 0.791192 0.575607
1311875675.416249 2.434036 10.405566 0.540030 -0.120145 0.058625 0.821676 0.554054
1311875676.920084 2.016941 10.248717 0.589224 0.012682 -0.017187 0.863223 0.504370
1311875678.127941 1.622676 10.101028 0.543973 -0.000509 -0.034290 0.899303 0.435980
1311875679.431346 1.149446 10.167771 0.383611 -0.113197 0.006570 0.874066 0.472390
1311875680.867015 0.665452 10.185601 0.314659 -0.113325 0.048538 0.811962 0.570543
1311875682.133501 0.276631 10.112588 0.400664 0.020785 -0.011869 0.825687 0.563621
1311875683.452009 -0.276192 9.935661 0.730791 0.083272 -0.063430 0.866232 0.488553
1311875685.019948 -0.749346 9.756638 0.762786 0.054883 -0.063338 0.908104 0.410273
1311875686.351961 -1.049565 9.587339 0.553978 -0.122989 0.005114 0.925245 0.358844
1311875687.969513 -1.191599 9.546656 0.448918 -0.256900 0.069076 0.889342 0.371888
1311875689.451895 -1.336140 9.278294 0.569805 -0.066650 -0.056331 0.952979 0.290198
1311875691.051737 -1.170113 9.229810 0.738782 0.075433 -0.085148 0.987376 0.110216
1311875692.651973 -1.335636 8.991547 0.410726 -0.057838 -0.007801 0.987931 -0.143482
1311875693.951852 -1.235380 8.764260 0.340876 -0.168016 -0.036869 0.982200 -0.075463
1311875695.419738 -1.222129 8.745245 0.254744 -0.269239 -0.093860 0.950719 -0.121796
1311875697.055725 -1.072946 8.571071 0.118781 -0.341150 -0.068111 0.935069 -0.067999
1311875698.555730 -0.991237 8.274052 0.155993 -0.268142 -0.084275 0.929549 -0.238616
1311875700.055737 -1.119124 7.914585 0.410458 -0.076309 -0.058117 0.976043 -0.195291
1311875701.355599 -1.558964 7.671093 0.107481 -0.339046 -0.124672 0.895168 -0.261111
1311875702.787752 -1.508175 7.799727 -0.192900 -0.157682 -0.051045 0.963065 -0.212218
1311875704.190757 -1.811492 7.750628 -0.078421 -0.140758 -0.032989 0.979258 0.141962
1311875705.523406 -1.906211 7.325498 -0.120509 -0.183556 -0.005902 0.955996 0.228789
1311875706.989038 -2.244537 6.961301 -0.091174 -0.142535 0.046097 0.942120 0.299948
1311875708.327230 -2.573253 6.625391 -0.118752 -0.178600 0.014754 0.973777 0.140155
1311875709.627204 -2.921035 6.367348 -0.194233 -0.103730 -0.010887 0.895259 0.433165
1311875711.599812 -3.293731 5.878051 -0.252980 -0.115178 0.042436 0.915383 0.383415
1311875713.027699 -3.349847 5.315530 0.066445 0.011139 0.008277 0.999054 -0.041218
1311875714.591410 -3.806289 4.986250 -0.307129 -0.202870 0.012189 0.968065 -0.146785
1311875716.223343 -4.119183 4.387969 -0.452378 -0.368588 -0.041097 0.926053 -0.069851
1311875717.691573 -3.917114 3.994032 -0.389675 -0.110797 -0.030556 0.946280 -0.302234
1311875719.068812 -3.655578 3.569052 -0.301597 0.097877 0.049659 0.959152 -0.260734
1311875720.591308 -3.676990 2.879676 -0.413465 -0.100377 0.017681 0.927721 -0.359090
1311875722.105206 -3.748342 2.402351 -0.514835 -0.186530 -0.032905 0.875329 -0.444886
1311875723.673180 -3.855510 2.202213 -0.600482 -0.008115 -0.069695 -0.857038 0.510454
1311875725.191031 -4.392972 1.795064 -0.877949 -0.058441 -0.128360 -0.673369 0.725729
1311875726.513492 -4.067194 1.593639 -0.667381 -0.101034 -0.152862 -0.740457 0.646644
1311875727.859099 -3.516474 1.230042 -0.642849 0.094284 0.113723 0.921202 -0.359952
1311875729.823112 -3.744946 0.853227 -0.373878 -0.166559 0.040975 0.955566 -0.239736
1311875731.447361 -3.131358 0.279888 -0.341265 0.076778 -0.079817 -0.813270 0.571249
1311875733.827201 -2.493406 0.358661 -0.244539 0.022858 -0.097697 -0.407385 0.907728
1311875735.426905 -1.695547 0.321728 -0.306411 -0.004217 -0.184021 -0.584035 0.790583
1311875736.427068 -1.157007 0.330380 -0.126693 0.068102 -0.070244 -0.514808 0.851705
1311875737.890992 -0.471619 0.616799 -0.010951 0.016894 -0.147528 -0.276647 0.949430
1311875739.726950 -0.130872 1.327165 0.297304 -0.006531 0.046724 -0.006112 0.998868
1311875741.558962 -0.131298 2.338360 0.388269 -0.029329 -0.163844 -0.033000 0.985498
1311875743.058796 0.148865 2.719364 0.316771 -0.037428 -0.001870 -0.250299 0.967443
1311875744.497627 -0.007698 2.664928 0.447901 -0.007760 0.046094 -0.136917 0.989479
