1311878194.338155 0.000000 0.000000 0.000000 0.000000 0.000000 0.000000 1.000000
1311878196.575066 0.032487 -0.034582 -0.006824 0.026598 -0.009674 -0.238647 0.970694
1311878198.974165 0.291705 -0.463270 0.018971 0.063004 -0.011958 -0.557986 0.827369
1311878200.674795 0.289798 -0.972468 -0.074796 0.048163 -0.014727 -0.733935 0.677350
1311878202.274419 0.292756 -1.391975 -0.119717 0.042781 -0.021846 -0.654615 0.754434
1311878204.073949 0.520533 -1.789558 -0.048703 0.024674 -0.009581 -0.349992 0.936378
1311878205.641830 0.868997 -1.966917 0.006320 0.005563 -0.000943 -0.042801 0.999068
1311878207.275129 1.312936 -1.839303 0.053358 -0.022376 0.014887 0.272568 0.961761
1311878208.708205 1.726223 -1.578643 0.072147 -0.026666 0.013771 0.231375 0.972402
1311878210.345979 2.134676 -1.508918 0.082528 -0.007064 0.016223 0.020162 0.999640
1311878211.649595 1.756655 -1.532457 0.074857 -0.028797 0.029363 0.100371 0.994100
1311878213.147946 1.444106 -1.599408 0.058929 -0.019092 0.027328 0.130705 0.990861
1311878214.217341 1.445915 -1.606540 0.055538 -0.012228 0.009902 -0.037168 0.999185
1311878215.752832 1.506311 -1.661360 0.043513 0.018039 -0.021046 -0.332728 0.942616
1311878217.121624 1.805112 -1.941342 0.093913 0.027378 -0.022064 -0.351696 0.935454
1311878218.741617 2.157288 -2.251735 0.156065 0.027644 -0.029931 -0.326252 0.944404
1311878220.019409 2.461739 -2.509810 0.204698 0.035868 -0.026460 -0.335775 0.940887
1311878224.626395 3.665040 -2.932496 0.510680 -0.002827 -0.007400 -0.030232 0.999512
1311878226.695398 3.944672 -2.867646 0.567660 -0.032215 0.007355 0.338181 0.940501
1311878228.999466 4.296829 -2.438627 0.607014 -0.040020 0.029559 0.625549 0.778597
1311878231.404261 4.415715 -2.047274 0.675379 -0.035230 0.029697 0.871237 0.488695
1311878233.439975 4.418122 -1.758856 0.770385 -0.005316 0.064523 0.702643 0.708591
1311878235.236701 4.358797 -1.645863 0.701365 0.003031 0.058760 0.667653 0.742144
1311878237.507699 -0.238123 -2.562919 1.363769 0.024714 0.048863 -0.577320 0.814680
1311878239.878845 4.571997 -1.258979 1.178940 -0.039361 0.016587 0.945988 0.321375
1311878242.647566 4.059665 -1.272884 1.186864 -0.044821 0.001897 0.969376 -0.241450
1311878244.714381 3.863626 -1.810540 1.182313 -0.042653 0.006960 0.925824 -0.375476
1311878247.116040 3.337690 -2.254723 1.157090 -0.048835 0.009822 0.927216 -0.371201
1311878249.855939 2.453798 -2.587567 0.176952 0.036762 0.047341 0.889430 -0.453125
1311878252.156017 2.207358 -2.410064 0.347318 0.024232 0.036614 0.919234 -0.391255
1311878254.724260 1.583177 -2.394077 0.398286 -0.013414 0.078452 0.993964 0.075508
1311878256.763772 0.887640 -2.165694 0.133493 -0.008001 0.049798 0.837825 0.543604
1311878259.567237 0.900490 -1.365666 0.261166 -0.067733 0.055046 0.788368 0.608981
1311878261.531794 0.878881 -0.481069 0.133549 -0.099136 0.028858 0.634109 0.766320
1311878263.703366 1.362489 0.156133 0.002527 -0.112707 -0.002217 0.412652 0.903886
1311878266.139362 1.942760 0.635992 0.037963 -0.048885 0.012718 0.299334 0.952810
1311878268.575059 2.107345 0.921302 0.048416 -0.021561 0.010126 0.495925 0.868039
1311878270.740401 2.937562 -5.002098 1.137466 0.127083 0.012295 -0.689887 0.712569
1311878272.850832 2.349470 2.206250 0.134205 -0.012378 -0.016999 0.516204 0.856208
1311878275.515257 2.736247 3.101540 0.155097 0.009902 -0.015086 0.154174 0.987879
1311878278.118518 1.658819 -6.450693 1.357251 -0.109886 -0.065951 0.974440 -0.184507
1311878280.619512 0.946282 -6.246962 1.255685 -0.066323 -0.134317 0.948999 0.277420
1311878282.954454 3.673559 2.241542 1.084316 0.151139 0.038368 -0.662528 0.732626
1311878285.425175 3.395180 1.518399 1.025715 -0.147514 -0.078650 0.879324 -0.445918
1311878287.561296 3.012673 1.044783 0.780119 -0.130995 -0.046371 0.918627 -0.369885
1311878289.828627 2.621098 0.704768 0.497097 0.103718 0.098584 -0.840495 0.522583
1311878292.131775 2.581041 0.437193 0.463356 0.115789 0.077753 -0.525528 0.839266
1311878294.937458 0.743193 -3.272774 2.266355 -0.138188 -0.084948 0.985596 -0.047831
1311878297.104560 3.599479 0.273459 0.703703 0.127285 0.049888 -0.175814 0.974884
1311878299.438247 4.109790 -0.268928 0.600148 0.129578 0.071154 -0.503066 0.851511
1311878301.676289 4.572396 -0.766200 0.467796 0.089857 0.011161 -0.363326 0.927251
1311878304.074616 4.787361 -1.459484 0.446608 0.127141 0.030270 -0.752159 0.645892
1311878306.610871 4.350222 -2.089008 -0.028078 -0.084130 -0.039815 0.924098 -0.370648
1311878308.948493 -0.162357 0.207530 2.519883 0.070439 -0.148852 -0.021651 0.986110
1311878311.285904 3.199007 -1.946299 -0.477789 -0.049222 -0.005403 0.990085 0.131451
1311878313.590214 2.785356 -2.591189 -0.048090 -0.095245 -0.030178 0.983143 0.153127
1311878316.092204 2.152747 -2.068491 -0.065918 -0.067525 -0.015251 0.796673 0.600433
1311878317.922968 2.189295 -1.684251 -0.063147 -0.051370 -0.018825 0.559060 0.827320
1311878320.330189 2.590418 -1.085230 -0.021979 -0.056883 -0.031210 0.513082 0.855884
1311878323.163445 3.124569 -0.450174 0.118042 -0.039582 -0.015975 0.445026 0.894500
1311878325.201816 3.529859 -0.020234 0.219649 -0.039870 0.014946 0.518340 0.854114
1311878327.467227 3.708706 0.556840 0.282100 -0.048804 0.009702 0.698377 0.713999
1311878329.539667 3.503985 1.093110 0.326927 -0.067991 -0.005566 0.904975 0.419961
1311878331.638586 3.172853 1.378898 0.219214 -0.066077 0.009637 0.996389 0.052447
1311878333.776749 2.742004 1.002059 0.182147 -0.068829 0.006959 0.957049 -0.281552
1311878335.642072 2.317641 0.595316 0.217973 -0.076036 0.009700 0.981685 -0.174412
1311878337.949675 1.672950 0.330258 0.149367 -0.072542 0.015606 0.983828 -0.163021
1311878340.516719 0.745506 0.218358 -0.020677 0.054189 -0.005762 -0.845706 0.530860
1311878342.918654 0.489734 -0.489914 -0.091266 0.040978 -0.007313 -0.703641 0.709335
1311878345.152824 0.738073 -1.086965 -0.053829 0.026294 -0.010474 -0.435012 0.899980
1311878347.524118 1.248534 -1.351728 0.038418 -0.007513 -0.010051 -0.023778 0.999639
1311878349.426834 1.680321 -1.412976 0.073327 -0.002220 -0.005665 -0.141929 0.989858
