1311875572.417883 0.000000 0.000000 0.000000 0.000000 0.000000 0.000000 1.000000
1311875573.450627 0.015107 -0.435591 0.195908 0.020356 -0.053523 -0.462809 0.884607
1311875574.452777 0.008731 -0.605082 0.301126 0.048633 -0.125151 -0.579455 0.803868
1311875575.552084 -0.253403 -0.696286 0.334559 0.038088 -0.136035 -0.558650 0.817284
1311875576.652863 -0.226379 -0.678239 0.344917 0.045241 -0.142195 -0.592940 0.791300
1311875577.750599 -0.151517 -0.635153 0.386040 0.042018 -0.154744 -0.532144 0.831331
1311875578.753649 -0.010611 -0.430932 0.371074 0.007533 -0.141504 -0.488249 0.861123
1311875579.753873 0.417913 -0.350028 0.287877 0.054004 -0.034737 -0.421061 0.904757
1311875580.837992 0.600342 -0.140785 0.283344 0.050813 0.009344 -0.345441 0.937017
1311875582.038113 0.712903 0.229604 0.336633 0.040312 0.029504 -0.184152 0.981628
1311875583.137919 0.853221 0.471620 0.320664 0.034291 -0.054030 -0.094306 0.993484
1311875584.337757 0.995687 0.681488 0.392515 0.003393 -0.077527 -0.044873 0.995974
1311875585.341802 1.115848 1.071304 0.332481 -0.024281 0.043952 0.003690 0.998732
1311875586.441800 1.274975 1.375888 0.305040 -0.043845 0.136499 0.105461 0.984034
1311875587.541795 1.389444 1.683396 0.258057 -0.048776 0.165562 0.151571 0.973261
1311875588.541846 1.382348 2.028432 0.223526 -0.046864 0.101998 0.301853 0.946723
1311875589.573690 1.470730 2.189798 0.280821 -0.018823 0.016829 0.412096 0.910791
1311875590.641813 1.447327 2.452819 0.213806 -0.045626 0.006828 0.486384 0.872526
1311875591.644769 1.542707 2.571804 0.281005 -0.020135 -0.078130 0.400849 0.912585
1311875592.673676 1.447791 2.698570 0.370772 0.025900 -0.180717 0.297505 0.937103
1311875593.841603 1.667697 3.020110 0.484361 0.003372 -0.067455 0.060896 0.995856
1311875594.873680 1.847142 3.263868 0.464850 0.013779 -0.030160 -0.077194 0.996465
1311875595.941610 1.969658 3.549134 0.393657 0.004458 0.053383 -0.041043 0.997720
1311875597.075459 2.109150 3.883321 0.348486 0.008233 0.075457 0.058887 0.995375
1311875598.141703 2.342259 4.113129 0.351070 0.002145 0.099834 0.042766 0.994082
1311875599.173492 2.473311 4.414975 0.323199 0.008299 0.111009 -0.054434 0.992293
1311875600.177475 2.694626 4.615147 0.252840 0.033668 0.234832 -0.140054 0.961304
1311875601.181190 2.813023 4.967434 0.227953 0.029408 0.248094 -0.109635 0.962063
1311875602.278877 2.972476 5.306031 0.216914 0.037117 0.173023 0.113749 0.977623
1311875603.346716 2.942809 5.482800 0.304616 0.042452 0.052471 0.327369 0.942483
1311875604.481979 2.969343 5.700113 0.425290 0.054488 -0.027009 0.488719 0.870319
1311875605.549668 3.178347 5.721795 0.419414 0.098555 -0.111118 0.477625 0.865918
1311875606.579672 3.437414 5.870327 0.435941 0.044246 -0.081686 0.317182 0.943804
1311875607.581927 3.815869 5.889280 0.386286 0.012744 -0.006136 0.152395 0.988218
1311875608.589997 3.985235 6.157887 0.356301 0.037976 -0.000520 -0.062795 0.997304
1311875609.685812 4.190180 6.320537 0.439092 0.030520 -0.080907 -0.188287 0.978300
1311875610.689784 4.331077 6.529230 0.434694 0.046035 -0.112282 -0.328011 0.936847
1311875611.754598 4.589837 6.617495 0.534217 0.047452 -0.204138 -0.383746 0.899341
1311875612.788484 4.932639 6.735830 0.599348 0.021680 -0.221739 -0.464578 0.857047
1311875613.789067 5.259444 6.667295 0.634044 0.045175 -0.190656 -0.468112 0.861674
1311875614.789823 5.539076 6.510902 0.587614 0.087701 -0.095727 -0.512062 0.849081
1311875616.192351 5.877592 6.251367 0.664873 0.041419 -0.096286 -0.523943 0.845280
1311875617.292067 6.121069 6.220402 0.768787 0.008629 -0.181336 -0.501141 0.846109
1311875618.309146 6.303374 6.343826 0.801656 0.002962 -0.191993 -0.349603 0.917010
1311875619.409127 6.511176 6.450811 0.966141 0.034065 -0.124833 -0.205128 0.970144
1311875620.477106 6.673771 6.623835 1.169947 0.022296 -0.064456 -0.146252 0.986893
1311875621.477211 6.926680 6.791648 1.296011 0.022722 -0.010484 -0.133530 0.990729
1311875622.513091 7.036870 6.968252 1.395800 0.056354 0.041955 -0.131077 0.988880
1311875623.513146 7.128748 7.204687 1.399830 0.027839 0.048890 -0.103770 0.993009
1311875624.577133 7.317526 7.532299 1.412057 0.009407 0.101728 0.050578 0.993481
1311875625.613076 7.469333 7.792480 1.390095 0.013435 0.101065 0.107522 0.988961
1311875626.713193 7.538866 8.127662 1.456878 -0.054620 0.096417 0.357949 0.927143
1311875627.776989 7.720255 8.259916 1.324745 -0.082045 0.035736 0.435714 0.895625
1311875628.913289 8.021970 8.570115 1.278132 -0.050124 0.008542 0.326455 0.943844
1311875629.977016 8.342100 8.629608 1.313217 0.003392 -0.091708 0.350876 0.931914
1311875630.980915 8.889009 8.543309 1.300500 -0.028808 -0.224957 0.243439 0.943028
1311875632.013048 9.338893 8.713976 1.286956 -0.027990 -0.235250 -0.082287 0.968041
1311875633.081096 9.330874 8.062235 2.050658 0.010479 -0.180127 -0.253821 0.950273
1311875634.180882 9.678787 8.321074 2.006699 0.051928 -0.099054 -0.485118 0.867267
1311875635.315416 9.778338 8.309027 1.868714 0.091878 0.044866 -0.482266 0.870037
1311875636.412729 9.780334 8.519038 1.945714 0.037856 -0.099544 -0.269363 0.957132
1311875637.416213 9.638729 8.909290 2.151045 0.036199 -0.175777 0.001904 0.983763
1311875638.480840 9.635841 8.934256 2.208869 -0.006334 -0.134565 0.166126 0.976859
1311875639.485327 9.825168 8.995969 1.966186 -0.061996 -0.050517 0.151815 0.985168
1311875640.519166 10.059192 9.050521 1.964803 -0.076376 0.012440 0.380736 0.921440
1311875641.524913 10.487344 8.777193 1.857682 -0.015136 0.085122 0.578136 0.811347
1311875642.624024 10.897537 8.718393 1.924010 -0.059842 0.078820 0.691504 0.715562
1311875643.723101 11.188663 8.772058 2.119200 -0.031996 0.048826 0.798528 0.599121
1311875644.825046 11.594824 8.739513 2.234735 0.113198 -0.052261 0.857528 0.499100
1311875645.926529 11.671330 8.832455 2.130265 -0.077095 0.062729 0.874756 0.474260
1311875647.026224 11.447721 8.988027 1.942566 -0.217267 0.144642 0.898679 0.352491
1311875648.124471 11.104883 9.180965 1.955872 -0.196501 0.123089 0.910889 0.341346
1311875649.230805 10.641232 9.073905 2.093116 -0.084851 0.070629 0.928693 0.354035
1311875650.231216 10.305701 9.104544 2.237038 0.047862 -0.021909 0.885664 0.461333
1311875651.296675 9.841612 9.010805 2.257017 0.159711 -0.110289 0.813128 0.548772
1311875652.448454 9.306084 9.047126 2.277215 0.228763 -0.182387 0.761109 0.578891
1311875653.448631 8.790042 9.027881 2.187407 0.127357 -0.068129 0.784731 0.602774
1311875654.548384 8.341159 9.138029 2.043555 0.014381 0.000813 0.757087 0.653155
1311875655.648580 7.848515 9.203715 1.993867 -0.119888 0.135879 0.758367 0.626134
1311875656.748614 7.332263 9.207353 1.834970 -0.144872 0.126050 0.802204 0.565325
1311875657.848478 6.915411 9.098194 1.843748 -0.102140 0.089632 0.869756 0.474402
1311875658.848615 6.556688 9.016791 2.015907 -0.046001 0.022164 0.855957 0.514519
1311875659.948363 6.264688 9.026428 2.098747 0.116221 -0.049737 0.877993 0.461679
1311875660.948385 6.113854 9.397253 2.117249 0.148663 -0.095792 0.878813 0.443183
1311875662.016310 5.639254 9.308519 1.696285 0.135981 -0.089371 0.859981 0.483689
1311875663.049706 5.349424 9.487426 1.646411 0.025669 -0.027369 0.864415 0.501377
1311875664.116215 4.819998 9.359822 1.410752 -0.137433 0.078743 0.855302 0.493326
1311875665.148278 4.546587 9.468075 1.342859 -0.215107 0.114358 0.846985 0.472513
1311875666.216163 4.309638 9.447983 1.323201 -0.208304 0.104246 0.882546 0.408478
1311875667.251298 4.160923 9.430390 1.376792 -0.078374 0.050754 0.934903 0.342401
1311875668.252166 4.044144 9.486063 1.349836 0.054709 0.012062 0.950152 0.306712
1311875669.252201 3.812634 9.219457 1.284172 0.158404 -0.037554 0.923780 0.346596
1311875670.254210 3.482343 9.165145 1.174922 0.146971 -0.064160 0.915481 0.369022
1311875671.352707 3.132799 9.214950 1.044091 0.040374 -0.022027 0.875021 0.481896
1311875672.355877 2.831242 9.262140 0.929452 -0.052830 0.028482 0.846573 0.528879
1311875673.356415 2.535943 9.334702 0.827237 -0.150691 0.073314 0.830598 0.531060
1311875674.460598 2.228259 9.397117 0.683009 -0.265796 0.132340 0.777712 0.554079
1311875675.561376 1.885656 9.491661 0.745960 -0.180965 0.095692 0.821968 0.531473
1311875676.760573 1.545892 9.412990 0.764513 -0.067904 0.043003 0.859458 0.504848
1311875677.856786 1.202883 9.354037 0.790652 -0.036228 0.033169 0.904491 0.423655
1311875678.862527 0.861389 9.312506 0.620584 -0.125502 0.059506 0.896010 0.421752
1311875679.867466 0.488683 9.368324 0.490260 -0.210678 0.083013 0.854528 0.467445
1311875680.962518 0.139799 9.313498 0.447113 -0.177935 0.101495 0.815990 0.540554
1311875682.167999 -0.213450 9.218703 0.532652 -0.047589 0.049981 0.835778 0.544713
1311875683.184370 -0.563068 9.275151 0.576867 0.045704 -0.048875 0.866613 0.494474
1311875684.384022 -0.959654 9.016680 0.504365 0.055003 -0.065210 0.906942 0.412527
1311875685.484034 -1.206184 8.943384 0.434101 -0.031424 -0.042517 0.923118 0.380865
1311875686.587923 -1.377213 8.787502 0.298713 -0.194689 0.018176 0.932875 0.302506
1311875687.767868 -1.452433 8.779030 0.201674 -0.269500 0.075384 0.898836 0.337314
1311875688.787848 -1.693130 8.661001 0.368929 -0.246011 0.012429 0.933555 0.260382
1311875689.887899 -1.688722 8.530100 0.514361 -0.084486 -0.037731 0.968499 0.231189
1311875690.951801 -1.583046 8.404482 0.523312 0.024586 -0.043605 0.993317 0.103995
1311875691.951832 -1.567562 8.409084 0.402625 -0.028067 0.037300 0.984354 -0.169907
1311875692.987821 -1.550033 8.446610 0.290355 -0.112239 0.023664 0.975493 -0.187764
1311875693.987821 -1.443517 8.292415 0.231043 -0.217492 -0.001977 0.963748 -0.154543
1311875694.987915 -1.427694 8.298952 0.185185 -0.284722 -0.038506 0.924423 -0.250783
1311875696.055771 -1.330996 8.322193 0.148012 -0.367759 -0.038914 0.920189 -0.128418
1311875697.087917 -1.204884 8.200454 0.113585 -0.384613 -0.042061 0.903837 -0.182709
1311875698.187738 -1.095666 8.009665 0.163054 -0.349011 -0.046030 0.872291 -0.339384
1311875699.187747 -1.040111 7.840390 0.299370 -0.167963 0.006052 0.914928 -0.366958
1311875700.319643 -1.236212 7.574640 0.381503 -0.184603 0.006453 0.938789 -0.290783
1311875701.387528 -1.593594 7.422406 0.132266 -0.364408 -0.071602 0.845533 -0.383606
1311875702.387607 -1.862231 7.220469 0.042056 -0.332147 -0.059073 0.838804 -0.427314
1311875703.487629 -2.159815 7.178596 0.079236 -0.212888 -0.049128 0.970040 -0.106245
1311875704.523901 -2.295180 7.061301 0.092791 -0.243035 -0.018737 0.966190 0.084020
1311875705.623394 -2.318631 6.674967 0.028790 -0.272761 -0.024949 0.953833 0.123211
1311875706.623613 -2.479286 6.361462 0.062569 -0.264422 -0.004093 0.944403 0.195362
1311875707.689153 -2.662316 5.989766 0.022155 -0.292851 0.004204 0.953531 0.070706
1311875708.692113 -2.875492 5.835475 -0.056585 -0.244177 -0.004801 0.960991 0.129811
1311875709.723886 -3.059115 5.544766 -0.076666 -0.201423 -0.034746 0.920746 0.332339
1311875710.730048 -3.247163 5.275260 -0.170328 -0.219245 -0.016196 0.894491 0.389301
1311875711.830623 -3.325003 4.856819 -0.198183 -0.211502 0.007526 0.956224 0.202105
1311875712.927524 -3.219585 4.980693 -0.311877 -0.034328 0.027883 0.978431 -0.201787
1311875713.927668 -3.232278 4.663554 -0.570756 -0.155407 0.037731 0.937207 -0.309948
1311875714.935934 -3.268714 4.294880 -0.760240 -0.300391 -0.048439 0.901699 -0.307179
1311875716.034315 -3.393464 3.927529 -0.864798 -0.395966 -0.080207 0.885324 -0.230173
1311875717.133846 -3.229795 3.620329 -0.753222 -0.210592 -0.063583 0.887264 -0.405426
1311875718.136382 -3.030923 3.413754 -0.647056 -0.049784 0.025312 0.889042 -0.454407
1311875719.191363 -2.633957 3.126213 -0.376817 0.043174 0.112368 0.901550 -0.415592
1311875720.236576 -2.335632 2.713314 -0.538679 0.039762 -0.086983 -0.859702 0.501763
1311875721.238850 -2.310453 2.333209 -0.549930 -0.207679 0.009601 0.863539 -0.459432
1311875722.239907 -2.273518 2.049281 -0.501650 0.194883 0.008561 -0.792038 0.578466
1311875723.307928 -2.299763 1.919205 -0.499115 0.061433 -0.063246 -0.814051 0.574062
1311875724.323426 -2.166533 1.655157 -0.256981 0.044559 -0.144720 -0.693786 0.704082
1311875725.523205 -2.867596 1.427176 -0.380371 -0.010314 -0.156679 -0.639415 0.752657
1311875726.623092 -3.882274 0.991408 -0.415488 -0.062113 -0.171889 -0.667340 0.721979
1311875727.623096 -3.795638 0.727734 -0.404372 -0.093799 -0.166060 -0.819733 0.540059
1311875728.759141 -3.989086 0.531212 -0.297409 -0.094441 0.040863 0.936202 -0.336061
1311875729.859140 -3.772212 0.120128 -0.337367 -0.161179 -0.006955 0.923336 -0.348459
1311875730.923229 -3.345989 -0.137403 -0.298929 0.126351 -0.021605 -0.832087 0.539629
1311875731.926988 -3.020458 -0.105412 -0.138254 0.073683 -0.044426 -0.683930 0.724456
1311875732.927045 -2.723327 -0.005557 -0.228871 0.059544 -0.061342 -0.444353 0.891763
1311875733.959072 -2.210134 0.319762 -0.092449 0.043983 -0.068537 -0.316635 0.945045
1311875735.058973 -1.550495 0.493405 -0.064199 0.002325 -0.177262 -0.493430 0.851528
1311875736.059057 -1.001860 0.541895 0.015676 0.065584 -0.063819 -0.549485 0.830477
1311875737.259523 -0.772180 0.639085 0.103125 0.026229 -0.135208 -0.379751 0.914779
1311875738.358916 -0.395762 1.000423 0.120942 0.022078 -0.004302 -0.200299 0.979477
1311875739.358968 -0.122759 1.317050 0.220485 0.009808 0.129618 -0.050271 0.990240
1311875740.460666 -0.066876 1.530210 0.253851 -0.012298 -0.012368 0.076461 0.996920
1311875741.494802 -0.065211 2.037953 0.297673 -0.022149 -0.145990 0.016174 0.988906
1311875742.560292 -0.061079 1.503280 0.393119 -0.052733 -0.064564 -0.096292 0.991856
1311875743.662744 0.148237 1.783482 0.026345 -0.032116 0.061058 -0.112184 0.991290
1311875744.664846 -0.080694 1.644300 0.270465 -0.028722 0.043574 -0.004283 0.998628
