1341847980.954676 0.000000 0.000000 0.000000 0.000000 0.000000 0.000000 1.000000
1341847982.162746 -0.030344 0.164302 -0.010128 0.004412 -0.001648 -0.013563 0.999897
1341847983.166667 -0.006113 0.370405 0.000597 0.020253 0.004899 -0.058493 0.998070
1341847982.162746 -0.030344 0.164302 -0.010128 0.004412 -0.001648 -0.013563 0.999897
1341847983.166667 -0.006113 0.370405 0.000597 0.020253 0.004899 -0.058493 0.998070
1341847984.174870 -0.014697 0.753010 -0.002871 0.013406 0.018287 -0.099274 0.994802
1341847985.246755 0.309255 1.006513 0.069436 0.057699 0.009901 -0.115343 0.991599
1341847986.250603 0.651963 1.151766 0.264011 0.092603 -0.005790 -0.199769 0.975440
1341847987.259272 1.008651 1.189801 0.426271 0.142454 0.017631 -0.273554 0.951086
1341847988.369734 1.369819 1.312431 0.460908 0.174239 -0.023784 -0.351659 0.919462
1341847989.534720 1.487456 1.555377 0.557718 0.181413 -0.008461 -0.372219 0.910204
1341847990.574721 1.536777 1.873415 0.637040 0.192625 -0.009780 -0.393120 0.899031
1341847991.578924 1.668671 2.073574 0.726427 0.244589 -0.012130 -0.438175 0.864888
1341847992.686855 1.866234 2.246725 0.881573 0.282803 -0.012042 -0.525120 0.802575
1341847993.727881 2.131757 2.348242 1.015888 0.315050 -0.000793 -0.568075 0.760285
1341847994.898740 2.442311 2.397383 1.225178 0.341753 0.009327 -0.620664 0.705616
1341847996.002725 2.680953 2.388245 1.339662 0.376304 0.007453 -0.667807 0.642163
1341847997.010766 2.861345 2.407551 1.424288 0.395004 0.003998 -0.714450 0.577509
1341847998.014891 3.135116 2.333955 1.590008 0.386168 -0.005684 -0.751406 0.535006
1341847999.018827 3.461943 2.232979 1.734078 0.397875 0.020070 -0.739806 0.542199
1341848000.267040 3.653806 1.972946 1.780952 -0.457361 0.000107 0.800609 -0.387099
1341848001.399293 3.685600 1.632493 1.763803 -0.465793 -0.002986 0.840482 -0.276799
1341848002.438797 3.603014 1.350625 1.693661 -0.478407 -0.019078 0.868310 -0.129616
1341848003.753810 3.601365 1.051489 1.577726 -0.464976 -0.052459 0.862054 -0.194701
1341848004.825792 3.533572 0.833206 1.426753 -0.474584 -0.082440 0.809292 -0.336184
1341848005.861711 3.580074 0.742816 1.411958 -0.460884 -0.088654 0.765550 -0.440068
1341848006.969722 3.680420 0.634996 1.464264 -0.423314 -0.051102 0.756352 -0.496110
1341848008.138821 3.864503 0.499093 1.606274 -0.463837 -0.020846 0.802746 -0.374192
1341848009.142810 3.984210 0.317044 1.688487 -0.493317 -0.016688 0.830038 -0.259607
1341848010.146785 4.007888 0.093549 1.635701 -0.509620 -0.023592 0.839627 -0.186432
1341848011.422732 3.791121 -0.024315 1.548435 -0.529123 -0.012169 0.844974 -0.076814
1341848012.426870 3.646842 -0.036538 1.420020 -0.556799 -0.032231 0.829470 -0.030255
