1341847980.954676 0.000000 0.000000 0.000000 0.000000 0.707107 -0.707107 -0.000000
1341847982.162746 0.164302 0.030344 -0.010128 -0.012711 -0.705868 0.708199 0.006471
1341847983.166667 0.370405 0.006113 0.000597 0.055681 0.709207 -0.702278 -0.027040
1341847982.162746 0.164302 0.030344 -0.010128 -0.012711 -0.705869 0.708199 0.006471
1341847983.166667 0.370405 0.006113 0.000597 0.055681 0.709207 -0.702278 -0.027040
1341847984.174870 0.753010 0.014697 -0.002871 0.079677 0.716362 -0.690500 -0.060718
1341847985.246755 1.006513 -0.309255 0.069436 0.122359 0.708168 -0.694165 -0.040761
1341847986.250603 1.151766 -0.651963 0.264011 -0.206738 -0.685646 0.693835 0.075778
1341847987.259272 1.189801 -1.008651 0.426271 0.294162 0.684987 -0.660052 -0.092702
1341847988.369734 1.312431 -1.369819 0.460908 -0.371867 -0.633340 0.666976 0.125455
1341847989.534720 1.555377 -1.487456 0.557718 -0.391477 -0.637629 0.649594 0.134920
1341847990.574721 1.873415 -1.536777 0.637040 -0.414185 -0.628795 0.642626 0.141771
1341847991.578924 2.073574 -1.668671 0.726427 -0.482787 -0.602991 0.620146 0.136886
1341847992.686855 2.246725 -1.866234 0.881573 -0.571288 -0.558991 0.576021 0.171344
1341847993.727881 2.348242 -2.131757 1.015888 0.624464 0.537042 -0.538164 -0.178916
1341847994.898740 2.397383 -2.442311 1.225178 0.680532 0.505541 -0.492351 -0.197220
1341847996.002725 2.388245 -2.680953 1.339662 0.738298 0.459348 -0.448808 -0.206123
1341847997.010766 2.407551 -2.861345 1.424288 0.784503 0.411188 -0.405533 -0.225882
1341847998.014891 2.333955 -3.135116 1.590008 0.804386 0.374288 -0.382325 -0.258262
1341847999.018827 2.232979 -3.461943 1.734078 0.804462 0.397584 -0.369202 -0.241782
1341848000.267040 1.972946 -3.653806 1.780952 0.889519 0.273645 -0.273796 -0.242713
1341848001.399293 1.632493 -3.685600 1.763803 0.923676 0.197838 -0.193615 -0.264946
1341848002.438797 1.350625 -3.603014 1.693661 0.952273 0.105143 -0.078162 -0.275703
1341848003.753810 1.051489 -3.601365 1.577726 0.938352 0.174769 -0.100580 -0.280777
1341848004.825792 0.833206 -3.533572 1.426753 0.907838 0.296012 -0.179424 -0.236674
1341848005.861711 0.742816 -3.580074 1.411958 0.867220 0.373863 -0.248487 -0.215431
1341848006.969722 0.634996 -3.680420 1.464264 0.834150 0.386937 -0.314668 -0.235493
1341848008.138821 0.499093 -3.864503 1.606274 0.895609 0.279335 -0.249853 -0.239645
1341848009.142810 0.317044 -3.984210 1.688487 0.935754 0.195371 -0.171770 -0.238098
1341848010.146785 0.093549 -4.007888 1.635701 0.954062 0.148509 -0.115146 -0.233350
1341848011.422732 -0.024315 -3.791121 1.548435 0.971633 0.062921 -0.045711 -0.223341
1341848012.426870 -0.036538 -3.646842 1.420020 0.980240 0.044185 0.001397 -0.192808
