1311875572.417883 0.000000 0.000000 0.000000 0.000000 0.000000 0.000000 1.000000
1311875573.450627 0.015107 -0.435591 0.195908 0.020356 -0.053523 -0.462809 0.884607
1311875574.452777 0.008731 -0.605082 0.301126 0.048633 -0.125151 -0.579455 0.803868
1311875575.552084 -0.253403 -0.696286 0.334559 0.038088 -0.136035 -0.558650 0.817284
1311875576.652863 -0.226379 -0.678238 0.344917 0.045241 -0.142195 -0.592940 0.791300
1311875577.750599 -0.151517 -0.635153 0.386040 0.042018 -0.154744 -0.532144 0.831331
1311875578.753649 -0.010611 -0.430932 0.371073 0.007533 -0.141504 -0.488249 0.861123
1311875579.753873 0.417913 -0.350028 0.287877 0.054004 -0.034737 -0.421061 0.904757
1311875580.837992 0.600342 -0.140785 0.283344 0.050813 0.009344 -0.345441 0.937017
1311875582.038113 0.712903 0.229604 0.336633 0.040312 0.029504 -0.184152 0.981628
1311875583.137919 0.853221 0.471620 0.320664 0.034291 -0.054030 -0.094306 0.993484
1311875584.337757 0.995687 0.681488 0.392515 0.003393 -0.077527 -0.044872 0.995974
1311875585.341802 1.115848 1.071304 0.332481 -0.024280 0.043952 0.003690 0.998732
1311875586.441800 1.274975 1.375888 0.305040 -0.043845 0.136499 0.105461 0.984034
1311875587.541795 1.389444 1.683396 0.258057 -0.048776 0.165562 0.151571 0.973261
1311875588.541846 1.382347 2.028432 0.223526 -0.046864 0.101998 0.301854 0.946723
1311875589.573690 1.470729 2.189798 0.280821 -0.018823 0.016829 0.412096 0.910791
1311875590.641813 1.447327 2.452819 0.213807 -0.045626 0.006828 0.486384 0.872526
1311875591.644769 1.542707 2.571804 0.281006 -0.020135 -0.078131 0.400849 0.912585
1311875592.673676 1.447791 2.698570 0.370772 0.025900 -0.180717 0.297505 0.937102
1311875593.841603 1.667696 3.020110 0.484361 0.003372 -0.067455 0.060896 0.995856
1311875594.873680 1.847141 3.263868 0.464851 0.013779 -0.030160 -0.077194 0.996465
1311875595.941610 1.969657 3.549135 0.393658 0.004458 0.053383 -0.041043 0.997720
1311875597.075459 2.109149 3.883321 0.348487 0.008233 0.075457 0.058887 0.995375
1311875598.141703 2.342258 4.113129 0.351071 0.002145 0.099834 0.042766 0.994082
1311875599.173492 2.473310 4.414976 0.323199 0.008299 0.111009 -0.054434 0.992293
1311875600.177475 2.694624 4.615147 0.252841 0.033668 0.234832 -0.140054 0.961304
1311875601.181190 2.813022 4.967435 0.227954 0.029408 0.248094 -0.109634 0.962063
1311875602.278877 2.972474 5.306032 0.216915 0.037117 0.173023 0.113749 0.977623
1311875603.346716 2.942807 5.482801 0.304617 0.042452 0.052471 0.327370 0.942483
1311875604.481979 2.969342 5.700114 0.425291 0.054488 -0.027009 0.488719 0.870319
1311875605.549668 3.178345 5.721796 0.419415 0.098555 -0.111119 0.477625 0.865918
1311875606.579672 3.437412 5.870328 0.435942 0.044246 -0.081686 0.317182 0.943804
1311875607.581927 3.815867 5.889281 0.386287 0.012745 -0.006136 0.152396 0.988218
1311875608.589997 3.985234 6.157888 0.356302 0.037976 -0.000520 -0.062794 0.997304
1311875609.685812 4.190178 6.320538 0.439093 0.030520 -0.080907 -0.188287 0.978300
1311875610.689784 4.331075 6.529231 0.434696 0.046035 -0.112282 -0.328011 0.936847
1311875611.754598 4.589835 6.617496 0.534219 0.047452 -0.204138 -0.383746 0.899341
1311875612.788484 4.932637 6.735831 0.599350 0.021680 -0.221740 -0.464577 0.857047
1311875613.789067 5.259441 6.667296 0.634045 0.045175 -0.190656 -0.468111 0.861674
1311875614.789823 5.539074 6.510904 0.587616 0.087701 -0.095727 -0.512061 0.849081
1311875616.192351 5.877590 6.251369 0.664875 0.041419 -0.096286 -0.523943 0.845280
1311875617.292067 6.121068 6.220404 0.768789 0.008629 -0.181336 -0.501141 0.846109
1311875618.309146 6.303372 6.343828 0.801658 0.002963 -0.191993 -0.349603 0.917010
1311875619.409127 6.511173 6.450813 0.966143 0.034066 -0.124834 -0.205128 0.970144
1311875620.477106 6.673769 6.623837 1.169949 0.022296 -0.064456 -0.146252 0.986893
1311875621.477211 6.926678 6.791651 1.296013 0.022722 -0.010484 -0.133530 0.990729
1311875622.513091 7.036867 6.968255 1.395802 0.056354 0.041955 -0.131077 0.988880
1311875623.513146 7.128746 7.204690 1.399832 0.027839 0.048890 -0.103770 0.993009
1311875624.577133 7.317523 7.532301 1.412059 0.009407 0.101728 0.050578 0.993481
1311875625.613076 7.469330 7.792483 1.390097 0.013435 0.101065 0.107523 0.988961
1311875626.713193 7.538863 8.127664 1.456880 -0.054620 0.096417 0.357949 0.927142
1311875627.776989 7.720252 8.259919 1.324747 -0.082045 0.035735 0.435715 0.895625
1311875628.913289 8.021967 8.570118 1.278135 -0.050124 0.008542 0.326455 0.943844
1311875629.977016 8.342097 8.629611 1.313220 0.003392 -0.091708 0.350876 0.931914
1311875630.980915 8.889006 8.543312 1.300503 -0.028808 -0.224957 0.243439 0.943028
1311875632.013048 9.338889 8.713980 1.286959 -0.027990 -0.235250 -0.082287 0.968041
1311875633.081096 9.330871 8.062239 2.050660 0.010479 -0.180127 -0.253821 0.950273
1311875634.180882 9.678783 8.321077 2.006702 0.051929 -0.099054 -0.485118 0.867267
1311875635.315416 9.778335 8.309031 1.868717 0.091878 0.044866 -0.482266 0.870037
1311875636.412729 9.780332 8.519042 1.945717 0.037857 -0.099544 -0.269363 0.957132
1311875637.416213 9.638725 8.909293 2.151048 0.036199 -0.175777 0.001904 0.983763
1311875638.480840 9.635838 8.934259 2.208872 -0.006334 -0.134565 0.166127 0.976859
1311875639.485327 9.825164 8.995973 1.966189 -0.061996 -0.050517 0.151815 0.985168
1311875640.519166 10.059188 9.050525 1.964806 -0.076375 0.012440 0.380736 0.921440
1311875641.524913 10.487340 8.777197 1.857685 -0.015136 0.085122 0.578137 0.811347
1311875642.624024 10.897533 8.718398 1.924013 -0.059842 0.078820 0.691504 0.715562
1311875643.723101 11.188660 8.772062 2.119203 -0.031996 0.048826 0.798528 0.599121
1311875644.825046 11.594820 8.739518 2.234739 0.113198 -0.052261 0.857528 0.499100
1311875645.926529 11.671327 8.832459 2.130269 -0.077096 0.062729 0.874757 0.474260
1311875647.026224 11.447717 8.988031 1.942569 -0.217267 0.144642 0.898679 0.352491
1311875648.124471 11.104879 9.180970 1.955875 -0.196502 0.123089 0.910889 0.341346
1311875649.230805 10.641228 9.073910 2.093119 -0.084851 0.070629 0.928693 0.354035
1311875650.231216 10.305697 9.104548 2.237041 0.047862 -0.021909 0.885664 0.461333
1311875651.296675 9.841608 9.010809 2.257020 0.159711 -0.110289 0.813129 0.548771
1311875652.448454 9.306080 9.047130 2.277218 0.228763 -0.182387 0.761110 0.578890
1311875653.448631 8.790038 9.027884 2.187411 0.127357 -0.068130 0.784731 0.602774
1311875654.548384 8.341155 9.138032 2.043558 0.014381 0.000813 0.757088 0.653155
1311875655.648580 7.848512 9.203719 1.993870 -0.119888 0.135879 0.758367 0.626134
1311875656.748614 7.332259 9.207355 1.834973 -0.144872 0.126049 0.802204 0.565325
1311875657.848478 6.915408 9.098197 1.843751 -0.102140 0.089632 0.869756 0.474402
1311875658.848615 6.556684 9.016794 2.015910 -0.046001 0.022164 0.855958 0.514518
1311875659.948363 6.264685 9.026430 2.098750 0.116221 -0.049737 0.877993 0.461678
1311875660.948385 6.113851 9.397256 2.117252 0.148663 -0.095792 0.878813 0.443183
1311875662.016310 5.639251 9.308522 1.696288 0.135981 -0.089371 0.859981 0.483689
1311875663.049706 5.349421 9.487429 1.646414 0.025669 -0.027369 0.864415 0.501377
1311875664.116215 4.819995 9.359825 1.410755 -0.137433 0.078743 0.855302 0.493325
1311875665.148278 4.546584 9.468077 1.342862 -0.215107 0.114358 0.846985 0.472513
1311875666.216163 4.309635 9.447985 1.323204 -0.208304 0.104245 0.882546 0.408478
1311875667.251298 4.160920 9.430392 1.376795 -0.078374 0.050754 0.934903 0.342401
1311875668.252166 4.044140 9.486065 1.349838 0.054709 0.012062 0.950152 0.306712
1311875669.252201 3.812631 9.219459 1.284175 0.158404 -0.037555 0.923780 0.346596
1311875670.254210 3.482340 9.165147 1.174924 0.146971 -0.064160 0.915481 0.369022
1311875671.352707 3.132796 9.214952 1.044094 0.040374 -0.022027 0.875021 0.481896
1311875672.355877 2.831239 9.262141 0.929455 -0.052830 0.028481 0.846573 0.528879
1311875673.356415 2.535940 9.334704 0.827240 -0.150691 0.073314 0.830599 0.531059
1311875674.460598 2.228256 9.397118 0.683012 -0.265796 0.132339 0.777712 0.554078
1311875675.561376 1.885653 9.491662 0.745962 -0.180965 0.095692 0.821968 0.531472
1311875676.760573 1.545889 9.412991 0.764515 -0.067904 0.043003 0.859458 0.504848
1311875677.856786 1.202880 9.354038 0.790654 -0.036228 0.033169 0.904491 0.423655
1311875678.862527 0.861386 9.312507 0.620587 -0.125502 0.059506 0.896010 0.421752
1311875679.867466 0.488680 9.368325 0.490262 -0.210678 0.083013 0.854528 0.467445
1311875680.962518 0.139796 9.313499 0.447116 -0.177935 0.101495 0.815990 0.540554
1311875682.167999 -0.213453 9.218704 0.532654 -0.047589 0.049981 0.835778 0.544712
1311875683.184370 -0.563071 9.275151 0.576870 0.045704 -0.048875 0.866613 0.494474
1311875684.384022 -0.959657 9.016680 0.504368 0.055003 -0.065210 0.906942 0.412527
1311875685.484034 -1.206186 8.943384 0.434104 -0.031424 -0.042517 0.923118 0.380865
1311875686.587923 -1.377216 8.787502 0.298715 -0.194689 0.018176 0.932875 0.302506
1311875687.767868 -1.452435 8.779031 0.201677 -0.269500 0.075384 0.898836 0.337314
1311875688.787848 -1.693133 8.661001 0.368931 -0.246010 0.012429 0.933555 0.260382
1311875689.887899 -1.688724 8.530100 0.514364 -0.084486 -0.037731 0.968499 0.231189
1311875690.951801 -1.583048 8.404482 0.523315 0.024586 -0.043605 0.993317 0.103995
1311875691.951832 -1.567565 8.409084 0.402628 -0.028067 0.037299 0.984354 -0.169907
1311875692.987821 -1.550035 8.446610 0.290357 -0.112239 0.023663 0.975493 -0.187764
1311875693.987821 -1.443520 8.292415 0.231045 -0.217492 -0.001977 0.963748 -0.154543
1311875694.987915 -1.427696 8.298952 0.185188 -0.284722 -0.038506 0.924423 -0.250783
1311875696.055771 -1.330999 8.322193 0.148014 -0.367759 -0.038915 0.920189 -0.128418
1311875697.087917 -1.204886 8.200455 0.113587 -0.384613 -0.042062 0.903837 -0.182709
1311875698.187738 -1.095669 8.009665 0.163056 -0.349011 -0.046031 0.872290 -0.339384
1311875699.187747 -1.040113 7.840391 0.299372 -0.167963 0.006052 0.914928 -0.366958
1311875700.319643 -1.236214 7.574640 0.381506 -0.184603 0.006453 0.938789 -0.290783
1311875701.387528 -1.593596 7.422406 0.132268 -0.364408 -0.071602 0.845533 -0.383606
1311875702.387607 -1.862233 7.220469 0.042058 -0.332147 -0.059073 0.838804 -0.427314
1311875703.487629 -2.159818 7.178596 0.079238 -0.212888 -0.049128 0.970040 -0.106245
1311875704.523901 -2.295182 7.061301 0.092794 -0.243035 -0.018737 0.966190 0.084020
1311875705.623394 -2.318634 6.674967 0.028792 -0.272761 -0.024949 0.953833 0.123211
1311875706.623613 -2.479289 6.361462 0.062571 -0.264422 -0.004093 0.944403 0.195362
1311875707.689153 -2.662318 5.989766 0.022157 -0.292850 0.004204 0.953531 0.070706
1311875708.692113 -2.875494 5.835475 -0.056583 -0.244177 -0.004801 0.960991 0.129811
1311875709.723886 -3.059117 5.544766 -0.076664 -0.201423 -0.034746 0.920746 0.332339
1311875710.730048 -3.247164 5.275260 -0.170326 -0.219245 -0.016196 0.894491 0.389301
1311875711.830623 -3.325005 4.856819 -0.198181 -0.211502 0.007526 0.956224 0.202105
1311875712.927524 -3.219587 4.980693 -0.311875 -0.034328 0.027883 0.978431 -0.201787
1311875713.927668 -3.232279 4.663554 -0.570754 -0.155407 0.037731 0.937207 -0.309948
1311875714.935934 -3.268715 4.294880 -0.760239 -0.300391 -0.048440 0.901699 -0.307179
1311875716.034315 -3.393466 3.927529 -0.864796 -0.395966 -0.080207 0.885324 -0.230173
1311875717.133846 -3.229796 3.620329 -0.753221 -0.210592 -0.063583 0.887264 -0.405426
1311875718.136382 -3.030925 3.413754 -0.647055 -0.049784 0.025312 0.889042 -0.454407
1311875719.191363 -2.633958 3.126213 -0.376816 0.043174 0.112368 0.901550 -0.415592
1311875720.236576 -2.335633 2.713314 -0.538678 0.039762 -0.086983 -0.859702 0.501763
1311875721.238850 -2.310454 2.333209 -0.549929 -0.207679 0.009601 0.863539 -0.459432
1311875722.239907 -2.273519 2.049281 -0.501650 0.194883 0.008561 -0.792038 0.578467
1311875723.307928 -2.299763 1.919205 -0.499114 0.061433 -0.063246 -0.814051 0.574062
1311875724.323426 -2.166534 1.655158 -0.256981 0.044559 -0.144720 -0.693786 0.704082
1311875725.523205 -2.867596 1.427176 -0.380370 -0.010314 -0.156679 -0.639415 0.752658
1311875726.623092 -3.882274 0.991408 -0.415488 -0.062113 -0.171889 -0.667340 0.721979
1311875727.623096 -3.795638 0.727734 -0.404372 -0.093799 -0.166060 -0.819734 0.540058
1311875728.759141 -3.989086 0.531212 -0.297409 -0.094441 0.040863 0.936202 -0.336061
1311875729.859140 -3.772212 0.120129 -0.337367 -0.161179 -0.006955 0.923336 -0.348459
1311875730.923229 -3.345989 -0.137402 -0.298929 0.126351 -0.021605 -0.832087 0.539629
1311875731.926988 -3.020458 -0.105411 -0.138253 0.073683 -0.044426 -0.683930 0.724456
1311875732.927045 -2.723327 -0.005557 -0.228870 0.059544 -0.061342 -0.444353 0.891763
1311875733.959072 -2.210134 0.319762 -0.092449 0.043983 -0.068537 -0.316635 0.945045
1311875735.058973 -1.550495 0.493405 -0.064199 0.002325 -0.177262 -0.493430 0.851528
1311875736.059057 -1.001860 0.541895 0.015676 0.065584 -0.063819 -0.549485 0.830477
1311875737.259523 -0.772180 0.639085 0.103125 0.026229 -0.135208 -0.379751 0.914779
1311875738.358916 -0.395762 1.000423 0.120942 0.022078 -0.004302 -0.200299 0.979477
1311875739.358968 -0.122759 1.317050 0.220484 0.009808 0.129618 -0.050271 0.990240
1311875740.460666 -0.066876 1.530210 0.253851 -0.012298 -0.012368 0.076461 0.996920
1311875741.494802 -0.065210 2.037953 0.297673 -0.022149 -0.145990 0.016174 0.988906
1311875742.560292 -0.061078 1.503280 0.393119 -0.052733 -0.064564 -0.096293 0.991856
1311875743.662744 0.148238 1.783481 0.026345 -0.032116 0.061058 -0.112184 0.991290
1311875744.664846 -0.080693 1.644300 0.270465 -0.028722 0.043574 -0.004283 0.998628
1311878194.774175 -1.079020 0.294525 -2.101465 0.026658 -0.039076 -0.425855 0.903554
1311878196.774138 -1.053512 0.436060 -2.129281 0.058385 -0.055333 -0.644701 0.760190
1311878198.574543 -1.139357 0.099190 -2.117545 0.088892 -0.057240 -0.820728 0.561452
1311878199.674155 -1.317367 -0.174979 -2.125862 -0.104721 0.053540 0.895531 -0.429174
1311878200.974314 -1.476571 -0.442014 -2.070666 -0.136188 0.055515 0.953645 -0.262551
1311878202.074246 -1.711313 -0.601150 -2.101094 -0.139480 0.064672 0.920892 -0.358218
1311878203.374071 -1.925700 -0.909173 -2.178402 0.109980 -0.074656 -0.805532 0.577451
1311878204.474041 -1.962290 -1.186633 -2.141291 0.087490 -0.082163 -0.670135 0.732471
1311878205.773951 -1.864412 -1.499537 -2.082455 0.050136 -0.092747 -0.475930 0.873141
1311878207.275129 -1.575841 -1.775589 -1.959014 0.001319 -0.079945 -0.215861 0.973145
1311878208.306923 -1.297684 -1.846436 -1.889650 0.008665 -0.084844 -0.175858 0.980714
1311878209.342631 -1.042288 -2.037186 -1.808451 0.041427 -0.088390 -0.371522 0.923278
1311878210.345979 -0.936786 -2.193272 -1.783322 0.055320 -0.091484 -0.453660 0.884739
1311878211.510543 -1.134993 -1.913999 -1.838549 0.033544 -0.085497 -0.385296 0.918211
1311878212.510709 -1.317594 -1.700678 -1.904511 0.022318 -0.082443 -0.359726 0.929141
1311878213.848346 -1.362085 -1.661362 -1.925656 0.027300 -0.075622 -0.431849 0.898355
1311878215.114451 -1.364083 -1.706999 -1.919772 0.063259 -0.076397 -0.638552 0.763160
1311878216.118554 -1.389350 -1.863691 -1.916841 0.086855 -0.084598 -0.760178 0.638302
1311878217.220540 -1.444468 -2.181794 -1.887059 0.083762 -0.083343 -0.725905 0.677569
1311878218.619912 -1.476808 -2.583375 -1.852555 0.078680 -0.086497 -0.709756 0.694676
1311878219.819070 -1.503982 -2.951515 -1.817185 0.083492 -0.083995 -0.710571 0.693587
1311878221.518768 -1.531826 -3.244706 -1.789216 0.084417 -0.081935 -0.712849 0.691380
1311878223.424202 -1.557275 -3.340676 -1.663336 0.090464 -0.082029 -0.715227 0.688141
1311878224.560247 -1.457460 -3.850027 -1.376396 0.047300 -0.063412 -0.464310 0.882132
1311878225.627714 -1.167884 1.488838 -1.358753 -0.093780 -0.030214 0.985131 0.140743
1311878226.796103 -1.256897 -3.987687 -1.190855 -0.012250 -0.058730 -0.086966 0.994403
1311878227.964379 -0.889432 -4.047026 -1.125401 -0.026483 -0.047382 0.056833 0.996907
1311878229.067974 -2.093394 1.121531 -1.299158 -0.093764 0.007671 0.920260 -0.379829
1311878230.095943 -0.450232 -3.786854 -0.957765 -0.074894 -0.042361 0.377219 0.922118
1311878231.236585 -0.310401 -3.652307 -0.925107 -0.096587 -0.034477 0.521307 0.847184
1311878234.504120 0.153700 -3.258407 -0.858849 -0.033986 -0.053757 0.220502 0.973311
1311878235.568288 -2.670088 0.060183 -1.369262 -0.108325 0.003813 0.925716 -0.362356
1311878236.672867 0.353838 -3.212487 -0.733629 -0.044213 -0.067084 0.231671 0.969471
1311878237.675006 0.553611 -3.110957 -0.668057 -0.059233 -0.055362 0.346955 0.934371
1311878238.812497 0.722625 -2.982397 -0.601508 -0.088808 -0.048708 0.537031 0.837460
1311878240.011952 0.746561 -2.877635 -0.586699 -0.119522 -0.037131 0.718043 0.684653
1311878241.108990 0.693436 -2.721030 -0.600868 -0.139205 -0.020791 0.852811 0.502895
1311878242.112468 0.562685 -2.560930 -0.625549 -0.144363 -0.011594 0.936684 0.318822
1311878243.380964 0.311789 -2.411224 -0.641712 -0.153857 -0.003503 0.982536 0.104590
1311878244.448740 -0.008001 -2.139062 -0.669333 -0.170182 0.002778 0.984567 0.040717
1311878245.518639 -0.195477 -2.519184 -0.964740 -0.147585 0.000663 0.986241 0.074475
1311878246.548695 -0.499139 -2.527855 -0.945755 -0.157957 0.000020 0.984351 0.078118
1311878247.885199 -0.856346 -2.455631 -1.121278 -0.136929 -0.007841 0.987411 0.078792
1311878248.987890 -0.742117 -1.081855 -0.962737 0.034686 -0.105595 0.102301 0.988525
1311878250.052724 -1.400560 -2.624709 -1.735536 -0.113521 -0.028343 0.989249 0.087734
1311878251.055377 -1.538342 -2.449687 -1.370273 -0.170233 -0.018097 0.982611 0.071896
1311878253.158396 -1.833628 -2.309335 -1.492477 -0.146938 -0.038918 0.927274 0.342136
1311878254.455844 -1.962185 -1.902644 -1.631649 -0.106209 -0.042290 0.826688 0.550925
1311878255.495164 -1.949882 -1.718659 -1.660794 -0.076762 -0.061664 0.688926 0.718113
1311878256.567678 -1.852994 -1.511108 -1.554246 -0.054358 -0.055682 0.546908 0.833568
1311878257.627851 -1.714105 -1.202658 -1.831270 -0.021624 -0.086519 0.518336 0.850514
1311878258.629974 -1.533397 -0.910779 -1.763053 -0.017310 -0.085088 0.452542 0.887506
1311878259.663530 -1.336642 -0.661405 -1.683966 -0.012027 -0.092102 0.445378 0.890512
1311878260.763673 -1.053244 -0.315782 -1.575552 -0.016904 -0.094406 0.423616 0.900751
1311878261.767336 -0.624939 -0.008751 -1.451650 0.026535 -0.076844 0.160112 0.983745
1311878262.933676 -0.173797 0.084541 -1.390252 0.047014 -0.066488 -0.003709 0.996672
1311878264.103413 0.163186 0.027388 -1.298162 0.058193 -0.062589 -0.119505 0.989149
1311878265.167670 0.513561 -0.050408 -1.246378 0.109158 -0.074932 -0.185700 0.973645
1311878266.168685 0.749896 -0.203197 -1.170555 0.076984 -0.073405 -0.199451 0.974117
1311878267.239881 0.800907 -0.341225 -1.101831 0.025232 -0.073229 -0.082542 0.993573
1311878268.442993 1.016027 -0.365462 -1.054823 0.028245 -0.088775 -0.028199 0.995252
1311878269.675287 1.279870 -0.293052 -0.950859 -0.017997 -0.081574 0.177135 0.980635
1311878270.776096 1.605258 -0.176504 -0.860984 -0.013208 -0.068223 0.213301 0.974512
1311878271.778153 -2.917785 -4.214489 -1.505130 -0.149801 0.029552 0.937592 -0.312421
1311878272.888507 -3.213110 -4.357749 -1.603344 -0.154977 0.007628 0.971060 -0.181568
1311878273.914495 2.479445 0.002146 -0.592812 0.056748 -0.066934 -0.169189 0.981669
1311878274.983597 2.779301 -0.212184 -0.530028 0.082381 -0.060840 -0.339785 0.934911
1311878276.315174 2.944252 -0.603458 -0.562354 0.042349 -0.094521 -0.153978 0.982631
1311878277.582289 3.458180 -0.662673 -0.347017 0.057196 -0.077795 -0.292300 0.951439
1311878280.085507 3.852039 -1.450364 -0.493936 0.138704 -0.074118 -0.678541 0.717530
1311878281.118314 3.786872 -1.763119 -0.522761 0.158137 -0.063914 -0.804936 0.568318
1311878282.189140 -5.027767 -2.603447 -1.948359 -0.066578 -0.137281 0.490134 0.858190
1311878283.289714 3.228202 -2.072317 -0.615325 -0.198041 0.018978 0.964393 -0.174255
1311878284.490091 -4.466334 -2.270069 -1.750633 -0.009131 -0.154951 0.122648 0.980237
1311878285.493531 2.540666 -1.945444 -0.771867 -0.188036 -0.007058 0.976815 0.102107
1311878286.661569 2.204727 -1.858162 -0.851352 -0.185563 -0.011865 0.965790 0.180763
1311878287.726605 1.870936 -1.711957 -0.951665 -0.214465 -0.016021 0.959054 0.184290
1311878288.797511 -3.219134 -2.284545 -1.341689 0.013453 -0.158334 -0.030576 0.986820
1311878289.894665 1.433601 -1.448218 -1.122555 -0.187575 0.043230 0.981005 -0.023992
1311878290.997398 -2.762857 -2.017723 -1.187427 -0.054419 -0.151920 0.380098 0.910760
1311878292.197055 1.245241 -1.454232 -1.097181 -0.161060 0.071367 0.877568 -0.445915
1311878293.231982 1.201212 -1.590044 -1.076363 0.138218 -0.081180 -0.768534 0.619403
1311878294.269633 1.171679 -1.821425 -1.064209 0.101747 -0.093351 -0.629613 0.764540
1311878295.367019 1.255698 -2.109523 -1.012434 0.074653 -0.103737 -0.535674 0.834697
1311878296.505012 1.325939 -2.473806 -0.962672 0.108627 -0.088471 -0.666393 0.732321
1311878297.634723 1.298771 -2.821272 -0.949591 0.124866 -0.084458 -0.732793 0.663543
1311878298.670438 -3.324344 -0.203452 -1.373965 -0.098705 -0.133781 0.605271 0.778465
1311878299.770347 0.988381 -3.394501 -0.978869 -0.160145 0.076848 0.867541 -0.464565
1311878300.907967 -3.237427 0.457715 -1.338030 -0.122230 -0.116972 0.727092 0.665368
1311878302.206875 0.743993 -4.067070 -0.973858 0.142500 -0.094880 -0.819870 0.546356
1311878303.306083 0.510148 -4.378941 -1.031204 -0.176704 0.067937 0.915650 -0.354606
1311878304.410203 0.184315 -4.528642 -1.107761 -0.197713 0.048437 0.968222 -0.145291
1311878305.512420 -0.107397 -4.569768 -1.210991 -0.199929 0.030569 0.979305 -0.007457
1311878306.549065 -0.411202 -4.754706 -1.360547 -0.191189 0.017026 0.977165 0.091137
1311878307.581780 -0.829112 -4.701694 -1.630523 -0.182737 -0.005673 0.934000 0.306950
1311878308.586572 -1.124452 -4.514802 -1.877793 -0.155909 -0.029652 0.851048 0.500531
1311878309.917637 -1.235246 -4.075858 -1.921136 -0.132322 -0.044824 0.739041 0.659015
1311878311.121275 -1.297980 -3.721747 -1.952666 -0.153300 -0.036809 0.778489 0.607535
1311878312.418805 -1.349619 0.283643 -0.574172 0.059416 -0.172963 -0.253046 0.950011
1311878313.487578 -1.126281 0.059662 -0.492824 0.086103 -0.163303 -0.401129 0.897226
1311878314.556783 -1.573510 -2.697705 -1.944660 -0.147472 -0.040718 0.687940 0.709460
1311878315.654830 -1.473406 -2.370066 -1.925819 -0.120652 -0.061527 0.520989 0.842750
1311878316.792941 -1.281214 -2.134897 -1.881353 -0.087868 -0.076730 0.336362 0.934480
1311878317.825325 -1.131058 -2.040489 -1.850712 -0.055104 -0.089019 0.139542 0.984666
1311878318.828543 -1.561152 -0.877761 -0.661286 -0.192337 -0.000647 0.975596 -0.105916
1311878319.995179 -0.536796 -2.029139 -1.652344 -0.006263 -0.086070 -0.004461 0.996259
1311878321.336134 -0.173876 -2.085455 -1.548531 -0.016437 -0.084415 0.046164 0.995225
1311878322.634398 0.187569 -2.178533 -1.401017 0.032995 -0.084136 0.027772 0.995521
1311878323.668694 0.505476 -2.145080 -1.321048 0.019396 -0.085983 0.026581 0.995753
1311878324.676342 0.814475 -2.123864 -1.239055 0.013950 -0.083613 0.071350 0.993843
1311878325.701933 1.099048 -2.095617 -1.130806 0.011217 -0.081335 0.099406 0.991654
1311878327.034631 1.431134 -1.979607 -1.036693 -0.015196 -0.086021 0.245004 0.965579
1311878328.137611 1.630551 -1.818309 -0.940756 -0.042827 -0.073993 0.405542 0.910070
1311878329.373087 1.768971 -1.561301 -0.859043 -0.069625 -0.067751 0.604131 0.790941
1311878330.404189 1.799697 -1.342269 -0.759794 -0.110304 -0.068795 0.730910 0.669979
1311878331.406133 1.736739 -1.056045 -0.890712 -0.136686 -0.060421 0.842269 0.517927
1311878332.505955 1.707939 -0.677738 -0.826274 -0.159883 -0.037727 0.927461 0.335901
1311878333.575644 1.404747 -0.540486 -0.836237 -0.170635 -0.007531 0.978130 0.118699
1311878334.810394 0.845967 -0.499651 -1.057872 -0.161534 -0.000634 0.980382 0.112946
1311878335.945632 0.455058 -0.601674 -1.267374 -0.143480 -0.003393 0.957234 0.251207
1311878337.011141 0.552582 0.041672 -1.320757 -0.143131 -0.001937 0.966484 0.213118
1311878338.011937 0.272373 0.112012 -1.525467 -0.131985 0.003540 0.976967 0.167637
1311878339.017862 0.047473 0.308080 -1.601950 -0.134821 0.014692 0.989784 0.043999
1311878340.247602 -0.323379 0.178070 -1.910411 -0.114249 0.025019 0.982905 -0.142196
1311878341.415278 -0.656703 0.084614 -1.973818 -0.111381 0.033118 0.962599 -0.244746
1311878342.484008 -0.961195 -0.116521 -2.057887 -0.106903 0.053111 0.920990 -0.370847
1311878343.617276 -1.208327 -0.354506 -2.082270 -0.106234 0.058624 0.922006 -0.367673
1311878344.655071 -1.383840 -0.610247 -2.073259 0.093377 -0.065654 -0.834143 0.539606
1311878345.685645 -1.455264 -0.892626 -2.054967 0.069534 -0.069539 -0.707526 0.699812
1311878346.685675 -1.446634 -1.148018 -2.001330 0.049310 -0.073318 -0.559819 0.823890
1311878347.723677 -1.300679 -1.405107 -1.932045 0.029583 -0.072678 -0.442202 0.893476
1311878348.789273 -1.132480 -1.685033 -1.871745 0.045362 -0.070920 -0.553395 0.828654
