0 0.000969 1.438095 100.000000 9.090909
0 0.011367 0.663975 200.000000 7.633588
0 0.007304 0.723536 300.000000 7.159904
0 0.005015 0.574838 400.000000 6.896552
0 0.003927 0.388292 500.000000 7.278020
0 0.000077 0.439176 600.000000 7.272727
0 0.003149 0.421615 700.000000 7.186858
0 0.002820 0.334234 800.000000 7.305936
10 0.002261 1.436407 100.000000 8.849558
10 0.011312 0.657718 200.000000 7.722008
10 0.004878 0.753975 300.000000 7.075472
10 0.004921 0.559822 400.000000 6.932409
10 0.003943 0.377872 500.000000 7.320644
10 0.000091 0.438521 600.000000 7.290401
10 0.003136 0.405791 700.000000 7.201646
10 0.002901 0.328676 800.000000 7.332722
20 0.015704 1.358529 100.000000 8.196721
20 0.011396 0.651855 200.000000 7.782101
20 0.002596 0.777894 300.000000 7.042253
20 0.004867 0.536709 400.000000 6.968641
20 0.003890 0.357387 500.000000 7.352941
20 0.000092 0.433419 600.000000 7.299270
20 0.003179 0.380711 700.000000 7.209063
20 0.003049 0.316104 800.000000 7.352941
30 0.021829 1.200392 100.000000 7.751938
30 0.011337 0.669137 200.000000 7.782101
30 0.001655 0.790710 300.000000 7.009346
30 0.004917 0.512471 400.000000 6.980803
30 0.003963 0.344763 500.000000 7.374631
30 0.000022 0.436208 600.000000 7.299270
30 0.003132 0.363745 700.000000 7.194244
30 0.003016 0.312117 800.000000 7.359705
40 0.021816 1.008550 100.000000 7.575758
40 0.011480 0.719709 200.000000 7.692307
40 0.001734 0.816870 300.000000 6.993007
40 0.004839 0.487058 400.000000 6.956522
40 0.003962 0.327283 500.000000 7.374631
40 0.000018 0.434527 600.000000 7.281553
40 0.003159 0.341505 700.000000 7.150153
40 0.002955 0.311812 800.000000 7.352941
50 0.021929 0.821741 100.000000 7.407407
50 0.012139 0.781023 200.000000 7.575758
50 0.001770 0.834095 300.000000 6.976744
50 0.004774 0.449396 400.000000 6.932409
50 0.003987 0.302938 500.000000 7.363770
50 0.000246 0.431025 600.000000 7.194244
50 0.003317 0.313362 700.000000 7.113821
50 0.002998 0.308220 800.000000 7.332722
60 0.022091 0.712982 100.000000 7.194244
60 0.012542 0.873750 200.000000 7.407407
60 0.001665 0.854760 300.000000 6.944445
60 0.004883 0.418944 400.000000 6.920415
60 0.004021 0.284039 500.000000 7.352941
60 0.003006 0.415502 600.000000 7.050529
60 0.003326 0.294485 700.000000 7.099391
60 0.002931 0.314564 800.000000 7.305936
70 0.022087 0.685147 100.000000 6.944445
70 0.011957 0.963656 200.000000 7.220217
70 0.001430 0.858638 300.000000 6.849315
70 0.004967 0.378504 400.000000 6.908463
70 0.004118 0.264743 500.000000 7.331378
70 0.003775 0.378204 600.000000 6.993007
70 0.003277 0.276472 700.000000 7.092198
70 0.002913 0.317191 800.000000 7.252946
80 0.022707 0.768459 100.000000 6.711410
80 0.011627 1.078155 200.000000 6.968641
80 0.002521 0.860598 300.000000 6.622517
80 0.004952 0.345866 400.000000 6.896552
80 0.004035 0.248304 500.000000 7.278020
80 0.003753 0.338913 600.000000 6.960557
80 0.003243 0.266038 700.000000 7.092198
80 0.003377 0.329166 800.000000 7.111111
90 0.022979 0.936570 100.000000 6.535948
90 0.012367 1.204273 200.000000 6.711410
90 0.006871 0.833108 300.000000 6.396588
90 0.004944 0.315433 400.000000 6.884682
90 0.003669 0.235187 500.000000 7.173601
90 0.003720 0.303367 600.000000 6.936416
90 0.003187 0.263452 700.000000 7.085020
90 0.003919 0.340486 800.000000 7.048458
100 0.023508 1.137774 100.000000 6.451613
100 0.012592 1.325502 200.000000 6.578948
100 0.006790 0.810748 300.000000 6.342494
100 0.004842 0.286087 400.000000 6.884682
100 0.001041 0.232854 500.000000 7.002801
100 0.003781 0.270163 600.000000 6.928406
100 0.003245 0.263727 700.000000 7.085020
100 0.003882 0.346738 800.000000 7.023705
110 0.023405 1.314510 100.000000 6.535948
110 0.011108 1.428608 200.000000 6.451613
110 0.006376 0.810800 300.000000 6.369427
110 0.004701 0.276132 400.000000 6.920415
110 0.000200 0.232153 500.000000 6.983240
110 0.003797 0.254141 600.000000 6.936416
110 0.003333 0.279175 700.000000 7.099391
110 0.003853 0.359306 800.000000 7.029877
120 0.021576 1.301999 100.000000 6.756757
120 0.007279 1.368361 200.000000 6.410256
120 0.006933 0.723331 300.000000 6.437768
120 0.005185 0.250602 400.000000 6.993007
120 0.000151 0.251159 500.000000 7.022472
120 0.003481 0.267623 600.000000 6.968641
120 0.003166 0.272161 700.000000 7.135576
120 0.003922 0.327885 800.000000 7.060900
130 0.016554 1.063212 100.000000 6.993007
130 0.001765 1.066640 200.000000 6.451613
130 0.008469 0.583561 300.000000 6.521739
130 0.006321 0.260241 400.000000 7.067138
130 0.001377 0.291128 500.000000 7.072136
130 0.002611 0.329915 600.000000 7.009346
130 0.002555 0.297990 700.000000 7.179487
130 0.003873 0.278130 800.000000 7.098492
140 0.009141 1.013428 100.000000 7.299270
140 0.003726 0.960490 200.000000 6.535948
140 0.009872 0.703296 300.000000 6.607930
140 0.007396 0.340310 400.000000 7.142857
140 0.002885 0.294944 500.000000 7.122507
140 0.001382 0.386580 600.000000 7.050529
140 0.001582 0.403692 700.000000 7.231405
140 0.003697 0.345430 800.000000 7.130125
150 0.003168 1.280278 100.000000 7.575758
150 0.007547 1.219451 200.000000 6.622517
150 0.010466 0.857321 300.000000 6.681514
150 0.007848 0.365287 400.000000 7.220217
150 0.003988 0.258911 500.000000 7.173601
150 0.000333 0.383817 600.000000 7.083825
150 0.000705 0.465214 700.000000 7.268951
150 0.003207 0.421912 800.000000 7.162041
160 0.001781 1.359551 100.000000 7.751938
160 0.008850 1.301894 200.000000 6.666667
160 0.010375 0.849146 300.000000 6.741573
160 0.007777 0.334252 400.000000 7.272727
160 0.004350 0.250393 500.000000 7.204611
160 0.000083 0.373921 600.000000 7.092198
160 0.000390 0.471847 700.000000 7.299270
160 0.003027 0.422377 800.000000 7.174888
170 0.002280 1.345209 100.000000 7.751938
170 0.008794 1.284766 200.000000 6.711410
170 0.010372 0.779531 300.000000 6.756757
170 0.007778 0.293682 400.000000 7.312614
170 0.004347 0.263964 500.000000 7.215007
170 0.000105 0.372763 600.000000 7.083825
170 0.000331 0.469141 700.000000 7.314525
170 0.003185 0.396248 800.000000 7.162041
180 0.003070 1.330477 100.000000 7.692307
180 0.008771 1.276727 200.000000 6.734007
180 0.010390 0.709122 300.000000 6.772009
180 0.007798 0.251072 400.000000 7.326007
180 0.004359 0.283491 500.000000 7.173601
180 0.000279 0.372651 600.000000 7.058824
180 0.000342 0.467242 700.000000 7.314525
180 0.003885 0.365156 800.000000 7.117438
190 0.004353 1.321931 100.000000 7.575758
190 0.008928 1.276190 200.000000 6.756757
190 0.010399 0.640971 300.000000 6.787330
190 0.007787 0.217300 400.000000 7.352941
190 0.002832 0.300994 500.000000 7.072136
190 0.000312 0.369711 600.000000 7.058824
190 0.000295 0.467012 700.000000 7.306890
190 0.003879 0.337431 800.000000 7.085917
200 0.003797 1.311154 100.000000 7.518797
200 0.009135 1.279193 200.000000 6.779661
200 0.010433 0.577521 300.000000 6.818182
200 0.007795 0.192705 400.000000 7.366483
200 0.000524 0.307971 500.000000 6.993007
200 0.000209 0.366121 600.000000 7.075472
200 0.000212 0.466528 700.000000 7.306890
200 0.003894 0.312802 800.000000 7.079646
210 0.002702 1.311353 100.000000 7.407407
210 0.009349 1.276884 200.000000 6.779661
210 0.010403 0.519858 300.000000 6.864988
210 0.007832 0.185865 400.000000 7.393715
210 0.000092 0.310166 500.000000 6.983240
210 0.000158 0.364966 600.000000 7.100592
210 0.000194 0.465763 700.000000 7.291667
210 0.003913 0.290471 800.000000 7.092198
220 0.000827 1.339127 100.000000 7.352941
220 0.010377 1.289308 200.000000 6.688963
220 0.010465 0.465766 300.000000 6.912442
220 0.007818 0.191231 400.000000 7.421150
220 0.000162 0.306291 500.000000 6.993007
220 0.000087 0.361754 600.000000 7.125891
220 0.000296 0.466155 700.000000 7.231405
220 0.003927 0.270353 800.000000 7.104796
230 0.001329 1.356718 100.000000 7.142857
230 0.014986 1.258377 200.000000 6.514658
230 0.010461 0.406735 300.000000 6.944445
230 0.007846 0.211445 400.000000 7.407407
230 0.000224 0.301796 500.000000 7.002801
230 0.000099 0.359212 600.000000 7.151371
230 0.001136 0.462813 700.000000 7.150153
230 0.003924 0.249039 800.000000 7.123775
240 0.002273 1.356070 100.000000 6.896552
240 0.015453 1.165670 200.000000 6.329114
240 0.010455 0.351045 300.000000 6.976744
240 0.007829 0.243103 400.000000 7.352941
240 0.000251 0.301098 500.000000 7.012623
240 0.000136 0.359992 600.000000 7.168459
240 0.002110 0.448663 700.000000 7.121058
240 0.003914 0.225158 800.000000 7.136485
250 0.002591 1.359456 100.000000 6.711410
250 0.015701 1.057055 200.000000 6.269592
250 0.010422 0.300784 300.000000 7.009346
250 0.007326 0.287516 400.000000 7.194244
250 0.000279 0.301733 500.000000 7.012623
250 0.000158 0.359277 600.000000 7.185629
250 0.002909 0.424973 700.000000 7.106599
250 0.003927 0.199684 800.000000 7.142857
260 0.000087 1.344953 100.000000 6.369427
260 0.015640 0.943351 200.000000 6.269592
260 0.010430 0.263515 300.000000 7.042253
260 0.005731 0.321391 400.000000 7.092198
260 0.000229 0.301144 500.000000 7.012623
260 0.000049 0.360252 600.000000 7.194244
260 0.003262 0.394489 700.000000 7.099391
260 0.003910 0.174041 800.000000 7.149240
270 0.011922 1.347641 100.000000 5.952381
270 0.015642 0.829291 200.000000 6.269592
270 0.010464 0.245479 300.000000 7.058824
270 0.005578 0.353347 400.000000 7.067138
270 0.000220 0.303920 500.000000 6.993007
270 0.000202 0.359801 600.000000 7.202881
270 0.003395 0.361661 700.000000 7.099391
270 0.003911 0.149295 800.000000 7.155635
280 0.017832 1.341749 100.000000 5.813953
280 0.015658 0.725712 200.000000 6.289308
280 0.010431 0.258153 300.000000 7.075472
280 0.005577 0.392924 400.000000 7.067138
280 0.000246 0.310493 500.000000 6.983240
280 0.000334 0.358248 600.000000 7.211538
280 0.003322 0.329103 700.000000 7.099391
280 0.003897 0.127676 800.000000 7.168459
290 0.018881 1.337429 100.000000 5.813953
290 0.015563 0.629160 200.000000 6.309148
290 0.010379 0.290238 300.000000 7.109005
290 0.005692 0.431874 400.000000 7.067138
290 0.000302 0.310525 500.000000 6.963789
290 0.000219 0.355206 600.000000 7.220217
290 0.003230 0.299496 700.000000 7.092198
290 0.003897 0.108829 800.000000 7.181329
300 0.019200 1.332848 100.000000 5.882353
300 0.015444 0.541404 200.000000 6.329114
300 0.010294 0.340746 300.000000 7.159904
300 0.005726 0.474817 400.000000 7.067138
300 0.000304 0.312439 500.000000 6.944445
300 0.000251 0.351987 600.000000 7.237636
300 0.003520 0.270011 700.000000 7.063572
300 0.003860 0.097305 800.000000 7.200720
310 0.019999 1.343151 100.000000 5.952381
310 0.015487 0.462356 200.000000 6.369427
310 0.010246 0.404600 300.000000 7.194244
310 0.005857 0.515776 400.000000 7.017544
310 0.000302 0.304791 500.000000 6.934813
310 0.000290 0.345340 600.000000 7.246377
310 0.004266 0.239765 700.000000 7.028112
310 0.003851 0.091745 800.000000 7.220217
320 0.021527 1.355967 100.000000 6.024096
320 0.015621 0.385411 200.000000 6.410256
320 0.010361 0.469619 300.000000 7.246377
320 0.004507 0.540344 400.000000 6.932409
320 0.000497 0.283872 500.000000 6.944445
320 0.000423 0.332885 600.000000 7.255139
320 0.004456 0.210513 700.000000 7.007007
320 0.003879 0.092163 800.000000 7.246377
330 0.021678 1.353263 100.000000 6.097561
330 0.015617 0.358170 200.000000 6.472492
330 0.010398 0.523569 300.000000 7.299270
330 0.001868 0.538604 400.000000 6.861063
330 0.000537 0.283502 500.000000 6.973501
330 0.000438 0.336657 600.000000 7.263923
330 0.004479 0.185801 700.000000 7.007007
330 0.003899 0.104518 800.000000 7.266122
340 0.021591 1.349908 100.000000 6.172840
340 0.015625 0.357732 200.000000 6.535948
340 0.010442 0.563310 300.000000 7.352941
340 0.000843 0.522792 400.000000 6.849315
340 0.000458 0.287337 500.000000 7.012623
340 0.000347 0.344532 600.000000 7.263923
340 0.004475 0.167421 700.000000 7.028112
340 0.003919 0.117201 800.000000 7.292616
350 0.019767 1.362847 100.000000 6.134969
350 0.015638 0.393503 200.000000 6.622517
350 0.010466 0.568403 300.000000 7.389163
350 0.000181 0.500088 400.000000 6.872852
350 0.000086 0.315372 500.000000 7.052186
350 0.000179 0.365842 600.000000 7.228916
350 0.004465 0.156815 700.000000 7.049345
350 0.003913 0.126585 800.000000 7.326007
360 0.023883 1.356843 100.000000 6.024096
360 0.015601 0.423022 200.000000 6.734007
360 0.010382 0.615027 300.000000 7.444169
360 0.000264 0.513617 400.000000 6.920415
360 0.000135 0.328010 500.000000 7.092198
360 0.000632 0.367224 600.000000 7.168459
360 0.004463 0.143501 700.000000 7.077857
360 0.003900 0.142417 800.000000 7.359705
370 0.031038 1.278230 100.000000 5.917160
370 0.015552 0.451595 200.000000 6.825939
370 0.010368 0.709510 300.000000 7.481297
370 0.000662 0.527825 400.000000 6.956522
370 0.000419 0.305848 500.000000 7.142857
370 0.001161 0.346560 600.000000 7.142857
370 0.004450 0.123950 700.000000 7.113821
370 0.003902 0.162923 800.000000 7.400555
380 0.031198 1.165205 100.000000 5.813953
380 0.015526 0.502150 200.000000 6.944445
380 0.010395 0.770791 300.000000 7.500000
380 0.000799 0.535929 400.000000 7.005254
380 0.000556 0.303171 500.000000 7.194244
380 0.001914 0.332515 600.000000 7.142857
380 0.004449 0.113898 700.000000 7.150153
380 0.003897 0.182915 800.000000 7.434944
390 0.031167 1.026648 100.000000 5.813953
390 0.015427 0.567502 200.000000 7.067138
390 0.010467 0.843265 300.000000 7.444169
390 0.000984 0.546578 400.000000 7.054674
390 0.000708 0.296404 500.000000 7.235890
390 0.002463 0.310646 600.000000 7.159904
390 0.004443 0.105574 700.000000 7.179487
390 0.003895 0.204601 800.000000 7.476635
400 0.031044 0.908618 100.000000 5.847953
400 0.015539 0.631224 200.000000 7.168459
400 0.009816 0.885266 300.000000 7.317073
400 0.000958 0.540208 400.000000 7.092198
400 0.000671 0.295204 500.000000 7.278020
400 0.003140 0.290227 600.000000 7.168459
400 0.004464 0.105581 700.000000 7.209063
400 0.003904 0.222538 800.000000 7.511737
410 0.031403 0.858374 100.000000 5.988024
410 0.015647 0.662198 200.000000 7.299270
410 0.008515 0.875533 300.000000 7.317073
410 0.000728 0.518653 400.000000 7.142857
410 0.000435 0.300076 500.000000 7.331378
410 0.003497 0.279670 600.000000 7.202881
410 0.004475 0.109790 700.000000 7.246377
410 0.003916 0.230409 800.000000 7.547170
420 0.031372 0.947433 100.000000 6.211180
420 0.015615 0.643433 200.000000 7.462687
420 0.006939 0.775833 300.000000 7.371007
420 0.000249 0.501278 400.000000 7.194244
420 0.000406 0.351052 500.000000 7.396450
420 0.004081 0.290711 600.000000 7.246377
420 0.004484 0.126385 700.000000 7.284079
420 0.003926 0.212622 800.000000 7.597341
430 0.030277 1.071035 100.000000 6.410256
430 0.015079 0.703357 200.000000 7.633588
430 0.005296 0.741905 300.000000 7.462687
430 0.001570 0.579996 400.000000 7.259528
430 0.001585 0.426058 500.000000 7.462687
430 0.004720 0.289801 600.000000 7.290401
430 0.004296 0.157405 700.000000 7.329843
430 0.003814 0.212743 800.000000 7.648183
440 0.027100 1.155975 100.000000 6.622517
440 0.013462 0.925813 200.000000 7.782101
440 0.003220 0.943019 300.000000 7.537688
440 0.003243 0.736395 400.000000 7.312614
440 0.003047 0.474585 500.000000 7.518797
440 0.005200 0.253896 600.000000 7.334963
440 0.003862 0.197072 700.000000 7.376185
440 0.003457 0.273310 800.000000 7.684918
450 0.024678 1.144335 100.000000 6.756757
450 0.012311 1.075037 200.000000 7.905138
450 0.001963 1.112320 300.000000 7.575758
450 0.004171 0.787017 400.000000 7.326007
450 0.003891 0.451406 500.000000 7.552870
450 0.005105 0.197350 600.000000 7.352941
450 0.003527 0.216079 700.000000 7.399577
450 0.003172 0.321447 800.000000 7.714561
460 0.023707 1.127283 100.000000 6.802721
460 0.012009 1.132976 200.000000 7.936508
460 0.001666 1.169316 300.000000 7.575758
460 0.004439 0.761985 400.000000 7.299270
460 0.003978 0.410296 500.000000 7.564297
460 0.005102 0.151282 600.000000 7.343941
460 0.003431 0.222203 700.000000 7.415254
460 0.003075 0.338578 800.000000 7.722008
470 0.023765 1.118035 100.000000 6.802721
470 0.012139 1.141706 200.000000 7.968128
470 0.001735 1.177158 300.000000 7.537688
470 0.004591 0.711666 400.000000 7.233273
470 0.003942 0.370639 500.000000 7.564297
470 0.005164 0.109903 600.000000 7.290401
470 0.003444 0.222604 700.000000 7.430998
470 0.002976 0.341436 800.000000 7.707129
480 0.023579 1.141192 100.000000 6.756757
480 0.012204 1.160926 200.000000 8.000000
480 0.000852 1.193544 300.000000 7.371007
480 0.004811 0.662727 400.000000 7.207207
480 0.003991 0.330260 500.000000 7.552870
480 0.004318 0.085159 600.000000 7.211538
480 0.003448 0.227451 700.000000 7.438895
480 0.002978 0.347764 800.000000 7.677543
490 0.023896 1.167373 100.000000 6.802721
490 0.012195 1.186266 200.000000 8.032128
490 0.004161 1.181776 300.000000 7.159904
490 0.004894 0.615116 400.000000 7.207207
490 0.003935 0.289047 500.000000 7.530120
490 0.004003 0.076870 600.000000 7.177033
490 0.003393 0.233238 700.000000 7.454739
490 0.003045 0.355790 800.000000 7.504691
500 0.023637 1.219381 100.000000 6.896552
500 0.012123 1.231194 200.000000 8.064516
500 0.006191 1.149904 300.000000 7.092198
500 0.004894 0.576850 400.000000 7.233273
500 0.003981 0.253605 500.000000 7.518797
500 0.003920 0.076862 600.000000 7.177033
500 0.003305 0.243009 700.000000 7.478632
500 0.003040 0.368193 800.000000 7.469655
510 0.023367 1.267972 100.000000 7.092198
510 0.011956 1.266328 200.000000 8.163265
510 0.006445 1.120086 300.000000 7.125891
510 0.004906 0.549924 400.000000 7.299270
510 0.004090 0.227848 500.000000 7.485030
510 0.003838 0.079672 600.000000 7.211538
510 0.003264 0.251153 700.000000 7.518797
510 0.003013 0.378442 800.000000 7.483630
520 0.021110 1.426402 100.000000 7.407407
520 0.010756 1.428287 200.000000 8.298756
520 0.007274 1.171287 300.000000 7.211538
520 0.005493 0.540926 400.000000 7.366483
520 0.004763 0.188579 500.000000 7.440476
520 0.003466 0.091339 600.000000 7.255139
520 0.002967 0.283706 700.000000 7.567567
520 0.002742 0.425870 800.000000 7.518797
530 0.014776 1.712582 100.000000 7.692307
530 0.007596 1.706503 200.000000 8.438819
530 0.009043 1.208178 300.000000 7.299270
530 0.006787 0.494321 400.000000 7.448790
530 0.006019 0.123035 500.000000 7.418397
530 0.002414 0.108817 600.000000 7.308161
530 0.002066 0.338533 700.000000 7.616975
530 0.001974 0.507448 800.000000 7.561437
540 0.006866 1.672945 100.000000 8.130081
540 0.003596 1.675436 200.000000 8.620689
540 0.010447 1.000597 300.000000 7.389163
540 0.007811 0.353617 400.000000 7.532957
540 0.006192 0.132077 500.000000 7.440476
540 0.001093 0.109234 600.000000 7.361963
540 0.000953 0.331327 700.000000 7.675438
540 0.000972 0.499884 800.000000 7.604563
550 0.001301 1.445223 100.000000 8.547009
550 0.000484 1.448302 200.000000 8.695652
550 0.010157 0.765926 300.000000 7.500000
550 0.007707 0.263646 400.000000 7.619048
550 0.005601 0.172080 500.000000 7.473842
550 0.000156 0.095133 600.000000 7.416564
550 0.000159 0.286793 700.000000 7.726269
550 0.000238 0.431887 800.000000 7.648183
560 0.001386 1.343583 100.000000 8.849558
560 0.002183 1.332271 200.000000 8.620689
560 0.010191 0.658900 300.000000 7.556675
560 0.007755 0.243574 400.000000 7.692307
560 0.004663 0.181512 500.000000 7.485030
560 0.000279 0.088732 600.000000 7.453416
560 0.000180 0.263701 700.000000 7.777778
560 0.000039 0.399190 800.000000 7.684918
570 0.001364 1.349312 100.000000 9.090909
570 0.007100 1.317278 200.000000 8.298756
570 0.010306 0.620761 300.000000 7.594937
570 0.007854 0.234535 400.000000 7.736944
570 0.003862 0.178926 500.000000 7.485030
570 0.000275 0.087561 600.000000 7.481297
570 0.000143 0.265856 700.000000 7.812500
570 0.000053 0.403698 800.000000 7.707129
580 0.000452 1.402587 100.000000 9.259259
580 0.010015 1.310623 200.000000 8.097166
580 0.010320 0.580327 300.000000 7.575758
580 0.007842 0.214202 400.000000 7.751938
580 0.003651 0.175639 500.000000 7.485030
580 0.000105 0.091081 600.000000 7.490637
580 0.000051 0.278025 700.000000 7.838746
580 0.000159 0.424076 800.000000 7.722008
590 0.000343 1.416304 100.000000 9.345795
590 0.009965 1.241727 200.000000 8.032128
590 0.010403 0.514483 300.000000 7.537688
590 0.007850 0.207837 400.000000 7.751938
590 0.003625 0.171173 500.000000 7.473842
590 0.000013 0.091547 600.000000 7.500000
590 0.000124 0.281430 700.000000 7.856341
590 0.000184 0.428883 800.000000 7.736944
600 0.000162 1.425116 100.000000 9.345795
600 0.009903 1.158404 200.000000 8.000000
600 0.010406 0.444740 300.000000 7.481297
600 0.007745 0.220639 400.000000 7.766990
600 0.003780 0.171159 500.000000 7.462687
600 0.000024 0.092064 600.000000 7.509387
600 0.000149 0.281437 700.000000 7.865169
600 0.000187 0.427800 800.000000 7.751938
610 0.000480 1.423922 100.000000 9.523809
610 0.009733 1.093381 200.000000 7.968128
610 0.010446 0.386966 300.000000 7.425743
610 0.007763 0.248252 400.000000 7.766990
610 0.003701 0.176728 500.000000 7.429420
610 0.000064 0.092193 600.000000 7.528231
610 0.000136 0.283399 700.000000 7.865169
610 0.000222 0.433185 800.000000 7.759457
620 0.000730 1.436788 100.000000 9.615385
620 0.009525 1.032173 200.000000 7.874016
620 0.010469 0.333093 300.000000 7.352941
620 0.007754 0.286040 400.000000 7.766990
620 0.001853 0.177611 500.000000 7.342144
620 0.000081 0.092397 600.000000 7.547170
620 0.000086 0.285847 700.000000 7.838746
620 0.000260 0.436452 800.000000 7.774539
630 0.000994 1.452004 100.000000 9.615385
630 0.012765 0.954858 200.000000 7.518797
630 0.010410 0.290540 300.000000 7.334963
630 0.007705 0.335222 400.000000 7.736944
630 0.000248 0.176032 500.000000 7.267442
630 0.000109 0.094204 600.000000 7.556675
630 0.000070 0.285260 700.000000 7.769145
630 0.000305 0.438117 800.000000 7.789679
640 0.000824 1.433108 100.000000 9.615385
640 0.015692 0.827029 200.000000 7.220217
640 0.010370 0.276121 300.000000 7.334963
640 0.007766 0.390967 400.000000 7.707129
640 0.000048 0.171427 500.000000 7.225433
640 0.000039 0.093175 600.000000 7.566204
640 0.000116 0.282746 700.000000 7.567567
640 0.000285 0.434762 800.000000 7.797271
650 0.000804 1.427535 100.000000 9.433962
650 0.015426 0.697607 200.000000 7.117438
650 0.010325 0.288154 300.000000 7.334963
650 0.007773 0.451628 400.000000 7.561437
650 0.000087 0.170292 500.000000 7.215007
650 0.000098 0.091877 600.000000 7.575758
650 0.000122 0.280678 700.000000 7.534984
650 0.000282 0.433452 800.000000 7.804878
660 0.000426 1.423315 100.000000 9.174312
660 0.015406 0.592855 200.000000 7.067138
660 0.010372 0.329779 300.000000 7.334963
660 0.007457 0.506633 400.000000 7.299270
660 0.000070 0.171492 500.000000 7.215007
660 0.000044 0.092492 600.000000 7.585335
660 0.000145 0.281827 700.000000 7.526882
660 0.000282 0.436019 800.000000 7.812500
670 0.002188 1.420469 100.000000 8.403361
670 0.015484 0.502552 200.000000 7.017544
670 0.010451 0.389765 300.000000 7.334963
670 0.006171 0.536218 400.000000 7.194244
670 0.000100 0.172424 500.000000 7.215007
670 0.000035 0.091093 600.000000 7.604563
670 0.000143 0.282596 700.000000 7.526882
670 0.000278 0.435447 800.000000 7.827789
680 0.015095 1.359331 100.000000 7.407407
680 0.015563 0.439519 200.000000 6.968641
680 0.010384 0.456712 300.000000 7.334963
680 0.004982 0.550097 400.000000 7.142857
680 0.000087 0.172939 500.000000 7.204611
680 0.000077 0.091363 600.000000 7.623888
680 0.000197 0.285827 700.000000 7.534984
680 0.000305 0.442064 800.000000 7.835455
690 0.020081 1.197797 100.000000 7.092198
690 0.015571 0.405285 200.000000 6.896552
690 0.010398 0.531938 300.000000 7.317073
690 0.004523 0.557621 400.000000 7.117438
690 0.000093 0.174842 500.000000 7.204611
690 0.000114 0.093646 600.000000 7.633588
690 0.000238 0.290661 700.000000 7.534984
690 0.000332 0.444964 800.000000 7.850834
700 0.019777 1.029014 100.000000 6.944445
700 0.015565 0.416541 200.000000 6.825939
700 0.010447 0.606138 300.000000 7.317073
700 0.004626 0.561623 400.000000 7.092198
700 0.000044 0.174029 500.000000 7.204611
700 0.000161 0.093799 600.000000 7.643312
700 0.000214 0.290774 700.000000 7.543103
700 0.000326 0.446411 800.000000 7.858546
710 0.019887 0.881500 100.000000 6.849315
710 0.015663 0.482335 200.000000 6.711410
710 0.010337 0.686754 300.000000 7.299270
710 0.004670 0.565347 400.000000 7.054674
710 0.000026 0.173090 500.000000 7.215007
710 0.000147 0.094088 600.000000 7.633588
710 0.000198 0.287960 700.000000 7.551240
710 0.000270 0.442599 800.000000 7.866273
720 0.019774 0.792677 100.000000 6.666667
720 0.015704 0.574966 200.000000 6.578948
720 0.010315 0.769072 300.000000 7.281553
720 0.003210 0.569069 400.000000 6.956522
720 0.000040 0.170272 500.000000 7.215007
720 0.000137 0.092855 600.000000 7.604563
720 0.000195 0.286931 700.000000 7.559395
720 0.000267 0.441989 800.000000 7.866273
730 0.023470 0.762342 100.000000 6.250000
730 0.015611 0.678822 200.000000 6.514658
730 0.010293 0.850161 300.000000 7.246377
730 0.000220 0.560321 400.000000 6.837607
730 0.000070 0.169314 500.000000 7.225433
730 0.000187 0.090110 600.000000 7.547170
730 0.000197 0.285763 700.000000 7.567567
730 0.000250 0.441013 800.000000 7.858546
740 0.031332 0.767283 100.000000 5.780347
740 0.015541 0.784517 200.000000 6.514658
740 0.010332 0.932822 300.000000 7.194244
740 0.000164 0.556124 400.000000 6.791172
740 0.000172 0.168379 500.000000 7.235890
740 0.000026 0.090120 600.000000 7.308161
740 0.000218 0.286096 700.000000 7.575758
740 0.000331 0.438875 800.000000 7.858546
750 0.030957 0.812618 100.000000 5.649717
750 0.015551 0.890135 200.000000 6.535948
750 0.010427 1.002077 300.000000 7.109005
750 0.000298 0.551205 400.000000 6.791172
750 0.000293 0.167763 500.000000 7.256894
750 0.000064 0.088720 600.000000 7.272727
750 0.000199 0.284366 700.000000 7.592191
750 0.000318 0.436806 800.000000 7.850834
760 0.030864 0.885028 100.000000 5.649717
760 0.015600 0.984777 200.000000 6.600660
760 0.010387 1.075978 300.000000 6.912442
760 0.000244 0.560206 400.000000 6.814310
760 0.000211 0.170662 500.000000 7.288630
760 0.000101 0.091659 600.000000 7.272727
760 0.000255 0.289291 700.000000 7.616975
760 0.000152 0.442397 800.000000 7.850834
770 0.030834 0.980855 100.000000 5.714286
770 0.015561 1.074775 200.000000 6.666667
770 0.009687 1.127638 300.000000 6.802721
770 0.000171 0.562461 400.000000 6.849315
770 0.000115 0.171496 500.000000 7.331378
770 0.000112 0.091933 600.000000 7.299270
770 0.000274 0.291111 700.000000 7.650273
770 0.000098 0.442857 800.000000 7.850834
780 0.030839 1.065291 100.000000 5.813953
780 0.015639 1.159594 200.000000 6.756757
780 0.008900 1.175252 300.000000 6.802721
780 0.000017 0.575814 400.000000 6.896552
780 0.000058 0.177887 500.000000 7.396450
780 0.000218 0.093859 600.000000 7.343941
780 0.000383 0.296975 700.000000 7.700770
780 0.000080 0.452597 800.000000 7.843137
790 0.031165 1.085588 100.000000 5.988024
790 0.015648 1.238165 200.000000 6.896552
790 0.008766 1.250428 300.000000 6.864988
790 0.000588 0.620155 400.000000 6.968641
790 0.000556 0.188267 500.000000 7.462687
790 0.000613 0.101878 600.000000 7.398274
790 0.000719 0.318747 700.000000 7.751938
790 0.000703 0.481781 800.000000 7.835455
800 0.030651 1.007566 100.000000 6.211180
800 0.015153 1.285131 200.000000 7.042253
800 0.008981 1.324425 300.000000 6.928406
800 0.001668 0.677188 400.000000 7.042253
800 0.001445 0.203419 500.000000 7.541478
800 0.001340 0.111815 600.000000 7.462687
800 0.001330 0.343995 700.000000 7.812500
800 0.001852 0.515519 800.000000 7.835455
810 0.027472 0.832822 100.000000 6.451613
810 0.013658 1.195579 200.000000 7.220217
810 0.009780 1.295473 300.000000 7.009346
810 0.003155 0.692014 400.000000 7.117438
810 0.002655 0.206191 500.000000 7.621951
810 0.002350 0.116016 600.000000 7.518797
810 0.002166 0.341948 700.000000 7.874016
810 0.002929 0.506431 800.000000 7.812500
820 0.023203 0.735902 100.000000 6.622517
820 0.011730 1.038070 200.000000 7.326007
820 0.010270 1.145422 300.000000 7.075472
820 0.004439 0.628272 400.000000 7.181329
820 0.003713 0.186999 500.000000 7.692307
820 0.003220 0.106995 600.000000 7.566204
820 0.002905 0.304809 700.000000 7.918552
820 0.003728 0.437370 800.000000 7.782101
830 0.021512 0.717281 100.000000 6.666667
830 0.011317 0.990320 200.000000 7.407407
830 0.010415 1.071682 300.000000 7.109005
830 0.004950 0.578045 400.000000 7.220217
830 0.004143 0.170819 500.000000 7.739938
830 0.003593 0.105726 600.000000 7.604563
830 0.003205 0.282714 700.000000 7.963595
830 0.003898 0.390753 800.000000 7.766990
840 0.021761 0.791648 100.000000 6.622517
840 0.011966 1.077407 200.000000 7.462687
840 0.010468 1.111727 300.000000 7.109005
840 0.004999 0.572092 400.000000 7.246377
840 0.004131 0.168044 500.000000 7.776050
840 0.003532 0.118757 600.000000 7.633588
840 0.003165 0.294045 700.000000 7.990868
840 0.003869 0.385586 800.000000 7.766990
850 0.021765 0.917613 100.000000 6.535948
850 0.011987 1.174659 200.000000 7.490637
850 0.010430 1.153064 300.000000 7.109005
850 0.004990 0.564557 400.000000 7.272727
850 0.004144 0.164747 500.000000 7.788162
850 0.003512 0.134655 600.000000 7.653061
850 0.003175 0.306226 700.000000 8.009153
850 0.003863 0.379724 800.000000 7.782101
860 0.021867 1.067034 100.000000 6.451613
860 0.011788 1.274179 200.000000 7.518797
860 0.010398 1.195093 300.000000 7.075472
860 0.004945 0.556165 400.000000 7.299270
860 0.004023 0.166155 500.000000 7.800312
860 0.003506 0.149377 600.000000 7.682458
860 0.003140 0.318436 700.000000 8.027523
860 0.003843 0.376002 800.000000 7.804878
870 0.022574 1.223051 100.000000 6.410256
870 0.011836 1.360597 200.000000 7.575758
870 0.009253 1.221950 300.000000 7.009346
870 0.004892 0.552770 400.000000 7.352941
870 0.003787 0.165089 500.000000 7.800312
870 0.003484 0.165272 600.000000 7.712082
870 0.003092 0.327938 700.000000 8.064516
870 0.003859 0.375062 800.000000 7.835455
880 0.022524 1.300134 100.000000 6.578948
880 0.011701 1.393930 200.000000 7.692307
880 0.007771 1.210063 300.000000 7.009346
880 0.005008 0.543546 400.000000 7.421150
880 0.003874 0.170180 500.000000 7.836991
880 0.003594 0.171683 600.000000 7.772021
880 0.003140 0.329590 700.000000 8.101851
880 0.003862 0.366747 800.000000 7.881773
890 0.019179 1.140883 100.000000 6.802721
890 0.009856 1.194048 200.000000 7.843137
890 0.008152 1.055318 300.000000 7.042253
890 0.005919 0.495908 400.000000 7.518797
890 0.004697 0.189450 500.000000 7.861635
890 0.004176 0.169141 600.000000 7.832898
890 0.003645 0.282738 700.000000 8.158508
890 0.003901 0.325099 800.000000 7.936508
900 0.013237 0.966960 100.000000 7.042253
900 0.006663 0.961376 200.000000 8.000000
900 0.009414 0.793235 300.000000 7.109005
900 0.006976 0.388092 400.000000 7.604563
900 0.005655 0.203701 500.000000 7.788162
900 0.004883 0.226713 600.000000 7.905138
900 0.004245 0.315438 700.000000 8.215962
900 0.003660 0.402155 800.000000 7.984032
910 0.006163 1.153237 100.000000 7.352941
910 0.003141 1.122367 200.000000 8.163265
910 0.010309 0.695982 300.000000 7.177033
910 0.007660 0.299155 400.000000 7.692307
910 0.006161 0.200525 500.000000 7.704160
910 0.005220 0.315621 600.000000 7.968128
910 0.004429 0.443776 700.000000 8.264462
910 0.003099 0.546382 800.000000 8.040201
920 0.001661 1.363350 100.000000 7.575758
920 0.000986 1.335252 200.000000 8.196721
920 0.010376 0.737786 300.000000 7.228916
920 0.007833 0.271954 400.000000 7.766990
920 0.006184 0.200534 500.000000 7.704160
920 0.005144 0.371051 600.000000 8.021390
920 0.004443 0.527560 700.000000 8.293839
920 0.002682 0.618673 800.000000 8.080808
930 0.000405 1.411738 100.000000 7.751938
930 0.000787 1.385908 200.000000 8.000000
930 0.010289 0.701890 300.000000 7.263923
930 0.007730 0.238343 400.000000 7.812500
930 0.006124 0.224067 500.000000 7.704160
930 0.005120 0.412368 600.000000 8.053691
930 0.004455 0.570587 700.000000 8.303678
930 0.002575 0.650696 800.000000 8.105370
940 0.000616 1.391945 100.000000 7.874016
940 0.003274 1.357808 200.000000 7.575758
940 0.010257 0.623067 300.000000 7.299270
940 0.007678 0.207624 400.000000 7.858546
940 0.006105 0.263704 500.000000 7.704160
940 0.005091 0.448394 600.000000 8.086253
940 0.004400 0.598923 700.000000 8.293839
940 0.002659 0.673412 800.000000 8.130081
950 0.000574 1.390601 100.000000 7.936508
950 0.007546 1.311755 200.000000 7.380074
950 0.010295 0.555677 300.000000 7.317073
950 0.007704 0.197778 400.000000 7.905138
950 0.006116 0.303620 500.000000 7.727975
950 0.005113 0.485172 600.000000 8.119080
950 0.004392 0.628068 700.000000 8.235294
950 0.002671 0.696638 800.000000 8.154943
960 0.000638 1.384711 100.000000 8.064516
960 0.010695 1.245774 200.000000 7.299270
960 0.010319 0.494092 300.000000 7.334963
960 0.007712 0.199809 400.000000 7.952286
960 0.006133 0.345594 500.000000 7.751938
960 0.005120 0.527188 600.000000 8.141112
960 0.004267 0.663077 700.000000 8.101851
960 0.002668 0.723364 800.000000 8.171603
970 0.001003 1.398225 100.000000 8.130081
970 0.011796 1.174464 200.000000 7.299270
970 0.010345 0.440655 300.000000 7.371007
970 0.007729 0.214948 400.000000 8.000000
970 0.006144 0.389061 500.000000 7.776050
970 0.005120 0.567179 600.000000 8.174387
970 0.003575 0.699404 700.000000 7.972665
970 0.002626 0.748385 800.000000 8.196721
980 0.002001 1.389228 100.000000 8.264462
980 0.012339 1.087683 200.000000 7.299270
980 0.010358 0.387777 300.000000 7.407407
980 0.007728 0.242362 400.000000 8.048289
980 0.006164 0.429018 500.000000 7.812500
980 0.005111 0.601271 600.000000 8.219178
980 0.003211 0.727839 700.000000 7.936508
980 0.002604 0.772094 800.000000 8.213552
990 0.002988 1.386584 100.000000 8.403361
990 0.012292 1.017594 200.000000 7.352941
990 0.010375 0.344138 300.000000 7.444169
990 0.007764 0.276486 400.000000 8.097166
990 0.006170 0.468973 500.000000 7.849294
990 0.005125 0.638111 600.000000 8.253095
990 0.003102 0.752958 700.000000 7.954545
990 0.002608 0.794195 800.000000 8.238929
1000 0.002761 1.370976 100.000000 8.620689
1000 0.012013 0.950577 200.000000 7.380074
1000 0.010399 0.313664 300.000000 7.518797
1000 0.007797 0.313271 400.000000 8.146640
1000 0.006180 0.504989 500.000000 7.898894
1000 0.005094 0.669520 600.000000 8.298756
1000 0.003098 0.775942 700.000000 7.981756
1000 0.002628 0.813360 800.000000 8.273009
1010 0.002276 1.363886 100.000000 8.849558
1010 0.012063 0.897165 200.000000 7.407407
1010 0.010437 0.294287 300.000000 7.594937
1010 0.007849 0.349082 400.000000 8.196721
1010 0.006207 0.539872 500.000000 7.949126
1010 0.005173 0.698966 600.000000 8.344924
1010 0.003086 0.797392 700.000000 8.018328
1010 0.002638 0.832867 800.000000 8.298756
1020 0.001747 1.390665 100.000000 9.090909
1020 0.013158 0.864252 200.000000 7.352941
1020 0.010456 0.279578 300.000000 7.672634
1020 0.007849 0.385590 400.000000 8.213552
1020 0.006249 0.581642 500.000000 8.000000
1020 0.005195 0.740880 600.000000 8.379889
1020 0.002987 0.827183 700.000000 8.064516
1020 0.002505 0.854874 800.000000 8.333333
1030 0.001304 1.433234 100.000000 9.174312
1030 0.015463 0.806126 200.000000 7.220217
1030 0.010454 0.267675 300.000000 7.731959
1030 0.007765 0.426190 400.000000 8.213552
1030 0.006262 0.631746 500.000000 8.038586
1030 0.005223 0.787014 600.000000 8.415147
1030 0.002864 0.861438 700.000000 8.101851
1030 0.002261 0.878814 800.000000 8.350731
1040 0.000641 1.439965 100.000000 9.090909
1040 0.015531 0.690602 200.000000 7.092198
1040 0.010469 0.275735 300.000000 7.772021
1040 0.007744 0.478065 400.000000 7.984032
1040 0.006232 0.679421 500.000000 8.077544
1040 0.005197 0.829839 600.000000 8.426967
1040 0.002823 0.889768 700.000000 8.130081
1040 0.001971 0.898352 800.000000 8.368201
1050 0.000490 1.400873 100.000000 8.849558
1050 0.015537 0.567626 200.000000 7.042253
1050 0.010420 0.325318 300.000000 7.792208
1050 0.007732 0.541155 400.000000 7.707129
1050 0.006200 0.727540 500.000000 8.090615
1050 0.005219 0.865533 600.000000 8.415147
1050 0.002869 0.912979 700.000000 8.139535
1050 0.001654 0.914896 800.000000 8.368201
1060 0.001671 1.382864 100.000000 7.874016
1060 0.015525 0.472413 200.000000 7.017544
1060 0.010329 0.389291 300.000000 7.812500
1060 0.007744 0.607010 400.000000 7.662835
1060 0.006183 0.782857 500.000000 8.103727
1060 0.005223 0.911369 600.000000 8.379889
1060 0.002884 0.942959 700.000000 8.149011
1060 0.001430 0.930140 800.000000 8.368201
1070 0.011044 1.321788 100.000000 6.944445
1070 0.015558 0.416155 200.000000 6.993007
1070 0.010362 0.465480 300.000000 7.832898
1070 0.007727 0.671932 400.000000 7.648183
1070 0.006188 0.833364 500.000000 8.116883
1070 0.005194 0.948072 600.000000 8.310249
1070 0.002963 0.969563 700.000000 8.158508
1070 0.001468 0.943367 800.000000 8.376964
1080 0.019108 1.196218 100.000000 6.666667
1080 0.015703 0.411798 200.000000 6.993007
1080 0.010425 0.540918 300.000000 7.874016
1080 0.007782 0.738665 400.000000 7.648183
1080 0.006247 0.885357 500.000000 8.143323
1080 0.005172 0.989294 600.000000 8.163265
1080 0.002973 0.999877 700.000000 8.168028
1080 0.001576 0.958078 800.000000 8.394544
1090 0.022595 1.058882 100.000000 6.535948
1090 0.015632 0.430788 200.000000 6.993007
1090 0.010451 0.620353 300.000000 7.915567
1090 0.007804 0.808761 400.000000 7.677543
1090 0.006281 0.950259 500.000000 8.169934
1090 0.004211 1.048264 600.000000 7.947020
1090 0.002886 1.037205 700.000000 8.187135
1090 0.001596 0.976789 800.000000 8.403361
1100 0.022902 0.940989 100.000000 6.493506
1100 0.015648 0.462592 200.000000 6.993007
1100 0.010450 0.706064 300.000000 7.957560
1100 0.007842 0.895434 400.000000 7.692307
1100 0.006280 1.034000 500.000000 8.183306
1100 0.003436 1.114967 600.000000 7.874016
1100 0.002704 1.081778 700.000000 8.196721
1100 0.001472 0.993858 800.000000 8.412198
1110 0.022030 0.808601 100.000000 6.451613
1110 0.015699 0.523822 200.000000 7.017544
1110 0.010453 0.796912 300.000000 7.978724
1110 0.007795 0.977476 400.000000 7.707129
1110 0.006269 1.105582 500.000000 8.210180
1110 0.003194 1.167251 600.000000 7.863696
1110 0.002624 1.117823 700.000000 8.206330
1110 0.001267 1.004519 800.000000 8.412198
1120 0.022484 0.686253 100.000000 6.329114
1120 0.015485 0.638060 200.000000 7.042253
1120 0.010391 0.875428 300.000000 7.978724
1120 0.007709 1.029966 400.000000 7.722008
1120 0.006207 1.141158 500.000000 8.223684
1120 0.003308 1.183326 600.000000 7.874016
1120 0.002766 1.139542 700.000000 8.215962
1120 0.001038 1.018052 800.000000 8.350731
1130 0.026716 0.670492 100.000000 6.097561
1130 0.015454 0.745804 200.000000 7.092198
1130 0.010260 0.952038 300.000000 7.936508
1130 0.007710 1.084773 400.000000 7.751938
1130 0.006160 1.183814 500.000000 8.237232
1130 0.003328 1.206409 600.000000 7.905138
1130 0.002712 1.163692 700.000000 8.225616
1130 0.000304 1.020101 800.000000 8.205129
1140 0.030894 0.695879 100.000000 5.847953
1140 0.015440 0.851425 200.000000 7.142857
1140 0.010124 1.028019 300.000000 7.874016
1140 0.007710 1.145684 400.000000 7.797271
1140 0.006172 1.234090 500.000000 8.264462
1140 0.003270 1.239632 600.000000 7.936508
1140 0.002454 1.189759 700.000000 8.235294
1140 0.000979 1.015956 800.000000 8.171603
1150 0.030745 0.789968 100.000000 5.747127
1150 0.015572 0.950530 200.000000 7.220217
1150 0.010249 1.089423 300.000000 7.518797
1150 0.007715 1.194372 400.000000 7.827789
1150 0.006187 1.267783 500.000000 8.278146
1150 0.003324 1.258493 600.000000 7.968128
1150 0.002186 1.205790 700.000000 8.254717
1150 0.001290 1.010994 800.000000 8.171603
1160 0.030890 0.910377 100.000000 5.780347
1160 0.015515 1.044998 200.000000 7.299270
1160 0.010223 1.151150 300.000000 7.371007
1160 0.007720 1.237160 400.000000 7.889546
1160 0.006230 1.301652 500.000000 8.305648
1160 0.003330 1.278462 600.000000 8.010681
1160 0.001905 1.218695 700.000000 8.284023
1160 0.001270 1.006890 800.000000 8.196721
1170 0.031161 1.008100 100.000000 5.917160
1170 0.015629 1.117028 200.000000 7.434944
1170 0.010357 1.205761 300.000000 7.407407
1170 0.007774 1.283291 400.000000 7.968128
1170 0.006247 1.341621 500.000000 8.347245
1170 0.003278 1.302881 600.000000 8.064516
1170 0.001679 1.230561 700.000000 8.333333
1170 0.001266 1.003996 800.000000 8.238929
1180 0.031133 1.065075 100.000000 6.134969
1180 0.015586 1.174782 200.000000 7.633588
1180 0.010346 1.261705 300.000000 7.500000
1180 0.007799 1.331727 400.000000 8.080808
1180 0.006234 1.387526 500.000000 8.417508
1180 0.003183 1.332376 600.000000 8.141112
1180 0.001483 1.244317 700.000000 8.393286
1180 0.001333 1.001426 800.000000 8.290155
1190 0.031244 1.114316 100.000000 6.369427
1190 0.015577 1.230886 200.000000 7.843137
1190 0.010421 1.317371 300.000000 7.614213
1190 0.007827 1.384049 400.000000 8.196721
1190 0.006220 1.434748 500.000000 8.503402
1190 0.003057 1.362663 600.000000 8.219178
1190 0.001327 1.255568 700.000000 8.464329
1190 0.001432 1.000359 800.000000 8.359457
1200 0.030910 1.114038 100.000000 6.666667
1200 0.015466 1.296455 200.000000 8.064516
1200 0.010274 1.394717 300.000000 7.751938
1200 0.007627 1.467089 400.000000 8.316009
1200 0.006106 1.515172 500.000000 8.576329
1200 0.002699 1.403639 600.000000 8.298756
1200 0.000953 1.257843 700.000000 8.536586
1200 0.001692 0.981285 800.000000 8.421053
1210 0.029372 1.062466 100.000000 6.896552
1210 0.014679 1.332605 200.000000 8.264462
1210 0.009672 1.454804 300.000000 7.853403
1210 0.007110 1.528107 400.000000 8.421053
1210 0.005898 1.570182 500.000000 8.620689
1210 0.001984 1.393426 600.000000 8.368201
1210 0.000312 1.192372 700.000000 8.599508
1210 0.002163 0.901280 800.000000 8.474576
1220 0.026632 0.956236 100.000000 7.142857
1220 0.013260 1.280248 200.000000 8.438819
1220 0.008697 1.410855 300.000000 7.936508
1220 0.006272 1.475944 400.000000 8.510638
1220 0.005421 1.508953 500.000000 8.605852
1220 0.001148 1.267197 600.000000 8.426967
1220 0.000386 1.030971 700.000000 8.652658
1220 0.002674 0.758784 800.000000 8.528785
1230 0.022871 0.842538 100.000000 7.299270
1230 0.011276 1.121509 200.000000 8.620689
1230 0.007335 1.240720 300.000000 8.021390
1230 0.005238 1.289408 400.000000 8.602151
1230 0.003322 1.311691 500.000000 8.488964
1230 0.000220 1.038578 600.000000 8.474576
1230 0.001092 0.818203 700.000000 8.706468
1230 0.003176 0.595152 800.000000 8.565310
1240 0.020137 0.807808 100.000000 7.407407
1240 0.009760 1.011374 200.000000 8.771930
1240 0.006328 1.104267 300.000000 8.086253
1240 0.004475 1.137939 400.000000 8.658009
1240 0.001038 1.136389 500.000000 8.291874
1240 0.000430 0.883697 600.000000 8.522727
1240 0.001561 0.712182 700.000000 8.739077
1240 0.003485 0.526261 800.000000 8.602151
1250 0.018582 0.835847 100.000000 7.462687
1250 0.008862 0.987738 200.000000 8.888889
1250 0.005673 1.053805 300.000000 8.152174
1250 0.004028 1.076114 400.000000 8.714597
1250 0.000412 1.047871 500.000000 8.210180
1250 0.000794 0.829169 600.000000 8.547009
1250 0.001817 0.694912 700.000000 8.760951
1250 0.003609 0.514079 800.000000 8.639309
1260 0.018147 0.890337 100.000000 7.575758
1260 0.008751 1.031339 200.000000 8.968610
1260 0.005710 1.078586 300.000000 8.196721
1260 0.004046 1.086415 400.000000 8.771930
1260 0.000748 1.026186 500.000000 8.196721
1260 0.000796 0.808823 600.000000 8.571428
1260 0.001889 0.672864 700.000000 8.782936
1260 0.003640 0.484563 800.000000 8.658009
1270 0.018824 1.032661 100.000000 7.692307
1270 0.009005 1.133792 200.000000 9.049774
1270 0.005946 1.165292 300.000000 8.241758
1270 0.004266 1.159946 400.000000 8.810573
1270 0.000602 1.059664 500.000000 8.223684
1270 0.000613 0.824701 600.000000 8.595988
1270 0.001939 0.663191 700.000000 8.760951
1270 0.003588 0.466145 800.000000 8.695652
1280 0.018430 1.124576 100.000000 7.936508
1280 0.008888 1.178779 200.000000 9.132421
1280 0.005796 1.189667 300.000000 8.333333
1280 0.004153 1.173034 400.000000 8.888889
1280 0.000714 1.048361 500.000000 8.291874
1280 0.000669 0.820740 600.000000 8.633094
1280 0.002471 0.659447 700.000000 8.717310
1280 0.003549 0.456496 800.000000 8.733624
1290 0.015510 1.062166 100.000000 8.264462
1290 0.007865 1.072846 200.000000 9.259259
1290 0.004745 1.071218 300.000000 8.450705
1290 0.003381 1.052047 400.000000 8.988764
1290 0.001388 0.939189 500.000000 8.361204
1290 0.001310 0.793197 600.000000 8.695652
1290 0.003636 0.689980 700.000000 8.631319
1290 0.003695 0.473548 800.000000 8.781559
1300 0.008798 1.010693 100.000000 8.620689
1300 0.004920 0.997325 200.000000 9.389671
1300 0.002429 1.006497 300.000000 8.595988
1300 0.001676 1.018428 400.000000 9.090909
1300 0.002807 0.992150 500.000000 8.445946
1300 0.002578 0.978921 600.000000 8.759124
1300 0.004449 0.894880 700.000000 8.620689
1300 0.003897 0.610638 800.000000 8.839779
1310 0.002556 1.257617 100.000000 9.090909
1310 0.001698 1.254520 200.000000 9.478673
1310 0.000284 1.279872 300.000000 8.720930
1310 0.000082 1.302301 400.000000 9.195402
1310 0.003987 1.277183 500.000000 8.532423
1310 0.003693 1.230113 600.000000 8.823529
1310 0.004432 1.054425 700.000000 8.641975
1310 0.003910 0.715002 800.000000 8.888889
1320 0.000599 1.398752 100.000000 9.433962
1320 0.000132 1.391198 200.000000 9.049774
1320 0.000591 1.416135 300.000000 8.849558
1320 0.000620 1.440097 400.000000 9.259259
1320 0.004365 1.383449 500.000000 8.605852
1320 0.004204 1.297880 600.000000 8.875740
1320 0.004308 1.068659 700.000000 8.674102
1320 0.003823 0.720347 800.000000 8.938547
1330 0.000434 1.413604 100.000000 9.708738
1330 0.000350 1.409942 200.000000 8.510638
1330 0.000727 1.435117 300.000000 8.928572
1330 0.000856 1.459119 400.000000 9.280743
1330 0.004425 1.387026 500.000000 8.650519
1330 0.004526 1.291717 600.000000 8.902077
1330 0.004215 1.038861 700.000000 8.695652
1330 0.003847 0.694067 800.000000 8.968610
1340 0.000299 1.427907 100.000000 9.900990
1340 0.000566 1.429349 200.000000 8.403361
1340 0.000874 1.455958 300.000000 8.982036
1340 0.000899 1.476735 400.000000 9.280743
1340 0.004481 1.389282 500.000000 8.680555
1340 0.004744 1.278938 600.000000 8.928572
1340 0.004189 1.004470 700.000000 8.717310
1340 0.003874 0.665966 800.000000 8.998875
1350 0.000135 1.416494 100.000000 10.101010
1350 0.000666 1.430676 200.000000 8.368201
1350 0.000830 1.454465 300.000000 9.036144
1350 0.000184 1.477411 400.000000 9.195402
1350 0.004414 1.376224 500.000000 8.710801
1350 0.004769 1.254962 600.000000 8.941877
1350 0.004242 0.963807 700.000000 8.739077
1350 0.003908 0.631053 800.000000 9.009009
1360 0.000299 1.431665 100.000000 10.204082
1360 0.000629 1.431286 200.000000 8.403361
1360 0.000880 1.463928 300.000000 9.063444
1360 0.000088 1.477394 400.000000 9.029346
1360 0.004411 1.368961 500.000000 8.726004
1360 0.004732 1.233582 600.000000 8.968610
1360 0.004289 0.923336 700.000000 8.760951
1360 0.003922 0.599453 800.000000 9.029346
1370 0.000601 1.421461 100.000000 10.526316
1370 0.000737 1.439192 200.000000 8.438819
1370 0.000872 1.470757 300.000000 9.118541
1370 0.002995 1.483572 400.000000 8.658009
1370 0.004427 1.361406 500.000000 8.756567
1370 0.004677 1.214725 600.000000 8.982036
1370 0.004310 0.883532 700.000000 8.782936
1370 0.003925 0.566647 800.000000 9.039548
1380 0.000941 1.449825 100.000000 10.638298
1380 0.000942 1.456517 200.000000 8.474576
1380 0.000965 1.485197 300.000000 9.174312
1380 0.004965 1.490934 400.000000 8.403361
1380 0.004517 1.360437 500.000000 8.771930
1380 0.004721 1.199025 600.000000 8.995502
1380 0.004312 0.844635 700.000000 8.805032
1380 0.003924 0.534699 800.000000 9.049774
1390 0.000836 1.437548 100.000000 10.752688
1390 0.000713 1.441902 200.000000 8.510638
1390 0.000838 1.474607 300.000000 9.202454
1390 0.005327 1.462468 400.000000 8.350731
1390 0.004431 1.341939 500.000000 8.787346
1390 0.004727 1.176772 600.000000 8.995502
1390 0.004339 0.802738 700.000000 8.827238
1390 0.003910 0.501932 800.000000 9.049774
1400 0.000952 1.418804 100.000000 10.752688
1400 0.000637 1.435727 200.000000 8.510638
1400 0.000801 1.463981 300.000000 9.230769
1400 0.005333 1.437298 400.000000 8.350731
1400 0.004348 1.330385 500.000000 8.771930
1400 0.004864 1.153188 600.000000 8.928572
1400 0.004338 0.757862 700.000000 8.838384
1400 0.003872 0.469064 800.000000 9.039548
1410 0.000401 1.427608 100.000000 10.309278
1410 0.000772 1.444558 200.000000 8.510638
1410 0.000781 1.474136 300.000000 9.202454
1410 0.005408 1.424613 400.000000 8.368201
1410 0.004463 1.322245 500.000000 8.771930
1410 0.005226 1.118631 600.000000 8.670520
1410 0.004347 0.714443 700.000000 8.849558
1410 0.003878 0.435020 800.000000 8.978676
1420 0.000935 1.415532 100.000000 9.615385
1420 0.000862 1.448754 200.000000 8.510638
1420 0.000764 1.475094 300.000000 9.174312
1420 0.005459 1.408059 400.000000 8.385744
1420 0.004867 1.312281 500.000000 8.741259
1420 0.005119 1.068932 600.000000 8.559201
1420 0.004379 0.669362 700.000000 8.849558
1420 0.003716 0.402010 800.000000 8.064516
1430 0.000865 1.438612 100.000000 7.575758
1430 0.001205 1.477135 200.000000 8.510638
1430 0.001183 1.499663 300.000000 9.118541
1430 0.005540 1.408980 400.000000 8.385744
1430 0.005347 1.299755 500.000000 8.741259
1430 0.004880 1.014512 600.000000 8.522727
1430 0.004355 0.627601 700.000000 8.860760
1430 0.002749 0.364495 800.000000 7.984032
1440 0.001450 1.463485 100.000000 7.194244
1440 0.001429 1.490748 200.000000 8.547009
1440 0.001213 1.517863 300.000000 9.036144
1440 0.005634 1.401956 400.000000 8.403361
1440 0.005719 1.276838 500.000000 8.726004
1440 0.004864 0.961379 600.000000 8.522727
1440 0.004417 0.583358 700.000000 8.860760
1440 0.002424 0.331609 800.000000 7.968128
1450 0.001241 1.459295 100.000000 7.042253
1450 0.001251 1.479500 200.000000 8.547009
1450 0.000075 1.503560 300.000000 8.849558
1450 0.005533 1.378351 400.000000 8.403361
1450 0.005721 1.243449 500.000000 8.726004
1450 0.004976 0.908628 600.000000 8.534851
1450 0.004479 0.542480 700.000000 8.860760
1450 0.002453 0.302070 800.000000 7.968128
1460 0.000911 1.439945 100.000000 6.993007
1460 0.001094 1.474702 200.000000 8.510638
1460 0.001969 1.485854 300.000000 8.403361
1460 0.005440 1.358400 400.000000 8.385744
1460 0.005586 1.212262 500.000000 8.710801
1460 0.005068 0.851561 600.000000 8.534851
1460 0.004456 0.500886 700.000000 8.849558
1460 0.002478 0.271487 800.000000 7.968128
1470 0.000866 1.439272 100.000000 6.944445
1470 0.000993 1.471527 200.000000 8.510638
1470 0.006000 1.477169 300.000000 7.874016
1470 0.005438 1.344380 400.000000 8.368201
1470 0.005540 1.186223 500.000000 8.710801
1470 0.005078 0.795335 600.000000 8.534851
1470 0.004474 0.461388 700.000000 8.838384
1470 0.002516 0.240295 800.000000 7.968128
1480 0.000689 1.423706 100.000000 6.944445
1480 0.000842 1.464894 200.000000 8.510638
1480 0.006885 1.450635 300.000000 7.731959
1480 0.005398 1.328254 400.000000 8.368201
1480 0.005569 1.163399 500.000000 8.695652
1480 0.005117 0.743931 600.000000 8.547009
1480 0.004446 0.425910 700.000000 8.827238
1480 0.002540 0.208061 800.000000 7.960199
1490 0.000552 1.422950 100.000000 6.944445
1490 0.000850 1.454029 200.000000 8.547009
1490 0.006849 1.421816 300.000000 7.731959
1490 0.005258 1.316293 400.000000 8.368201
1490 0.005682 1.142241 500.000000 8.635578
1490 0.005103 0.696456 600.000000 8.559201
1490 0.004415 0.399020 700.000000 8.827238
1490 0.002559 0.181625 800.000000 7.968128
1500 0.001108 1.456967 100.000000 7.042253
1500 0.001035 1.482274 200.000000 8.620689
1500 0.007047 1.427521 300.000000 7.792208
1500 0.005379 1.321906 400.000000 8.385744
1500 0.006134 1.118624 500.000000 8.488964
1500 0.005058 0.657166 600.000000 8.595988
1500 0.004450 0.371135 700.000000 8.805032
1500 0.002519 0.156936 800.000000 7.984032
1510 0.002390 1.517589 100.000000 7.246377
1510 0.001568 1.546154 200.000000 8.733624
1510 0.007513 1.462622 300.000000 7.874016
1510 0.005889 1.335014 400.000000 8.438819
1510 0.006249 1.078781 500.000000 8.333333
1510 0.005090 0.617348 600.000000 8.645534
1510 0.004441 0.338582 700.000000 8.771930
1510 0.002411 0.132686 800.000000 8.008008
1520 0.002561 1.510340 100.000000 7.462687
1520 0.001556 1.534113 200.000000 8.849558
1520 0.007602 1.437672 300.000000 7.978724
1520 0.006212 1.319281 400.000000 8.510638
1520 0.006191 1.038201 500.000000 8.333333
1520 0.005136 0.584573 600.000000 8.695652
1520 0.004352 0.317222 700.000000 7.874016
1520 0.002470 0.115578 800.000000 8.040201
1530 0.002161 1.487128 100.000000 7.874016
1530 0.001417 1.516116 200.000000 9.090909
1530 0.007444 1.420954 300.000000 8.108109
1530 0.006318 1.310993 400.000000 8.620689
1530 0.006076 1.021399 500.000000 8.403361
1530 0.005125 0.575031 600.000000 8.784773
1530 0.003900 0.313374 700.000000 7.874016
1530 0.002501 0.108215 800.000000 8.088979
1540 0.002022 1.482744 100.000000 8.403361
1540 0.001364 1.507329 200.000000 9.433962
1540 0.007359 1.409362 300.000000 8.310249
1540 0.006366 1.306146 400.000000 8.771930
1540 0.006027 1.013160 500.000000 8.517887
1540 0.005101 0.568528 600.000000 8.888889
1540 0.003664 0.310742 700.000000 7.927520
1540 0.002517 0.104213 800.000000 8.154943
1550 0.001732 1.473033 100.000000 9.009009
1550 0.001282 1.499670 200.000000 9.756098
1550 0.007251 1.397406 300.000000 8.498584
1550 0.006446 1.300718 400.000000 8.908686
1550 0.005965 1.001793 500.000000 8.620689
1550 0.005101 0.563118 600.000000 8.995502
1550 0.003503 0.310341 700.000000 7.990868
1550 0.002539 0.100556 800.000000 8.221993
1560 0.001571 1.464600 100.000000 9.615385
1560 0.001365 1.494287 200.000000 10.050251
1560 0.007155 1.386176 300.000000 8.670520
1560 0.006549 1.291409 400.000000 9.049774
1560 0.005931 0.986222 500.000000 8.726004
1560 0.005114 0.552179 600.000000 9.090909
1560 0.003286 0.304715 700.000000 8.036739
1560 0.002561 0.093639 800.000000 8.281573
1570 0.001623 1.464561 100.000000 10.000000
1570 0.001487 1.476977 200.000000 10.256411
1570 0.007265 1.372419 300.000000 8.797654
1570 0.006934 1.277125 400.000000 9.132421
1570 0.006024 0.951049 500.000000 8.787346
1570 0.005230 0.527570 600.000000 9.160305
1570 0.003020 0.282784 700.000000 8.064516
1570 0.002597 0.076739 800.000000 8.316009
1580 0.001427 1.450355 100.000000 10.416667
1580 0.000870 1.475836 200.000000 10.256411
1580 0.007148 1.358254 300.000000 8.875740
1580 0.007023 1.253838 400.000000 9.195402
1580 0.006004 0.908283 500.000000 8.833922
1580 0.005228 0.500171 600.000000 9.202454
1580 0.002953 0.265019 700.000000 8.083141
1580 0.002590 0.063183 800.000000 8.350731
1590 0.001286 1.445282 100.000000 10.638298
1590 0.000689 1.465933 200.000000 10.050251
1590 0.007085 1.343701 300.000000 8.928572
1590 0.007026 1.227223 400.000000 9.237875
1590 0.006092 0.860045 500.000000 8.880995
1590 0.005186 0.468052 600.000000 9.230769
1590 0.002957 0.241131 700.000000 8.101851
1590 0.002593 0.050640 800.000000 8.368201
1600 0.001396 1.450840 100.000000 10.752688
1600 0.001260 1.457789 200.000000 9.433962
1600 0.007078 1.338217 300.000000 8.928572
1600 0.006932 1.201235 400.000000 9.259259
1600 0.006166 0.801472 500.000000 8.896797
1600 0.005154 0.433155 600.000000 9.244992
1600 0.002941 0.214257 700.000000 8.111239
1600 0.002594 0.051670 800.000000 8.376964
1610 0.001190 1.460943 100.000000 10.752688
1610 0.007502 1.453799 200.000000 8.510638
1610 0.007090 1.325612 300.000000 8.955224
1610 0.006873 1.179590 400.000000 9.259259
1610 0.006198 0.745909 500.000000 8.912656
1610 0.005154 0.402179 600.000000 9.244992
1610 0.002990 0.192523 700.000000 8.120649
1610 0.002625 0.068886 800.000000 8.376964
1620 0.001054 1.462225 100.000000 10.869565
1620 0.009916 1.440648 200.000000 8.196721
1620 0.007063 1.318706 300.000000 8.955224
1620 0.006835 1.160413 400.000000 9.259259
1620 0.006181 0.695976 500.000000 8.944544
1620 0.005168 0.379106 600.000000 9.244992
1620 0.002977 0.176459 700.000000 8.120649
1620 0.002615 0.095323 800.000000 8.368201
1630 0.000966 1.463608 100.000000 10.869565
1630 0.010256 1.416221 200.000000 8.130081
1630 0.007003 1.317719 300.000000 8.928572
1630 0.007061 1.141175 400.000000 9.195402
1630 0.006237 0.642161 500.000000 8.960573
1630 0.005102 0.353890 600.000000 9.216590
1630 0.002989 0.159707 700.000000 8.120649
1630 0.002638 0.123071 800.000000 8.368201
1640 0.001020 1.460674 100.000000 10.869565
1640 0.010270 1.391617 200.000000 8.163265
1640 0.006949 1.312475 300.000000 8.928572
1640 0.007667 1.115736 400.000000 8.908686
1640 0.006184 0.593001 500.000000 8.960573
1640 0.005123 0.346100 600.000000 9.174312
1640 0.003011 0.157703 700.000000 8.120649
1640 0.002656 0.152459 800.000000 8.376964
1650 0.000508 1.446213 100.000000 10.752688
1650 0.010287 1.363886 200.000000 8.196721
1650 0.007458 1.312547 300.000000 8.875740
1650 0.007819 1.061172 400.000000 8.583691
1650 0.006247 0.552776 500.000000 8.976661
1650 0.005170 0.341150 600.000000 8.941877
1650 0.003097 0.158469 700.000000 8.111239
1650 0.002682 0.183235 800.000000 8.376964
1660 0.000838 1.434516 100.000000 10.526316
1660 0.010226 1.345992 200.000000 8.196721
1660 0.008232 1.301173 300.000000 8.849558
1660 0.007664 0.994545 400.000000 8.510638
1660 0.006230 0.515292 500.000000 8.976661
1660 0.004251 0.331028 600.000000 7.822686
1660 0.003118 0.168636 700.000000 8.111239
1660 0.002718 0.214890 800.000000 8.368201
1670 0.001379 1.428284 100.000000 10.204082
1670 0.010232 1.326410 200.000000 8.230453
1670 0.008996 1.279567 300.000000 8.823529
1670 0.007665 0.924490 400.000000 8.492569
1670 0.006238 0.480611 500.000000 8.976661
1670 0.003682 0.314302 600.000000 7.792208
1670 0.003149 0.183283 700.000000 8.111239
1670 0.002785 0.248063 800.000000 8.350731
1680 0.001345 1.423173 100.000000 9.708738
1680 0.010092 1.321157 200.000000 8.230453
1680 0.009160 1.250523 300.000000 8.823529
1680 0.007729 0.851945 400.000000 8.492569
1680 0.006183 0.450577 500.000000 8.976661
1680 0.003636 0.300886 600.000000 7.782101
1680 0.003118 0.206940 700.000000 8.111239
1680 0.002674 0.281349 800.000000 8.342023
1690 0.001766 1.401730 100.000000 8.620689
1690 0.010013 1.324544 200.000000 8.196721
1690 0.008988 1.226943 300.000000 8.823529
1690 0.007784 0.790943 400.000000 8.510638
1690 0.006180 0.435052 500.000000 8.976661
1690 0.003615 0.299163 600.000000 7.782101
1690 0.003116 0.235137 700.000000 8.111239
1690 0.002721 0.315959 800.000000 8.333333
1700 0.012598 1.411753 100.000000 7.042253
1700 0.010081 1.325094 200.000000 8.196721
1700 0.008875 1.210311 300.000000 8.797654
1700 0.007810 0.726837 400.000000 8.510638
1700 0.006182 0.423275 500.000000 8.960573
1700 0.003637 0.301042 600.000000 7.782101
1700 0.003134 0.267124 700.000000 8.101851
1700 0.002716 0.351424 800.000000 8.333333
1710 0.019013 1.396515 100.000000 6.493506
1710 0.010207 1.333059 200.000000 8.163265
1710 0.008940 1.195267 300.000000 8.771930
1710 0.007843 0.668310 400.000000 8.528785
1710 0.006137 0.416082 500.000000 8.944544
1710 0.003646 0.305314 600.000000 7.782101
1710 0.003131 0.299693 700.000000 8.092485
1710 0.002712 0.386528 800.000000 8.333333
1720 0.019743 1.381759 100.000000 6.410256
1720 0.010127 1.344079 200.000000 8.130081
1720 0.009220 1.177555 300.000000 8.695652
1720 0.007841 0.617799 400.000000 8.547009
1720 0.006140 0.427605 500.000000 8.928572
1720 0.003597 0.325919 600.000000 7.772021
1720 0.003107 0.338308 700.000000 8.083141
1720 0.002663 0.421456 800.000000 8.333333
1730 0.019858 1.357608 100.000000 6.451613
1730 0.010094 1.357925 200.000000 8.130081
1730 0.010132 1.164365 300.000000 8.379889
1730 0.007853 0.580712 400.000000 8.547009
1730 0.006087 0.441166 500.000000 8.865249
1730 0.003669 0.338797 600.000000 7.772021
1730 0.003168 0.367190 700.000000 8.092485
1730 0.002688 0.452074 800.000000 8.324662
1740 0.020161 1.352414 100.000000 6.535948
1740 0.010798 1.366810 200.000000 8.130081
1740 0.010396 1.106725 300.000000 8.021390
1740 0.007852 0.558311 400.000000 8.583691
1740 0.006165 0.472734 500.000000 8.695652
1740 0.003658 0.369406 600.000000 7.782101
1740 0.003118 0.403766 700.000000 8.101851
1740 0.002690 0.484329 800.000000 8.316009
1750 0.019951 1.356844 100.000000 6.622517
1750 0.011804 1.384454 200.000000 8.130081
1750 0.010448 1.058511 300.000000 7.978724
1750 0.007852 0.549616 400.000000 8.620689
1750 0.005572 0.486330 500.000000 7.440476
1750 0.003729 0.385121 600.000000 7.792208
1750 0.003178 0.428734 700.000000 8.111239
1750 0.002792 0.510966 800.000000 8.324662
1760 0.019381 1.380505 100.000000 6.711410
1760 0.012610 1.405479 200.000000 8.163265
1760 0.010322 1.027065 300.000000 7.978724
1760 0.007825 0.564821 400.000000 8.658009
1760 0.004868 0.499829 500.000000 7.418397
1760 0.003827 0.400722 600.000000 7.802341
1760 0.003276 0.449009 700.000000 8.120649
1760 0.002900 0.535206 800.000000 8.342023
1770 0.019365 1.398003 100.000000 6.849315
1770 0.013169 1.396879 200.000000 8.230453
1770 0.010199 0.980165 300.000000 8.042895
1770 0.007846 0.576003 400.000000 8.695652
1770 0.004498 0.521018 500.000000 7.429420
1770 0.003767 0.433839 600.000000 7.832898
1770 0.003264 0.481929 700.000000 8.130081
1770 0.002902 0.563476 800.000000 8.368201
1780 0.020654 1.380551 100.000000 7.042253
1780 0.013804 1.318955 200.000000 8.368201
1780 0.010064 0.870084 300.000000 8.108109
1780 0.007852 0.565558 400.000000 8.771930
1780 0.004192 0.552874 500.000000 7.462687
1780 0.003497 0.490254 600.000000 7.874016
1780 0.002947 0.529020 700.000000 8.158508
1780 0.002732 0.595473 800.000000 8.403361
1790 0.022464 1.340744 100.000000 7.246377
1790 0.014410 1.215111 200.000000 8.547009
1790 0.009881 0.774023 300.000000 8.219178
1790 0.007799 0.583933 400.000000 8.869180
1790 0.003822 0.606226 500.000000 7.518797
1790 0.003201 0.547556 600.000000 7.926024
1790 0.002723 0.568411 700.000000 8.196721
1790 0.002526 0.615271 800.000000 8.447730
1800 0.022536 1.352823 100.000000 7.575758
1800 0.014418 1.204940 200.000000 8.733624
1800 0.010007 0.748110 300.000000 8.356546
1800 0.007839 0.594295 400.000000 8.968610
1800 0.003812 0.612029 500.000000 7.587254
1800 0.003197 0.561857 600.000000 7.978724
1800 0.002736 0.583660 700.000000 8.244994
1800 0.002522 0.628749 800.000000 8.501594
1810 0.019513 1.546719 100.000000 7.936508
1810 0.013220 1.388740 200.000000 9.009009
1810 0.010444 0.858610 300.000000 8.522727
1810 0.007708 0.594672 400.000000 9.111617
1810 0.004434 0.540300 500.000000 7.656968
1810 0.003722 0.497903 600.000000 8.053691
1810 0.003188 0.552631 700.000000 8.313540
1810 0.002881 0.629996 800.000000 8.565310
1820 0.014603 1.695108 100.000000 8.474576
1820 0.011093 1.596059 200.000000 9.302325
1820 0.010418 1.053382 300.000000 8.720930
1820 0.007796 0.719118 400.000000 9.259259
1820 0.005168 0.545796 500.000000 7.751938
1820 0.004338 0.424229 600.000000 8.130081
1820 0.003695 0.480052 700.000000 8.383233
1820 0.003295 0.584064 800.000000 8.629990
1830 0.011291 1.734576 100.000000 9.009009
1830 0.009566 1.667851 200.000000 9.615385
1830 0.010387 1.146637 300.000000 8.902077
1830 0.007479 0.827660 400.000000 9.411765
1830 0.005601 0.601072 500.000000 7.836991
1830 0.004690 0.406399 600.000000 8.207934
1830 0.003989 0.428441 700.000000 8.464329
1830 0.003537 0.535129 800.000000 8.695652
1840 0.008578 1.718146 100.000000 9.615385
1840 0.008279 1.682515 200.000000 9.950249
1840 0.010176 1.197099 300.000000 9.118541
1840 0.007156 0.912539 400.000000 9.569378
1840 0.005946 0.657754 500.000000 7.923930
1840 0.004949 0.412465 600.000000 8.287292
1840 0.004209 0.392603 700.000000 8.536586
1840 0.003723 0.485853 800.000000 8.771930
1850 0.004295 1.602887 100.000000 10.204082
1850 0.006186 1.612615 200.000000 10.309278
1850 0.009516 1.225609 300.000000 9.287926
1850 0.006492 1.025547 400.000000 9.708738
1850 0.006254 0.762338 500.000000 8.012820
1850 0.005218 0.470903 600.000000 8.356546
1850 0.004419 0.377065 700.000000 8.610086
1850 0.003856 0.424758 800.000000 8.830022
1860 0.002279 1.506387 100.000000 10.752688
1860 0.005158 1.557636 200.000000 10.526316
1860 0.009167 1.203559 300.000000 9.433962
1860 0.006115 1.060985 400.000000 9.828010
1860 0.006201 0.786937 500.000000 8.064516
1860 0.005221 0.499270 600.000000 8.403361
1860 0.004470 0.388828 700.000000 8.663366
1860 0.003906 0.413200 800.000000 8.879024
1870 0.000939 1.468459 100.000000 10.869565
1870 0.004884 1.526196 200.000000 10.582010
1870 0.008959 1.173077 300.000000 9.523809
1870 0.005873 1.079652 400.000000 9.852217
1870 0.006157 0.779405 500.000000 8.090615
1870 0.005130 0.508278 600.000000 8.426967
1870 0.004458 0.404272 700.000000 8.684863
1880 0.000527 1.447679 100.000000 10.869565
1880 0.006052 1.532505 200.000000 10.152285
1880 0.008923 1.142192 300.000000 9.554140
1880 0.005820 1.082988 400.000000 9.803922
1880 0.006138 0.742983 500.000000 8.090615
1880 0.005147 0.493898 600.000000 8.426967
1880 0.004450 0.411141 700.000000 8.674102
1890 0.001452 1.428622 100.000000 10.638298
1890 0.011769 1.505508 200.000000 9.049774
1890 0.008543 1.119993 300.000000 9.523809
1890 0.005676 1.093768 400.000000 9.546539
1890 0.006135 0.710828 500.000000 8.077544
1890 0.005137 0.486554 600.000000 8.426967
1890 0.004462 0.423701 700.000000 8.641975
1900 0.004515 1.430015 100.000000 10.416667
1900 0.013735 1.438736 200.000000 8.810573
1900 0.008326 1.103505 300.000000 9.523809
1900 0.007700 1.083663 400.000000 7.648183
1900 0.006133 0.681052 500.000000 8.051530
1900 0.005153 0.485102 600.000000 8.415147
1900 0.004477 0.443973 700.000000 8.631319
1910 0.008185 1.450997 100.000000 10.204082
1910 0.013722 1.361944 200.000000 8.733624
1910 0.008002 1.096421 300.000000 9.523809
1910 0.007714 1.040213 400.000000 7.575758
1910 0.006136 0.657080 500.000000 8.038586
1910 0.005146 0.489943 600.000000 8.391608
1910 0.004471 0.469082 700.000000 8.620689
1920 0.009709 1.475907 100.000000 10.204082
1920 0.013556 1.301365 200.000000 8.733624
1920 0.007925 1.091718 300.000000 9.523809
1920 0.007723 0.981946 400.000000 7.561437
1920 0.006145 0.629895 500.000000 8.051530
1920 0.005159 0.493646 600.000000 8.368201
1920 0.004477 0.496822 700.000000 8.620689
1930 0.009663 1.516757 100.000000 10.204082
1930 0.013350 1.252324 200.000000 8.771930
1930 0.007904 1.090828 300.000000 9.523809
1930 0.007727 0.926944 400.000000 7.561437
1930 0.006142 0.607270 500.000000 8.051530
1930 0.005189 0.503189 600.000000 8.356546
1930 0.004470 0.526852 700.000000 8.631319
1940 0.008648 1.544899 100.000000 10.204082
1940 0.013258 1.213586 200.000000 8.810573
1940 0.007822 1.098747 300.000000 9.523809
1940 0.007684 0.885556 400.000000 7.575758
1940 0.006133 0.593936 500.000000 8.051530
1940 0.005157 0.513601 600.000000 8.368201
1940 0.004455 0.549059 700.000000 8.641975
1950 0.008134 1.568697 100.000000 10.204082
1950 0.013081 1.185822 200.000000 8.849558
1950 0.007611 1.117092 300.000000 9.523809
1950 0.007698 0.857123 400.000000 7.575758
1950 0.006216 0.597860 500.000000 8.038586
1950 0.005165 0.538601 600.000000 8.368201
1950 0.004485 0.578817 700.000000 8.652658
1960 0.008800 1.607787 100.000000 10.101010
1960 0.013102 1.163826 200.000000 8.888889
1960 0.007567 1.130530 300.000000 9.493670
1960 0.007692 0.822268 400.000000 7.575758
1960 0.006156 0.599204 500.000000 8.038586
1960 0.005199 0.564376 600.000000 8.379889
1970 0.011345 1.659050 100.000000 9.433962
1970 0.013215 1.140653 200.000000 8.968610
1970 0.007615 1.135437 300.000000 9.463722
1970 0.007702 0.789231 400.000000 7.590133
1970 0.006204 0.602456 500.000000 8.051530
1970 0.005211 0.591448 600.000000 8.379889
1980 0.020716 1.652265 100.000000 8.000000
1980 0.012462 1.161387 200.000000 9.009009
1980 0.007353 1.185681 300.000000 9.287926
1980 0.007696 0.792805 400.000000 7.590133
1980 0.006184 0.619662 500.000000 8.064516
1980 0.005232 0.606943 600.000000 8.368201
1990 0.024040 1.571701 100.000000 7.633588
1990 0.011537 1.232564 200.000000 9.049774
1990 0.008364 1.278354 300.000000 7.109005
1990 0.007748 0.849678 400.000000 7.604563
1990 0.006185 0.669153 500.000000 8.077544
1990 0.005232 0.631416 600.000000 8.368201
2000 0.023426 1.454992 100.000000 7.518797
2000 0.009939 1.318491 200.000000 9.132421
2000 0.010050 1.360283 300.000000 6.976744
2000 0.007824 0.945031 400.000000 7.604563
2000 0.006227 0.762612 500.000000 8.077544
2000 0.005080 0.697231 600.000000 8.379889
2010 0.020734 1.342844 100.000000 7.575758
2010 0.008152 1.397559 200.000000 9.132421
2010 0.010012 1.391411 300.000000 6.944445
2010 0.007562 1.030752 400.000000 7.619048
2010 0.005934 0.868095 500.000000 8.064516
2010 0.004865 0.798812 600.000000 8.391608
2020 0.019518 1.325957 100.000000 7.575758
2020 0.007630 1.428217 200.000000 9.174312
2020 0.009955 1.364604 300.000000 6.944445
2020 0.007497 1.039240 400.000000 7.633588
2020 0.005943 0.896063 500.000000 8.051530
2020 0.004803 0.838891 600.000000 8.403361
2030 0.019345 1.339088 100.000000 7.633588
2030 0.007764 1.457703 200.000000 9.132421
2030 0.010051 1.308874 300.000000 6.944445
2030 0.007549 1.003472 400.000000 7.633588
2030 0.005975 0.875312 500.000000 8.051530
2030 0.004852 0.833081 600.000000 8.403361
2040 0.019943 1.362029 100.000000 7.692307
2040 0.008017 1.469558 200.000000 9.132421
2040 0.010283 1.243928 300.000000 6.944445
2040 0.007636 0.954618 400.000000 7.619048
2040 0.006081 0.838330 500.000000 8.051530
2040 0.005004 0.804869 600.000000 8.415147
2050 0.020054 1.402375 100.000000 7.751938
2050 0.008000 1.494552 200.000000 9.132421
2050 0.010346 1.200557 300.000000 6.960557
2050 0.007647 0.931349 400.000000 7.619048
2050 0.006118 0.825753 500.000000 8.064516
2060 0.019525 1.461296 100.000000 7.936508
2060 0.007555 1.548973 200.000000 9.174312
2060 0.010304 1.205410 300.000000 6.993007
2060 0.007679 0.953583 400.000000 7.648183
2060 0.006095 0.851983 500.000000 8.090615
2070 0.018595 1.546204 100.000000 8.196721
2070 0.007017 1.606035 200.000000 9.302325
2070 0.010126 1.237203 300.000000 7.058824
2070 0.007507 1.000942 400.000000 7.707129
2070 0.006015 0.900213 500.000000 8.143323
2080 0.015692 1.655832 100.000000 8.620689
2080 0.005682 1.687088 200.000000 9.478673
2080 0.009648 1.330010 300.000000 7.142857
2080 0.007156 1.116725 400.000000 7.797271
2080 0.005735 1.018549 500.000000 8.210180
2090 0.011719 1.725235 100.000000 9.259259
2090 0.003783 1.721826 200.000000 9.756098
2090 0.008759 1.431336 300.000000 7.263923
2090 0.006452 1.268922 400.000000 7.905138
2090 0.005166 1.192013 500.000000 8.305648
2100 0.007159 1.725825 100.000000 9.900990
2100 0.001576 1.668758 200.000000 9.950249
2100 0.007644 1.469177 300.000000 7.389163
2100 0.005674 1.374730 400.000000 8.016032
2100 0.004525 1.334303 500.000000 8.389262
2110 0.002795 1.629270 100.000000 10.526316
2110 0.000666 1.520239 200.000000 9.950249
2110 0.006485 1.428437 300.000000 7.500000
2110 0.004822 1.407742 400.000000 8.113590
2110 0.003847 1.407143 500.000000 8.474576
2120 0.001056 1.468581 100.000000 10.989011
2120 0.000907 1.325587 200.000000 6.849315
2120 0.005373 1.334375 300.000000 7.575758
2120 0.004106 1.378656 400.000000 8.179959
2120 0.003219 1.416505 500.000000 8.517887
2130 0.004064 1.327877 100.000000 11.235955
2130 0.005082 1.200947 200.000000 6.688963
2130 0.004724 1.254693 300.000000 7.594937
2130 0.003467 1.329034 400.000000 8.213552
2130 0.002630 1.393399 500.000000 8.547009
2140 0.004983 1.305414 100.000000 11.363636
2140 0.006936 1.199853 200.000000 6.644518
2140 0.004694 1.260553 300.000000 7.614213
2140 0.003390 1.337411 400.000000 8.196721
2140 0.002556 1.401192 500.000000 8.561644
2150 0.004866 1.299815 100.000000 11.363636
2150 0.007433 1.221154 200.000000 6.622517
2150 0.004984 1.284954 300.000000 7.614213
2150 0.003742 1.361259 400.000000 8.146640
2150 0.002670 1.419394 500.000000 8.561644
2160 0.004322 1.316641 100.000000 11.235955
2160 0.007960 1.250673 200.000000 6.622517
2160 0.005284 1.317773 300.000000 7.594937
2160 0.003884 1.383554 400.000000 8.130081
2160 0.002875 1.436506 500.000000 8.561644
2170 0.004332 1.303651 100.000000 11.111111
2170 0.008057 1.261934 200.000000 6.600660
2170 0.005258 1.329899 300.000000 7.575758
2170 0.003965 1.394870 400.000000 8.130081
2170 0.002989 1.449910 500.000000 8.547009
2180 0.004687 1.278927 100.000000 10.869565
2180 0.008129 1.262593 200.000000 6.578948
2180 0.005332 1.341817 300.000000 7.537688
2180 0.004008 1.403573 400.000000 8.130081
2190 0.005038 1.247682 100.000000 10.526316
2190 0.008097 1.259364 200.000000 6.557377
2190 0.005249 1.350789 300.000000 7.518797
2190 0.004043 1.417007 400.000000 8.097166
2200 0.004210 1.281749 100.000000 9.900990
2200 0.008417 1.293038 200.000000 6.535948
2200 0.005532 1.369036 300.000000 7.518797
2200 0.004170 1.424504 400.000000 8.064516
2210 0.003978 1.288909 100.000000 4.901961
2210 0.008419 1.309152 200.000000 6.514658
2210 0.005706 1.380748 300.000000 7.518797
2210 0.004170 1.435542 400.000000 8.032128
2220 0.015837 1.330990 100.000000 4.694836
2220 0.008858 1.331810 200.000000 6.493506
2220 0.005855 1.391705 300.000000 7.481297
2220 0.004164 1.436249 400.000000 8.032128
2230 0.018643 1.339923 100.000000 4.651163
2230 0.009465 1.348401 200.000000 6.493506
2230 0.006119 1.394081 300.000000 7.444169
2230 0.004351 1.432078 400.000000 8.032128
2240 0.019428 1.331320 100.000000 4.651163
2240 0.009691 1.354644 200.000000 6.514658
2240 0.006405 1.400215 300.000000 7.425743
2240 0.004479 1.436628 400.000000 8.048289
2250 0.019731 1.335630 100.000000 4.651163
2250 0.009866 1.369076 200.000000 6.514658
2250 0.006445 1.409871 300.000000 7.425743
2250 0.004586 1.442148 400.000000 8.064516
2260 0.019924 1.336907 100.000000 4.672897
2260 0.009812 1.381031 200.000000 6.514658
2260 0.006550 1.417832 300.000000 7.444169
2260 0.004687 1.451620 400.000000 8.064516
2270 0.020351 1.362383 100.000000 4.672897
2270 0.010042 1.399166 200.000000 6.493506
2270 0.006689 1.421598 300.000000 7.462687
2280 0.020641 1.371496 100.000000 4.716981
2280 0.010132 1.406137 200.000000 6.535948
2280 0.006863 1.429504 300.000000 7.481297
2290 0.020672 1.404663 100.000000 4.761905
2290 0.010150 1.430625 200.000000 6.578948
2290 0.006871 1.438748 300.000000 7.518797
2300 0.020699 1.425265 100.000000 4.854369
2300 0.010231 1.434638 200.000000 6.688963
2300 0.006824 1.442949 300.000000 7.575758
2310 0.020689 1.440451 100.000000 5.000000
2310 0.010260 1.443532 200.000000 6.825939
2310 0.006817 1.444630 300.000000 7.692307
2320 0.018971 1.535740 100.000000 5.181347
2320 0.009488 1.529571 200.000000 7.017544
2320 0.006283 1.535108 300.000000 7.832898
2330 0.018342 1.563717 100.000000 5.434783
2330 0.009266 1.556300 200.000000 7.246377
2330 0.006097 1.560551 300.000000 8.021390
2340 0.018332 1.564204 100.000000 5.747127
2340 0.009262 1.556731 200.000000 7.518797
2340 0.006094 1.560958 300.000000 8.241758
2350 0.018329 1.564673 100.000000 6.097561
2350 0.009260 1.557185 200.000000 7.812500
2350 0.006093 1.561405 300.000000 8.474576
2360 0.018334 1.564147 100.000000 6.493506
2360 0.009263 1.556621 200.000000 8.130081
2360 0.006095 1.560828 300.000000 8.720930
2370 0.018331 1.564109 100.000000 6.944445
2370 0.009261 1.556557 200.000000 8.474576
2370 0.006094 1.560757 300.000000 8.982036
2380 0.018337 1.563649 100.000000 7.462687
2380 0.009264 1.556073 200.000000 8.849558
2380 0.006095 1.560265 300.000000 9.259259
2390 0.018327 1.563767 100.000000 8.064516
2390 0.009259 1.556242 200.000000 9.259259
2390 0.006092 1.560457 300.000000 9.554140
2400 0.018070 1.570603 100.000000 8.771930
2400 0.009130 1.565471 200.000000 9.708738
2400 0.006007 1.570523 300.000000 9.868421
2410 0.014917 1.677450 100.000000 9.433962
2410 0.007617 1.676490 200.000000 10.101010
2410 0.004968 1.687685 300.000000 10.101010
2420 0.008591 1.716867 100.000000 10.000000
2420 0.004290 1.726282 200.000000 10.362695
2420 0.002694 1.731030 300.000000 10.309278
2430 0.003213 1.566415 100.000000 10.416667
2430 0.001524 1.563655 200.000000 10.582010
2430 0.000791 1.572279 300.000000 10.452962
2440 0.000269 1.441695 100.000000 10.638298
2440 0.000218 1.436075 200.000000 10.582010
2440 0.000408 1.439409 300.000000 10.526316
2450 0.000157 1.429381 100.000000 10.638298
2450 0.000218 1.412489 200.000000 10.526316
2450 0.000511 1.415138 300.000000 10.563380
2460 0.000129 1.412679 100.000000 10.638298
2460 0.000191 1.401130 200.000000 10.471204
2460 0.000542 1.395306 300.000000 10.600707
2470 0.000392 1.398662 100.000000 10.638298
2470 0.000198 1.393146 200.000000 10.526316
2470 0.000415 1.391677 300.000000 10.600707
2480 0.000604 1.402897 100.000000 10.526316
2480 0.000232 1.402110 200.000000 10.526316
2490 0.000400 1.394009 100.000000 10.526316
2490 0.000229 1.399133 200.000000 10.526316
2500 0.000463 1.404277 100.000000 10.526316
2500 0.000333 1.403744 200.000000 10.471204
2510 0.000306 1.415235 100.000000 10.638298
2510 0.000332 1.421198 200.000000 10.416667
2520 0.000239 1.428539 100.000000 10.638298
2520 0.000400 1.432247 200.000000 10.416667
2530 0.000306 1.423093 100.000000 10.526316
2530 0.000593 1.434933 200.000000 10.416667
2540 0.000394 1.415575 100.000000 10.204082
2540 0.000825 1.415751 200.000000 10.416667
2550 0.000447 1.408119 100.000000 10.101010
2550 0.000825 1.397493 200.000000 10.471204
2560 0.000350 1.415379 100.000000 10.204082
2560 0.000672 1.404380 200.000000 10.526316
2570 0.000609 1.447548 100.000000 10.309278
2570 0.000402 1.428880 200.000000 10.582010
2580 0.000558 1.418236 100.000000 10.416667
2590 0.000706 1.436960 100.000000 10.309278
2600 0.000549 1.442626 100.000000 10.101010
2610 0.000702 1.446231 100.000000 10.000000
2620 0.000932 1.453448 100.000000 10.101010
2630 0.000811 1.472990 100.000000 10.309278
2640 0.001710 1.409917 100.000000 10.526316
2650 0.001248 1.410956 100.000000 10.638298
2660 0.000978 1.395708 100.000000 10.638298
