2.671147525691849989e+00 6.601256783627100777e-01 2.536494890580609951e+00
2.065076028606309677e+00 4.435076197180201074e-01 2.539573508209069796e+00
1.981566550285190020e+00 3.825851189402202923e-01 2.582707910116909922e+00
1.745890358406690268e+00 5.465028881081701595e-01 2.403883210618179778e+00
2.558488002505959535e+00 5.045480844952401345e-01 2.561857867640969566e+00
2.573184768954420054e+00 5.029527410790499697e-01 2.564648920825849832e+00
2.508252706486080008e+00 3.793746379401301549e-01 2.183346966586479532e+00
1.900532339101570045e+00 3.033698223778700243e-01 2.560357132966560201e+00
1.899564767003489862e+00 3.018345858905202572e-01 2.561959679631509612e+00
2.656634389193880175e+00 6.185027523710806552e-01 2.507391291796529753e+00
1.644797352568219795e+00 3.558198534458301143e-01 2.319479080068729715e+00
2.676693818042509943e+00 5.459177608077101507e-01 2.069155661786509892e+00
1.875262848094309875e+00 3.296477509669399897e-01 2.549811721071369774e+00
1.757606289034700175e+00 5.432091991026803957e-01 2.398530257730939752e+00
1.781084823647610227e+00 5.674678089041800266e-01 2.292749782285799842e+00
1.771352583773750267e+00 6.048731122563004714e-01 2.310246374925899460e+00
1.614742110143610132e+00 4.106878846917501047e-01 2.313769503566299957e+00
1.634362270607560008e+00 4.847104709582501503e-01 2.451110716622979524e+00
2.550823503286839600e+00 5.147758309885002159e-01 2.567623543519059748e+00
1.588286036883739927e+00 4.666348716173203126e-01 2.473507158152419727e+00
2.478155272607249326e+00 9.490532686880899238e-01 2.958041971378309931e+00
1.499070439312680136e+00 1.877080195213800540e-01 2.320653444822999845e+00
1.619131230761339912e+00 4.187279203650000614e-01 2.271375072740529966e+00
1.623623096523050036e+00 4.141841159132495509e-01 2.269616277420529737e+00
1.813012268625559864e+00 5.245978566313695968e-01 2.422733841750159822e+00
2.565724762662759950e+00 5.013092809773997960e-01 2.561916320823219628e+00
1.959122613617519937e+00 3.850531082773402947e-01 2.592127330944859587e+00
2.520183121391019299e+00 3.675574376416299582e-01 2.154459930247059951e+00
2.519534007168499734e+00 3.685984392273902177e-01 2.153392673514119782e+00
2.571715756432880085e+00 4.239797666954008282e-01 2.133081370817139888e+00
2.394163822805169595e+00 5.725897272498701174e-01 2.417746972694619689e+00
2.629985856150849788e+00 6.401685871741904510e-01 2.389721748027489934e+00
2.514631324942440127e+00 5.670203654626602141e-01 2.523846847171949737e+00
2.739892237341899683e+00 6.275479720579302256e-01 2.331230559015419868e+00
2.746453194960150057e+00 6.377100774626704993e-01 2.249839788051189782e+00
2.684795477716140244e+00 6.037383423415600969e-01 2.193619248776099706e+00
2.643969371773879917e+00 6.048847596639006508e-01 2.167138051059029902e+00
2.529472911659460088e+00 4.545201968446004326e-01 2.554357057865639824e+00
2.667414249139119509e+00 5.911769269185696007e-01 2.185931264931579854e+00
2.638433314719129452e+00 5.906584078106404956e-01 2.177549043817039731e+00
2.672368340724839531e+00 6.527317372110099658e-01 2.546128401451440038e+00
2.762354564869080153e+00 6.731570223043001899e-01 2.367957505288679876e+00
2.735175983211649786e+00 6.408236187943898710e-01 2.368266905482999896e+00
2.716123735593339639e+00 6.293302191041905136e-01 2.366994339787889867e+00
2.696933193624829528e+00 6.263855893228702509e-01 2.333346110132439755e+00
2.645384781674329666e+00 6.231017545542900660e-01 2.321390821419810013e+00
2.647878055177699697e+00 6.158458430918105631e-01 2.156897201704469857e+00
2.660445198842400050e+00 5.854234841824401681e-01 2.097485201803759747e+00
2.625229519955459612e+00 5.318054088142105673e-01 2.160528492976459880e+00
1.619569803115590290e+00 4.441929242868003502e-01 2.391374573508219470e+00
1.742205606246050253e+00 4.128444612665902458e-01 2.376580101948669643e+00
2.584501711277280123e+00 6.488384718086501746e-01 2.406773907617609787e+00
2.434920568063299928e+00 6.144940439030899260e-01 2.437356228226829735e+00
2.762171602522240033e+00 6.514811366849901919e-01 2.337273724264139929e+00
1.665001177564180201e+00 5.101134288559501240e-01 2.374236553171940045e+00
2.685051339374249668e+00 5.415124661052599375e-01 2.068075175833389956e+00
2.442875882619939709e+00 5.187169485557199256e-01 2.538777691377729795e+00
2.415695167496399787e+00 6.035083946133503741e-01 2.452433718136489915e+00
2.674556318234760255e+00 6.474214214515801036e-01 2.433660012350589597e+00
2.636238007558179941e+00 6.052828129708898164e-01 2.600877669282430027e+00
1.897844800430829926e+00 4.730322810413400969e-01 2.520737984285419842e+00
1.885481162550249890e+00 4.848141707500104314e-01 2.488735503449009734e+00
1.808669045894569782e+00 5.823968521483802174e-01 2.308277532401880272e+00
2.620437974125970015e+00 5.011199802379902035e-01 2.549964971009929471e+00
2.682068939354889547e+00 5.417281867089303038e-01 2.065247037561079857e+00
2.537334957889789688e+00 5.650483893673603486e-01 2.519750652432769744e+00
2.395348587224589654e+00 6.204983726024801971e-01 2.442317401456959747e+00
2.540622777993729819e+00 5.581476724121803290e-01 2.517133625744500058e+00
2.580585130455959497e+00 6.179957279876397980e-01 2.437957333267089854e+00
2.632872311995259729e+00 6.347957535209902691e-01 2.129617874762479879e+00
2.723723362986899765e+00 6.268602283386901508e-01 2.328727858917069682e+00
2.504010012038710098e+00 3.776747774429798366e-01 2.178323806474419921e+00
2.644271823156009837e+00 5.992859227210105555e-01 1.999079519367600088e+00
2.755071839366650011e+00 6.759790683444701909e-01 2.366600941440249795e+00
2.655529505203629625e+00 5.192037196925503029e-01 1.997727585374769799e+00
2.732983610431249932e+00 6.324589447997006619e-01 2.222716457240049959e+00
2.672246957889319763e+00 6.580035239933799129e-01 2.562615454031719864e+00
2.690197016598629975e+00 6.415990980132104671e-01 2.556040586419679794e+00
2.673919886391789458e+00 6.639054824985699543e-01 2.562690711146049960e+00
2.688441900747899460e+00 6.074607889450105436e-01 2.193601546029319671e+00
2.680570087489849485e+00 7.896453278838204692e-01 2.488651682250999642e+00
2.551298168508749686e+00 4.861584802551199846e-01 2.181171891060889934e+00
2.672741487303829544e+00 6.516849245702200921e-01 2.435053936648519990e+00
2.649859357144339622e+00 8.623180905130698459e-01 2.401760759760219965e+00
2.627045295230540312e+00 8.792883246704505940e-01 2.406233816601349940e+00
2.616152537455439742e+00 8.916983752196803170e-01 2.370952553738459923e+00
2.646351517678680043e+00 8.855732520823698106e-01 2.356629515352290039e+00
2.431053206630250152e+00 1.124238944179290156e+00 2.735512119062649905e+00
2.369626932223729998e+00 1.312739836777690572e+00 2.465580276635510160e+00
2.589399878392909748e+00 6.887566301900405197e-01 2.622785921513219876e+00
2.667516760006940046e+00 6.466083235224899806e-01 2.384718057032969796e+00
2.571097288514419876e+00 9.617544582616905924e-01 2.372313850373419797e+00
2.676825455255860131e+00 6.118256544205105119e-01 2.517350465716229557e+00
2.713462967082929556e+00 6.779863095704905529e-01 2.331193370863129832e+00
2.741802373496909695e+00 6.403409184862101089e-01 2.227503075002870148e+00
2.653677778004610133e+00 5.205373240216604191e-01 2.000639709744209682e+00
1.666490944991970036e+00 4.366320736453299656e-01 2.512171904725200022e+00
2.567766019788840115e+00 4.654823771402798460e-01 2.173608060442139944e+00
2.662148647728869832e+00 5.985318077026702266e-01 1.997231471681029991e+00
2.645332835926150317e+00 6.038666121542604071e-01 2.593936254112619633e+00
2.346599096735920043e+00 1.277094424838250086e+00 2.455225290234469782e+00
1.250821260435730276e+00 5.436676716185904201e-01 2.562617857272569744e+00
2.165366850607009841e+00 7.032501605282097668e-01 2.483779304217149875e+00
2.617481298892759600e+00 7.942037586326902154e-01 2.199710044240719586e+00
2.629694879159790055e+00 7.832844049084204396e-01 2.198020841899569700e+00
2.626525996640409755e+00 7.851404365417702369e-01 2.198030013984719755e+00
2.600881083328409726e+00 8.068985097576504284e-01 2.202728361924889633e+00
2.661241430735119984e+00 5.882468465841503846e-01 2.099326846622229681e+00
2.652793263087989573e+00 7.978216466566603327e-01 2.589877295147129832e+00
2.692170627627350044e+00 8.465028746198000054e-01 2.449941762287020097e+00
2.689808578319089261e+00 6.318136008922701219e-01 2.383676734715169943e+00
2.687418571022719860e+00 6.307959368117102006e-01 2.336434042352760088e+00
2.655973547588410089e+00 6.386374844556306218e-01 2.389408673353459633e+00
2.564726063705220049e+00 6.176846316931803305e-01 2.412483357179469934e+00
2.540742828904900108e+00 9.010781308365001241e-01 2.307738189525530004e+00
2.736612784335499704e+00 6.594774596317904969e-01 2.367133591879219789e+00
2.755664155600739740e+00 6.674549301927703571e-01 2.369001020649329714e+00
2.686899871923749572e+00 6.025050641701106269e-01 2.316821426413069762e+00
2.674636761759989767e+00 7.496362865129004849e-01 2.191447599796129797e+00
2.699492710077919355e+00 5.033194002561900415e-01 1.990067211002879866e+00
2.649393701981580307e+00 4.777296912644801719e-01 2.024031844482300002e+00
2.635624992928629950e+00 6.738952343134900769e-01 2.432024297446869987e+00
2.568241838120710163e+00 5.468234521901600420e-01 2.195442400279169703e+00
2.590956927839159984e+00 6.193904355328399003e-01 1.980334074250759802e+00
2.578222132436109870e+00 4.484367526987897978e-01 1.994743988697939674e+00
2.740866410900069994e+00 6.392855801419405903e-01 2.227922322930889543e+00
2.675098586813739576e+00 5.477918608774301479e-01 2.070722700357009671e+00
2.670332235747559846e+00 5.786340591587599835e-01 2.094745797237790086e+00
2.484989547136009946e+00 3.790078178897904326e-01 2.172979406813289938e+00
2.073248446015819813e+00 4.356853933303901361e-01 2.543854284153979961e+00
-3.068069417235199103e-01 2.241009535629809868e+00 3.073572088759997101e-01
-4.645445964042799192e-01 2.212681402622830085e+00 2.813910850734999691e-01
1.170249087656017456e-02 2.320900495952209930e+00 3.519639379171595195e-01
-1.069275231503649781e+00 1.763814406389529799e+00 1.171000719287859759e+00
4.565016939171984839e-02 2.448848056979720411e+00 4.756755089831976591e-02
1.654420256940670075e+00 4.795445056330602807e-01 2.463072450411279757e+00
-9.787650803995002757e-01 2.137099514783940002e+00 3.886598095490998439e-01
-1.111817692850069816e+00 2.009019405730580132e+00 9.412406205627794620e-01
-1.260474179110139481e+00 1.600984957586070623e+00 9.540579832160198670e-01
-1.205615243884419652e+00 1.517715087604339930e+00 9.904102150006899308e-01
2.650871127037329966e+00 5.646557778866501121e-01 2.577124996517709654e+00
-9.739259596887001047e-01 1.968697431708880119e+00 6.338659353400499796e-01
-1.090473856410019593e+00 1.488542682759310454e+00 1.019645190661209622e+00
-1.013654967382060068e+00 1.985224355046580458e+00 6.124799502616395941e-01
2.467077279881140228e+00 5.716737253457304657e-01 2.517441919696409514e+00
-5.723321046651010796e-02 2.646162646722949319e+00 -3.029789410735599375e-01
-8.314861248352098944e-01 1.774906231040840110e+00 8.785422743646296162e-01
-9.989300346297800282e-01 2.006739877941540406e+00 8.188913769033798751e-01
-3.767983734117196781e-01 2.287388967410760365e+00 2.704885244090298180e-01
-9.980881449392297045e-01 2.198394604062629654e+00 4.773007532526496455e-01
-1.018026849229189956e+00 1.848940849152360455e+00 1.042964424875959750e+00
-1.572921377434020190e-02 2.303341050567619952e+00 3.459246058641998189e-01
-1.044080372165789861e+00 1.870922236346460155e+00 8.037181886451096879e-01
-5.385721099798976980e-02 2.325659926762270402e+00 3.259810173754291718e-01
-3.129242688942199813e-01 2.260860789114829572e+00 2.925459981910196738e-01
-1.522712949213968908e-02 2.341792195656870135e+00 -2.684173437422092690e-01
-9.624514072669296816e-01 2.113320671784930660e+00 4.004368864968594899e-01
-7.842574002507797237e-01 2.234591257184060709e+00 3.056812615966797431e-01
1.789262639907630126e+00 5.024127443177099916e-01 2.319613608543549699e+00
-9.904564898265101336e-01 2.086292628329210253e+00 6.932311459294298039e-01
-1.213294121638964357e-02 2.250856997876409693e+00 2.959014882739898766e-01
-5.178385225560599991e-01 2.623548771578169791e+00 1.075408788396901016e-01
-5.675764651181996329e-02 2.429327311033021353e+00 -3.732205818465201830e-01
-1.090066470495539841e+00 1.889157543446249976e+00 7.912328409200197754e-01
-2.687067364288981547e-02 2.352009423195859483e+00 3.326768875465795361e-01
-7.492121173665029776e-02 2.550993053014839695e+00 -3.944040196275011567e-02
-2.891897741418899548e-01 1.903935383000310066e+00 1.874901201145298124e-01
7.749542884903032683e-04 2.416627662269079657e+00 1.290342677781701752e-01
1.556676773840034479e-03 2.326835503568849717e+00 -2.606986906323900399e-01
7.926091881028900499e-01 2.328805153681400952e+00 8.963493355887894865e-01
1.437948087076680093e+00 1.746168330547630765e+00 1.222229572979609991e+00
8.946388300632963919e-02 2.302002478083670312e+00 2.964381091866692408e-01
-8.382681167829697522e-01 2.861424253241740878e+00 2.750901315884002329e-01
-4.227944795147899892e-01 2.242924188350659875e+00 3.546233066679600476e-01
-4.819644849641992884e-02 2.657121631355900959e+00 -2.868931062164206125e-01
-1.169186321273198853e-01 2.744448297153080141e+00 -2.986905538885400446e-01
-1.076128847961909996e+00 1.699378657953469984e+00 6.349260783935197772e-01
-3.579878213219050281e-02 2.300161420737270035e+00 2.282744757781696165e-01
-4.021390787840044972e-02 2.513847325217779982e+00 -1.093945001877028034e-02
-2.262082142675904406e-01 3.588705508767270125e+00 6.740055330110017451e-02
-1.046193174687059635e+00 1.686885268495159851e+00 8.501176936498997527e-01
-1.297189419482193684e-01 2.413507186229120194e+00 2.956359166219599821e-01
2.719641321805529532e+00 6.350527903600402535e-01 2.073059802734479540e+00
-9.795694418840199535e-01 1.976401165353430356e+00 6.293144551182194846e-01
-9.283297693035800213e-01 1.386935710788980147e+00 9.724252833837598864e-01
-5.104279084695580337e+00 1.395445085400739638e+00 2.272686603206979239e+00
-1.049754668259919699e+00 1.764411933022520751e+00 1.177300934000879984e+00
-4.474788915119059851e+00 1.148767879180579987e+00 2.450881317950969862e+00
-1.151838843287450009e+00 1.485619579999210016e+00 9.474715687270593989e-01
-3.541421642104550127e+00 1.826083567531709972e+00 1.461960803932009778e+00
1.618982004239150063e+00 4.172667589179204217e-01 2.270502081565870078e+00
