3.209394415954439861e+00 3.286206267072300236e-01 2.335014457809290178e+00
2.549695245132820087e+00 3.740773991693600031e-01 2.795514875596319726e+00
2.273196505734140338e+00 5.081843283365397035e-01 2.604561640796440258e+00
2.601264144448839577e+00 4.055539188205701251e-01 2.772211027969589736e+00
2.321347228918800187e+00 5.644235373731496530e-01 2.518876610649050107e+00
2.102464676640820151e+00 4.345983750150099745e-01 2.693639036619569715e+00
2.166909716832119859e+00 3.891058861833296412e-01 2.446420610662969786e+00
2.324806813514479931e+00 5.634236097154099454e-01 2.520528183776229891e+00
3.040111357666039904e+00 3.832626346758596370e-01 2.913400578188140244e+00
2.262661396249859624e+00 4.540047922160694860e-01 2.585532653033809858e+00
3.061896050754199905e+00 2.548003692153497646e-01 2.504257128103450025e+00
3.263651142572999930e+00 4.781133081907200655e-01 2.633484394669399986e+00
3.060328037486539809e+00 2.582057676676698943e-01 2.500375924501990088e+00
3.120358118519639845e+00 3.084329519060600155e-01 2.491646958059539951e+00
3.148641127163119613e+00 5.163770739525896936e-01 2.759894217458469967e+00
3.003556266260180241e+00 4.538277372256098730e-01 2.867990645325430243e+00
3.236124499669080112e+00 4.760813805655597086e-01 2.576835860823079916e+00
3.201372466497300007e+00 4.813211158142496338e-01 2.543158271627750100e+00
3.192653224550400015e+00 4.676282583386099923e-01 2.551984724676350069e+00
3.213949211421740060e+00 5.240995150885199294e-01 2.821354244809239908e+00
3.285222857028199606e+00 5.366042215457000886e-01 2.764331254354900125e+00
3.236135458462960468e+00 4.974393884999996907e-01 2.753581884889860110e+00
3.161748377968119694e+00 3.288909328094198337e-01 2.358351081905220248e+00
3.208164190069920263e+00 4.919195568005196861e-01 2.534111520852019961e+00
3.071636401886820078e+00 3.789578978605701032e-01 2.283859831113470129e+00
3.153519237941400100e+00 4.930179894406498953e-01 2.913935983953650055e+00
2.172393692131600051e+00 2.659849644800100776e-01 2.527002394631249871e+00
3.254971471169040065e+00 4.900562261516596685e-01 2.646413978963240154e+00
2.142578121201720087e+00 4.185938352875298030e-01 2.565921544099669660e+00
3.297316803724519740e+00 4.963126843043097480e-01 2.625219137822170090e+00
2.262317272580839589e+00 3.756773033201699086e-01 2.573785963187289916e+00
2.928090698515440238e+00 5.008002060148397661e-01 2.780693242104439911e+00
3.107665761982359776e+00 4.303163854584499681e-01 2.880695680666109926e+00
3.161707659480219590e+00 5.288791825653897938e-01 2.917992704444670071e+00
3.184514181811939793e+00 5.190263127609302529e-01 2.811622406259790097e+00
3.163403708213039955e+00 5.250031415285101311e-01 2.765050842354889848e+00
3.239194050545260328e+00 5.025747626959096159e-01 2.711006174383709943e+00
2.356092836841960469e+00 5.384715955617096483e-01 2.523439102706809933e+00
3.213967474208780040e+00 5.257753390160493367e-01 2.820678985714029974e+00
3.090678695221259709e+00 2.889539015560096402e-01 2.456268679005709998e+00
3.095838152274799526e+00 3.778818178857097365e-01 2.911994440031349995e+00
2.923499411316559993e+00 4.993098681918795023e-01 2.780036488947459805e+00
3.160873919439840307e+00 5.112609542022998887e-01 2.865796061473639966e+00
3.029406648335600138e+00 4.425363631925698371e-01 2.866090576401549850e+00
2.926301825793439892e+00 4.995782391714600479e-01 2.779317054392739905e+00
3.276383084655440037e+00 5.261714477296899339e-01 2.766140603924889696e+00
3.232540965542940015e+00 4.971188963989603415e-01 2.747571442270639874e+00
3.225314214830859783e+00 3.578302484630095925e-01 2.405853121149209795e+00
3.268359650313700016e+00 5.163794297069101980e-01 2.759989599904350221e+00
3.160801600982919624e+00 5.129937637535095796e-01 2.864297806028069715e+00
3.278627137416879833e+00 5.401229107025495857e-01 2.761693527174029938e+00
2.915100324542379884e+00 4.196022767924496577e-01 2.869257921805830058e+00
2.941666709510880384e+00 1.207941704401239935e+00 2.800268901135980038e+00
3.044882953665939862e+00 3.094919824759700955e-01 2.448060300619889773e+00
3.149484692007800124e+00 4.993319484512399598e-01 2.878313977244499888e+00
2.931507764604979638e+00 5.005564711610399620e-01 2.781405737252679700e+00
3.234945331310759897e+00 5.360013099209601783e-01 2.678567029064660154e+00
2.289420527317619580e+00 5.036049115465797144e-01 2.610433126107019941e+00
3.186467802848159891e+00 5.020464676301998885e-01 2.350117433426359703e+00
2.608667487429920051e+00 4.019115892628097875e-01 2.775774744706270170e+00
2.177872750610759578e+00 3.198889215528799568e-01 2.502590989665559817e+00
2.130334554553279691e+00 3.887327559618900530e-01 2.551725828843429689e+00
2.194497041664860149e+00 3.983167838727399435e-01 2.574736474998760016e+00
1.321477206970640417e+00 2.933287888170799551e+00 -6.876201935939603160e-01
1.134500156066740262e+00 2.454273897865150378e+00 3.062204504355894308e-01
6.988923366717980645e-02 2.320592579402479760e+00 4.339327785001794169e-01
2.530965849247599930e+00 5.558061044413395990e-01 2.500812045120599958e+00
1.235917534343900170e+00 2.502782200096369092e+00 1.322725223027498842e-01
-3.659941703322259876e+00 1.756544967623679732e+00 1.339506775629540236e+00
2.166291659322280072e+00 4.499707944918096558e-01 2.643754873702230057e+00
-2.224324537547989200e-02 2.197678755228650083e+00 7.109588263966690747e-01
2.958735865701000112e+00 4.630787093510195795e-01 2.852837590541599688e+00
6.584296660003799984e-01 2.390940764760458581e+00 1.422482799870796732e-01
2.335012463183260056e+00 4.585393531260795186e-01 2.528291966419859982e+00
2.921498809790359807e+00 4.256605777546398350e-01 2.870965656276459832e+00
1.051356493617800619e-01 2.349010374009369517e+00 2.462241778498297506e-01
-2.059917803854279583e+00 2.216427545590769821e+00 7.509447688598704929e-01
1.123676224050403211e-01 2.428774077826429956e+00 2.355879693987898982e-01
-4.737983379296015207e-02 2.079288448388449950e+00 7.785717681273895963e-01
3.099385259685080385e+00 3.672594446623800302e-01 2.535323522820879916e+00
-2.230162810675359708e+00 2.238040725394450092e+00 7.584966954478895573e-01
4.741373096015604194e-01 2.388347973774299415e+00 1.472026454533605921e-01
1.538823542187801319e-01 2.341152614926040432e+00 1.647740540759792260e-01
2.098459348100779831e+00 2.930377269440999743e+00 5.001226626620800531e-01
-3.612979132817459416e+00 1.851559381569159779e+00 1.285913557818739505e+00
6.827124895080016742e-02 2.315092900652389929e+00 4.462610032281499883e-01
-6.612383075465980142e-02 2.127848070861710461e+00 5.188286322431894249e-01
2.237426847072319980e+00 2.640651063498959505e+00 7.049235994595197674e-01
1.103377146003120091e+00 2.489073839988670489e+00 2.807652593713698685e-01
-6.377710236178002479e-02 1.934487109249259706e+00 4.698631615049198018e-01
8.328298783027202612e-01 2.069267680480369354e+00 7.771896799396982303e-02
8.690308935085596653e-01 2.953076779671659491e+00 -1.020722728757640141e+00
1.241730770911079640e+00 2.465038120207720507e+00 -2.970036780194202919e-01
6.812012905319201339e-01 2.383762945422750246e+00 1.562473359893696845e-01
1.219297792934839864e+00 2.428328419773689628e+00 2.659305020824889176e-01
-1.137908411296198186e-01 1.839407900069919943e+00 8.769786100713803378e-01
1.571409833419798452e-01 2.165221720186639498e+00 4.325104691409791258e-01
-7.355832591688019839e+00 6.168494503100770743e+00 -2.465889698840772581e+00
-3.611867657668739184e+00 1.852740731475359670e+00 1.286015376626960194e+00
