-6.236830810309299533e-01 -1.544145069481901444e-01 2.310190214494129979e+00
-5.736112019449701727e-01 5.700277308435000023e-01 1.930624723317800218e+00
-9.804595549211798655e-01 6.061038518848897994e-01 1.950482816518300133e+00
-2.137131796548199514e-01 1.135932425285197667e-01 2.486671759619020428e+00
-3.393379398278901782e-01 1.732970175479020547e-02 2.492178875229739798e+00
-7.104454399822899280e-01 1.439063046998896311e-01 2.537832361223450128e+00
-3.752134276371998922e-01 6.411759943961015118e-02 2.539269334804139966e+00
-2.963128110868200604e-01 4.044306858042201469e-01 2.020163198601780508e+00
-3.049199789754997170e-01 -6.933113067272000940e-02 2.427077557828320131e+00
-6.057581909002398568e-01 3.797587475755297426e-01 2.217795131449570079e+00
-6.772235230305012621e-02 2.502949043014801589e-01 2.217892937212130100e+00
-6.754433705385600728e-01 3.268609647016904596e-01 2.282117598634240352e+00
-1.009414745921020096e+00 1.670177484023498415e-01 2.533236530962920341e+00
-7.352653033567799756e-01 2.370822090716604436e-01 2.383352733048200278e+00
-7.355172051321496873e-01 1.651946603828999827e-01 2.562392929213659798e+00
-2.429456449022899811e-01 -9.882697921101013527e-02 2.378003189157869901e+00
-1.014817324305629986e+00 5.959153707981990067e-02 2.533893918901880316e+00
-1.013922579714069849e+00 5.777997508007981509e-02 2.534593806736860522e+00
-1.705510959507698932e-01 5.794828923899202344e-01 1.857169806555199809e+00
-4.729849184714298715e-01 5.901532279393499891e-01 1.895734147439770201e+00
-4.068956466608100175e-01 -1.773097695541800967e-01 2.410798795048240351e+00
-9.991307226699099875e-01 5.185850839649899235e-01 2.065693000137270197e+00
-4.513730763060301854e-01 4.650566065415300265e-01 2.052794953735970207e+00
-1.235017960752000654e-01 9.983719508050992175e-02 2.439907473393350124e+00
-2.851437057173700218e-01 8.508134345629025930e-02 2.497972665861840191e+00
-1.642926012865200125e-01 -4.141733433549021903e-02 2.379687084254490159e+00
-6.507130249425399082e-01 4.341109778989800105e-01 2.112380181562079962e+00
-1.043073031928229977e+00 6.645284420674024695e-02 2.548805746445749865e+00
-1.181982668022909966e+00 3.203412500187985401e-02 2.800325193035980043e+00
-9.922125163967998596e-02 5.275654361461601383e-01 1.959005444920240091e+00
-3.321836115373799636e-01 3.179978340836009387e-02 2.512336754812249939e+00
-1.017046311407099335e-01 2.304304746034397944e-01 2.270227337636660181e+00
-1.549840457137097172e-01 1.020093526045702248e-01 2.444421656656630137e+00
-4.865049811066801677e-01 3.819654792697999568e-01 2.140328957003799992e+00
-6.649348654682007975e-02 2.496769753272398695e-01 2.222262264206929849e+00
-7.620477110075700722e-01 2.350882903557702797e-01 2.321401989652460252e+00
-5.595073196695701245e-01 5.426834861151599299e-01 1.908501113510360003e+00
-7.593073526785598659e-01 1.101472325025003585e-01 2.585633127105570139e+00
-6.734018103203498473e-01 3.265923975505100607e-01 2.273855272451149823e+00
-4.483794074014999520e-01 4.493284302547997378e-01 2.000885288792400019e+00
-6.273241922169798812e-01 3.807311292418300575e-01 2.188744920375349956e+00
-1.191348316252100137e+00 6.540379904211199857e-01 1.807461598074080023e+00
-1.065192295946630008e+00 6.510923558075902839e-01 1.977993425442690079e+00
-1.373693266097660182e+00 4.893541767009299548e-01 1.816198432947340180e+00
-1.476880775974890092e+00 2.556251853038502553e-01 1.755551151885780037e+00
-1.026818256698159848e+00 -2.659105168619502191e-01 2.650470100657019934e+00
-1.204763845523160182e+00 6.810478470485299418e-01 1.818246042526490136e+00
-1.154261514740439587e+00 -2.977714313493997622e-01 2.707703878355850247e+00
-1.155705131313919942e+00 -1.709125456109701346e-01 2.767831037091089907e+00
-1.382592338378070274e+00 4.551255400573395171e-01 1.778708265518380127e+00
-1.081778215535809995e+00 -2.831624795551099805e-01 2.683122613387360023e+00
-1.410435927034400017e+00 3.890387201894101032e-01 1.721946710154679927e+00
-1.485924177812259828e+00 4.943771478860599089e-01 1.881155255453189845e+00
-1.178414949444900106e+00 1.535756015972022936e-02 2.821796634968519957e+00
-3.978150023040698535e-01 3.894428617205298870e-01 2.063666438741070142e+00
-6.312213005999001147e-01 3.801610888124700161e-01 2.195617128974870269e+00
-5.642286774779998737e-01 9.521279726008295974e-01 2.354930821624590109e+00
-3.676530376982500847e-01 3.751831752729901659e-01 2.095634547877180065e+00
-1.050734747031989880e+00 -3.021997933443401063e-01 2.658552834998750392e+00
-1.087066166271940304e+00 -2.785875555657701952e-01 2.670498635739350313e+00
-1.151312798019390016e+00 6.662029347858999806e-01 1.879775541708660125e+00
-3.055728138312099329e-01 3.429227314956801997e-01 2.188019205853430016e+00
-9.581207058860301551e-01 5.855416870756000591e-01 1.978327135385970159e+00
-6.663293730723800490e-01 4.200734393100300501e-01 2.114834939454059981e+00
-5.020471177022600706e-01 4.077981223187601145e-01 2.144924161201950064e+00
-7.598629950529196542e-01 1.933189530276999690e-01 2.536944786294280441e+00
-7.351850067799401423e-01 1.837671669275198205e-01 2.560746840884090325e+00
-1.482309618845380150e+00 2.706242599594799181e-01 1.997590374120790102e+00
-1.050957173596219540e+00 -3.014698938534801087e-01 2.661479368099290088e+00
-5.928445841797798099e-01 3.954707252978799659e-01 2.161688451158520152e+00
-6.309578043537400482e-01 -1.526345970242499739e-01 2.320283311959919992e+00
-2.875528116626200337e-01 -2.105181545010199606e-01 2.355138939633740325e+00
-5.143812491087400574e-01 2.265802748946303957e-01 2.420199053377440013e+00
-1.186632095074339865e+00 6.670769368795799181e-01 1.823613046147209982e+00
-9.872945260378198640e-01 -2.104903562929600902e-01 2.436484112808530167e+00
-8.190134433414102411e-01 1.041154233047900668e-01 2.633199141503249852e+00
-3.804293630246400326e-01 6.860459084960002230e-02 2.511152549072030116e+00
-5.675010686537900195e-01 2.303264047542801229e-01 2.379047667445369996e+00
-9.818085823182700622e-01 6.592042447457702181e-01 2.001075154517619747e+00
-3.872377599538301407e-01 1.607589825744502043e-01 2.505089576128449735e+00
-1.021976100934349985e+00 -3.916852210372101517e-01 2.603557781687159789e+00
-1.008867360304189775e+00 -3.662460779865202021e-01 2.652735455312380086e+00
-1.074505551544310045e+00 -4.008705155908101059e-01 2.619928372746150202e+00
-6.167966418008499208e-01 5.518568236747198874e-01 1.919707232834920063e+00
-1.055625972014659908e+00 -3.300573656258198874e-01 2.652289403086210307e+00
-1.072257974478879827e+00 -3.602382622244999499e-01 2.642292287519820260e+00
-1.496524093903089714e+00 3.680714522219998841e-01 1.777630552074390025e+00
-1.007093871686949971e+00 -2.859841016924997703e-01 2.646639926936890319e+00
-9.614740152040599508e-01 5.796291071886496837e-01 1.973759180509929934e+00
-1.488702576149850021e+00 2.231339909355396500e-01 1.879692373090669832e+00
-1.707178051329800716e-01 5.821715151529298637e-01 1.859250053453390450e+00
-1.426503817333870217e+00 3.647998145235202827e-01 1.726536897356119926e+00
-3.070428251181400725e-01 4.035991180857800842e-01 2.020230599902769875e+00
-6.267747880742600142e-01 3.920690628125198529e-01 2.124541018927540215e+00
-1.019466623591660071e+00 6.383899144881399756e-01 1.947607201124680110e+00
-1.005071404919100075e-01 5.341481646821901741e-01 1.895837181392559856e+00
-3.828481209434400068e-01 4.444086076349802461e-01 1.947801103893730179e+00
-2.885422145946499040e-01 4.802565825434901292e-01 1.907484341974510222e+00
-3.873910974511600713e-01 4.426750676927202477e-01 1.946682785505819968e+00
-4.723708287968799713e-01 4.932309455074701532e-01 1.988818058944770151e+00
-3.566011651248399694e-01 4.422447076898698981e-01 1.967437947459750092e+00
-1.452352896394869752e+00 3.320123037919100462e-01 1.698921581170159900e+00
-1.457932206780940376e+00 2.897762639234300330e-01 1.715903977970369976e+00
-1.432616829326390118e+00 2.360412327422602985e-01 1.780398997327610200e+00
-1.449013853458970047e+00 2.650464385587500971e-01 1.752896935821960156e+00
-1.461211626574179689e+00 2.580457661490900279e-01 2.403283813744700126e+00
-1.208152150844109762e+00 6.799793844152599576e-01 1.814553723547839947e+00
-9.470862734912099956e-01 -2.230710416488501657e-01 2.413473218961040168e+00
-6.154981689918099796e-01 -1.570405212249501581e-01 2.327763290291730236e+00
-3.273140375212899578e-01 4.023870803243898564e-01 1.972751526149719936e+00
-2.273924205133899257e-01 5.040747176745998814e-01 1.907380868206829838e+00
-1.473783936959249807e+00 2.428220854844198584e-01 1.801764349674840116e+00
-1.010684940661499942e+00 -3.589429044212100184e-01 2.607531192504920270e+00
-1.181137680975250071e+00 -2.589339019765399819e-01 2.585621108866639872e+00
-5.835990366530401374e-01 1.121524006654590178e+00 2.237762048509390311e+00
-1.372498559521000416e-01 4.589282758967998532e-01 1.999226147837060097e+00
-6.238469218991999909e-01 1.071011604134740391e+00 2.140603935863259810e+00
-7.232157365561198148e-01 -3.064246047105199100e-01 2.562014484349320220e+00
-5.910183163623099478e-01 1.137033860989200118e+00 2.255339782031979823e+00
-3.993512190103298831e-01 2.589965633286697155e-01 2.348790128895310136e+00
-6.609882865713201383e-01 4.254218161519700558e-01 2.106538586809799884e+00
-6.031382523721500188e-01 5.513956587683295218e-01 1.924639814094770252e+00
-4.918441449604400439e-01 2.265893951177497811e-01 2.403330410560360342e+00
-1.157055276400849930e+00 6.095139096926498468e-01 1.913327719072180244e+00
-1.490959338578429882e+00 2.245414414949498116e-01 1.882788320825469874e+00
-1.456423220426890097e+00 3.097814267546099565e-01 1.724444058359660303e+00
-5.343306897684898527e-01 6.889095256257302680e-01 1.971986451468680013e+00
-1.464346996045000182e+00 2.215492537415695296e-01 1.826804067286280198e+00
-1.057244275337509976e+00 6.869934098666803379e-01 1.978775361317750114e+00
-4.859439931947597824e-01 5.737954831847300596e-01 1.867771901339650320e+00
-5.290124972447700635e-01 5.454416637517001121e-01 1.883769616440059913e+00
-5.232860648228598865e-01 5.574289051044800658e-01 1.913627635749790112e+00
-9.883513901495497578e-01 6.092156900350698123e-01 1.955859910736420293e+00
-9.920262389618799137e-01 6.600632828258801155e-01 1.988184949649129951e+00
-1.485708568994279943e+00 2.241364837668902155e-01 1.881387861464419942e+00
-1.408395573553729907e+00 3.908291966255399430e-01 1.725211948722390254e+00
-3.750076922893099685e-01 4.462858930273401192e-01 1.952525247764389960e+00
-9.789149681124900138e-01 5.567805990355001455e-01 1.961889774988629931e+00
-3.456172002257200671e-01 4.453018349182200630e-01 1.971986406050190155e+00
-1.374776817755039904e+00 4.195150485880896341e-01 1.729134571298690304e+00
-3.538034209892699788e-01 4.438935004473401058e-01 1.964027388226790016e+00
-1.471288997937589826e+00 2.518686858862899669e-01 1.763449747908929943e+00
-5.346347925890200248e-01 1.132921676384889942e+00 2.184879659754229930e+00
-3.429365817782299430e-01 4.008865746660599250e-01 2.037618219559820254e+00
-5.998146213187498521e-01 3.965894511828000901e-01 2.148732237116200317e+00
-1.084680239700969828e+00 5.976847701916296884e-01 1.972841893271460201e+00
-1.452060155593390078e+00 2.563162318731397882e-01 1.773511420837690089e+00
-4.690223845820598036e-01 4.217262913908195188e-01 2.004460775822940022e+00
-1.485943971322099877e+00 2.342511014304902162e-01 1.797273919672380149e+00
-5.739763656652598911e-01 7.821097001040797636e-01 2.195392580853380071e+00
-1.376368401705259981e+00 4.192194077727595669e-01 1.729553124813810072e+00
-9.767816446012800302e-01 6.169643371881101679e-01 1.969910043315049819e+00
-2.378291884271799272e-01 3.557363925888199496e-01 2.124623335424939974e+00
-1.332142496243979846e+00 3.266636261057600521e-01 1.751317275771859805e+00
1.418388041238600739e-01 3.027245931757898134e-01 2.346569070401350210e+00
-1.155783837959590166e+00 6.939687002498500235e-01 1.883870468285010258e+00
-1.488837580183520082e+00 2.229336640418200233e-01 1.876479750388850398e+00
-1.454509645016170083e+00 2.102795706730500314e-01 1.929118725678720114e+00
-9.984472683918099722e-01 -2.757838613648000425e-01 2.684062742585449968e+00
-3.927011801796400636e-01 2.342468560096802044e-01 2.340890570396680026e+00
-3.190372388605700049e-01 2.172987203933498535e-01 2.383110284047480043e+00
-1.494517830082040533e+00 4.906045055493799545e-01 1.855727732512220118e+00
-1.219378882048389734e+00 2.413187373220599952e-01 1.920543317910920145e+00
-3.612078963761100603e-01 4.210375110897697226e-01 2.110500605081529812e+00
-1.012201946153469923e+00 -3.279295472989400828e-01 2.659762055655459978e+00
-1.336324690076540200e+00 3.322661621621501027e-01 1.746941891400469959e+00
-5.566946848384899393e-01 5.466451356918504700e-01 1.899691162805420053e+00
-1.175239056832880102e+00 6.725636216313501947e-01 1.837580718889209930e+00
-1.176936035778379797e+00 6.213348823025302003e-01 1.835683463420810124e+00
-1.495408438119979699e+00 3.672214332311498630e-01 1.777397893282619989e+00
-1.396822853686400023e+00 4.726233491861497882e-01 1.772751520897589916e+00
-1.425929001281870168e+00 3.671118026946600388e-01 1.725902860333260236e+00
-1.204091345685149861e+00 6.130069697384299410e-01 1.811255927193530013e+00
-1.341285444256230086e+00 4.212140498587402249e-01 1.731468261764510075e+00
-2.525564171492498122e-01 2.384499711371397268e-01 2.405555214760540128e+00
-1.428703546203119679e+00 2.138774605095399295e-01 1.828568790530700205e+00
-1.074728925995169782e+00 -4.025011957624899939e-01 2.627614893289330400e+00
-1.601620511422996440e-02 2.623399570845301731e-01 2.374324790981289901e+00
-1.445280796952019831e+00 2.655980596764400126e-01 1.754134002514990076e+00
-3.941983167457401294e-01 1.576998172819799038e-01 2.546172580648300432e+00
-1.464460166074980307e+00 2.568698156119397780e-01 1.778115293311119949e+00
-1.190653275472870032e+00 6.579825058449397801e-01 1.813004657584480039e+00
-1.339283197105220147e+00 2.818663360195801104e-01 1.768799166692230251e+00
-2.959554293008599402e-01 5.365597180141001843e-01 1.939424770387530028e+00
-1.058825149628599416e-01 5.848527121341602353e-01 1.811710499741490121e+00
-9.433190608445900516e-01 -2.831500970798201955e-01 2.562235629527310099e+00
-6.335245195037400023e-01 -8.489346707044997942e-02 2.330744881943100033e+00
-9.442357475035199066e-01 -2.800534804172198911e-01 2.561671575572720183e+00
-5.380427864608299249e-01 8.965320728109800186e-01 2.089119265804269876e+00
-6.937107625822300783e-01 -3.191705522302497045e-01 2.601506477980569887e+00
-2.844818488043900917e-01 3.591495296221198785e-01 2.122918049531050233e+00
-6.479606725242992304e-02 6.111784480554698362e-01 1.860314340156610236e+00
-3.399797480126298677e-01 4.951579435546702435e-01 1.906154348823100086e+00
-2.857875931608899744e-01 4.792115229284701350e-01 1.909370432616410262e+00
-2.937814425440301580e-01 5.034220885256002198e-01 1.930591120225599866e+00
-2.213994102022001087e-01 4.951525038660702371e-01 1.955726433432969813e+00
-1.107776892750599984e+00 6.213503872470700351e-01 1.954561666471230197e+00
-6.422138849939000860e-01 4.218428902150499482e-01 2.141941964638240048e+00
-5.328315605732498739e-01 6.790441656318400021e-01 1.965085383868820035e+00
-1.051268897220830389e+00 1.842752811167702731e-01 2.544797454494520217e+00
-1.041515575410569827e+00 1.818479568356599074e-01 2.559623277236839911e+00
-4.599497252774400469e-01 4.064153647171502293e-01 1.988693522702099870e+00
-3.195200118856800220e-01 4.728767447260699974e-01 1.885932489095790032e+00
-6.078018319524898239e-01 -1.668836383561902448e-01 2.294496254545729919e+00
-5.680891867057600297e-01 -1.794210500455397650e-01 2.340151314531780269e+00
-1.179469097824580093e+00 6.396187577287899551e-01 1.833690473301800239e+00
-1.426469121346539914e+00 3.684707121911596772e-01 1.728521762601570089e+00
-5.267977031191701798e-01 3.511929768912001038e-01 2.182399741384839942e+00
-3.372702526303499315e-01 3.640877364953598594e-01 2.185415285986040068e+00
1.338022429500997923e-01 5.274765811151000960e-01 1.891833848045769706e+00
-6.454204925992199637e-01 1.473448713692797618e-01 2.388836153279959795e+00
-1.155080520017129686e+00 -1.657571093401601914e-01 2.708342680520380075e+00
-5.584664127954901414e-01 1.135899869951400021e+00 2.302644500289559915e+00
-5.698198248890300466e-01 1.130146513380319906e+00 2.293574957312819684e+00
-1.496480368942769701e+00 2.395133843039598531e-01 1.875216002674360283e+00
-1.641465183749299950e-01 3.705154304437203727e-01 2.175204366549159829e+00
-3.476912444580992911e-02 4.490111726638401635e-01 2.093313662225430249e+00
-7.125985469650997217e-02 4.524637863266200988e-01 1.998788380733599990e+00
-1.298045579067601540e-01 -1.761400714908099019e-01 2.302900671401079791e+00
-1.339106114928498847e-01 3.277355364955498729e-01 2.271393104241879790e+00
-1.786803094541700165e-01 3.184995785824300540e-01 2.232451418022539880e+00
-1.502557272882659944e+00 2.350495157344498764e-01 1.850154056100799860e+00
-1.158307428323340105e+00 6.323638170544199077e-01 1.861055598546180079e+00
-1.131375972922799011e-01 4.707427421881402729e-01 1.968088696239669755e+00
-1.459596719128899434e-01 -1.203599619297699430e-01 2.328338770665479895e+00
-8.156842741090986060e-02 1.207847010037180091e+00 2.045902682755579960e+00
-4.291952307599999905e-02 1.232097019142030181e+00 2.067151331435399975e+00
-6.879534064897008250e-02 1.213364188595550175e+00 2.080128662457479738e+00
-2.640367486950099263e-01 3.112082404682898762e-01 2.184031850158899779e+00
-7.723625031486980319e-02 1.212478798139229763e+00 2.078697090488419885e+00
-5.040193513466599828e-01 2.964577378979700306e-01 2.183217839221220036e+00
2.066512319867701564e-01 5.017122969182796766e-01 1.940136013703799733e+00
4.011823942217500605e-01 3.283618997099098102e-01 2.435783941298830246e+00
3.171426563219599259e-01 3.872819648065601861e-01 2.045991123682390000e+00
2.393413368617399728e-01 3.707287303987003568e-01 2.133841935174789928e+00
1.077801073229802675e-01 4.533121343496402389e-01 2.010282543280649925e+00
1.977998724562901600e-01 4.500691767430895496e-01 2.090811625789420258e+00
-3.421580372534398506e-01 2.024583717432015817e-02 2.492084999507830023e+00
9.512713735650002445e-02 3.598138843654399288e-01 2.218418243497449982e+00
3.248112678015013799e-02 3.793017443709603143e-01 2.252152308245999990e+00
-1.357940495513598744e-01 1.042661900480199577e-01 2.432890534318739917e+00
-2.762751905856697388e-01 8.649284512548005566e-02 2.494416613036400054e+00
-4.056030931742500290e-01 1.663117379844201160e-01 2.480450812528010029e+00
-4.253198846233199326e-01 1.557073443308301108e-01 2.608675908292990009e+00
-9.450885305065899189e-01 -2.423281207705603180e-01 2.536989390673999978e+00
-3.860447289678992089e-02 2.637423861744299103e-01 2.345936843360310053e+00
-3.478863578299200565e-01 1.880384807097899014e-01 2.453087914124799873e+00
-4.572908096022700875e-01 4.981032075633198275e-01 2.009145566115079884e+00
-1.137512562428999452e-02 9.313855854679200519e-01 1.871157764200039875e+00
1.070795343719010972e-02 9.543617534328099339e-01 1.869369112109350084e+00
-4.621656027802401034e-01 3.568884377685401788e-01 2.262850242478299911e+00
1.338264056732800800e-01 9.445093486742899280e-01 1.841381194973940261e+00
-1.835501936999999195e-01 8.235666648496602349e-01 1.782647233395250108e+00
-9.484567051457899467e-01 5.990033585257004134e-02 2.765532467339330225e+00
-5.154773448460401308e-01 1.150960382274940130e+00 2.206577145452709665e+00
-4.082457609284697586e-01 3.731969162103698778e-01 2.160978533773400212e+00
-3.330402107433900749e-01 3.458001949103901573e-01 2.188524619800159776e+00
-1.030108150606340089e+00 5.995149943208000209e-02 2.565874637202779862e+00
-3.720821077202498550e-01 -2.180078332626202986e-01 2.391454413395599943e+00
-1.183388234204598710e-01 4.497179189472597649e-01 1.985298606133779842e+00
-3.168066177721700072e-01 3.487152737309702211e-01 2.203178416906949710e+00
-4.203962133288698944e-01 -1.762253787802801064e-01 2.398669298782070136e+00
2.253466886260300228e-01 5.596044626224498941e-01 1.906114493112060160e+00
-4.713184891563297896e-01 3.751241191048797496e-01 2.133485372856839923e+00
-4.725205971792199033e-01 3.939018918531700386e-01 2.144779677245289840e+00
-5.737122125015599039e-01 5.657065862396000178e-01 1.952825626908549772e+00
-1.002116090605930099e+00 -2.140584830642302538e-01 2.427240688167410454e+00
-9.761947087451399163e-01 -2.260729389242599474e-01 2.462502575146789940e+00
-9.195962244421300724e-01 -2.400976257686799897e-01 2.471832757111290135e+00
-4.782567393604697514e-01 5.935135345230695414e-01 1.900724007193680176e+00
-4.692905253039099112e-01 6.005963370607600993e-01 1.911228122679160091e+00
-5.395608025421800846e-01 6.260724307502103514e-01 1.935870655460190104e+00
-2.769055721429298789e-01 3.567740622037800513e-01 2.236008409079830450e+00
-3.593885854149498904e-01 1.850067678987996622e-01 2.462622993846280028e+00
-8.359277546499699341e-01 3.012670731171298577e-01 2.331933031451820071e+00
-6.643985041483699838e-01 4.174171012122598334e-01 2.147783618230870051e+00
-8.485496872797000378e-01 1.068885905067196163e-01 2.650756208411769954e+00
8.329592390772000421e-02 5.349378544450900108e-01 1.895102249546949835e+00
1.657498943015298654e-01 5.336031754069301414e-01 1.896707562222959886e+00
3.248803868576198850e-01 6.112696918475295504e-01 1.863339817455409886e+00
-2.339333402412799856e-01 -1.895845986790902771e-01 2.321915336604730040e+00
2.435310332087302632e-01 5.698818388190498574e-01 1.832725650946709806e+00
-3.549036881531999477e-01 3.163272483542902691e-01 2.311154168277009813e+00
1.608838020598901686e-01 5.343240837022600331e-01 1.892878623234139912e+00
2.583147323417200880e-01 5.739028849092902007e-01 1.833162877286210080e+00
2.106277578004700501e-01 5.569512190065499802e-01 1.838511545029129834e+00
3.087441223724001205e-01 5.761390043184095866e-01 1.877064133059840323e+00
-1.793712211780000843e-01 3.171902821256002980e-01 2.232493426058649977e+00
1.267161412545991794e-02 1.342252363410259886e+00 1.968569602569119947e+00
3.388274059392401005e-01 5.986467910577397689e-01 1.818838912873740110e+00
2.404460852129601811e-01 5.096473554280400720e-01 1.923993411250140007e+00
2.742682893572702119e-01 5.271611522326900001e-01 1.898396201370680103e+00
-1.426398386240249838e+00 2.522925678207901257e-01 1.781612573233839925e+00
2.806375965555001351e-01 5.272737064613002289e-01 1.896328851143939787e+00
4.720187244198901233e-01 3.476076073428897573e-01 1.858966646997040062e+00
-4.203172387967200052e-01 5.904905217257994110e-02 2.568080628231910190e+00
2.187840411501900117e-01 5.012859679375001321e-01 1.949509292314259845e+00
5.185674699451701120e-01 2.014905451930197877e-01 1.883917589940230286e+00
-3.118988790406098666e-01 2.519353225422902298e-01 2.353242716133750356e+00
4.339969122422600023e-01 2.002593367564200477e-01 1.864319147404870147e+00
4.882733148788198640e-01 2.017895561144897876e-01 1.882353368122510417e+00
4.645517478086298446e-01 2.224198101333203503e-01 1.889543432696320302e+00
5.797684103650999621e-01 2.708384473320899488e-01 1.806308618404710131e+00
5.531279067814701689e-01 2.668468409545301512e-01 1.799686493147770072e+00
5.007815075386099490e-01 2.297335142358400972e-01 1.899689668104669771e+00
3.831003706081700377e-01 4.900231875874898613e-01 1.920930940852299873e+00
3.675522905319100753e-01 4.834351037844801802e-01 1.916830058115969848e+00
4.615500953599998013e-01 4.287508303441001090e-01 1.914208907779070046e+00
5.364051226979599241e-01 5.706153634478901004e-01 1.859376072451840223e+00
4.416470994122400073e-01 4.020653666710001239e-01 1.994914051892250129e+00
3.527359839801000874e-01 3.892998822006901172e-01 1.975303198029489948e+00
3.570610490664599679e-01 3.866232970093701482e-01 1.964872589028700212e+00
-1.793658692836599400e-01 1.200921718985203945e-01 2.430950879389079944e+00
5.637286300238000258e-01 2.408599240207598413e-01 1.845731581075070071e+00
4.772612683707999626e-01 5.395109236748800718e-01 1.847167786840159920e+00
1.257410152906299761e-01 3.268001601327301664e-01 2.329418746233510085e+00
4.305947576841201441e-01 3.650778990990302120e-01 1.868868824586519928e+00
4.237852456210698948e-01 3.627915083151398434e-01 1.867556093688290009e+00
7.068120508477000463e-01 2.113909893993501932e-01 1.884781015861200171e+00
4.680867460208999464e-01 4.266458569811697465e-01 1.921078737984609930e+00
3.786787306117100904e-01 1.273701462730790102e+00 2.136141893871100095e+00
5.059719962275988081e-02 9.623573302491599257e-01 1.904561272548320083e+00
-1.485627034411679759e+00 2.244255410751296864e-01 1.879702614100479785e+00
3.601137301278499736e-01 1.166870670315609981e+00 2.172534839930480022e+00
2.567207552339400012e-01 1.117130454491209957e+00 2.116855564175520232e+00
-8.086119875429700343e-01 1.965588697824500741e-01 2.502717455383599798e+00
-3.043650554424799370e-01 3.493958557346497074e-01 2.172209303883390064e+00
-3.490700337050001156e-01 3.604923557284598346e-01 2.179780629431680161e+00
-4.540254890021500067e-01 3.301471185080200321e-01 2.249169897658229722e+00
-4.706502604541498158e-01 3.239171531998197295e-01 2.222625897867040123e+00
1.358530273090200469e-01 5.445348961563301060e-01 1.877060982056180105e+00
-7.375863300994001115e-02 4.546904591598801559e-01 2.002289962572170179e+00
-3.560144712787398635e-01 1.840358388140899137e-01 2.463951377500229967e+00
-3.565885477143702076e-01 1.616744622872801074e-01 2.540950135919649799e+00
-2.656085094879498953e-01 2.575431277680300113e-01 2.385767468132089952e+00
-4.517582071294099499e-01 4.596581686235996500e-01 2.036538616957789927e+00
1.312618431335199620e-01 3.137484356908100125e-01 2.103469675259300065e+00
5.670452816585699329e-01 3.438138981747900225e-01 1.744325690788929961e+00
5.169888978139500768e-01 5.245520295960099943e-01 1.818191584277569994e+00
2.625721580612006001e-02 2.591599354703295610e-01 2.350559446505440242e+00
-6.502021571942995237e-02 2.500343059301597393e-01 2.281677675229460078e+00
-8.277621684291498472e-01 2.979662432909697678e-01 2.330904302325520039e+00
-6.848336559216599007e-01 3.203070428299001904e-01 2.281967533578890261e+00
-4.344301055319199634e-01 2.291210338190898810e-01 2.410516579354530009e+00
-1.161100695770530322e+00 -4.027331425374800489e-01 2.658981645013819950e+00
-1.011772400276869766e+00 -3.110512441572201858e-01 2.634629547114140102e+00
2.858381163613599174e-01 4.330982239897100960e-01 2.099032710562649839e+00
-1.460051561467401449e-01 3.639548826685099492e-01 2.141309173134920307e+00
-2.636534725912098587e-01 2.188552368309699681e-01 2.437483262498250092e+00
2.554973132799899238e-01 4.388425034028795579e-01 2.083182573196950216e+00
2.985939200120500958e-01 4.388632297353001199e-01 2.108829461899309976e+00
1.471542912134101710e-01 3.198076016577098279e-01 2.346290673466620014e+00
-5.289777556963000116e-01 2.268623772949496242e-01 2.428456485267139975e+00
-1.189302402702989703e+00 6.417215693977000868e-01 1.820082947758240088e+00
-1.055220413728449991e+00 6.302580233728005688e-02 2.546360806185109737e+00
-4.271708872523198863e-01 5.976736226223300363e-01 1.933573428789129967e+00
-5.365683609990998804e-01 2.932357018180598018e-01 2.317819020782959871e+00
-1.453791035506729834e+00 2.690061628533597649e-01 1.748890013519909914e+00
-6.521074654096397083e-01 5.464008519035896683e-01 2.023838971552600174e+00
-1.116766854341399551e+00 5.836087179906699340e-01 1.980180142381630315e+00
-4.384010280604200283e-01 4.583043519221599027e-01 2.034594381673350050e+00
-1.352898109856029762e+00 6.125860516096399699e-01 3.108060164414530036e+00
2.280605184244801631e-01 5.037064917975198064e-01 1.920600661899050099e+00
1.467651636717399732e-01 1.059880652062609840e+00 1.932497262963599916e+00
-1.741687053926799233e-01 5.220159781227198259e-01 1.938186257878809826e+00
