3.570957698478889775e+00 -1.585085901812988141e-02 3.097523740009910043e+00
3.784351633662099701e+00 1.976181423156941896e-02 2.977138854594879813e+00
3.805932538213599781e+00 1.963064350732597330e-01 3.007060983918999675e+00
3.117686144055260122e+00 3.342068649430800509e-01 2.969883553277499644e+00
3.570545231212889803e+00 -1.281286090368993769e-02 3.122217375477349677e+00
3.173853703513569879e+00 3.592733295758800960e-01 2.938076656180410140e+00
3.176116199769739357e+00 3.812638622858397497e-01 2.958802786769819892e+00
2.926131570188299946e+00 3.359135851841701381e-01 2.924121237461799971e+00
2.918219177292800115e+00 3.751853832772500397e-01 2.938089901823099925e+00
3.352124835526779645e+00 2.912133504919900417e-01 3.298601067208239979e+00
3.123543566431949969e+00 3.258682057473798466e-01 2.975037333188029542e+00
2.920995375029839636e+00 3.737662519752296131e-01 2.940534297366739658e+00
1.302775236355559807e+00 2.102237035268060161e+00 1.345863096334240172e+00
3.162073607906199957e+00 3.751988560128398653e-01 2.935877434848599865e+00
3.590989507775300016e+00 -3.046517220915023749e-02 3.103379190671599730e+00
3.196736548627659769e+00 3.202061865924099582e-01 3.019828265937719802e+00
3.820061847514180098e+00 9.225729991690001519e-02 3.074488679205900077e+00
3.764005299320259734e+00 1.636028618628697640e-01 3.237714063292119970e+00
3.410642749461469947e+00 2.926828015847997566e-01 3.257490079476149880e+00
3.591208973242919544e+00 -2.665746119337986109e-02 3.099542836178399874e+00
3.435275893313050055e+00 2.462205001286197348e-01 3.279301511085929821e+00
3.590902822340589662e+00 -2.695754544844986000e-02 3.099279411431130171e+00
3.620132825742189198e+00 1.561588368702997442e-01 3.136291478222749785e+00
3.624152034391089572e+00 1.529697210618397030e-01 3.142053515742730063e+00
3.575018115679889696e+00 2.107511187152899534e-01 3.397046722582149680e+00
3.622241566938179780e+00 1.352723046237795934e-01 3.144145311728300030e+00
3.657382898519859982e+00 1.465429410105989483e-02 3.106450883308539801e+00
3.764546027326229449e+00 1.832582265261499810e-01 3.369272506565169856e+00
3.769756670594739845e+00 1.670299058198800868e-01 3.220111809780339840e+00
3.760603717895989906e+00 1.168997335270798299e-01 3.148004676428989956e+00
3.745463832319909869e+00 1.761918281993100077e-01 3.178938320150369812e+00
3.658626676263939892e+00 2.196754710876096528e-01 3.409229141817679665e+00
3.768799655093409751e+00 1.733745463239400042e-01 3.339274446727489742e+00
3.771772680010979872e+00 1.749795289560498457e-01 3.267657330892479894e+00
3.639815183546519339e+00 1.331552660119861287e-03 3.082694291439960210e+00
3.731525803710649569e+00 5.246046279749672081e-03 3.040553309213509969e+00
3.729089064254969887e+00 2.154476580355397797e-01 3.395667466059129946e+00
3.425328821860039508e+00 2.701151093511000578e-01 3.172883547220239908e+00
3.767433179833059587e+00 1.794758794863697826e-01 3.339222709438800063e+00
3.625801490602909904e+00 -1.431993810471010597e-02 3.143763343526690068e+00
3.728796932134420317e+00 1.916309701973799573e-01 3.391612281478700197e+00
3.773009149252009919e+00 1.717496368899904535e-01 3.317809200193909902e+00
3.636366947352839496e+00 8.489910068020978251e-02 3.159162366210900075e+00
3.788816011819289731e+00 4.633754601517980909e-02 3.051053050516089993e+00
3.652842399044660127e+00 2.395647708257999664e-01 3.401727801860019884e+00
3.882511091708200190e+00 1.082439424677696937e-01 3.132510504935940077e+00
3.611861611558629725e+00 1.304459978076977222e-02 3.048960979932169746e+00
3.788509419310329918e+00 1.785662125841198655e-01 3.239245208368689788e+00
3.789786023910969526e+00 4.100367353436995543e-02 3.054368431821710139e+00
3.157793737037760007e+00 3.763138946771300564e-01 2.926833970458219802e+00
3.419392363163880066e+00 2.741978548162100626e-01 3.270012266975379944e+00
3.409832605065569844e+00 2.821016681071697452e-01 3.164166715074629543e+00
3.402299248107209628e+00 3.212217707674098754e-01 3.191214510300030227e+00
3.594343864642449482e+00 1.602954939889000840e-02 3.021842186061109992e+00
3.459939499030539878e+00 2.748680964883896127e-01 3.167887055694399656e+00
3.438693634425789458e+00 1.031053014274898594e-01 3.451429473368210044e+00
3.809135155532729300e+00 7.331702033552001119e-02 3.043978302292130067e+00
3.606052020951979742e+00 1.673450214431992933e-02 3.049444407628379761e+00
3.686321397380809550e+00 2.158278766752899092e-01 3.374885418412589821e+00
3.688321309401140002e+00 2.185131372788100546e-01 3.372191704460799855e+00
3.659853560615519363e+00 2.288469389011698052e-01 3.385055719356859782e+00
3.724231302425510037e+00 1.604534476253971498e-02 3.090301222312789697e+00
3.407418824295370019e+00 2.536768651413396913e-01 3.183548641423049830e+00
2.946955400878819908e+00 3.449338774986896450e-01 2.950764792167279715e+00
3.831837765033779597e+00 2.013904282106298016e-01 3.297725757985079831e+00
3.784894050783179864e+00 2.104102787788997286e-01 3.375314614060739959e+00
3.506810228971800392e+00 1.819845783492202163e-01 3.429284830641599946e+00
3.698512824889889750e+00 5.001748434746011718e-02 2.924776586578210047e+00
3.761253393719999671e+00 1.626835167881899302e-01 3.230807781880019824e+00
3.612014065545139818e+00 1.839192669509825961e-03 3.152747240338439561e+00
3.790053751377759905e+00 4.409670275529986583e-02 3.054813306735639777e+00
3.791975792906529641e+00 7.271376971545007173e-02 3.104782910310629696e+00
3.706154597110889792e+00 2.050838513815396169e-01 3.358692201080089923e+00
3.435077649652719778e+00 2.027932418605000731e-01 3.411323979717719723e+00
3.872443957509509538e+00 1.202198665889597784e-01 3.201795282050110103e+00
3.874147163381949532e+00 1.316896655601700328e-01 3.109888746149810146e+00
3.576023699463249717e+00 -3.070483215064978566e-02 3.090912190939789639e+00
3.668697955488459783e+00 3.221279329347992437e-02 3.120772137911259847e+00
3.802151904534029736e+00 6.719266441909987897e-02 3.068705437562670113e+00
3.434481667568749952e+00 3.050853005647502503e-01 3.124323356086089909e+00
3.428977336794300168e+00 2.230537191434300848e-01 3.383567771287680159e+00
3.426004860994539492e+00 2.349564478749399665e-01 3.338234996775220065e+00
3.413091908412159814e+00 2.570468066749296288e-01 3.323060281552379980e+00
3.435007075287159761e+00 2.418971811672998573e-01 3.279224051736799872e+00
3.399813225955059970e+00 2.807227817435202777e-01 3.143487005454179695e+00
3.469542902094009840e+00 2.573035343967395860e-01 3.170402347738649595e+00
3.448556838048880024e+00 2.905342007264499760e-01 3.136041549476379586e+00
3.397283139811350328e+00 3.501908982271098036e-01 2.985786568656210171e+00
3.873059313790259583e+00 1.200893439935000195e-01 3.199098432603659781e+00
3.643980368303769701e+00 1.177304637151022071e-02 2.959495170837589839e+00
3.874571069759550124e+00 1.209309547719799038e-01 3.201243062281309726e+00
3.885212983394359831e+00 1.231020192273895031e-01 3.138451287529979705e+00
3.827111610582669687e+00 2.024197275144097308e-01 3.286774302562370131e+00
3.874085623792289823e+00 1.203723533051299643e-01 3.199505189831190144e+00
3.612882133926209605e+00 1.663133828540896975e-01 3.129637967149269784e+00
3.425417967527080165e+00 2.354854403561799092e-01 3.339633898500479869e+00
3.661317286962669559e+00 3.396771234091011671e-02 3.130282499649450045e+00
3.568596241857199480e+00 -1.371972320163039605e-02 3.115775236280939886e+00
3.801513360177099621e+00 2.422237178819501846e-01 3.133554840356479687e+00
3.198399778043819808e+00 3.180589933063999730e-01 3.015672740824140163e+00
3.824124357862739743e+00 4.840708589939013429e-02 3.002624308061879965e+00
3.602116966497499906e+00 1.525663567662898235e-01 3.277077812054999928e+00
3.408205433746450019e+00 2.953538988429098566e-01 3.260530400398669926e+00
3.639209245672409665e+00 1.493313701205798427e-01 3.305651334928970009e+00
3.324821051832209662e+00 4.668685788289697047e-01 2.964694798639669671e+00
3.815529636919949397e+00 1.722943852349299032e-01 3.028228992248289675e+00
4.381567811632229414e+00 3.416654327819389714e+00 -7.347277850349902550e-01
3.160519217178489715e+00 2.998328179932370219e+00 -3.195146312354095741e-01
2.302929994597369578e+00 2.353870602670710355e+00 3.470516884464704965e-01
2.169385888832970011e+00 2.360264602823989755e+00 2.549485934396700237e-01
2.580841352016530088e+00 2.362768795160670621e+00 5.273478016823500703e-01
1.740248997137569864e+00 2.382373614848369847e+00 3.245683989356700216e-01
1.170614735654579741e+00 2.095523569149290388e+00 7.888900560359197733e-01
3.122673966701859705e+00 3.383975988922001132e-01 2.972520367237939887e+00
2.236222907594919374e+00 2.361196481596030239e+00 4.362849624662996639e-01
1.336276754800020061e+00 2.270325180323990999e+00 6.284555866535597168e-01
5.594435534699999657e-01 2.200309961395220171e+00 3.718326288746798269e-01
1.065555243893250070e+00 1.874544819401510187e+00 5.386850680168300265e-01
1.518848742086829962e+00 2.248966961770450190e+00 3.424150416745295189e-01
1.496675265860059501e+00 2.273065864370879652e+00 3.072515157481396919e-01
2.156243703231549347e+00 2.360179167475240369e+00 2.494067397627102167e-01
9.862334997171797735e-01 2.021235042976499585e+00 6.323092032316202094e-01
2.868026476167619077e+00 2.706876607570050552e+00 -1.291184370800024794e-02
1.084414270689999960e+00 1.856057464709800042e+00 5.625300643884796337e-01
3.016902307270859396e+00 3.213014697592789126e+00 -4.923937423939204194e-01
3.550071911249249812e+00 5.779794987376996040e-02 3.002478007800549964e+00
1.133724626586439577e+00 2.456001273965039644e+00 7.177801625864401736e-01
3.388198687543239718e+00 1.646616586977398544e-01 3.426150224717759762e+00
1.593971475512069524e+00 2.394288056091470551e+00 2.121244656385297134e-01
2.776525537597529070e+00 2.610979508765449708e+00 -1.553385992333033983e-02
1.225112882930199598e+00 2.051615402243170294e+00 3.705393916874597515e-01
2.804379534858309597e+00 2.526353190189189135e+00 7.721773057252923067e-02
3.552717916697749612e+00 1.518805657427997335e-01 3.475667770674349732e+00
1.614215031669619549e+00 2.472157592620590094e+00 2.047615772921198563e-01
1.279559981391679813e+00 2.157671344199670216e+00 6.860050802580994755e-01
1.135018224504799722e+00 1.896158939939850407e+00 5.869672097020601775e-01
2.555531426188139221e+00 2.351513738301319378e+00 5.091808700217401729e-01
4.113032621009298229e-01 2.318416800657839616e+00 3.629044724804102451e-01
2.535402334165839822e+00 2.380955931626770550e+00 4.763540495438998157e-01
1.977840981691639577e+00 2.382232971343199779e+00 2.084062135576401076e-01
3.060451305650799370e+00 2.620061027362838857e+00 -7.973254461991974296e-02
3.062398067370289301e+00 3.334813886761229362e+00 -5.240351274567700557e-01
2.972859141126969806e+00 2.894921194321570468e+00 -3.042105937430896745e-01
1.659889463981470081e+00 2.378429607042940042e+00 1.452257579493902995e-01
2.871405991483789943e+00 2.245223117847479521e+00 1.049711498088701234e-01
1.883055991376899829e+00 2.453450946192840654e+00 1.426194604490600426e-01
1.120034329976259402e+00 2.142119311752220590e+00 7.613217821686997233e-01
1.504462553916939838e+00 2.369476595864830060e+00 3.962349213411999749e-01
6.851009306121800257e-01 2.203109960440440496e+00 5.145216604696205565e-01
2.568675289409179552e+00 2.297670080139270432e+00 4.622988946701598323e-01
2.453840548676279543e+00 2.419704503511019844e+00 4.498731314291197769e-01
2.853775633387779287e+00 2.455932449453559485e+00 -1.502680037824601911e-01
1.332476095107869796e+00 2.203230999404270030e+00 4.304662691872098712e-01
2.561944895095679797e+00 2.400899322642770173e+00 4.954631410213399256e-01
1.364845834253169299e+00 2.178660844795480500e+00 4.583828943968897285e-01
1.321010456126949784e+00 2.010362067727480273e+00 3.808507948843500301e-01
2.721697946929589662e+00 2.591239392514999906e+00 1.510444252393901010e-01
4.928238143859697273e-01 2.244971722609959919e+00 4.388750843627300391e-01
2.687141386760510287e+00 2.449959063199980136e+00 3.271506393091496712e-01
2.592689174671070074e+00 2.335676165527109660e+00 5.585727980297701123e-01
1.333375863546639506e+00 2.312275723550679452e+00 4.996145287851199157e-01
1.302052469168939908e+00 1.998663279908479806e+00 4.899037627781397397e-01
