-1.400418253153980164e+00 -8.858759315653000344e-02 2.506297913309860181e+00
-1.173672733673470026e+00 -1.342443402533700092e-01 2.499112447781479673e+00
-1.546771074451198658e-01 -1.591774034771999136e-02 2.335070419245640405e+00
-1.207162960408429964e+00 -1.522932159641799954e-01 2.422454667799740058e+00
-1.464026354606319913e+00 -5.928418991604700317e-01 3.014237232074969963e+00
-1.316400269718199789e-01 -4.081703217797700289e-01 2.713085407946959737e+00
-7.251074654889000382e-02 -2.127867633487900145e-01 2.731982286620629807e+00
4.780436211166397831e-01 -3.842412558154600366e-01 2.644149626972889688e+00
4.687616941583102603e-01 -3.758228579229900279e-01 2.636651712587759988e+00
-1.270619397094010061e+00 -8.614036576720600635e-01 2.559508205100499367e+00
-1.176098601654470110e+00 -1.346469189043200121e-01 2.481812381869039630e+00
2.788912082251701063e-01 -3.823285048193300062e-01 2.783779819169649894e+00
8.813549007018700587e-01 -2.310466336196800308e-01 2.761828785105489459e+00
-1.115231057692769978e+00 -1.323889854227200125e-01 2.490291594407090248e+00
-1.031095094849729943e+00 3.091340367270200007e-01 2.222689344722859950e+00
-1.113382713971310167e+00 -1.862949584046600382e-01 2.465969619383969746e+00
-9.290427733949300215e-01 -8.267368039573799177e-01 2.586013839241569912e+00
-1.894371431019299390e-01 -1.238030924070800121e-01 2.574020572645079774e+00
-5.527398388175985833e-02 -2.112216933398100016e-01 2.738539433441590010e+00
4.782190198850001517e-01 -4.550752717966499161e-01 2.616144921583410277e+00
-6.409306268286799613e-01 -1.093542963985300043e-01 2.561114091001160276e+00
-6.511027802271198706e-01 -1.822322987845699793e-01 2.696999828100659524e+00
-1.460049231503270040e+00 -5.831803045186700896e-01 3.049948423339980064e+00
-3.998636459386994968e-02 4.570885206017800129e-01 2.843343362303569766e+00
-7.959103686726799465e-01 -8.999633526688000096e-02 2.523617178116980053e+00
-1.372280076086610068e+00 -3.248634549776099889e-01 2.940840072018149787e+00
-8.210406581124900516e-01 -5.026882535806900254e-01 2.656707634752039748e+00
-8.299668502809800508e-01 -7.514037304427301223e-01 2.735476937221859473e+00
-7.478333605386999761e-02 -1.199622778521200195e-01 2.481229272633229677e+00
5.131587302023200570e-01 -1.044495190123800321e-01 2.422172493825279993e+00
4.564054137870999783e-01 -1.937098344008499895e-01 2.717368289999700259e+00
-1.493796456489498992e-01 -2.972664544545500220e-01 2.792633057477829972e+00
-4.675607281126400450e-01 -8.600196065825900238e-01 2.788290428824390155e+00
-4.864150856081500551e-01 5.770769059967999492e-01 2.718603046488709651e+00
2.647399996194500504e-01 7.041156681484999069e-01 2.496732327609859858e+00
-1.463448015449380080e+00 -5.818923396550800264e-01 3.043989246299889651e+00
-1.463448015449380080e+00 -5.818923396550800264e-01 3.043989246299889651e+00
-9.569489693130099894e-01 -5.168977477494099970e-01 2.683342845825249956e+00
-1.373058671179600010e+00 -3.259437526713500066e-01 2.938771987031689292e+00
-1.130070961965280008e+00 -7.560182910519299693e-01 2.658667479353379548e+00
2.807467977948008286e-02 -8.403402817662000701e-02 2.414015718314739267e+00
4.938738666598799787e-01 -1.949669397980200169e-01 2.651497557581429909e+00
-4.124871960350700029e-01 -2.111517453027200175e-01 2.748682810563420009e+00
-2.220270657146800053e-01 -2.680989194116800145e-01 2.878430219625309761e+00
6.725369417188801213e-01 -3.588232287946200305e-01 2.620407054821119797e+00
-2.489110407982499940e-01 6.467964625691999814e-01 2.600214425106159410e+00
-3.576109338633499668e-01 6.017979854310000487e-01 2.738257127663230150e+00
-9.939114539767599510e-01 -5.165020276924601195e-01 2.693780649877899780e+00
3.135007599475999607e-01 6.936033017119500599e-01 2.431483451363179782e+00
-1.173039300313669875e+00 -1.847525573724200232e-01 2.467743106471319781e+00
-7.932074059169700320e-01 -9.286465787322001342e-02 2.524883876671159655e+00
-6.343287465428300020e-01 -4.126682844183000853e-02 2.428316999526299647e+00
-1.130494769118210119e+00 -7.604553584467599325e-01 2.655098741786219296e+00
-3.847915726807999981e-01 -6.862998379153999462e-01 2.738342930136440145e+00
-1.762358314467160181e+00 -8.394440743956002593e-02 3.509161803737559815e+00
4.963762710500030373e-03 -8.062922739710001729e-02 2.400934016969239693e+00
5.423533533120600270e-01 -3.031195404749900124e-01 2.625569145291569928e+00
5.423533533120600270e-01 -3.031195404749900124e-01 2.625569145291569928e+00
-8.349678317047299902e-01 -5.024245397197800722e-01 2.652306295016459980e+00
-7.914220922658800061e-01 -9.375622175888001508e-02 2.527014254417139671e+00
-8.338532835485999994e-01 -7.538822580089501457e-01 2.694298448122019796e+00
-9.209770166044299877e-01 -8.426342636563799449e-01 2.668173198741649710e+00
-9.209770166044299877e-01 -8.426342636563799449e-01 2.668173198741649710e+00
8.029449605180150051e-03 -8.234270253651998495e-02 2.410520708895949937e+00
6.351083311668200837e-01 -6.078636855953301055e-01 2.678773152085269782e+00
5.020896945106502196e-01 -1.994445403169000375e-01 2.651132101645049755e+00
4.190975372718103165e-01 -3.257622707218900127e-01 2.806004624811759829e+00
-1.394202966054899351e-01 5.550807686035999500e-02 2.155078655615570327e+00
-1.046045011454620033e+00 -8.068301729683200474e-01 2.865179138403060044e+00
-1.046045011454620033e+00 -8.068301729683200474e-01 2.865179138403060044e+00
-1.006613585768930008e+00 -5.157956779151300353e-01 2.685606449326359613e+00
-4.846999944025500717e-01 -7.639172234043001275e-01 2.841823287534849474e+00
-2.520253210585700065e-01 -3.539972265387000827e-02 2.415791528517759801e+00
-4.868899365976199212e-01 -1.449775811989700014e-01 2.630483930302899509e+00
-7.025715710653099855e-01 -1.805046344398100189e-01 2.704587731963529862e+00
-7.025715710653099855e-01 -1.805046344398100189e-01 2.704587731963529862e+00
-1.172240759061790039e+00 -1.884678438700400083e-01 2.472487205861030102e+00
4.938421591125000676e-01 -2.049284686378000098e-01 2.644551991103889943e+00
1.161092037214800365e-01 5.801529365309798791e-01 2.550702595207400059e+00
-2.455566015318898510e-01 6.408337421597098960e-01 2.615208189353409818e+00
-1.348884559095310021e+00 2.718702644862899809e-01 2.134217165678220063e+00
-1.375756716520279976e+00 -3.333654467673300426e-01 2.928811555124249733e+00
2.638521257363800609e-01 -3.815179418877199802e-01 2.796852760973869589e+00
-2.238892979645398240e-01 -5.602067026078999534e-02 2.441379981223009477e+00
4.474409256527501766e-01 -2.054953168057000457e-01 2.726838042582389932e+00
2.762005631018301655e-01 -4.399783426903700612e-01 2.776816243077159907e+00
-1.034116669377860065e+00 -7.480405103681100343e-01 2.626847341447149820e+00
-1.034116669377860065e+00 -7.480405103681100343e-01 2.626847341447149820e+00
-7.911107807985995333e-02 -2.161269968480100112e-01 2.736216189337539628e+00
1.517023196394701179e-01 -4.466963908643800107e-01 2.747262973392139873e+00
4.132491780369701440e-01 -5.077471462030300753e-01 2.733081191055100057e+00
-1.463398476295620254e+00 -2.796150233214200198e-01 3.389908709914809748e+00
9.057439309486003953e-02 5.687217049560100435e-01 2.652111751617799662e+00
-2.654302049780600248e-01 -2.708044087218100526e-01 2.817703556731220083e+00
-1.537260369507509772e+00 2.120891452286399748e-01 3.468933868939299447e+00
-3.058635127805698906e-01 -2.656321849096200394e-01 2.771433667419670233e+00
-9.873758081271999387e-02 -5.909371032283199376e-01 2.834093099022559681e+00
4.864898909442402219e-01 -9.212598945060004874e-03 2.410940980785629684e+00
-8.341642664520499961e-01 -7.472922423781001022e-01 2.715873426201409924e+00
-1.766529617528399765e+00 -9.003916163909998771e-02 3.486129923547099718e+00
-1.753304144068960069e+00 9.421089834508999949e-02 3.576846253197569769e+00
2.732297698412798903e-01 -3.882541727586700242e-01 2.792240248395290170e+00
4.168314946149599409e-01 -3.216490914192899897e-01 2.781893792201649784e+00
-1.394670244786740287e+00 -9.215043360392400906e-01 3.080444803695860045e+00
-1.423389657499829930e+00 -8.760940653654298860e-01 2.943656185618910293e+00
-1.207962681830049956e+00 -2.362233271123500011e-01 2.594807429245889807e+00
-1.329537417195398863e-01 -4.092582492645400194e-01 2.708490567712559915e+00
-1.753099917010650044e+00 1.065403755442000111e-01 3.568783991954000090e+00
2.767116222718301044e-01 -3.834974581419700046e-01 2.785094196530589539e+00
-1.747969484054270106e+00 1.297028980536799880e-01 3.593582418018820501e+00
5.009782929427009091e-02 -3.921418060007800244e-01 2.835688257839289683e+00
-7.555963168294999033e-02 -8.191941905355000497e-02 2.380788161496329991e+00
-1.371170293628398706e-01 -1.352522667202900042e-01 2.456350183443449797e+00
-1.213538372926419973e+00 -7.115069655533199366e-01 2.637914860591789701e+00
-8.368402887005998991e-02 -1.257233842015099967e-01 2.491681901416070044e+00
-9.072213323447000377e-01 -7.708440822358499922e-01 2.684539810382140068e+00
-1.267335149923370041e+00 -3.373063882094200494e-01 2.902576334825629267e+00
-1.457502830901170165e+00 -5.961683053940201038e-01 3.074815946843810099e+00
-1.163603078402080104e+00 -2.741407258623800303e-01 2.537802029085169941e+00
-1.163603078402080104e+00 -2.741407258623800303e-01 2.537802029085169941e+00
-1.479559268603160005e+00 -4.286436107803600071e-01 3.123734131161159944e+00
-1.408245192219790054e+00 -3.113209008033999969e-02 1.942242267237560327e+00
-6.860624149323699683e-01 -6.980375555562000345e-02 2.488731971077219551e+00
-1.002202606991729805e+00 -7.985794041902999352e-02 2.513152789155510103e+00
-1.120080128413929899e+00 -8.519442182599801239e-01 2.595389611153890108e+00
-1.337740403071390194e+00 -7.591478680846901472e-01 2.652723685717489843e+00
-1.343164518358579862e+00 -7.565424243356300149e-01 2.652060968674579744e+00
-1.355893810510700126e+00 -6.969573376920998875e-01 2.736785643497539944e+00
-8.860349161709499821e-01 -6.880921940830500017e-01 2.770545037367529773e+00
-5.129713023141200257e-01 -5.319371951591700398e-01 2.610413425656959330e+00
-1.552637504512599520e-01 -1.600587421311000513e-02 2.341435301111339573e+00
8.937703936271990113e-02 6.452882883455699492e-01 2.519472832190669642e+00
-1.434773790843740127e+00 -8.453646230361899772e-01 2.881632888508770307e+00
2.644792035478397141e-01 7.087409130512900557e-01 2.506610071860940092e+00
8.739282749688015439e-02 5.653640029953299617e-01 2.526350239157519884e+00
-1.177341522600499069e-01 1.041779558727999877e-01 2.183408068717659578e+00
-1.177341522600499069e-01 1.041779558727999877e-01 2.183408068717659578e+00
-1.379629531230230022e+00 3.043641768092700262e-01 2.203736280461570107e+00
4.734966028684198802e-01 -4.465806276940799679e-01 2.611412410829459851e+00
4.482771566504600846e-01 -1.331742184663400053e-01 2.579266818798219951e+00
4.310437142074202699e-01 -4.635414807906800827e-01 2.689829268543539875e+00
3.736358362667401289e-01 -2.509226919959600677e-01 2.817775057808229899e+00
4.691387478467899941e-01 -4.458195723401600641e-01 2.610485759292259456e+00
-1.527352207120010075e+00 -5.839862003776099542e-01 3.314650871244479546e+00
-1.409853767042100081e+00 -8.801855244594999905e-02 2.497546139805509657e+00
-3.915122480981400033e-01 -1.418760486303900503e-01 2.617159587081550054e+00
-8.282393066827099526e-01 -2.074479052812600310e-01 2.726042167116609516e+00
-1.464577068439580243e+00 -5.761705567565800212e-01 3.029924373941339955e+00
-3.197588162832998293e-02 7.421694840386199310e-01 2.364908487673520021e+00
-4.706026491314996285e-02 7.391668253348500084e-01 2.356919954096559522e+00
-4.401456515617300225e-01 -7.140882721522301413e-01 2.850513307254510131e+00
-1.533106192962450098e+00 -5.842110262912501017e-01 3.274478201645339759e+00
-1.438039718663219890e+00 1.593300505020799895e-01 2.477451506604720244e+00
-3.095403252475799061e-01 -1.108546779788800035e-01 2.624387918851599721e+00
2.069708550464988139e-02 -1.805346350861500027e-01 2.604839310771109862e+00
-1.340650715435470097e+00 -8.054784695204699752e-01 2.610581543972539720e+00
-1.741069336984020222e+00 2.515457194672998664e-02 3.443552735114599805e+00
-1.312810666630050083e+00 -4.941642681341500420e-01 3.245080674345909522e+00
-3.052748326405996249e-02 -2.929901791994100058e-01 2.804056795510029954e+00
-7.862715287852599655e-01 1.113860363691900335e-01 2.440131396541810105e+00
-1.121827423445829863e+00 3.511275061488700056e-01 2.151538638387069824e+00
-6.327409160821100276e-01 -4.106480158546001180e-02 2.429104768868079578e+00
-3.806537561196099428e-01 -3.279395973019100241e-01 2.710784743716359912e+00
-1.133697246266009984e+00 -7.587631031294099770e-01 2.651735102769279706e+00
-1.501828262758890142e+00 2.176075611524599940e-01 3.346330019469859529e+00
4.868239394814011245e-02 -4.584199287843100934e-01 2.807879784610949780e+00
2.307448800096799646e-01 -2.657462118616700231e-01 2.864310718626239982e+00
-1.270847446525300128e+00 -3.382062811086999909e-01 2.894020723027300068e+00
-1.672502033146099354e-01 -1.119608439758599805e-01 2.538447072810530170e+00
-1.471610573476709982e+00 -4.228489667496100335e-01 3.170934274133040187e+00
-1.475443827973069943e+00 -4.313440747063699843e-01 3.146063389762060236e+00
-1.475443827973069943e+00 -4.313440747063699843e-01 3.146063389762060236e+00
-1.546810390193809948e+00 -7.941000838232601389e-01 3.242082837752730207e+00
-1.527757842922460085e+00 1.120973626080400409e-01 3.410062895298790142e+00
6.669847670438703302e-01 -4.855645785845800200e-01 2.594159736884400491e+00
6.669847670438703302e-01 -4.855645785845800200e-01 2.594159736884400491e+00
-1.389728215445509951e+00 -8.451833981155999764e-02 2.528830834284780060e+00
-1.761147831667700947e-01 -4.759677776222199785e-01 2.705212842991649325e+00
-1.521802621046060011e+00 1.016122360885899911e-01 3.411420363895189656e+00
-1.537551012739349909e+00 -3.314432638524499874e-01 3.456157345744809817e+00
5.949950611538500356e-01 -6.034007764024000853e-01 2.656244545636630150e+00
-1.739058011677450111e+00 3.401433229449998819e-02 3.437469334431700219e+00
-1.739058011677450111e+00 3.401433229449998819e-02 3.437469334431700219e+00
-1.675356083003279872e+00 6.968583192466998311e-02 3.425136698548290060e+00
-1.526643094680269819e+00 -3.755889737772200587e-01 3.471716408351289473e+00
-4.237345031229198256e-01 -5.844100196532701075e-01 2.559248962815639850e+00
-1.869230402692349635e+00 3.008731621242500265e-01 3.248782426296899839e+00
-1.521531623727609972e+00 -7.930588866875099008e-01 3.238921680342219389e+00
-7.335499854711002854e-02 -2.806215400251100833e-01 2.764064071575209613e+00
-1.518405660446899841e+00 -8.105283316758500334e-01 3.251440743394319988e+00
-6.641283752941999907e-01 -5.994760791775000097e-02 2.511695529885900058e+00
4.174656253358400848e-01 -5.240965378208599645e-01 2.685591221540760021e+00
4.174656253358400848e-01 -5.240965378208599645e-01 2.685591221540760021e+00
-1.753646129074580173e+00 -9.841450338913002027e-02 3.535264880865160109e+00
4.462189949572500369e-01 -2.064134881554500200e-01 2.727069364902159787e+00
4.122070547228898763e-01 -3.203135554860100376e-01 2.782544437252290059e+00
-1.507091377689310008e+00 -5.842456305950999296e-02 3.347023705053870035e+00
-1.559790792195649978e+00 -1.227965073263000001e-01 3.653333177428130352e+00
-1.580122850988479932e+00 -1.356343649474799906e-01 3.614290496021919985e+00
-1.495950709546280066e+00 9.697277580447000167e-02 2.230558558948140035e+00
-9.111098395609400491e-01 -8.086012413327401394e-01 2.902729086552690241e+00
-1.211318155428199983e+00 -2.384886760575500031e-01 2.577798431959649861e+00
-1.510168702314570011e+00 -2.955107951742004524e-02 3.400811731856769438e+00
-1.471469238003899616e-01 -3.115469635094000878e-02 2.377745399511209445e+00
-1.632325848664690326e+00 2.712570236745998065e-02 3.410271401882449815e+00
-1.252284231873030063e+00 -7.862011761248801633e-01 2.588778899762589791e+00
2.884627241261006336e-02 -1.828739847918900152e-01 2.612995312531220193e+00
-9.841672595705199811e-01 -3.689059083759200219e-01 2.727219780607180066e+00
-1.524479949798859924e+00 1.129401586654400214e-01 3.414237179461129479e+00
3.808337180261001098e-02 -4.445559058659900309e-01 2.809622431732119896e+00
-3.559570228039987683e-03 5.236524140152600815e-01 2.946955001466029955e+00
-1.763605565819410081e+00 -7.996597413935999099e-02 3.648556653337629907e+00
-8.536683924912098487e-01 -5.121654873707599531e-01 2.671787188732920093e+00
5.409080928816801803e-01 -5.034096648587700340e-01 2.518974541248629517e+00
-1.460513981518519966e+00 -5.759408800262200145e-01 3.022265763388670035e+00
1.021089480547998640e-02 -1.774475271202200222e-01 2.604662807231939770e+00
4.135172403116801343e-01 -4.905498606073200873e-01 2.745877954817129485e+00
-2.467736559203299596e-01 6.514096274980198942e-01 2.603694109201290185e+00
-2.467736559203299596e-01 6.514096274980198942e-01 2.603694109201290185e+00
-1.412403069546479983e+00 -9.181934516615299913e-01 2.654625083276560105e+00
-7.439970282794994283e-02 -1.990937683072500353e-01 2.736286721831670210e+00
-1.341806969760650059e+00 -8.064808363013500347e-01 2.609152925930649847e+00
2.779228106766901130e-01 -4.355017748353101070e-01 2.772120789982859712e+00
-1.376197863804579979e+00 -8.436904787162800012e-01 2.609389639167750019e+00
-1.445861136548729942e+00 -9.062865665123300829e-01 2.757776394106809636e+00
-1.410553046052210213e+00 -9.182904796400099823e-01 3.058696216519069644e+00
-1.390849732590790033e+00 -7.708261569049899009e-01 2.711597992479060082e+00
-1.708301401059999503e-01 -2.154701395264000396e-01 2.731757150457809757e+00
-6.375061555352500298e-01 -1.965728293567500229e-01 2.729522223658490176e+00
-1.420051350034260196e+00 -9.394475391402601350e-01 2.671606608050289822e+00
-1.483229137825630151e+00 -4.294602763231299969e-01 3.115660707907729865e+00
-1.529796077165670010e+00 -6.325270551036699107e-01 3.572802136732589950e+00
-1.397977041152250077e+00 -1.023296985436350059e+00 2.785813853558669617e+00
-1.531938154007309816e+00 -6.810068121011099151e-01 3.521662139613329856e+00
-1.432099348736609823e+00 -9.476094337969100945e-01 3.501399360966490182e+00
-1.533757477830730132e+00 -7.801937733099300054e-01 3.462272442170749365e+00
-1.571018760538670067e+00 -7.928900738652200353e-01 3.267258593459960281e+00
-1.509461205556749785e+00 -7.891491929898499791e-01 3.575006284487090014e+00
-1.530148574305060016e+00 -5.718142014514100424e-01 3.595274136556910083e+00
-4.063341057503698783e-01 -1.282549778560200249e-01 2.563408341371300025e+00
-1.481848310472619890e+00 -7.153420649480199955e-01 3.170428371668669421e+00
-1.338078276795339860e+00 -9.156693924959400377e-01 3.408611685200900077e+00
-1.519692135964100022e+00 -7.592968676944500395e-01 3.547588922232359998e+00
-1.524408492058510145e+00 -5.868851971080100149e-01 3.664004971933249699e+00
-1.554978356404599804e+00 -6.696041808629999981e-01 3.413143464365909985e+00
-1.055618068812209875e+00 1.578559971489399971e-01 2.091077170091730331e+00
-1.083663943908010019e+00 -7.049536565732601456e-01 3.808624703926109412e+00
-1.544786993530499863e+00 -5.391026794847499914e-01 3.492496496208509438e+00
-1.170231626820759985e+00 -3.358519994478100790e-01 4.067956771105579961e+00
-1.015142190911370035e+00 2.768074565050799851e-01 2.212718047801390142e+00
-1.497387607613229754e+00 -9.350242043749301679e-01 3.502390154793419530e+00
-1.472647652112700101e+00 -9.814918815000002184e-01 3.640894792861499862e+00
-1.437951405643110192e+00 -8.341863091665600027e-01 2.903574394735269681e+00
-1.679437097667320078e+00 6.588472078479998273e-03 3.326374386372269676e+00
-1.091708387994440033e+00 -6.932753008342400491e-01 3.780226452907589518e+00
-1.325521293788929800e+00 -9.383710683519299600e-01 3.409397409594820072e+00
-1.312967005936620080e+00 -9.681187011689200705e-01 3.513986698847650025e+00
-1.335600401912570012e+00 -9.180402538774699028e-01 3.408554076600989635e+00
-1.313892813313529917e+00 -9.786489013187300579e-01 3.559318971991000335e+00
-1.319994673563569920e+00 -8.466283798833700303e-01 3.291010203342529916e+00
-1.864427641137889946e+00 3.020822897751099800e-01 3.267109185876279298e+00
-1.515828816586529904e+00 -8.102845679125298961e-01 3.519950729172829806e+00
-1.306205978351499875e+00 -9.709767212677000714e-01 3.224663683961809912e+00
-1.314603600243720027e+00 -8.367895276038201935e-01 3.268731118469829777e+00
-1.304362439334080026e+00 -9.717237039850801228e-01 3.220049436519010211e+00
-1.330574338871860274e+00 -9.813909548581101205e-01 3.533895133603309979e+00
-1.751942171143940241e+00 -6.688296129974002913e-02 3.559248538981690135e+00
-1.724185407906820178e+00 -6.401748361691998734e-02 3.579584554262209561e+00
-9.954348519162899978e-01 -1.065213401178140007e+00 3.298575230022809723e+00
-3.718575002159099085e-01 -6.176119504786599101e-01 3.316579235914100199e+00
-6.616884483066198808e-01 -6.381635844511199807e-01 3.586406503296279524e+00
-8.579118642919600912e-01 -7.216996597986100603e-01 3.685859420471690129e+00
-3.947063308404700210e-01 -6.304003400925199951e-01 3.592599837455330292e+00
4.270062709843299720e-01 -4.267624613070199469e-01 3.194189979394800538e+00
-1.213986089509988542e-02 -4.444507087114999977e-01 3.046743668860630194e+00
-1.181611051891770181e+00 -1.024187384565720116e+00 3.180342941957090108e+00
-9.841996719816799022e-01 -7.348223803180800040e-01 3.614558313390209499e+00
-8.627340502391900312e-01 -7.195058343048401639e-01 3.680129640828720294e+00
-6.633614958742699574e-01 -5.782998652052200317e-01 3.445907357721349928e+00
-7.836908335675000226e-01 -6.946217714719000735e-01 3.643151880727269809e+00
-4.572694597118986959e-02 -4.500582090398900226e-01 3.187113483351959875e+00
-1.821072292093994793e-02 -4.661429219962899273e-01 3.058439433876799729e+00
-1.689126636696499650e-01 -4.593220641996999531e-01 3.197691827165960010e+00
1.048789053699900053e-01 -6.466049017925601383e-01 3.584970649118380148e+00
-3.970654695019999458e-01 -5.456141718597999901e-01 3.314825996607220215e+00
-2.108517346956099159e-01 -4.697209827518600278e-01 3.197140671672769496e+00
3.199073489920200020e-01 -5.543463638184300546e-01 3.423198744987299591e+00
8.248442183409802064e-01 -3.230667355697199872e-01 3.046412060986039894e+00
-3.651618544407699840e-01 -6.198770443551699927e-01 3.496700695818169891e+00
-4.376809202309800417e-01 -6.802632671714299306e-01 3.637919495860569619e+00
-3.746782269647099817e-01 -6.775419427122100213e-01 3.547716908615750064e+00
-2.915153413098600099e-01 -7.748012189100599301e-01 3.728666670790860227e+00
5.515581212588601678e-01 -4.841519656048399733e-01 3.270853148236579688e+00
-5.533276952983899877e-01 -5.206658592841900690e-01 3.333784549700479882e+00
6.696335836149501786e-01 -9.651934659946499462e-01 3.712180603759450026e+00
-1.027408482226599418e-01 -6.874897854169099709e-01 3.680847822019639892e+00
9.724571617326401851e-01 -5.516999822730600522e-01 3.453257559122349996e+00
-2.294036344646900316e-01 -6.648393725300900670e-01 3.512195500159179584e+00
-6.230203573393988670e-02 -6.110452608168399635e-01 3.557634101912760194e+00
3.814700085468502033e-01 -8.978356496350001215e-02 4.038347205841199994e+00
-1.310018706559099577e-01 -7.078941014548101318e-01 3.851560569465479755e+00
-9.667425238998006432e-02 -4.809944088815300556e-01 3.206151622922710054e+00
7.757191029489701739e-01 -3.017580028919299995e-01 3.011575575802069693e+00
-3.668043114759989010e-02 -6.095132120566499889e-01 3.555857925549489984e+00
8.408974554115801192e-01 -3.157663275636700129e-01 2.990465786815830640e+00
8.409150847503300552e-01 -3.075412951757200419e-01 2.989088058936799630e+00
-3.307380461270199579e-01 -5.090277450040199270e-01 3.110271494864150110e+00
9.181934990922201445e-01 -5.372090675347800381e-01 3.410146396810509906e+00
-4.172558900765999113e-01 -7.439053071267500705e-01 3.815893073820879611e+00
3.332724253416999849e-01 -1.066284573239500155e-01 3.992508227178940050e+00
-4.381456976152499072e-01 -6.162300828711000378e-01 3.331052311332050042e+00
-5.461235922380699437e-01 -6.787916043532700172e-01 3.626672668459889781e+00
-4.960068487723001684e-02 -5.712997605902800924e-01 3.444301609331070324e+00
-1.021526859573900214e-01 -6.706850538775901427e-01 3.676285789393699766e+00
1.740542620203501256e-01 -5.666780577510499572e-01 3.225395089276290150e+00
-8.208066510490996670e-02 -4.332705057843099783e-01 3.143513739465969792e+00
5.628828003391800339e-01 -5.129015698289201008e-01 3.161810291225049863e+00
-4.860650366945995504e-02 -5.700102640504600693e-01 3.443330743331479482e+00
-1.785960939533300929e-01 -6.829581325911300294e-01 3.542489219790849742e+00
-1.473258351244800535e-01 -6.931089900665301506e-01 3.577252950976829382e+00
-7.414271952926987375e-02 -5.366567525976699837e-01 3.342071912580319992e+00
2.418270063340700604e-01 -5.260612127448799358e-01 3.345060821277539898e+00
1.700638080878401626e-01 -5.624242102616601180e-01 3.223747010031349447e+00
4.216367082633502017e-01 -4.080075830952000215e-01 3.220512334846099556e+00
-1.294835412695899413e-01 -5.039898010755399227e-01 3.266892633420740211e+00
3.425057111162999046e-02 -4.769968681616200135e-01 3.259224395005349439e+00
-3.285307201104300523e-01 -5.055260315420300188e-01 3.110399687755519782e+00
1.414165821885101648e-01 -5.146547524032401011e-01 3.346834080300910230e+00
1.404833027059698702e-01 -5.134791244035299407e-01 3.345738952606770233e+00
2.992824041405600655e-01 -5.048625373534401106e-01 3.304793630343649813e+00
8.492396155484499554e-01 -4.232995706455000007e-01 3.144048120057619577e+00
6.789144722936498733e-01 -9.965199233301000881e-01 3.716299832796050140e+00
7.438478019003199604e-01 -8.574865723380300508e-01 3.828981740632759756e+00
7.010627796527600930e-01 -8.896894940336401714e-01 3.985901821397539901e+00
7.380587546358300388e-01 -8.866117239063200373e-01 3.954419060610539827e+00
6.231252308427298603e-01 -7.822978539461702407e-01 3.960475562317220088e+00
7.507225384159200710e-01 -9.892768588764799809e-01 3.728741253905099473e+00
5.800189151010898270e-01 -7.214957927807601479e-01 3.973025587978929796e+00
7.098707922543699977e-01 -4.328758277353300099e-01 3.256941081720220232e+00
9.287082185711700300e-01 -4.426829268456800026e-01 3.258191508469469699e+00
5.956297098164199388e-01 -6.155245633795800586e-01 3.759498857324920174e+00
5.603411793690499243e-01 -7.754987485299500438e-01 4.070305399609540409e+00
4.044644728181699955e-01 -3.774543815554800008e-01 3.098075708003700246e+00
5.646728158402399833e-01 -7.736514525357101046e-01 4.074071473892709960e+00
-4.731376192280989379e-02 -6.195994361804100237e-01 3.547686991152460223e+00
5.983606933035600095e-01 -5.603311049689900791e-01 2.808265291831980370e+00
5.848592923557102141e-01 -4.383541244028399952e-01 3.267787824635250082e+00
-5.719972317590399369e-01 -4.954138445985400430e-01 3.299402349825010017e+00
-8.805916819968599984e-01 -6.685925221254100936e-01 4.287002658036620062e+00
5.489879086515100370e-01 -4.775400828602400782e-01 3.272166718663459761e+00
8.713597951382699991e-01 -6.189676830875801006e-01 3.717758236247039605e+00
-1.985224119503899987e-01 -6.062344946497899567e-01 3.470323839795930176e+00
-9.707877933743699339e-01 -7.715378947321700487e-01 3.859176482276629905e+00
-9.258652201026300599e-01 -7.551247243188301539e-01 4.202202038023270525e+00
9.657456987912801383e-01 -2.861846949947199903e-01 3.006298642421790124e+00
9.909262617253801197e-01 -3.429918604658199754e-01 3.202970541843060293e+00
9.012444045113000568e-01 -5.601630753566499976e-01 3.460979249191469709e+00
9.083746213342401843e-01 -5.636775697013099995e-01 3.462767817484899702e+00
8.371356131852399907e-01 -2.109632216806099914e-01 2.986526670745190071e+00
-9.426153360331002151e-02 -5.432658982626599187e-01 3.345907686804369341e+00
5.084463621765401564e-01 -6.931968404360999703e-02 2.321334174758059810e+00
-4.797413358292900165e-01 -7.975634645389400035e-01 3.814620106620589812e+00
9.869995053999501833e-01 -3.477702696752999478e-01 3.197063863671400163e+00
8.195997701282901060e-01 -2.734451440885998785e-02 2.580539301064839641e+00
8.212954260982200383e-01 -2.770845933573001796e-02 2.578433302801100169e+00
-5.159566578018992544e-02 -5.797412517981901381e-01 3.447802139659009946e+00
9.371913064093101431e-01 -2.481891393927900813e-01 2.931682475823289558e+00
7.229206767667401001e-01 7.285871074096899047e-01 2.525212894829679477e+00
9.124336900764299374e-01 -3.415378230393700254e-01 3.107893867885720418e+00
8.293952521083102214e-01 6.546296683411001460e-02 2.641047155228989585e+00
9.231288018054099043e-01 -4.121412651796400040e-01 3.257610467170579671e+00
2.790069153645898803e-01 7.099226636608899632e-01 2.491901352447949858e+00
8.843549333574499682e-01 -2.080686585321999682e-01 2.787299570739769639e+00
9.880276418049404041e-01 -3.224143931353100068e-01 3.064137968140060231e+00
8.691691243397600131e-01 3.413615543790100015e-01 3.116156147004789823e+00
6.914193706024899244e-01 -9.706779756429599892e-01 3.687113490915630010e+00
5.567315598895302697e-01 -1.120985460620699536e-01 4.084799456536940099e+00
7.266918229919702155e-01 -3.702214235163299727e-01 2.669063844423269938e+00
8.798682122132900352e-01 -2.815994464038600320e-01 2.794127649479569708e+00
1.081424025574460490e+00 1.815556108786003930e-02 3.946073474999480357e+00
4.126586940989399599e-01 -6.988264163183099953e-01 3.909617081546130191e+00
-2.713618003705700055e-01 -5.551056728693699593e-01 2.714604390705469772e+00
2.956695000980099630e-01 -1.426725666119002534e-02 2.425438973261559550e+00
-9.765192410233991538e-02 -7.188434423443999799e-02 2.491943254464069835e+00
9.082099094738501632e-01 -4.593977890220999338e-01 3.029126206965630175e+00
-6.515146967555995872e-02 -1.613226867014599941e-01 2.624131258548699996e+00
1.040826373059190235e+00 -4.709199839378100383e-01 3.417624030882299380e+00
4.991143248953401335e-01 -1.284793889992600080e-01 2.637120217016369672e+00
7.242306520105302736e-01 -3.894209868967200561e-01 2.660426273059770086e+00
6.142802450430900896e-01 -4.788008257049600758e-01 2.570703495521120097e+00
3.772887799647600682e-01 -1.093542597755400025e-01 2.580304127288289617e+00
8.735015560925697420e-01 -1.567059562390299976e-01 2.824080015323579662e+00
1.149643376149440233e+00 1.699592777414900557e-01 3.411388009222330098e+00
9.079077424808700281e-01 -7.406114487505301991e-01 3.842141465075159523e+00
8.867576572741598939e-01 -8.366088986947401995e-01 3.894543946418020042e+00
7.101095819121300279e-01 -3.870113474299199940e-01 2.661546609185210244e+00
-1.374212414564299767e-01 -4.776819894326800875e-01 2.697128071089109458e+00
4.978741367964102382e-01 -2.148648176403399890e-01 2.671106644350259796e+00
8.893458669886701307e-01 3.847896763020700051e-01 3.171226461550519904e+00
5.172663620723100264e-01 -9.578138139868999645e-02 2.380604566294210134e+00
1.061479331229369993e+00 -6.044950374759301415e-01 3.703853925971409833e+00
6.542842109627801106e-01 -2.253425808293200439e-01 4.135009800986408912e+00
6.682103807506000193e-01 -2.361618114006999725e-01 4.110856868709470646e+00
6.189116228131200659e-01 -2.223289178432800439e-01 2.632204176659629802e+00
-2.411911886350599499e-01 6.529586120189398990e-01 2.588531617442370258e+00
6.243524868729000143e-02 -2.958844603411100449e-01 2.927807250239629955e+00
4.968880540885701746e-01 -2.525038707594799980e-01 2.642249589410419652e+00
4.693541840708015389e-02 -2.895510829385200546e-01 2.887104782195189845e+00
9.000338140554201560e-01 -1.178755107723800655e-01 4.020543868391840192e+00
2.270791996070997687e-02 -9.435362843394001775e-02 2.436301793201239629e+00
6.204727996446300908e-01 -2.865782705560200316e-01 2.599501000763599468e+00
4.710500699377900835e-01 -3.887049388089600099e-01 2.625141881585689951e+00
4.599576746076000644e-01 -1.764675257585999746e-01 2.676213368334490195e+00
5.135624593030402307e-01 -1.023761547118599846e-01 2.392496124072019725e+00
5.426383943088201045e-01 -4.482526710765299960e-01 2.573778452704189590e+00
7.847486682551799708e-01 4.943093352808800023e-01 2.865868629261249634e+00
6.473703235875202244e-01 -5.086266082299799596e-01 2.570626936054369871e+00
5.362491546006601384e-01 -5.696995000002399445e-01 2.529486315302249988e+00
4.911614408337802162e-01 -1.897843382449199978e-01 2.650432793648670238e+00
4.713679903957800343e-01 -8.970476780920000337e-03 2.382333244719910148e+00
-1.624752238213800215e-01 -2.123809664871300351e-01 2.735402961003500000e+00
2.685978157515501730e-01 -3.053261833076000298e-01 2.803812727193840004e+00
8.336318596835502470e-01 -7.949221289564997739e-02 2.569590063341129937e+00
3.354330689237994267e-02 -3.376584455337700019e-01 2.843625226387029414e+00
7.789239364307399827e-01 -1.525026535430600294e-01 2.684304947937269592e+00
7.267025852047800383e-01 -7.419915157719975118e-03 2.328604161022440167e+00
5.065865150816598605e-01 -2.952263902904900261e-01 2.645473960703409677e+00
5.858265517334698691e-01 -2.940528512472300182e-01 2.615233623633079763e+00
5.625566900209501009e-01 -3.039313441334999810e-01 2.606463736787459684e+00
3.921014128823402389e-01 -2.566942090053599967e-01 2.824702300397999633e+00
5.606735118334199575e-01 -3.082120214878300013e-01 2.604465036668279776e+00
4.146639605658700711e-01 -5.372006538729300340e-01 2.669717775905879886e+00
3.992829659674000942e-01 -5.025979997950000278e-02 2.449148375675270106e+00
3.929882456898992071e-02 -4.608349830222600585e-01 2.811814773045409499e+00
5.162828734659902219e-01 -3.580988690702600064e-01 2.646652833989789677e+00
5.602477357523302226e-01 -3.016016051815200161e-01 2.602902291407960256e+00
5.387563848838800018e-01 -2.485550936632699992e-01 2.633293473460569967e+00
3.551648855118402226e-01 -3.221339183824100116e-01 2.803282744591010012e+00
4.530418046552101563e-01 -1.751600509763899804e-01 2.707985713086069612e+00
5.101526671644202038e-01 -2.527979974698300047e-01 2.665114686098209784e+00
4.578304924508299623e-01 -1.768690531459200521e-01 2.691218921062179525e+00
7.725666482210069574e-03 -6.369111747359000597e-02 2.398494206760409586e+00
-1.446539165643498936e-01 -1.838674482587500381e-01 2.697983272626469642e+00
-6.317204998516799952e-01 -1.040914439840300021e-01 2.563427270530299840e+00
-7.274037772771497767e-01 -1.388166573089499867e-01 2.608718354550770169e+00
-2.059332344340299992e-01 -1.134037659113300012e-01 2.559022403030870141e+00
-6.284590356661499122e-01 -7.734403036555000110e-02 2.512021097455029661e+00
-8.320069968102006275e-02 -2.345259303959700281e-01 2.753986616860089498e+00
-7.225917123170699785e-01 -1.419745557979700257e-01 2.617745904122350087e+00
-8.183312592671898589e-01 -5.048211530814400438e-01 2.660801317445960379e+00
-6.359853868070399763e-01 -1.454396300375400131e-01 2.659053213141230110e+00
-6.821409784760799067e-01 -7.063803395612999747e-02 2.489222792652679761e+00
-1.163472060628520044e+00 -2.713581673308200215e-01 2.530095135771989412e+00
-9.102860430801399394e-01 -5.105962387274400882e-01 2.672708039653439727e+00
-1.397615500368029950e+00 -3.937643891327800572e-01 2.950520170865339686e+00
-9.737901538282899283e-01 -8.532244336039900290e-01 2.837395173985539643e+00
-1.007245522806429872e+00 -5.203953190683801022e-01 2.687621711629909704e+00
-1.359613509803069942e+00 -7.081636870642200599e-01 2.777213879721500245e+00
-9.427187786320300189e-01 -7.674288518626299904e-01 2.764435026947029694e+00
-1.460937152751199397e-01 5.338664859122999040e-02 2.138075275413100051e+00
-1.548990961070698669e-01 -3.322665363955200624e-01 2.828658305668419803e+00
-6.150520764125197992e-01 -4.936581482816999183e-02 2.462026125513539832e+00
4.740388858606300326e-01 -3.784401829149200425e-01 2.642430867910440018e+00
3.861402836147299622e-01 -3.278700350796699969e-01 2.808791556897780151e+00
-1.740555609631579959e+00 4.428363114882000184e-02 3.584962655735139947e+00
-1.438177985069709841e+00 3.136370869968900243e-01 3.214743369809890172e+00
-1.395445689672698553e-01 -4.102950114364700140e-01 2.702960711528829663e+00
-1.165812527762420059e+00 -1.879758516488200248e-01 2.472460743622329815e+00
5.641735839142599795e-01 -5.824066431306400560e-01 2.565155927497779764e+00
8.998779083826013991e-02 5.800679736121101548e-01 2.542211868682509479e+00
-1.103628745043800041e+00 -1.312980736571000007e-01 2.501148386101849308e+00
-2.795985706360082368e-03 2.990512094998400427e-01 2.186310061184669973e+00
5.258907826758899562e-01 -2.098826857603600105e-01 2.645498477923580172e+00
-4.276426673400000045e-01 -6.937371980925999271e-01 2.676794132339209487e+00
-1.552082868688859918e+00 -7.931633875975598880e-01 3.230986567750530281e+00
-1.453613668293610051e+00 -6.955159044572098992e-01 2.986733839481670039e+00
-8.963351210799098689e-01 6.486480278961401780e-01 2.465006133410919897e+00
-1.264053623397070059e+00 -8.520001961261201018e-01 2.546521702692539524e+00
4.258697240876202494e-01 -5.374526240100800933e-01 2.671698953700730073e+00
-1.578910567298500212e+00 4.195522359257999878e-01 2.856203849269049577e+00
-1.758562391011200265e-01 -1.135221337030699884e-01 2.531488915374979776e+00
-1.580838701014489978e+00 -1.477233932374399927e-01 3.731045365216049792e+00
-4.552219554300899196e-01 -7.156071901864400342e-01 2.845330036368139748e+00
9.548309984795999572e-02 6.413976080754100195e-01 2.521584000350160171e+00
4.059540372791560436e+00 3.529996115910039034e-03 2.481746518798629619e+00
3.991252354763940691e+00 8.279324337174900350e-01 1.925869989849600117e+00
-1.505031401449780093e+00 -7.415473296852299612e-01 3.612659692387179877e+00
7.402033256475401002e-01 -9.898508099290102002e-01 3.776539818493789724e+00
9.847285545775502635e-01 -5.203415158776499849e-01 3.439412443699560118e+00
-1.483169459694360093e+00 -8.840586812830599772e-01 3.659294097090619591e+00
9.645582237288300442e-01 -5.261982906387199233e-01 3.470124828239770309e+00
-9.837683419582899935e-01 -1.051068017902690110e+00 3.283615213409469824e+00
3.963934414478570201e+00 7.104485469046200041e-01 1.870384388775260032e+00
-5.516808572080399431e-01 -7.172066077700400832e-01 3.703105862961979966e+00
6.079518692703201888e-01 -3.354317782781799928e-01 2.588044819454810241e+00
8.844192069320101490e-01 -2.972135832861400040e-01 2.723872085841730240e+00
9.365860825513017129e-02 3.317105548844300200e-01 2.242503692439209662e+00
