-7.351809925592900363e-01 4.846211818130599092e-01 2.149471861771409920e+00
-3.949586228564598844e-01 -7.076434320440361248e-03 2.449635779664609991e+00
-4.330889187097599624e-01 1.451771789662199552e-01 2.565159967741440283e+00
-8.633078621978900191e-01 2.813408038506399755e-01 2.492250265890429972e+00
-7.581748985497498428e-01 4.230422803143696342e-01 2.283667946026350037e+00
-8.628816347854297852e-01 4.040932324952399846e-01 2.352842410643189996e+00
-9.201081420761998420e-01 3.596216129954799001e-01 2.424825966187650117e+00
-9.222707376275298685e-01 3.493906309781800168e-01 2.425451903584779689e+00
-9.612993553083901688e-01 1.894391540982396371e-01 2.699153717384100037e+00
-1.216452016468989594e+00 1.811503854695595273e-01 2.717513588684440151e+00
-9.411325182715399862e-01 1.851123612303098298e-01 2.709979582740370319e+00
-4.427044735432099642e-01 6.397263437512896722e-01 1.895714042498830132e+00
-7.336377305227499424e-01 4.935059626724700443e-01 2.169438708941739957e+00
-1.242797391898640136e+00 1.845883206951000055e-01 2.685923580413180023e+00
-3.530294297545399917e-01 1.417634171065400572e-01 2.512111342025579841e+00
-7.366753878125698041e-01 4.738643518846394898e-01 2.117182627617709922e+00
-1.038497885941060073e+00 3.669422374807198572e-01 2.428004926301639887e+00
-6.335856015179999190e-01 1.888787685150599138e-01 2.604691292280429948e+00
-5.468451019925699708e-01 2.902018637655596756e-01 2.472983009861439818e+00
-7.690842450998698343e-01 5.403224336566698760e-01 2.108517643683200049e+00
-3.580863375200200593e-01 1.620005288372703411e-01 2.533977804973440051e+00
-3.252318715312196851e-01 2.856878624336398609e-01 2.284574157008109729e+00
-1.050820927420680118e+00 2.195477110803296661e-01 2.626375346017360002e+00
-9.604678456529598396e-01 1.294516839317401136e-01 2.735754212161490173e+00
-8.876583286958599217e-01 4.119530901726298211e-01 2.286248571361039872e+00
-7.420381211844200298e-01 6.210619694948493752e-01 2.013734623202500185e+00
-8.881376097245698986e-01 4.047389766650995035e-01 2.326925784328150115e+00
-1.256543808992530042e+00 1.993285339371193565e-01 2.733753978093099946e+00
-7.438750034086598628e-01 4.785822727589796877e-01 2.156913929097529881e+00
-5.686289973707798762e-01 3.739038666463900817e-01 2.283137706434959835e+00
-8.588436572836100069e-01 4.140603883646094552e-01 2.299196409331759838e+00
-8.578797929598001026e-01 4.203513795308198020e-01 2.295638905697339638e+00
-7.283241329629199790e-01 4.845797763572599060e-01 2.148911008342699880e+00
-9.170716524645996515e-01 5.773482583125293388e-01 2.060195644139489968e+00
-1.251991342479349623e+00 5.973965043096995942e-01 2.159806242498010231e+00
-4.424300497286297595e-01 6.190130226269396907e-01 1.944282017078780012e+00
-7.358029627167699260e-01 4.885487765192499943e-01 2.170804155808370162e+00
-1.741217394311560085e+00 3.737525455866701485e-01 1.974969927407389747e+00
-1.734977924583549491e+00 2.496362614954201753e-01 2.037692096715240098e+00
-8.963739662893599469e-01 4.163957391694199650e-01 2.263307598241079965e+00
-6.792815696139200554e-01 4.748519515482998443e-01 2.056111081927809892e+00
-6.838959213442799001e-01 4.730259533588001553e-01 2.055593470289539759e+00
-5.799720729569401989e-01 4.319393749985600550e-01 2.109194599214089916e+00
-1.199708298387589966e+00 -3.362590842627803944e-01 2.790688396250709857e+00
-1.213664323884859897e+00 -2.074229120992203690e-01 2.616256759565300349e+00
-4.293795847136399058e-01 4.944330396540599359e-01 2.074535128178919940e+00
-1.182366227666999947e+00 -2.451557734390801269e-01 2.840025482648109723e+00
-9.444735516122699792e-01 2.589019868954900438e-01 2.563803963252649698e+00
-6.384099879874498562e-01 2.871940077473298381e-01 2.454302219980220023e+00
-9.333652915057299992e-01 4.490870004382996328e-01 2.250269928019899890e+00
-7.224047364621095646e-01 2.520990335405195459e-01 2.524119389420720339e+00
-7.840753320705897700e-01 6.278362280221796432e-01 2.086959592908580241e+00
-8.347371336680997622e-01 5.730070908368496418e-01 2.012857465094670228e+00
-8.161235236240198532e-01 5.817846865625799779e-01 2.020512271866179876e+00
-1.776347657681809800e+00 2.310959559700997978e-01 2.135235825164039980e+00
-7.255767641276598123e-01 4.712390192172497549e-01 2.100904323038669919e+00
-6.391897276474398648e-01 4.764337088573400436e-01 2.075137656992629864e+00
-6.483313143991598082e-01 4.748870218298502088e-01 2.068327169517380160e+00
-1.778332768532629782e+00 2.597022370668295999e-01 2.016643512657860349e+00
-8.665339211405997943e-01 4.213815492243497829e-01 2.283733391369150212e+00
-8.839308625263799790e-01 4.065462587677597384e-01 2.332654281479229930e+00
-1.758032575977720224e+00 2.645161324748896980e-01 2.024093004405679963e+00
-1.787986062663809772e+00 2.416087739404000345e-01 2.051979931591259909e+00
-1.738792352555089682e+00 2.176871176205095182e-01 2.178287243941789963e+00
-1.781745091895049704e+00 4.988272296335494183e-01 2.134554875489030223e+00
-8.600730388814499250e-01 5.735346061637498494e-01 2.032326954635689908e+00
-1.802775240998869766e+00 3.744375841480800382e-01 2.034557788939340028e+00
-1.502106370870019969e+00 6.715482871853897251e-01 2.031554926752709989e+00
-1.758503335815619906e+00 2.183410055874097644e-01 2.081491587638890195e+00
-6.753881462440598504e-01 2.516050382797798690e-01 2.511137728414559955e+00
-5.586368713612499537e-01 2.291992958408299863e-01 2.532021336882829932e+00
-8.540286490130299946e-01 1.531507552464499433e-01 2.508802672179839988e+00
-5.962123205835998530e-01 5.689006003969998559e-01 2.036962145696710191e+00
-1.745559341653239560e+00 2.701922440309796336e-01 2.013462236026680507e+00
-3.792406851232499321e-01 6.488833506632301074e-01 1.928393591218820369e+00
-5.945445913340401400e-01 5.358607550497098693e-01 2.027664326316950039e+00
-5.193050022304499524e-01 5.290377977490798855e-01 2.042888667048590179e+00
-1.358905923917850256e+00 1.804640219507898102e-01 2.785632715180279995e+00
-1.777311706380630074e+00 2.766034681431199793e-01 2.219870471463739836e+00
-1.256744984613689997e+00 1.974424702294896861e-01 2.734668530283689947e+00
-1.245056894677379677e+00 1.951552155614098005e-01 2.748046917650530219e+00
-8.924912940007398987e-01 5.809738840061196008e-01 2.026395911316789977e+00
-1.692143069068740235e+00 2.582707947936500048e-01 2.056273440274220210e+00
-6.649323894571002036e-01 3.083759815594997455e-01 2.570023031234319966e+00
-3.151044717221398450e-01 4.862814637086700920e-01 2.154082985430360253e+00
-3.871192272112697896e-01 3.620317914184298935e-01 2.342828826513909668e+00
-1.463127362586460034e+00 6.464038295250200683e-01 2.074680992207559971e+00
-4.098769257505598951e-01 5.069164398650998216e-01 2.040559632065789941e+00
-3.429500197028301223e-01 1.269124862028539802e+00 2.135235245811499816e+00
-5.273425540771701225e-01 3.431149573261897956e-01 2.273420429912650143e+00
-7.649394069571298083e-01 3.231804216231997096e-01 2.304408166282340353e+00
-1.771321953469449983e+00 2.912309670299095821e-01 1.981010288423280308e+00
-4.108708008301009684e-02 4.098918173535301968e-01 2.161398861080550127e+00
-4.413473409659962599e-02 4.116305641592497011e-01 2.152644188510520085e+00
-6.108301754120999405e-01 2.172248785529897752e-01 2.561854743585110228e+00
-6.274052943524499604e-01 1.821146495575196589e-01 2.714534567024130318e+00
-4.856733062661999778e-01 4.457933377455698398e-01 2.106421544698009907e+00
-5.720572800031500371e-01 2.168635547396600138e-01 2.550284805217700068e+00
-1.233871042618349900e+00 1.896822994180102917e-01 2.684308428504500021e+00
-7.459981890711999686e-01 5.266269981652298426e-01 2.127218066172110067e+00
-7.153289205425699127e-01 5.339218773167102583e-01 2.141977139269660046e+00
-6.447206005902899051e-01 4.830105221752494238e-01 2.062609491110889870e+00
-6.356714715834896889e-01 5.542852590172895333e-01 2.031765368372070224e+00
-7.337592403200197122e-01 3.664859174744896642e-01 2.336672948316089737e+00
-3.103576325151899962e-01 9.935720734902493412e-01 1.929957423439099706e+00
-1.918813342788097120e-01 9.865205478695000529e-01 1.885773842231679875e+00
-5.116666852655598063e-01 8.590250503295795426e-01 1.868834324705650030e+00
-1.122905223749310011e+00 7.425737087126971225e-02 2.938814986016859976e+00
-1.229650573914769840e+00 8.190407378232977820e-02 2.750570998331590022e+00
-1.230386108474919915e+00 7.350531938870008553e-02 2.751792248400160013e+00
-7.285582590103398815e-01 2.452321111079900362e-01 2.541432918094050031e+00
-8.702602267453798390e-01 5.919669040032196072e-01 2.087396706321349882e+00
-1.256177110064619740e+00 1.967674633833200737e-01 2.737488373045029899e+00
-1.254686608051709840e+00 2.494204903081800317e-01 2.599663545036009715e+00
-7.831873640709499096e-01 6.220833716397300428e-01 2.023280668199809895e+00
-5.821225858769198958e-01 2.135377584690298924e-01 2.561241033424709990e+00
-1.255009612000859587e+00 2.531586630965398932e-01 2.602783757030709744e+00
-1.443389140807300741e-01 5.761390046348902061e-01 1.933215651404170288e+00
-7.653665413254984173e-02 6.144000669705498296e-01 1.859739971947719894e+00
-1.496852449148997621e-01 5.767729382145896366e-01 1.930073325093130343e+00
-6.665576295020070319e-03 6.306388851897897219e-01 1.872387534494269978e+00
-6.147050150169697247e-03 6.218525661672198446e-01 1.895060850622780180e+00
-1.775407986806170069e+00 2.490263316382499426e-01 2.052917110478159834e+00
-6.619378297511979703e-02 5.536733529288402345e-01 1.950143541107579814e+00
-3.645086546904985347e-02 5.720380137573100043e-01 1.920411578031109734e+00
-3.041709635125999789e-02 5.722983017879395007e-01 1.917516658812079999e+00
-6.258406890626799779e-01 8.578415863553989773e-02 2.672895432674069927e+00
-8.408855849141994021e-02 5.447223084985295394e-01 1.978248216956070227e+00
-1.765964799534709861e+00 2.665403963239199037e-01 2.033535081957410284e+00
-1.751547709941629893e+00 2.841194194982494814e-01 2.006107731361260083e+00
9.351204729721018793e-02 5.412102060675900717e-01 1.937760544278800179e+00
-4.066057585049198675e-01 1.526863582148600962e-01 2.505418490201860138e+00
1.520786910540401493e-01 4.588812254535703516e-01 1.991486401884429824e+00
1.576170772588801894e-01 5.890232651603994896e-01 1.842744663206319800e+00
1.110175498231600333e-01 4.110920437030700647e-01 1.868707842862380009e+00
1.607105172774899726e-01 4.756308896844196887e-01 1.916352577241569932e+00
-1.776497168914889624e+00 2.313948359949793421e-01 2.133556963166060250e+00
-1.022155678444809812e+00 2.151754782273900268e-01 2.660794415731949858e+00
-7.610774849508299411e-01 4.208891237235499183e-01 2.280770937398839848e+00
-6.806879636566200986e-01 4.650714161273694636e-01 2.207333219867019913e+00
-6.193037610655698355e-01 3.831984237887895439e-01 2.229769249366800210e+00
-5.696710310775496833e-01 3.804777977303994696e-01 2.267357636629729889e+00
-8.929700823518900155e-01 1.803599801946398351e-01 2.745477567738549673e+00
-9.072482675973698729e-01 2.660306968305299335e-01 2.507469291356970054e+00
-7.073243179278398962e-01 3.576248912144897041e-01 2.363383710544660232e+00
-7.272007437941798713e-01 3.511648615663496287e-01 2.339238832225829956e+00
-4.299349271508499104e-01 3.071313931033197164e-01 2.439675931279820187e+00
9.098330372680152323e-03 7.008558613732298603e-01 1.754086342994320091e+00
-5.785822348648299585e-01 2.126336523225798025e-01 2.562101533727710212e+00
-5.009346931318898744e-01 2.884558234252296849e-01 2.473156946899579989e+00
-3.370353877138900778e-01 1.364283903848359625e+00 2.030978012083629825e+00
-4.739928294189987845e-02 5.641388049729596510e-01 1.922086844443829712e+00
-7.360706338053399911e-01 4.881789418965101213e-01 2.153337039847280199e+00
-4.359616822700029815e-03 5.066751432056499915e-01 2.134170293790609740e+00
1.283718310657602224e-01 6.239154264187201093e-01 1.901616512009359994e+00
6.599460078432006771e-02 5.155802394122694920e-01 1.917651618971619953e+00
1.419446384869900157e-01 5.470589004061197080e-01 1.953461565374929876e+00
2.876919302031100134e-01 6.327311481300399443e-01 1.838174171206059970e+00
-4.033656424745297731e-01 2.667928536108301607e-01 2.434989918219559790e+00
1.347224632331700533e-01 3.927730236764399585e-01 1.845443112188529966e+00
-2.998255564060698930e-01 2.827658709048499475e-01 2.474362401428729985e+00
1.619633933206601206e-01 3.975994890271099536e-01 1.853537212238790310e+00
1.688939209773201444e-01 3.988032461964601261e-01 1.857339021827129955e+00
1.125351875882500963e-01 1.091289842883279793e+00 1.987878472033810073e+00
-2.317946354822999488e-01 9.682834246258198441e-01 1.883297820640629894e+00
-2.686681640247099434e-01 2.899665294626601053e-01 2.370183781463139905e+00
-2.164486237883296305e-01 2.965560614373394799e-01 2.399469216343780076e+00
1.501189147531699630e-01 4.746661765607198546e-01 1.916731955735480053e+00
1.048131905341020964e-02 1.346038847222399859e+00 1.972365643275889813e+00
-1.404953180006198732e-01 1.212586178692760086e+00 2.073178750912390012e+00
-1.367132742340839702e+00 1.782382206520498613e-01 2.785658269546650079e+00
-1.265597983402399596e+00 2.483113545663599986e-01 2.593351551326000148e+00
-7.437230164179997605e-01 4.544995222620400455e-01 2.117259888850940186e+00
-8.921437986718898649e-01 4.199447041109496404e-01 2.263730109237259924e+00
-2.445777498149899198e-01 9.649873069699599348e-01 1.874257119154360218e+00
-9.702414949810800326e-01 1.882892209680901985e-01 2.690468764676499980e+00
-9.188322926883301101e-01 3.492278920433897760e-01 2.420147904380390180e+00
-9.452040318780297046e-01 4.519587673821594542e-01 2.266556180812060006e+00
-7.087142379429978156e-02 5.018716792278699046e-01 2.130380171748170071e+00
-2.833887163969399658e-01 6.002149809715997542e-01 2.039751442954980121e+00
-1.195350325527899660e+00 -2.973413220591301087e-01 2.814655203118929805e+00
3.672762893270231643e-03 4.772805831161597290e-01 2.117002086326949861e+00
-4.171698131545100718e-01 3.986081408400798942e-01 2.215789144929839694e+00
-9.848299880930966310e-02 3.598248108853296934e-01 2.379628820625990127e+00
-8.472755044474196140e-01 1.454915875174793705e-01 2.560477659592899968e+00
-7.230657982320198851e-01 4.871237950195195232e-01 2.149623817894850131e+00
-4.753979435122999142e-01 5.570010396431799293e-01 2.019430818882970158e+00
1.321350632026802030e-01 5.071448920599297416e-01 1.961410776538030198e+00
-1.327584619337929706e+00 1.913616454893900531e-01 2.763437328734720033e+00
-7.020476287498100820e-01 5.156550092368399341e-01 2.134666676834040100e+00
