2.251149335176249711e+00 4.260443599453693775e-01 1.997695474040400043e+00
1.752712313240810227e+00 3.576599096843102732e-01 2.599312871928970203e+00
1.739055927366230270e+00 3.529451319803496023e-01 2.600277305172459918e+00
2.439598540918729519e+00 7.233821236054700510e-01 2.355836791471110025e+00
1.768739862642220162e+00 4.168188354499198223e-01 2.459054476379390231e+00
2.346938925584529656e+00 5.667875316425698973e-01 2.397018779183260229e+00
2.336278947150809415e+00 5.634146778946902412e-01 2.391548324889820165e+00
2.351205476714179454e+00 5.624960816218995685e-01 2.393186896769059935e+00
1.380747909996620004e+00 4.292947427371800462e-01 2.218219244715239569e+00
2.408225638293499227e+00 5.700412456295198549e-01 2.370090836380750243e+00
2.413553345172169351e+00 6.032886735068696549e-01 1.890670840958089904e+00
1.528173613056649893e+00 6.261143533885500378e-01 2.201837835119049736e+00
1.408105652769690019e+00 5.020126143822098985e-01 2.354253755986980057e+00
1.407678598364319855e+00 3.472472630332796850e-01 2.258719494783639981e+00
2.328644254822359816e+00 5.733762843653196217e-01 2.397799102584119879e+00
1.338777813871750100e+00 4.878152967956699282e-01 2.378492661299000055e+00
1.364773022807519665e+00 4.822552771592396592e-01 2.380393342827740177e+00
1.623900503159170006e+00 1.150238792649900255e-01 2.315430834101289914e+00
1.276299685818459873e+00 1.977021074878997364e-01 2.237824678399920053e+00
1.994936185914200300e+00 4.634101877027199112e-01 2.464858321917100081e+00
1.386309918996349699e+00 4.286680335902095518e-01 2.174879722557950146e+00
1.532051315654789692e+00 6.256604954918498773e-01 2.202511415332629952e+00
2.225144629290549680e+00 6.346492914943098196e-01 2.335779285225600077e+00
2.343634420393139628e+00 5.604940573731400644e-01 2.391067756184880100e+00
1.917125789521340273e+00 3.137193683862797844e-01 2.637675614526930445e+00
1.505277583225749671e+00 5.120365528323096438e-01 2.282716635730400068e+00
1.747016016889600065e+00 4.184361075435203414e-01 2.470190260676000005e+00
2.272268503629569558e+00 4.194598094319699211e-01 1.989819030284039947e+00
2.508257549461229363e+00 7.556593750756299688e-01 2.193015753353159791e+00
2.159097620456079891e+00 6.616393566553797623e-01 2.234667198014710365e+00
2.428815252171840022e+00 6.630641447857994475e-01 2.013528510239980029e+00
2.433727985680529837e+00 7.508182008961294951e-01 2.267178403106160367e+00
2.465440502219299557e+00 7.188511793100798020e-01 2.254636631500649635e+00
2.516647668288019890e+00 7.381064333990601245e-01 2.180508480457839848e+00
2.317334478742499648e+00 5.003121949623599019e-01 1.808434275171749928e+00
2.472471300801679650e+00 6.923056421666802240e-01 2.183629679747860042e+00
2.465677463306289674e+00 6.815939576600895666e-01 2.068250222649980152e+00
2.236259297325180029e+00 6.280510756856398924e-01 2.351035125827209971e+00
2.500202251117649599e+00 7.209030688324900016e-01 2.113710494752300217e+00
2.320859375823579818e+00 4.974333742897398825e-01 1.824202295023560350e+00
2.305576865108700080e+00 5.345963633888197730e-01 2.010089917304500151e+00
2.450851851101579992e+00 6.880816499392798935e-01 2.151631113720509969e+00
2.398721289954989899e+00 6.824043702587696547e-01 2.143812922327629877e+00
2.388632970767480046e+00 6.730663761962401015e-01 1.979715262976859957e+00
2.397840512501319576e+00 6.424269942621199103e-01 1.919801258300239954e+00
2.307203598047450122e+00 5.338208786709699449e-01 2.007662305710800066e+00
2.376627225065929938e+00 5.836161613490500333e-01 1.985528885383959885e+00
2.480612639865099833e+00 6.956804050304399301e-01 2.042594748698050022e+00
2.515021014147429845e+00 7.160350058404294504e-01 2.150150979017860120e+00
2.421987449797879943e+00 5.992361867121795971e-01 1.888978074856409783e+00
1.372143769843699790e+00 4.683407287858594170e-01 2.427193335561200094e+00
2.366706200919539871e+00 4.942656371990798991e-01 1.916733781187830221e+00
1.451312357937190045e+00 5.185040324368899167e-01 2.251067621744629932e+00
2.483568221122620212e+00 7.040065018418399934e-01 2.044440677758990077e+00
2.412307486230039988e+00 6.679410316453597840e-01 2.423313011017980134e+00
1.566180209644369770e+00 6.052544334527099057e-01 2.197153910569389801e+00
2.506210911585240009e+00 7.228747481529598229e-01 2.142491727388180056e+00
2.284493847784329734e+00 4.529189732920897438e-01 1.937911301883960213e+00
2.428325769352340124e+00 7.011114202933799167e-01 2.311774077610480038e+00
2.229076053206349606e+00 6.352161630956099092e-01 2.334598722192450015e+00
2.312552811017279719e+00 4.816949867034197030e-01 1.962292098968410059e+00
2.386518543195409681e+00 5.350151876827695663e-01 1.850146135623719879e+00
2.510720097688909913e+00 7.539041379355697625e-01 2.188660158775669995e+00
2.510155557085309574e+00 7.266838123463295052e-01 2.184707802417169997e+00
2.408394988899069666e+00 6.797943555697900653e-01 2.140907889179640033e+00
2.502251541085310116e+00 7.156396519843897241e-01 2.181013614378819909e+00
2.509163138969809914e+00 7.405913876981504718e-01 2.179702802585670174e+00
2.207585995111089439e+00 5.778111120158897496e-01 2.381695053283680252e+00
2.394838443881849965e+00 5.624797856279102337e-01 2.373723414639649754e+00
2.388060291193669915e+00 5.747293606426902013e-01 1.821403189573890025e+00
2.442834879435819673e+00 7.216588637033403142e-01 2.381808941449039985e+00
2.235741003390169901e+00 4.667811727396895538e-01 1.942087388109440038e+00
2.444245368038369559e+00 7.276283415911495300e-01 2.381693521719689954e+00
2.203673594133079394e+00 4.721233553266801497e-01 1.861918289970760032e+00
2.432280517316129931e+00 6.669407627186900722e-01 2.013186321589159888e+00
2.410505327268500420e+00 7.412911536273403268e-01 1.928714285580499954e+00
2.300095082926859380e+00 5.396457397008795898e-01 2.012816967437269788e+00
2.433609136053029864e+00 7.136639165910894089e-01 2.254674856533410043e+00
2.398876294329169490e+00 9.226419488610895225e-01 2.221205957777040219e+00
2.375753468702959559e+00 9.386643563765997289e-01 2.227296592720819923e+00
2.425998007739369910e+00 6.647849809310895086e-01 2.411791414386539767e+00
2.234421169999389889e+00 6.287539132608299663e-01 2.353558690500680228e+00
2.359465666461369793e+00 4.980295126106899506e-01 1.905273281192540136e+00
2.276652640047189369e+00 5.227845874715699725e-01 1.809211828324329918e+00
2.367771186367090053e+00 5.886179288430499756e-01 1.822648693993979663e+00
2.195511406095469908e+00 1.179256065412850107e+00 2.568568220657789780e+00
2.253033779035499951e+00 1.219588637825639976e+00 2.460803190846649890e+00
2.084959833247759242e+00 1.331478115614020075e+00 2.354398951013270125e+00
2.244615107024149570e+00 1.138887195734209934e+00 2.436018453468849820e+00
2.104824029944289965e+00 1.361290226345669874e+00 2.302469873781229914e+00
2.482390643890529436e+00 7.046381921700699547e-01 2.240349833409509550e+00
2.386385239574420059e+00 5.760201364095201004e-01 1.824438969874090155e+00
2.316819445062300087e+00 5.196045775179796156e-01 2.004182711579200138e+00
2.391098264711289723e+00 6.542562503203097624e-01 1.819600706459329587e+00
2.220353220706050124e+00 6.766540898172295204e-01 1.807569633804249953e+00
2.398345451401489470e+00 6.516794423234697486e-01 2.422507315516730042e+00
2.420884062762129751e+00 6.668282462917900499e-01 2.415690097262409797e+00
2.397991979506890026e+00 6.861568912369302442e-01 2.148260997256380200e+00
2.079956389805659889e+00 1.338889145847819817e+00 2.362549165357520131e+00
2.082657721707379839e+00 1.324543869032739574e+00 2.294317435844960062e+00
2.470388481216619692e+00 7.123454361468202212e-01 2.046063438249140276e+00
1.032249806054289953e+00 5.457539018575896517e-01 2.495081933159230214e+00
2.395559741618289884e+00 6.858951851131098731e-01 2.484067851091630086e+00
1.929829399494369602e+00 7.438079121493499368e-01 2.342762639332989671e+00
2.422437217250799968e+00 6.883585634558395672e-01 2.326986029296800318e+00
2.396269107966219281e+00 6.866699458288192393e-01 2.319597813283739818e+00
2.353811482496109608e+00 8.504931694011894638e-01 2.023023957471420164e+00
2.366326940287519776e+00 8.400925553155398351e-01 2.020484714730989673e+00
2.363089398928899243e+00 8.418092717130394309e-01 2.020725470923450118e+00
2.336952707371589444e+00 8.624947362803301321e-01 2.027216589476030340e+00
2.380384771355190221e+00 9.403672415108099703e-01 2.185820975196230087e+00
2.361308534029289419e+00 9.525643575013493791e-01 2.193180536039530004e+00
2.317307069054869828e+00 1.197479799920809773e+00 2.509408795856789887e+00
1.804652984017819817e+00 3.620601351990997419e-01 2.572022758351840022e+00
2.089721817942960413e+00 1.328485884177140308e+00 2.351709917896870117e+00
1.653357226134269942e+00 3.155956317781500875e-01 2.658912769448539937e+00
1.296936433484919826e+00 3.073724526960399661e-01 2.341983359206639914e+00
2.419400993599440053e+00 8.608527513182597790e-01 2.409134294937429921e+00
2.195088816489839889e+00 6.502192639892394599e-01 2.286629647316579916e+00
2.323124635299429919e+00 1.143472754845169748e+00 2.539536483373410203e+00
2.447460548669769587e+00 6.938673267909896136e-01 2.202310696614990349e+00
1.606317835535559846e+00 1.121301299799197793e-01 2.325274899639819814e+00
2.225129870566559642e+00 1.135061319726219820e+00 2.547729205389770435e+00
2.413909823474580385e+00 6.992923810859201783e-01 2.210626186043209707e+00
2.325770089339069813e+00 6.747094768025896361e-01 2.241033984989039940e+00
2.512586157953369703e+00 7.287547420840099210e-01 2.183214778379639842e+00
2.341946141501319634e+00 9.435757863467595374e-01 2.167119735733040287e+00
2.419127443493789720e+00 6.647704962793297145e-01 2.418307030475829844e+00
2.392210037706589354e+00 5.733756757870500653e-01 1.822656576499330328e+00
1.335708894034519867e+00 1.609924040555597013e-01 2.293430787069639987e+00
2.510318911762420058e+00 7.321338146648599388e-01 2.182132986427539834e+00
2.440622336509330026e+00 6.635695479341896519e-01 2.136186826301810004e+00
2.412062168018759944e+00 8.083417106420600629e-01 2.010720046609669964e+00
2.071741861081609404e+00 1.333368271493149626e+00 2.302090748636070217e+00
2.535118837591589624e+00 6.326563386584498350e-01 1.943101931087729994e+00
2.385849046093359682e+00 5.333832778189997459e-01 1.848519032310219856e+00
2.395421699507589430e+00 7.342000548646898661e-01 2.254362983118330277e+00
2.313969092713159981e+00 5.006405391299797447e-01 1.825228866003270056e+00
2.412004367964200036e+00 6.051125474543199712e-01 1.892340205084500404e+00
2.053747131534739978e+00 1.364367759951499393e+00 2.378572069342379969e+00
1.854650888632049854e+00 4.733240339666096030e-01 2.412564998887400058e+00
1.767697931546150070e+00 4.183750773562497915e-01 2.461014172951149881e+00
1.665489053276540288e+00 3.127555720031398589e-01 2.655437331476980134e+00
-9.289127295073299484e-01 2.108123456358549141e+00 3.398733116957401990e-01
-1.428212341577150157e+00 1.653312388592789839e+00 1.286748042546749904e+00
-1.392239749698650275e+00 2.106247790217730120e+00 3.850965948982500997e-01
-1.400919962631610227e+00 1.441375964787209307e+00 7.925371741754303478e-01
2.250690497078239538e+00 4.299572913875595592e-01 2.006388538814980027e+00
-4.658264962502900453e+00 9.562367555506396943e-01 2.656678934963550454e+00
2.136137394475169593e+00 6.458877401803897467e-01 2.151426142585790124e+00
1.793418733245570218e+00 1.419376351694069838e+00 2.303738668343989993e+00
1.429248654278509889e+00 4.978822735776093911e-01 2.364646387661370142e+00
-1.429287396687580536e+00 2.011736572663499700e+00 4.881185771289398012e-01
-1.414826774221530137e+00 1.848374036497489881e+00 1.073416149831090127e+00
-1.641778583567149674e+00 1.471503586893889937e+00 1.079261321901599846e+00
2.426819806534969981e+00 6.276735970302695922e-01 2.398883526012990153e+00
2.238783553554700045e+00 6.259105987976194552e-01 2.353819625396500026e+00
-5.645539555722701719e-01 2.265054652786710143e+00 1.464976996069102810e-01
-1.444300567682230030e+00 2.073314168570349558e+00 5.773961743721902629e-01
-1.404335644375930503e+00 1.730913310457769638e+00 1.146303292778390048e+00
-3.514875686231690111e+00 1.596634571995889429e+00 1.709984647639970046e+00
-2.326650849614000816e+00 1.640327755315780012e+00 1.305147994694549674e+00
-1.450009556378280218e+00 1.748544825142819503e+00 9.096521810766899918e-01
-5.214051594286506219e-01 2.239404225306009799e+00 3.508033614463497152e-01
-1.246393957652039752e+00 2.116460340522159811e+00 3.890921204420201285e-01
-1.495953001715540465e+00 1.683133714981339901e+00 1.290130521192120128e+00
-4.640944150555900372e+00 1.054101470689319919e+00 2.591656314959949636e+00
-1.414807528074910392e+00 1.964544033799109579e+00 7.931512329732299804e-01
-1.497595556942010075e+00 1.764598801595990141e+00 9.006536429380798126e-01
-4.951710853046306093e-01 2.266987166999109959e+00 3.550880372404900953e-01
-1.450574431579520374e+00 1.751516991511219645e+00 9.076329063287098542e-01
-1.481112065396879895e+00 1.571232813537099426e+00 8.545074228486901902e-01
-4.864627932158000490e-01 2.330017684479940066e+00 1.492691063662503481e-01
-1.391236823657570287e+00 1.528831684482969910e+00 9.248232829790103970e-01
-1.847820685061830392e+00 2.210364371054789778e+00 5.712477157360900115e-01
-8.829324550794303006e-01 2.141125362184269854e+00 4.092804035173900346e-01
-4.216230038281503223e-01 2.217526071760849149e+00 3.915075114538999479e-01
-5.099483622457507970e-01 2.213410281606189578e+00 2.522340703731495992e-01
-6.032301183410200274e-01 2.323463184069418652e+00 3.256690325100599637e-01
-5.224631386823149981e+00 9.028767444508496443e-01 2.543603877554000192e+00
-1.280287880271990364e+00 1.847807952701089329e+00 2.162339666546206907e-01
-1.271116990298550409e+00 1.846769269927450496e+00 2.182839254624000525e-01
-4.546240723315240650e+00 9.520907346067997157e-01 2.642116143641020543e+00
-4.143092746061501352e-01 1.875169426552310226e+00 1.683343639604499842e-01
2.452682418587389890e+00 6.942477592462095171e-01 1.890291552163430033e+00
-3.420494364261779996e+00 1.583189863157559829e+00 1.574117244648290281e+00
-4.640022623153219783e+00 1.055423660530039998e+00 2.591446713163610305e+00
2.312351684720499734e-01 1.893744193143209964e+00 1.256170756239700204e+00
-1.418754943794260370e+00 1.584549689386439697e+00 6.005592973635303089e-01
-2.341461031749090704e+00 1.568475303366670071e+00 1.257832248996719748e+00
2.371922522039696668e-01 1.772192482132129543e+00 1.362919577139240168e+00
-1.300058160552279851e+00 1.272334950241120088e+00 1.073487338058339624e+00
-5.357507829380500297e+00 1.116980121811859794e+00 2.698993731432299814e+00
-1.712099076579890022e+00 1.616040635166509754e+00 8.108761489927203137e-01
-1.378707582599280279e+00 1.875177756971359466e+00 1.382311266995840171e+00
-3.883626828624870075e+00 1.604167371496269867e+00 1.763273378869909980e+00
2.184032771420739483e+00 1.139108302793599536e+00 2.669405913609930181e+00
1.381620501379760002e+00 4.315579176167398945e-01 2.176098330275070047e+00
