2.385499259084590040e+00 5.156792085260202274e-01 2.671248301592419772e+00
3.129807260743479702e+00 3.747604182638404335e-01 3.007668520547859714e+00
2.643295127630420183e+00 5.537497700339601980e-01 2.576757775816219898e+00
2.688392917273690230e+00 5.850951190504203314e-01 2.534585992451150016e+00
3.204991813399789891e+00 3.697218141918201528e-01 3.009267539279429915e+00
2.692469580395099982e+00 6.071922201333996849e-01 2.554917593340779725e+00
2.447444212615129899e+00 5.335278341447400319e-01 2.571884993772569850e+00
2.438288399932950323e+00 5.716299698751001745e-01 2.588145443520349698e+00
3.121049845533499845e+00 5.046984399923999387e-01 2.859103319369769913e+00
2.944666109621189687e+00 5.377598375408203513e-01 2.848391699685219880e+00
3.122242329237119751e+00 3.857678034421596625e-01 3.011935091850300061e+00
2.190324979076919920e+00 4.591615104851600737e-01 2.686960097499829558e+00
2.185063806781539775e+00 4.642898328813205300e-01 2.690905977332580079e+00
2.650997184425129660e+00 5.461347364843402996e-01 2.580376291275749967e+00
2.691722495715909602e+00 5.815021884653799322e-01 2.535437314593000036e+00
2.283067518730469647e+00 4.005123536562595898e-01 2.507756764561839713e+00
2.441655807953050150e+00 5.705371470608999740e-01 2.589923806955050090e+00
3.424165126844199714e-01 2.102941689883760290e+00 1.409180971188709997e+00
3.136418543802999892e+00 3.706764151548000985e-01 3.009241991629640012e+00
3.170232548712069942e+00 2.493126415226603054e-01 2.596299377150919963e+00
2.374547480229780128e+00 4.619315817276399283e-01 2.651254193414680049e+00
2.674707176262759667e+00 5.995677932574798863e-01 2.535272859222789776e+00
3.171822404139850171e+00 2.456235093813001757e-01 2.599994088062949960e+00
3.289886337151350038e+00 4.801024986126998240e-01 2.801130357509469704e+00
3.170750656844439685e+00 2.479763204965201862e-01 2.597234352147229863e+00
3.191609173028969515e+00 4.316345518328603692e-01 2.635380495752719821e+00
3.190802299066960224e+00 4.833129014512802524e-01 2.896346143193099909e+00
3.231912436307520231e+00 2.980476832425602574e-01 2.590289557917359708e+00
3.253947774003189686e+00 5.027649934912201690e-01 2.861587467501739646e+00
3.190067825574409710e+00 2.737232241923803766e-01 2.637915466422199984e+00
3.370321909524189419e+00 3.727420656126196885e-01 2.447684809139709650e+00
3.176147991201959897e+00 2.781301373522802045e-01 2.554903541038649806e+00
3.291191635482819677e+00 2.972163586625602427e-01 2.510205472342289745e+00
3.319993550646930025e+00 5.069736741923402956e-01 2.923924797797729624e+00
3.250102587460769410e+00 4.782331843898599555e-01 2.980671215971149923e+00
3.260408632145259666e+00 5.083812030020802286e-01 3.023895398558469783e+00
3.390652648212880038e+00 5.198803179114401818e-01 2.871698657445580061e+00
3.248916692987439792e+00 5.216979369103198483e-01 3.026811227736819987e+00
3.132608771770909684e+00 3.689199971551799795e-01 3.004227153455589772e+00
3.227478488136640067e+00 3.479270474985198813e-01 2.629053043994149963e+00
3.322374550538469418e+00 4.772612404858602719e-01 2.638542016043319727e+00
3.191400563293089743e+00 2.943897882132202604e-01 2.469193158702029933e+00
3.341186725139720259e+00 4.819296874511602713e-01 2.858588428902809842e+00
3.368520340122919787e+00 4.738259610249599962e-01 2.746069455312019958e+00
3.383516572510259834e+00 4.519407996890800749e-01 2.765057269228319736e+00
3.358385587146759832e+00 4.637520463640798507e-01 2.699348811542719773e+00
2.668531462056910275e+00 6.001888411823801395e-01 2.527346971019949873e+00
3.005928984430149775e+00 5.285698640676999016e-01 2.806034046119499692e+00
2.967565036304599779e+00 5.733570197602000373e-01 2.733681938690669888e+00
3.312016244248459529e+00 4.709976270776803364e-01 2.646701876811369925e+00
3.337881458719889949e+00 3.456754806688204784e-01 2.506225567603089566e+00
3.252103953532349934e+00 4.778501062452999992e-01 3.015451566603399858e+00
3.369969986697990194e+00 4.018905521798201708e-01 2.555220123326249926e+00
2.265504978683169579e+00 3.120814120290602567e-01 2.586005007176949810e+00
2.254600017088109531e+00 4.294099888635802831e-01 2.626485733817129908e+00
2.372950613861109836e+00 3.837458329185798878e-01 2.638694834216179785e+00
3.317689673504450099e+00 4.916056021848997926e-01 2.612537192917590012e+00
3.449104198249159481e+00 4.138453633014804733e-01 2.571369593514829965e+00
3.207058069363699637e+00 5.166349799880001203e-01 2.868200282027369763e+00
3.051536013310999884e+00 5.001385256522004052e-01 2.862714647173109750e+00
2.452814287766219792e+00 5.028880023309600933e-01 2.567395116164049806e+00
3.028235556962460162e+00 4.913685006276800049e-01 2.872604370622269698e+00
3.032449114691519565e+00 4.919441755953604112e-01 2.873376478898999942e+00
2.462702695440500023e+00 4.843366976378000732e-01 2.574255303118540006e+00
2.370746275439270079e+00 4.582013978808598953e-01 2.652576891128549885e+00
3.187102699008599771e+00 3.666179817486006076e-01 3.011104163183289995e+00
3.206255412142310135e+00 4.165093161855801807e-01 2.979756055912250012e+00
3.260910662880079691e+00 5.134787131460398779e-01 3.020203061707829928e+00
3.302515416315690011e+00 4.943866298594203901e-01 2.864057447404799728e+00
3.081805687532179761e+00 3.607441207500401426e-01 2.975251797616039973e+00
3.324389081379810040e+00 4.614569743419798531e-01 2.652979766020619579e+00
3.169880750968139704e+00 2.942579590897200781e-01 2.545271426973259921e+00
3.333518940387639962e+00 3.527545599761203743e-01 2.503155003502329556e+00
2.334532582051109806e+00 4.775489994065800214e-01 2.605312508655579951e+00
3.094061783863909731e+00 3.945356971203801688e-01 3.000618915019550137e+00
3.321668757529339988e+00 4.949133271391203959e-01 2.624957518285250035e+00
3.346069445149759680e+00 4.873966021182798425e-01 2.816224643440129682e+00
3.315808124303699866e+00 4.998943709097998234e-01 2.609013889174059742e+00
2.497128882781069592e+00 4.231919219876598692e-01 2.816603206798069969e+00
2.493877485965909635e+00 4.367335239605802943e-01 2.783108658955160131e+00
3.367462716812199552e+00 4.846082779830001019e-01 2.791935041804969764e+00
2.472241808076569569e+00 5.448632128290602505e-01 2.593827306115489950e+00
3.420533011419829794e+00 5.034596801293396151e-01 2.745593009106070070e+00
3.316965055916379690e+00 5.101215261988401029e-01 2.925033126002099859e+00
3.230895688636399754e+00 4.205751279154001931e-01 2.994816890172409707e+00
3.448975882355109768e+00 4.275092041327799297e-01 2.641368687663689929e+00
3.057518416275069928e+00 4.638636461600598171e-01 2.925655652646889759e+00
3.100296263422219756e+00 4.297604333317599501e-01 2.626529607677289935e+00
3.339743184421839928e+00 4.444291091171204133e-01 2.467929910649399705e+00
3.125944920479429623e+00 4.378342875629404052e-01 2.964222859151709688e+00
3.305379536510979932e+00 5.292657543316405810e-01 2.925519135286600125e+00
3.156266116493959384e+00 2.561709788738804061e-01 2.614513800719129755e+00
3.226551701761289692e+00 3.030608913168200136e-01 2.586952886238830018e+00
3.450847004741489865e+00 4.284593984032201153e-01 2.640403684525569616e+00
3.338563192041519745e+00 3.448030439923599477e-01 2.505701980462849754e+00
3.318149567054220039e+00 4.821630179033602470e-01 2.637392008194269888e+00
3.316042514495599836e+00 5.006082707296004575e-01 2.622279797994039985e+00
3.301985762257839685e+00 2.992398341121200733e-01 2.522352483225749786e+00
3.298545757619299579e+00 3.026850088064001465e-01 2.565436649987449691e+00
3.236090208877239416e+00 5.135518951335200644e-01 2.863289027017760002e+00
3.030690607758580235e+00 4.907756843588402251e-01 2.871917217627919960e+00
3.291522935033329489e+00 3.306239449119401375e-01 2.455826933000749612e+00
3.358925751031559770e+00 4.911986144218800643e-01 2.863987067935089836e+00
3.311349908242640083e+00 3.235315382293200148e-01 2.554475377548889981e+00
3.422131790046829547e+00 4.971891473205400924e-01 2.743211860078729636e+00
3.381519443727249996e+00 5.096318685930996129e-01 2.873044748650079860e+00
3.326037564437160032e+00 4.563731738672800464e-01 2.857060475860519588e+00
3.369990867457439698e+00 4.007405802811201401e-01 2.556742101391960009e+00
2.990709434265379940e+00 5.483093346206400209e-01 2.799603654556690024e+00
3.337830950887890058e+00 4.817466312356197822e-01 2.852435885343830080e+00
3.373536337212379443e+00 5.000807732050398524e-01 2.866476600439409772e+00
3.351522315064899615e+00 4.727897735210000452e-01 2.484752203860739694e+00
3.417679969095619885e+00 4.778179151705599370e-01 2.541652755731369950e+00
3.429904846239969718e+00 4.832083800350599478e-01 2.746664786673329584e+00
3.375349384982099465e+00 4.742147657104001102e-01 2.790927793183329619e+00
3.305195913864249491e+00 4.529534786807001279e-01 2.657119825965359894e+00
3.343867869892140021e+00 5.212146055907205255e-01 2.783988332119709863e+00
3.364400004974359870e+00 5.093977896590804466e-01 2.864531800754029689e+00
2.442458241409239506e+00 4.814977232479200620e-01 2.709209742845479774e+00
3.310169171517189923e+00 5.333701343474201995e-01 2.594793473047349863e+00
2.711381429613129779e+00 4.002969492431398546e-01 2.854650456452089813e+00
1.698109207110759966e+00 3.206498883589480542e+00 -5.837900778278095615e-01
9.269783751665000571e-01 2.458920593708000091e+00 1.685145774200504931e-01
1.383423671506579966e+00 2.508420511288239396e+00 3.493753570009894283e-01
1.101122365764859889e+00 1.970135898707280342e+00 7.927154982428898933e-01
5.222113964359201832e-01 2.431717614347159717e+00 3.263685034148298136e-01
9.817205932165003202e-02 2.081349953490500226e+00 8.918716968053894689e-01
3.118469333516897812e-01 2.397456579211420191e+00 4.329683458879993729e-01
1.253966728619930082e+00 3.523890980712739207e+00 -1.119606501820149091e+00
2.648223523036580040e+00 5.584830903474402586e-01 2.578400947737349735e+00
3.013932025077519672e+00 5.360899779883603333e-01 2.692700993046249991e+00
1.029766787105770076e+00 2.467431049396060061e+00 3.319558473153598754e-01
3.258039212718600863e-01 2.273829333748280668e+00 3.866122069786395166e-01
2.942056519410999882e-01 2.295243980623400404e+00 3.574256388178791433e-01
3.059326059731879877e+00 4.528657425216400245e-01 2.946296651297389602e+00
9.130611422976298019e-01 2.457332919043940578e+00 1.658263854861798947e-01
-6.162656252439904780e-03 1.833674087882479986e+00 6.826246375699200897e-01
1.061304628689800245e+00 2.478841704532600332e+00 2.214407567642102670e-01
2.439022443432302123e-01 2.271363267045539480e+00 6.247777383228201309e-01
3.552399651138397618e-01 2.426846180639520512e+00 2.471251321195198081e-01
1.022822176048200138e+00 2.522681083664799928e+00 1.806822258472600140e-01
1.488024357446119827e+00 2.696696742280160208e+00 -1.332808450089002505e-01
8.889264041573200492e-01 2.625358874594960312e+00 1.899297737911598283e-01
1.352559043897710200e+00 2.556077254173779068e+00 1.035490591257999249e-01
1.755081137633299204e-01 2.155603183236739717e+00 7.701247356875895456e-01
4.362405061907011217e-02 1.879297140108059816e+00 6.969732847266905118e-01
3.210499492452159487e+00 3.569151818762801298e-01 2.633696501415469626e+00
3.363777117519400339e-01 2.845818456032319865e+00 2.457898477693700734e-01
1.356293021411859812e+00 2.494348154452279864e+00 3.366002779558399105e-01
-2.000667840459709801e+00 2.363464754542220270e+00 6.643026671297995733e-01
-7.535618574104702150e-01 2.215990315396539678e+00 6.386520140964000447e-01
1.479679077018360323e+00 2.813731231252878828e+00 -7.054218255927979797e-02
2.078076752229298108e-01 2.183259022133539951e+00 5.322326940447896781e-01
1.326572055430029984e+00 2.521304159791139199e+00 3.094035689343797024e-01
1.076461087827999874e+00 2.488433955067799630e+00 2.156132804287897997e-01
1.658291663778559855e+00 2.933075358416679990e+00 -3.145880809468710737e-01
7.287064032560801596e-01 2.458828430926839559e+00 1.633702420120699550e-01
1.693430162595120025e+00 2.819170291538360296e+00 -3.377214935056898071e-01
1.273731866200999763e+00 3.837139903137999575e+00 -8.660772238889995478e-01
1.530588319721400081e+00 3.082277465816999573e+00 -5.323186043648107102e-01
4.070414905600898137e-01 2.418665633332220288e+00 1.676154532436795463e-01
1.590401821749710010e+00 2.425080528304180305e+00 -1.269242623416797500e-01
6.148884857399802284e-01 2.518749125439240011e+00 1.204857389180800098e-01
3.805189965907955496e-02 2.121857722400640078e+00 8.765669027206595132e-01
1.349602859992319992e+00 2.533140693425161238e+00 1.329840592135695942e-01
2.349051617310849771e+00 2.960928795431699179e+00 5.866279039753696800e-01
3.244836444031209854e+00 4.513271799447802213e-01 3.032376600572699754e+00
3.096131010926700955e-01 2.391878516719859959e+00 4.451644395980398627e-01
-4.429451105000998812e-01 2.132736839051000644e+00 7.271657412507401830e-01
1.365270195234149941e+00 2.442381541087299546e+00 2.867133816880800268e-01
1.237461860834619953e+00 2.550468306989560396e+00 3.014135782112199458e-01
1.487795383758870216e+00 3.203588547217860238e+00 -2.059360382588399929e-01
1.496259387779420136e+00 2.632481781720359848e+00 -3.677108818157597270e-01
1.683117456708001503e-01 2.207019429036200187e+00 5.103547147086899827e-01
1.354125204383910042e+00 2.544148491284380142e+00 3.230551013277498384e-01
2.083502533224499964e-01 2.186306944573499500e+00 5.303232158210198222e-01
2.164398934719203305e-01 2.189331932829960081e+00 5.296919398341701779e-01
-1.855986584680329843e+00 2.309576792272060253e+00 7.245565990657505395e-01
1.415903116486030067e+00 2.751660331392939085e+00 -4.231725090532956202e-02
1.458197111499760501e+00 2.151642003986480312e+00 1.096843011719399463e-01
1.602509100477070181e+00 2.540449405810460526e+00 -4.738564702695899911e-01
-6.502478103293499734e-01 2.152334404476899721e+00 6.941987891784093812e-01
1.570904130143670141e+00 2.764222489895860058e+00 -2.560874846180603015e-01
1.637949774587730056e+00 2.592010574053939642e+00 4.432888353448971586e-02
2.247760737350098514e-01 1.956712409966380184e+00 5.508598575177598988e-01
1.249883303505900267e+00 2.871676911617800698e+00 3.212429609392799534e-01
9.350869638153498364e-01 2.449514311519900289e+00 1.806511667796293352e-01
9.539574720967299859e-01 2.483105335019939908e+00 2.504162440876900320e-01
1.455760971227830547e+00 2.988069391797339769e+00 -3.078118401097302836e-01
1.412979506136130103e+00 2.478252700373940520e+00 1.756831450645299775e-01
1.363614006572509973e+00 3.798750768336980776e+00 6.730646412224006170e-02
1.512404443089600536e-01 2.285939608879679952e+00 1.006999156795519657e+00
1.493313276448198779e-01 2.290932718320560113e+00 1.011308248663389975e+00
