-8.891596624616300293e-01 5.259705949685697934e-01 2.414422919564750192e+00
-8.420770692229100352e-01 2.291092603524600424e-01 2.873652133685940413e+00
-8.264566526100500798e-01 -3.579560419420979578e-02 2.860941162169710061e+00
-8.441779141373702000e-01 2.240016007945302423e-01 2.892148976141140082e+00
-7.502243229834599791e-01 1.261966696103997698e-01 2.886430787068170467e+00
-1.075735942423450053e+00 3.336402044616202378e-01 2.767280749342460489e+00
-7.413367245733999411e-01 1.522837628130999654e-01 2.888188128295280155e+00
-8.420558479430499954e-01 3.902581374209979082e-02 2.934088810690010263e+00
-1.188240218978249940e+00 2.377752432708897246e-01 2.931927995950950105e+00
-8.241660102769199359e-01 -4.109415896242052391e-02 2.855389244211420152e+00
-1.236633279207709935e+00 3.628250827138297385e-01 2.803384080860990224e+00
-1.377656079477849849e+00 2.308626677105400926e-01 2.990838589382080137e+00
-1.219894210123070311e+00 1.301834945753099770e-01 3.151653557014820528e+00
-1.274175036167789932e+00 5.330100788446696658e-01 2.517793660198270445e+00
-1.459559056119269949e+00 9.110700136018956563e-02 3.232539026587080144e+00
-1.274217717385220050e+00 2.012629912584802394e-01 2.995797957587340132e+00
-1.000290179247499855e+00 6.266740572196101144e-01 2.319781780492010004e+00
-1.023150578045069592e+00 3.770485377149099815e-01 2.591032853088870436e+00
-1.562025710604220352e+00 1.685086885896698305e-01 3.164387437384060142e+00
-1.168713053058050066e+00 4.711422282183799215e-01 2.598470007001860260e+00
-1.150179959844309652e+00 4.292043366952900119e-01 2.687088807663500223e+00
-6.983104053134798761e-01 6.106835389202003306e-02 2.773426136427150190e+00
-8.215207198958498491e-01 9.939388103660973250e-02 2.953599960352290221e+00
-6.774628771380999392e-01 1.596448177016396297e-01 2.816764890224300100e+00
-1.286712791955930024e+00 1.673195325871701389e-01 3.115246383170770184e+00
-8.764159530353798910e-01 4.137692840553699458e-01 2.563757621977500456e+00
-9.911054828136898198e-01 4.004664816229095425e-01 2.483936297276930105e+00
-1.147421452173250200e+00 4.942547036316897735e-01 2.598536724979120027e+00
-8.407220613456398706e-01 4.132068280012979322e-02 2.937592374476910351e+00
-5.902414146761898461e-01 4.446082296846796122e-01 2.536471768687090567e+00
-9.947255997302397734e-01 3.224887356810797190e-01 2.832456481440700280e+00
-9.288093134743597989e-01 1.708531434272997362e-01 2.978635254315990188e+00
-9.965771415776500941e-01 3.206052730961002073e-01 2.832020946463270406e+00
-1.223358590444209915e+00 5.147630222033796610e-01 2.550818093005960296e+00
-1.028642525408849595e+00 2.365049769012297354e-01 2.906417139913810121e+00
-6.790009299212000915e-01 1.786342756809697896e-01 2.840223154491800184e+00
-6.574281914080297717e-01 5.607623441796498742e-01 2.371495628148770241e+00
-1.288630817356219760e+00 1.402670251689097647e-01 3.191836843521330458e+00
-1.311327680413510111e+00 8.245651875772996853e-02 3.277488428650890295e+00
-1.233415784588110187e+00 7.509642259398985331e-02 3.122499524859380315e+00
-1.200143208701540010e+00 8.126004407111975247e-02 3.142415668821570307e+00
-1.611647086356609693e+00 1.876299166639097127e-01 3.142776338000550229e+00
-1.521137944165230182e+00 1.206673279540797505e-01 3.149124778343820097e+00
-1.411173388371430137e+00 2.175018695132999724e-01 3.013686402228310079e+00
-2.109449480541079502e+00 2.855487598327999255e-01 2.972500711729180178e+00
-1.311649139081809912e+00 3.764710498267296312e-01 2.750322451914219979e+00
-2.081210823386300035e+00 2.714705916492099469e-01 3.014425911008930203e+00
-2.047417254852219592e+00 3.011950246824397492e-01 3.060842620799700153e+00
-1.278187857312080178e+00 3.691784331617695702e-01 2.745563209012840122e+00
-1.140667220848649910e+00 -1.070040403434402432e-01 2.894011358159480185e+00
-1.230246959744599744e+00 6.002760648187897008e-01 2.456614826381340322e+00
-2.187974582830039871e+00 3.486221144405499128e-01 2.825770249566890158e+00
-1.270538533420589866e+00 2.999195582006801697e-01 2.877129501023800273e+00
-1.297679821988259929e+00 7.277008724017097752e-01 2.599000824754760242e+00
-2.110575006795989417e+00 7.259533790138994469e-02 2.769801901408490252e+00
-1.267546702880249621e+00 3.610400642449900221e-01 2.784645705563790319e+00
-1.233171385195759973e+00 1.608207936484298273e-01 3.165636393626790390e+00
-1.462721547509909792e+00 -1.474641114138020015e-02 3.225241378633580069e+00
-2.140943381408819235e+00 7.322559821022989190e-02 2.884363777035820142e+00
-1.268435642851130085e+00 3.598419550881495343e-01 2.792424777582070305e+00
-1.143214277833429771e+00 3.879897230353097637e-01 2.707705542887440142e+00
-1.336371344357550006e+00 3.952506423949098124e-01 2.733413758957100370e+00
-1.196123935941060035e+00 6.517053748942003288e-02 3.176540433679290398e+00
-1.248108895767199522e+00 3.808539808867796861e-01 2.747662849073660318e+00
-1.088137795646809680e+00 3.350724652578496165e-01 2.777432613863300315e+00
-1.121272047057759957e+00 2.185605794724301276e-01 2.928586135041440386e+00
-9.596720354093497551e-01 6.355499043045698127e-01 2.314707012794380070e+00
-1.169904102536270196e+00 4.659325513784600137e-01 2.600072204771410433e+00
-2.173253202005700047e+00 2.364950071925497888e-01 2.655175745038030222e+00
-2.137741350863150203e+00 1.126217123641299889e-01 2.707827129349160256e+00
-9.156401519067698391e-01 5.913607409962400308e-01 2.326407710197490264e+00
-1.143149403169559930e+00 4.616739739539001963e-01 2.474362924930650021e+00
-1.147515130234839864e+00 4.593228134497999715e-01 2.474916914415699942e+00
-1.023677197085639756e+00 5.433631820869100348e-01 2.382637364727300255e+00
-8.289434478469501766e-01 6.160377983955902526e-01 2.279479194285229937e+00
-1.019914092292489860e+00 5.267753121775295977e-01 2.376600266738690070e+00
-8.221228999602196996e-01 6.144752181652399781e-01 2.270323399233950212e+00
-9.823510578711098784e-01 2.712687614589801566e-01 2.839509348600100402e+00
-1.335310367989249736e+00 4.014000601907097288e-01 2.724085265977260306e+00
-1.444274321635729885e+00 1.863965279972197298e-01 3.057989712425490225e+00
-2.122482863220190197e+00 1.069688273548397017e-01 2.916607701519970064e+00
-1.423294212364479838e+00 2.076356526924099111e-01 3.036078037491800163e+00
-2.084861294142279498e+00 1.121672007309897356e-01 2.714667455108200400e+00
-1.400663346936439568e+00 2.215369360835097723e-01 3.017871234594370122e+00
-1.449320926281359556e+00 8.264555489342950700e-02 3.282696753432390313e+00
-1.284523297475230086e+00 5.759276749637896042e-01 2.447272060772630375e+00
-1.314290314851319641e+00 5.415397183028696215e-01 2.476360802785070092e+00
-1.295423503353420047e+00 5.522993310234800557e-01 2.479583051816899975e+00
-2.150743722882690001e+00 8.707689602370982662e-02 2.811501509833160384e+00
-1.134411726837819989e+00 4.645969576150499325e-01 2.475919601233220302e+00
-1.099967974221799816e+00 4.675954893233396081e-01 2.482858109297950477e+00
-1.110310515503979856e+00 4.651239796468502607e-01 2.478468682447900306e+00
-1.066921229723720055e+00 4.232756174599694443e-01 2.539700853006610082e+00
-2.164978655514699923e+00 1.249493766720497501e-01 2.701192315195960258e+00
-1.197699951934339646e+00 4.262880825716395261e-01 2.557566798706320199e+00
-2.116637346921570462e+00 1.612675710303901333e-01 2.672037553023690393e+00
-1.232903647463069907e+00 2.134416390125997154e-01 3.008089169885090008e+00
-2.217388223383629509e+00 2.284842435229894608e-01 2.728172174326060073e+00
-2.173262549202959804e+00 2.388723938052497164e-01 2.654523325230170094e+00
-2.101962776400859489e+00 8.702297335094999475e-02 2.835054310419750312e+00
-1.510549213084299902e+00 8.962700779929977379e-02 3.216011989343580346e+00
-2.200312570087479713e+00 1.789960001716197624e-01 2.641650305648050256e+00
-1.011865471114989701e+00 3.635825449350897909e-01 2.673289803991040436e+00
-8.445346985366894987e-01 1.165148511777609697e+00 2.098692945470970184e+00
-9.995803985469000619e-01 2.302463464610400301e-01 2.901835466527760143e+00
-9.300311266452900849e-01 3.667668180357896990e-01 2.675146744548720257e+00
-9.609571739762803322e-01 2.558659671774201616e-01 2.834623412588600289e+00
-9.082506368188598689e-01 7.587048039231958363e-02 2.978968023877940130e+00
-1.032709864914809872e+00 9.960304545286697842e-01 2.271026898786060233e+00
-2.172008511641750239e+00 1.085692305719498929e-01 2.729361282287260160e+00
-8.894562616190098137e-01 1.143934223745179724e+00 2.110723406959770010e+00
-7.867979731491197004e-01 7.971335980665397170e-01 2.065088999103839917e+00
-1.161062412201089744e+00 1.112656207444000511e-01 2.938960567165400217e+00
-2.090322144988950193e+00 1.941643062127000885e-01 3.180007921739110177e+00
-5.125558397427700807e-01 3.915738133227699702e-01 2.628852014447920382e+00
-6.428246564015498432e-01 3.615481797228599081e-01 2.620906134588889991e+00
-2.155829125482759956e+00 1.116753477976499820e-01 2.715754558294630083e+00
-7.537939085189797606e-01 1.055155570102759954e+00 1.916973223214330169e+00
-7.627857550506298434e-01 1.049187836991209766e+00 1.925875337950260224e+00
-2.168077308027159589e+00 1.431084652709897487e-01 2.680576687089600174e+00
-5.405126206924200094e-01 6.858847870919395628e-01 2.200967958269820279e+00
-8.364323065089498410e-01 2.466354774135799399e-01 2.856379816933780180e+00
-2.186588743604849228e+00 1.340666245098098841e-01 2.715609985307090302e+00
-2.125506740713919207e+00 8.122913815869003962e-02 2.901167937905860583e+00
-6.926649635538200123e-01 3.157198823085602957e-01 2.697115704382730073e+00
-4.491709161662698069e-01 6.236660090146897151e-01 2.026886877651330465e+00
-1.606030650195490184e+00 1.914816185572199014e-01 3.125335557190380253e+00
-1.564834312022399976e+00 1.657157378459197528e-01 3.163263512466000016e+00
-1.531638840103269894e+00 1.129975905081197496e-01 3.172600459439580245e+00
-1.518350277162000106e+00 1.156575901324099487e-01 3.174898629810620321e+00
-1.078483274249759871e+00 5.653684402655601016e-01 2.440039766215710060e+00
-2.186848375039350145e+00 1.570956095523299290e-01 2.666867469486000175e+00
-9.846551927981199714e-01 6.476928315765497768e-01 2.279328284748970201e+00
-2.129783495218140033e+00 9.542885880954021793e-02 2.736932549036820372e+00
-2.148370727446620165e+00 7.794119423572998251e-02 2.754069929577570353e+00
-1.200047980066129893e+00 2.333460541551599654e-01 2.928562017748610025e+00
-2.116659292875840315e+00 3.520845207487399708e-01 2.700208329586360367e+00
-1.071243647218530048e+00 5.344231791792097841e-01 2.424996301622270423e+00
-1.075612218117780072e+00 5.329822945897502162e-01 2.428915161700390346e+00
-9.986918412643299714e-01 5.348395824876501781e-01 2.424540775674070225e+00
-2.206678211474669915e+00 1.722327130714400578e-01 2.671055758950990011e+00
-2.189643510529940329e+00 1.510756350357000954e-01 2.663476124198150607e+00
-2.065202014909069739e+00 2.922885063646198933e-01 3.049016149137470322e+00
-1.313203202363689703e+00 5.715607486610096988e-01 2.519223928114590283e+00
-2.131084425957300077e+00 8.161567867803976029e-02 2.900206163628419986e+00
-1.579130627131949849e+00 7.189297560996021907e-02 3.333866531924320142e+00
-1.493513224575669929e+00 1.605290521086397693e-01 3.154796412977490139e+00
-1.495723966423110118e+00 1.020844099061002375e-01 3.260013436967210243e+00
-1.193417291039590156e+00 4.126079875676500475e-01 2.538596882684520217e+00
-1.174073333357019910e+00 3.462201289571298357e-01 2.739242642021250340e+00
-7.016174370929999515e-01 6.182322966086399862e-01 2.234572953982270072e+00
-1.054750123700669784e+00 3.775788208754498054e-01 2.682768443998270413e+00
-8.503169993151298289e-01 5.148241069265895309e-01 2.418585255714789994e+00
-7.695592680557197252e-01 5.142396048007300546e-01 2.478983793053360252e+00
-8.393222871098402482e-01 5.135224861860099299e-01 2.405423412457230015e+00
-7.258927454401500334e-01 3.076436301921703365e-01 2.596957503628590125e+00
-2.123159180622390174e+00 1.462983671330497781e-01 2.680474078031530372e+00
-9.033761869873695449e-01 1.266018825687060145e+00 2.528866377847390101e+00
-4.971918305780000935e-01 4.698434888429796619e-01 2.415143944934010189e+00
-4.930144068081598885e-01 4.754109453802801699e-01 2.408823193269570062e+00
-4.464902035063398333e-01 4.916807317106897113e-01 2.391996526974660142e+00
-2.133520563542569803e+00 1.131558799851599684e-01 2.710403138193720363e+00
-8.865348016640302031e-01 2.072009020263696488e-01 2.912147252738260139e+00
-1.485652980475129725e+00 9.824950643151986185e-02 3.205209731224059944e+00
-1.535325599473589930e+00 9.211137469149988100e-02 3.174687953260979967e+00
-2.134308284152609758e+00 7.548303539712963861e-02 2.892705803943329990e+00
-1.116121283717790069e+00 5.462722691553800747e-01 2.444083993550390410e+00
-1.172051715941069938e+00 4.050392227156394132e-01 2.687274152335220379e+00
-2.131232103868920369e+00 1.094977127686700413e-01 2.707433368072530211e+00
-1.104323211231920121e+00 4.060187013579901194e-01 2.575394475525849991e+00
-2.165946857441439555e+00 9.184717942785947109e-02 2.745231942795020252e+00
-2.102561429136430071e+00 1.581547749523699586e-01 2.927676639192310137e+00
-8.774615303924495624e-01 1.023415644263480084e+00 2.287423310071780236e+00
-1.085037288780499987e+00 3.601657065416195014e-01 2.789840407884020212e+00
-2.208221914186569990e+00 2.416737736347600585e-01 2.791387982556700287e+00
-7.740190937087298995e-01 1.031547446268749946e+00 2.214814201718400266e+00
-8.290768047424894593e-01 9.972855865974799006e-01 2.224711018444130328e+00
-2.125701999375960050e+00 1.466414274654097571e-01 2.905198782535290292e+00
-2.136145631275489620e+00 8.159133563502951603e-02 2.759923482345870482e+00
-1.076391131245750143e+00 3.851543472348597508e-01 2.676473875963810478e+00
-6.164202695612697180e-01 6.629281814541199136e-01 2.215592864985170163e+00
-1.284040767006800143e+00 -9.312041692390193859e-03 3.420451003491750352e+00
-1.079815999129789761e+00 1.500731760275797466e-01 3.018929492627910438e+00
-1.290799413104949833e+00 8.280857339145295537e-01 2.657756576960050410e+00
-1.998070224222069813e+00 1.280992594179297672e-01 2.749706224511990094e+00
-1.209580576894470072e+00 5.046638235874298939e-01 2.453410963786260446e+00
-2.196934497278060228e+00 3.045370810365295444e-01 2.742479083544490326e+00
-2.119182259328259654e+00 1.275016221863198851e-01 2.693424579571709998e+00
-9.668663952818701279e-01 1.173391687447919773e+00 2.136804907809520149e+00
-1.205955725546950186e+00 2.000450338958594809e-01 3.054878594972410433e+00
-9.819220166961797336e-01 1.122626921382869680e+00 2.151399347286050201e+00
-1.251182564062810032e+00 2.068024876987899496e-01 3.015163850104499943e+00
-2.165483132865589688e+00 2.372742146326798363e-01 2.884431389021730130e+00
-2.027779146364919960e+00 3.059454293004397751e-01 3.078605576279010325e+00
-9.713756778682796078e-01 6.321801702035296788e-01 2.315838551059770101e+00
-2.085356203665829966e+00 1.109931448647500929e-01 2.713856796207200439e+00
-1.539333648219520123e+00 1.550715875937800359e-01 3.129831878754180341e+00
-1.331618567481659854e+00 5.544355543673999964e-01 2.558280839971630360e+00
-2.011046123865259716e+00 3.022229064856898351e-01 3.086859396619910267e+00
-2.203183643102909706e+00 1.266973659483099368e-01 2.761024468977380408e+00
-1.494389388220139780e+00 1.014183219134598968e-01 3.262563898978590338e+00
-2.161285084464539707e+00 9.763879700160971176e-02 2.731206595305610385e+00
-1.533667546479550170e+00 1.569783883920896628e-01 3.131641974103410497e+00
-1.305966974533889990e+00 5.707804551325696973e-01 2.513925189200470367e+00
-1.267488054042849699e+00 5.961657862367195637e-01 2.476150357364290233e+00
-1.008183922851660030e+00 3.668591226002899663e-01 2.674084265893960310e+00
-1.050460034014830013e+00 9.887640353272397764e-01 2.268399987350240288e+00
-2.211099262454549574e+00 2.266309132940997895e-01 2.811903949468850250e+00
-1.073974115775890192e+00 3.340273337507599916e-01 2.771876012735040362e+00
-2.142322174601289930e+00 8.903178159878977205e-02 2.902397851125559924e+00
-9.722625954601096243e-01 6.085942535670596509e-01 2.284713793273290161e+00
-2.163898394933689850e+00 9.977435053699967860e-02 2.812023841428960225e+00
-2.092638131737119878e+00 8.237980896035002054e-02 2.837495620563970533e+00
-2.182700910593569965e+00 3.548557309157296391e-01 2.828354542451740450e+00
-8.930666724016995683e-01 2.024512374969094086e-01 2.925077279331830482e+00
-8.977452139727100100e-01 9.656270517289999855e-01 2.249257131260410159e+00
-5.887172893567498289e-01 9.042009566354496375e-01 1.954013288789940184e+00
-2.223268417541439668e+00 2.535879501518796264e-01 2.764490204647970018e+00
-2.133871740692080188e+00 1.155303522840098740e-01 2.708124656552170162e+00
-2.173442676904920212e+00 1.093106216346400039e-01 2.809947739658990251e+00
-6.097616531781000493e-01 8.899639433366000052e-01 1.956115394779520011e+00
-8.363119245578600758e-01 1.850147866234697069e-01 2.995650357974760425e+00
-6.040701117848501500e-01 8.888816397444998518e-01 1.877819076097360096e+00
-2.113399505906899734e+00 1.063987558311396686e-01 2.715174406494460513e+00
-7.033424553886697961e-01 8.396155838427998841e-01 1.899363148808169921e+00
-6.642852763728599452e-01 8.604764842147598625e-01 1.894252808964620005e+00
-2.139063082433479757e+00 9.241376237291021312e-02 2.730541096046870120e+00
-6.755602312250199581e-01 6.287918535908596507e-01 2.231342514541390099e+00
-2.151602886839450335e+00 8.896838948776975009e-02 2.808506853568140116e+00
-2.164487518246489550e+00 9.231741868335996415e-02 2.746495821373040158e+00
-2.130429101038729733e+00 6.571953857075008010e-02 2.854032477427840497e+00
-2.142171157261300252e+00 8.386474356062967317e-02 2.897394017874590055e+00
-7.222791779069297480e-01 4.283489764262700117e-01 2.578295592512530376e+00
-6.626846105351595906e-01 2.892153358233098270e-01 2.839297698607200271e+00
-6.553060492741098475e-01 1.119705837921379787e+00 2.107032415431949968e+00
-2.176395512139429833e+00 1.243292933193498317e-01 2.709122165295850149e+00
-6.264747700338597625e-01 3.083709274306800641e-01 2.768891047115280113e+00
-4.204450071425398505e-01 1.299679323048429369e+00 2.019661629038280282e+00
-5.672389529615398107e-01 1.197535703267829765e+00 2.059165017174900303e+00
-6.154595531012998499e-01 1.169454275373879915e+00 2.060895571739910004e+00
-5.987815739448798524e-01 3.146252054375999752e-01 2.784742646979870173e+00
-2.107958603756959981e+00 7.394619973677962754e-02 2.770362818613720357e+00
-2.121908445107630214e+00 1.577601595988997740e-01 2.671332950713690035e+00
-7.651810985000093712e-01 1.449885674031879512e+00 2.177800794644310312e+00
-7.431384714377695655e-01 1.466767814361819466e+00 2.181079002758010255e+00
-6.622311363083297486e-01 1.526810998060909474e+00 2.168549914684710256e+00
-6.927354607896800687e-01 1.501329292484639533e+00 2.166450365082700280e+00
-5.849197511260697535e-01 1.452774585593289869e+00 2.233634621431599854e+00
-2.108741910058699709e+00 8.263820225345996917e-02 2.817076943764520003e+00
-1.469650651723100054e-01 8.641557127098595803e-01 1.864424966367970171e+00
-2.131879970679009695e+00 1.430356221694901731e-01 2.676860982817240497e+00
-1.186968095822997782e-01 9.060060064345594188e-01 1.887263277092070091e+00
-3.001736280466400508e-01 8.440792190256700689e-01 1.924530771441760324e+00
-3.877716065701997117e-02 9.381556468050098463e-01 1.884011090965960200e+00
-2.306982213612001065e-01 1.208753277635240098e+00 2.072084514176990133e+00
-2.073889225097650169e+00 3.154212186357996384e-01 3.008661240285750438e+00
-2.081323594793150100e+00 1.991129341785597973e-01 3.188268535311090002e+00
-2.012215851997909866e+00 2.963103384457099754e-01 3.077685593380620421e+00
-2.066880235032189539e+00 3.401807713429898516e-01 3.033793341024520362e+00
-2.072452245247299984e+00 2.951117503273696929e-01 3.045631044702480139e+00
-2.028358623803979910e+00 2.831864765117895200e-01 3.064360767059090218e+00
-2.099501921603279975e+00 2.565604097107496706e-01 2.934901564565780330e+00
-1.618729170952659890e+00 1.836801283805398199e-01 3.139947896586320120e+00
-2.104868350397609333e+00 2.857822914787695456e-01 2.964860553670860099e+00
-2.101586239609019913e+00 2.415137228345298759e-01 2.935139309371990191e+00
-2.097612096711880092e+00 2.761252874947999203e-01 2.973867884353690094e+00
-1.368730430960930056e+00 1.556972362970896473e-01 3.145965900682550220e+00
-2.165518478915939404e+00 1.392538576167694497e-01 2.678729607212200214e+00
-1.450332089236120003e+00 8.473205655007998160e-02 3.283728209474890303e+00
-1.421937198708800087e+00 5.036379720964399009e-01 2.580567207340120461e+00
-1.394171769718189902e+00 2.510086466008798478e-01 2.990052591174130470e+00
-2.135541933900189981e+00 1.250963242356601945e-01 2.699783826457900382e+00
-1.961221657563300136e+00 1.986130976268996040e-01 2.695517220780750289e+00
-2.144527588440070076e+00 1.091812042662294591e-01 2.705865405022800374e+00
-6.289334900369698556e-01 6.765263935152197039e-01 2.141560951800720147e+00
-6.772814569991998379e-01 6.288611999250097728e-01 2.225845000074570201e+00
-5.603560945724399556e-01 7.006928481188900992e-01 2.137230724732749998e+00
-6.157352780621898614e-01 6.826102848425896763e-01 2.136691536510550105e+00
-2.162319601939610259e+00 1.240396722275600716e-01 2.701508559094770501e+00
-5.531468408580897389e-01 6.915203120071093945e-01 2.158571735771340094e+00
-8.893329837956900352e-01 1.417185914946079928e+00 2.396614746428610054e+00
-1.069030433972469885e+00 1.764958007920995886e-01 3.024705847473770248e+00
-2.137875999010609540e+00 1.245364434882996196e-01 2.698821552467590479e+00
-2.120777236614659778e+00 1.105500735044295801e-01 2.707769744007270329e+00
-2.137469850064880106e+00 7.653607750963997702e-02 2.782607781003260339e+00
-4.376938203225697599e-01 6.223951650922601164e-01 2.170847905268920019e+00
-2.100111455710989894e+00 8.183220455257989023e-02 2.760985471933540492e+00
-5.467219301694401512e-01 1.079384098650099988e+00 2.192046827017440247e+00
-3.511227927522198033e-01 7.249538139558897587e-01 2.050168863431790278e+00
-2.188227652552909852e+00 1.996536858294595262e-01 2.643989211907090464e+00
-3.527132284977401167e-01 5.451974755064699085e-01 2.204983297518400054e+00
-2.188017348817130170e+00 1.227970913836100575e-01 2.763955136600090068e+00
-4.054113614779197849e-01 6.796507863661596094e-01 2.065476195414960081e+00
-2.212424519137750067e+00 1.988339985944496124e-01 2.773301157749260337e+00
-7.713278683814801528e-01 2.613084665646796534e-01 2.821936426620609950e+00
-4.240962028495400826e-01 4.968899736297498482e-01 2.092944067985780254e+00
-2.125500812807960216e+00 1.227550521093798697e-01 2.696900493433960211e+00
-5.903831304860898133e-01 3.754969714894598187e-01 2.627736171925140418e+00
-3.713405414180299680e-01 5.658005082103298999e-01 2.129996098752010347e+00
-2.151345744779449731e+00 8.739372173334980509e-02 2.809930697460220284e+00
-2.170115971672830213e+00 2.327083801426796938e-01 2.880616015684970499e+00
-2.058394529548139396e+00 2.754058831027896836e-01 3.045278357709450212e+00
-2.115483090695909674e+00 1.142296266306497277e-01 2.695091991396890485e+00
-1.270785890630260040e+00 1.451032662269209572e+00 2.374338614594970309e+00
-2.171758825220320155e+00 1.249329042883098317e-01 2.711874292098140238e+00
-2.155601843023750241e+00 9.245134317367975640e-02 2.736397659179870434e+00
-1.316967908481099903e+00 1.392798771773199773e+00 2.391121500266700117e+00
-2.094748249355680159e+00 1.375055486733096632e-01 2.712948390010290201e+00
-1.031432506058869825e+00 3.739227347907194687e-01 2.622598949704280535e+00
-2.221678004541929319e+00 2.375867153041597568e-01 2.765127971042260491e+00
-2.166789564551949709e+00 1.326382047092098393e-01 2.694615643388340143e+00
-2.175594702940059300e+00 1.378204423621196550e-01 2.678534464063280218e+00
-1.141485133282970077e+00 1.282732957308099220e-01 3.178959011372670229e+00
-1.103871194538479594e+00 3.267795048510897526e-01 2.753677741048790040e+00
-2.219060434798219461e+00 2.252449473984499129e-01 2.726299431551230334e+00
-2.198952964135299837e+00 2.964963548878996047e-01 2.744696607357490326e+00
-2.196030160179470059e+00 1.358450278384297771e-01 2.818152684650350182e+00
-7.075258413430498550e-01 6.355751200358497055e-01 2.221240788550820078e+00
-2.077215784325470160e+00 1.376650713940594795e-01 2.715580637417190246e+00
-8.405668808730599739e-01 5.153300241995799613e-01 2.409741610218190111e+00
-5.828944443494599170e-01 7.749476386428704178e-01 2.022547054251240262e+00
-9.561206918966000945e-01 1.922520956209801124e-01 3.059736133238020184e+00
-8.455826123740701750e-01 2.884920975069198423e-01 2.823562599480339941e+00
-1.381570623433029832e+00 1.681720598331895022e-01 3.013944488370350339e+00
-1.140073485949489873e+00 -3.610681039465002407e-02 2.921045747625710121e+00
-1.140517532200419959e+00 -4.836822035332000169e-02 2.896766270622740169e+00
-1.277483464931229884e+00 2.005078175631498372e-01 3.004737475828409998e+00
-1.267029163352829668e+00 2.076160201510199865e-01 2.989598515158990111e+00
-2.137946929243599747e+00 9.112599846268976123e-02 2.902390817812890322e+00
-1.308012285889019966e+00 6.575741236013701307e-01 2.557746812644809964e+00
-1.252537112735349512e+00 2.491937969994195701e-01 2.917633897948800126e+00
-2.178935809039569627e+00 1.057641017372594749e-01 2.734203733755980359e+00
-1.228410129108579829e+00 1.441988258541597734e-01 3.135815368381880130e+00
-1.153986588989450057e+00 1.190588493741098208e-01 2.975312223450320204e+00
-1.045507554130590266e+00 4.150442958500397683e-01 2.697442282984710005e+00
-1.174548116581159762e+00 4.659287739287301111e-01 2.583227571108520415e+00
-1.297783045788609479e+00 3.222420818381894758e-01 2.794512502832310119e+00
-1.157522598184270057e+00 4.575589292541597519e-01 2.596842676352600243e+00
-1.193777358436989955e+00 4.507559880816300879e-01 2.610457613371520047e+00
-2.174238120986029976e+00 1.233411586699695306e-01 2.712120650312290326e+00
-1.205322249031969717e+00 1.993978034956798151e-01 3.062644285194980220e+00
-1.175994801435540138e+00 3.198994242240902341e-01 2.841626197237000273e+00
-1.471978016181020310e+00 8.816005991518702789e-01 2.223479469163640143e+00
-9.028912088483400655e-01 4.600280654020101334e-01 2.585883382837010025e+00
-2.173733515396810034e+00 1.161748881371502673e-01 2.731608959821710148e+00
-1.064678011732189900e+00 2.288758221985396357e-01 2.977842795831550315e+00
-1.150788174988109924e+00 3.788344145838300481e-01 2.519255047954370497e+00
-9.800710674850099391e-01 6.149173123446900480e-01 2.252832542961780149e+00
-9.600960344672400115e-01 6.185185730915903068e-01 2.266788521290119984e+00
-6.956888731394998970e-01 1.428392367899398163e-01 2.836462429557350173e+00
-2.126026514143609880e+00 9.789288098317960873e-02 2.735491865908200371e+00
-2.863498729677298460e-01 7.386536011457696116e-01 2.030925284626380112e+00
-2.213727133831399740e+00 1.571490284595398190e-01 2.754253775172030405e+00
-3.902389519356697090e-01 7.075981450021096020e-01 2.055522690967130028e+00
-2.169970092722680377e+00 1.419328289539698584e-01 2.680841107785080446e+00
-2.188787608053269551e+00 2.023623907662699395e-01 2.698906674316540411e+00
-6.513663320477300900e-01 3.068044451115199411e-01 2.774334471327770224e+00
-7.003485307362198320e-01 3.108590581431498467e-01 2.651709441792450050e+00
-6.013951639127099735e-01 1.157412522678819888e+00 2.109960552461109806e+00
-2.212020077288689990e+00 2.344757977041698194e-01 2.731017476788510479e+00
-1.395551679851596560e-01 9.161654456565597737e-01 1.890402692734200141e+00
-1.317784644137101058e-01 9.125833948677397611e-01 1.888287779257200150e+00
-2.210241688724249975e+00 1.222423512798100909e-01 2.758097537037560443e+00
-4.292359546070001475e-01 1.205760692498550002e+00 2.100417105738740187e+00
-2.136173187859639278e+00 9.788338954635000810e-02 2.907326934715490196e+00
-2.150805561924959974e+00 1.005079413305898228e-01 2.734515310264650445e+00
-2.820912973160498716e-01 1.280469579398869628e+00 2.082668248132439892e+00
-1.592709554281709794e+00 6.701218307781964256e-02 3.340134276519040046e+00
-2.003019025971429556e+00 2.607209901750300318e-01 3.007614013601690228e+00
-1.194335316271599945e+00 4.297859175759499717e-01 2.544452901855170257e+00
-1.200498653186799602e+00 4.403962993621000077e-01 2.474917563171940227e+00
-1.146400193692269864e+00 4.965036095893193835e-01 2.439509176239190058e+00
-1.126739835914519761e+00 2.342379310286897276e-01 3.007245749830020465e+00
-1.115072893544920118e+00 4.174502072463399660e-01 2.533577581108239940e+00
-1.394186071916829972e+00 9.273840361091998385e-01 2.219873463037170147e+00
-1.055155750285490024e+00 2.380608918556201825e-01 2.981119504096130246e+00
-1.003856623610089871e+00 2.213306825600300787e-01 3.052579395426350040e+00
-8.339642089932299829e-01 -3.771537049131024055e-02 2.859570358472400375e+00
-9.713976614728097037e-01 6.505864658859101812e-01 2.259122089549689960e+00
-9.895516968422197746e-01 2.321869979027595399e-01 2.910195980391770298e+00
-9.776212352179498577e-01 6.524728536326798167e-01 2.274796200778109956e+00
-9.447103583282199235e-01 1.970507229676699001e-01 2.956540151081240353e+00
-1.324414823380559936e+00 8.638045458316967462e-02 3.268794413101580254e+00
-1.319594919775050057e+00 1.416403452779899652e-01 3.134203646644070140e+00
-5.367062429176798766e-01 3.454581069988498232e-01 2.657318333339370398e+00
-5.334760939325497997e-01 1.014145471152639866e+00 2.141972756021150115e+00
-7.648958002908698983e-01 1.449291280558060224e+00 2.178997518778050146e+00
-7.177992390167295955e-01 1.478359257137939808e+00 2.172544777303470287e+00
-7.982677405144198435e-01 1.019223522453440056e+00 2.247174240933370370e+00
-2.171191058326109591e+00 1.393357532327696990e-01 2.675613400446350099e+00
-5.812704582589398594e-01 1.461470844283429438e+00 2.228158288669820131e+00
-5.827248094745800522e-01 1.459680643090679686e+00 2.231944377599770490e+00
-5.770599883457496748e-01 1.462530099380209725e+00 2.231168459950440219e+00
-5.799059394796197697e-01 1.443611211071769818e+00 2.242294241508850039e+00
-2.185490379988110021e+00 1.279088542408999274e-01 2.731725326146080324e+00
-2.216460156526539826e+00 2.303398074325699874e-01 2.791074505797150440e+00
-2.214287149456040105e+00 1.949483097874695758e-01 2.767602433324760192e+00
-5.481361730143297084e-01 1.301284354941329768e+00 2.317112449081590420e+00
-2.166028063225740041e+00 1.485903353426401008e-01 2.679217995566120170e+00
-2.219796443905559968e+00 1.858229483801399073e-01 2.750529175113270330e+00
-7.205297748853698447e-01 1.181347161768799614e+00 2.292646405809050325e+00
-1.545632689209679667e+00 1.547188202833198467e-01 3.128198245047760118e+00
-1.520893463376500110e+00 2.462685860064299792e-01 3.034066513357160044e+00
-1.450656027428429917e+00 1.977671105616896075e-01 3.112424323507770207e+00
-1.505509389027920308e+00 2.496095547759302757e-01 3.034464945630140242e+00
-1.379575870259129866e+00 1.481394871510899325e-01 3.177909485431619885e+00
-1.444849421587010019e+00 1.339475230662499072e-01 3.123801987705900451e+00
-1.407605189396889722e+00 1.444557134352100203e-01 3.123622839780030080e+00
-1.272902841416500008e+00 7.028483856978984257e-02 3.160269386616720411e+00
-1.370410610114500161e+00 1.747976257487797724e-01 3.047525544334360070e+00
-1.349942551857639783e+00 2.541037191913400051e-01 2.966972086972160305e+00
-1.299412854360290082e+00 5.692181126845501371e-01 2.503330123924190076e+00
-1.277130489334360020e+00 2.919759239380799176e-01 2.888506949005870350e+00
-1.163510768355759728e+00 1.064559235441497886e-01 2.978099603021730157e+00
-1.258982440583789719e+00 9.070655825500995029e-02 3.308634412950490322e+00
-9.913580300080300223e-01 1.112008565330539822e+00 2.155061029014030183e+00
-8.906308190798200020e-01 1.155451043648909826e+00 2.144993303210130264e+00
-1.281433498226349554e+00 1.425330937540219667e+00 2.388761422882850205e+00
-7.092490229651799982e-01 1.488177377204900065e-01 2.832163104762840167e+00
-7.065813581085900186e-01 1.581274774173497821e-01 2.833903651097340326e+00
-6.033679456247198480e-01 1.811763019433998423e-01 2.847246110370559968e+00
-7.061351838036997730e-01 6.286433843901197971e-01 2.252806197996230164e+00
-9.189765613532399069e-01 9.596624106148501365e-01 2.250812681013690142e+00
-8.008884710945498586e-01 1.112224198385219909e+00 1.930727368357610274e+00
-8.052551154017602020e-01 1.125700754599709752e+00 1.936864714384090247e+00
-8.197575103241099281e-01 1.148445456540369891e+00 1.979318680037700062e+00
-2.110022607465530164e+00 1.171592595189194785e-01 2.699029329198410210e+00
-6.309256551932898027e-01 3.083652680991797457e-01 2.773830123013210081e+00
-2.165127764733259852e+00 4.041763687808301864e-01 2.728461025908770488e+00
-2.197254952536660255e+00 3.010901380538497651e-01 2.745781755885940090e+00
-7.244975834901501432e-01 1.477033451300329814e+00 2.175060966365490067e+00
-5.989229959906998690e-01 1.195737759173409964e+00 2.291677037182280330e+00
-5.489388139072297612e-01 1.159215957575129741e+00 2.099385495889740216e+00
-6.869305637989298052e-01 1.307498345906449755e+00 2.176591180753439936e+00
-7.961881059119100268e-01 1.161340039931199941e+00 1.970454724305850114e+00
-1.340488413105439980e+00 3.626111956582300788e-01 2.749565797505650444e+00
-1.234987099092019980e+00 1.622869744876300757e-01 3.143478506629850067e+00
-1.089799344481830135e+00 1.494675379226098055e-01 3.002552017742240231e+00
-1.286046365087530008e+00 5.748093119940593798e-01 2.464484206427370427e+00
-1.112122161268840115e+00 3.429508860984997742e-01 2.750988428563729826e+00
-1.186217823471850119e+00 2.367919661908097773e-01 2.928931194612900413e+00
-1.289207919521729862e+00 1.066333313471999888e+00 2.133191228324200495e+00
-1.088202627546390078e+00 2.072620001275298218e-01 3.031321228592860351e+00
-1.038795515715029927e+00 2.345504729331195914e-01 2.988047450294480267e+00
-9.133755085282599939e-01 4.831165994012700526e-01 2.666418549252360215e+00
-1.235072966202399813e+00 3.833449175928198560e-01 2.763332892131440399e+00
-2.060546900683419835e+00 2.856315711810097913e-01 3.020209074730520360e+00
-9.620507457356499703e-01 2.876106035201397848e-01 2.822294878333289958e+00
-7.991855191551098248e-01 1.189999105373980237e+00 1.985195971849720298e+00
-8.252223852279898519e-01 1.004148666427709946e+00 2.215684467608999952e+00
-6.792773795745596921e-01 1.363878474134979646e+00 2.249079996501900158e+00
-6.316948199241798623e-01 1.378593359512589656e+00 2.272258062503220266e+00
-1.230563705492620175e+00 1.281720090162901116e-01 3.145422312739500015e+00
-1.081941546369540097e+00 2.142355056921596557e-01 2.951127793516190145e+00
-1.272917064299079692e+00 1.076337695581089493e+00 2.144983586324500369e+00
-1.267328485064110000e+00 3.001689992568803422e-01 2.879559734656390368e+00
-1.360324382053099912e+00 4.167240589335996503e-02 3.237565014568030364e+00
-1.284415995425070234e+00 5.384352648154000498e-02 3.128695817470650287e+00
-1.266638736066239668e+00 -1.345017081109012302e-02 3.423895990513390331e+00
-9.966677188678498833e-01 3.727918233957596694e-01 2.669368275536960322e+00
-9.910505697275999726e-01 3.004281365267702508e-01 2.801941560175880142e+00
-8.327734092592595783e-01 2.450033587778994715e-01 2.849900548262420230e+00
-1.000872784178869823e+00 2.778869519325797288e-01 2.816634218102790133e+00
-1.274195215620139932e+00 1.073031741369590231e+00 2.159149896017940051e+00
-8.423952064402298046e-01 4.136445394232695083e-01 2.559526661236640077e+00
-5.061445606690797572e-01 5.457029938550894688e-01 2.360310312896680252e+00
-1.066773718753750044e+00 2.200680354342299250e-01 2.959649560531140366e+00
-1.316217655165439870e+00 6.655751692516997942e-02 3.089180241274900318e+00
-1.140633759674939851e+00 1.032992850660996442e-01 2.986853987574420444e+00
-6.012938889268997222e-01 6.078285661613598290e-01 2.224369111127610044e+00
-4.400675572070700259e-01 1.296048246958749983e+00 2.464189097341809909e+00
-4.702014475709996866e-01 4.039387828296796545e-01 2.625331015943550117e+00
-7.765884282077994971e-01 1.036374298038069908e+00 2.206669132642100184e+00
-1.304318387780069477e+00 1.134432544908239526e+00 2.149741149146860320e+00
-2.196132557914539873e+00 1.950198752320799755e-01 2.640521125703390481e+00
-5.972023635134100505e-01 8.944871262206601781e-01 1.946443893727620278e+00
-6.263234095857599382e-01 8.768462786523498753e-01 1.870050723684660188e+00
-1.310136778908219446e+00 1.416448298363769398e+00 2.379820862966390393e+00
-9.655063584326597503e-01 5.683638525398799768e-01 2.392371065017650178e+00
-2.148770100918549808e+00 6.754357271798983042e-02 2.842072561046680157e+00
-1.266818168605559736e+00 1.088109707350979560e+00 2.141551651793370148e+00
-1.157968913061519833e+00 1.781706428966698397e-01 3.075119289009569989e+00
-1.385483735432709862e+00 5.263288211108798631e-01 2.541834709936670045e+00
-7.615602366688396518e-01 8.300680593741496249e-01 2.022068879216060378e+00
-1.264570986780920281e+00 1.084784575367110149e+00 2.123315918098500177e+00
-2.140058114801099975e+00 7.287467384567980488e-02 2.865914130376109981e+00
-4.672355251213200500e-01 1.122801337228169993e+00 2.031253211263940095e+00
-1.353781267659870169e+00 5.521540348036297896e-01 2.605394751498610439e+00
-1.288755671216769594e+00 1.165415965394749565e+00 2.169658855239759987e+00
-1.120791861419629720e+00 2.438667875980300437e-01 3.009477277670700168e+00
-6.390634669339598783e-01 6.391741320885897526e-01 2.211046219090680331e+00
-1.218064607273289690e+00 4.880159261907996981e-01 2.486276923642170011e+00
-1.005673702216279830e+00 3.602032337932399297e-01 2.672577101384970177e+00
-5.065049453525398704e-01 1.101280321534520157e+00 2.038652656147410092e+00
-8.792639106785296033e-01 1.082699294762099695e+00 2.332433934632750283e+00
-1.302212454566060051e+00 1.200053132833519998e+00 2.207941198072690181e+00
-2.081631557141349731e+00 7.940269211566985952e-02 2.810441795910560092e+00
-7.544705719493900453e-01 1.167485902291360178e+00 2.309370419098480287e+00
-1.458298340063209908e+00 1.752842159346299500e-01 3.088693485983100118e+00
-2.133362346537589715e+00 7.709846773817008447e-02 2.892347551481880163e+00
-1.517501839021049959e+00 1.741460744892397994e-01 3.092755711460500212e+00
-2.158302376606680006e+00 1.096178415307800247e-01 2.715125472348089986e+00
-6.495795424371497706e-01 9.286430552060493948e-01 2.016608272151950043e+00
-1.202236983247709778e+00 1.348714334985290142e+00 2.238176436466030150e+00
-2.132218236237100051e+00 7.663495166292944027e-02 2.894203776889130442e+00
