2.232056035201110067e+00 4.169280446452592326e-01 2.617285176436639382e+00
2.141902770909720477e+00 3.554597240846397721e-01 2.653164467756699452e+00
2.736797403767389891e+00 4.578863282873000262e-01 2.674039709472919579e+00
2.139530047924280254e+00 3.572207010499599544e-01 2.653876715770999706e+00
2.275963495999100417e+00 4.479282350096995824e-01 2.585605482216099649e+00
2.059037930365220426e+00 2.771745087464398960e-01 2.627082428604499587e+00
1.822513607785810175e+00 3.382913280300996473e-01 2.368357354868279252e+00
2.036439600976600151e+00 3.056815319390790986e-01 2.613356777935979647e+00
1.956876345884600132e+00 5.833928839300999147e-01 2.367421830168899177e+00
1.794571980242870124e+00 3.940284383902994403e-01 2.360672458764259574e+00
1.770439431158749910e+00 4.436431600009995702e-01 2.569949207132799618e+00
1.770566057515239988e+00 4.455250498889198330e-01 2.569362833342239583e+00
1.672007248078859920e+00 1.746549141355198120e-01 2.359975235717599595e+00
2.118973028641380374e+00 3.586241692613201248e-01 2.661086584868959548e+00
2.836614315849380397e+00 5.567692687521794692e-01 2.282026662399719630e+00
2.829978025161420607e+00 5.427391359965001438e-01 2.292053667018459695e+00
2.880906236625800254e+00 6.060768424023998957e-01 2.555866316030899643e+00
2.826959499665260278e+00 5.722111572133796731e-01 2.621728847237659643e+00
2.943550653441380671e+00 6.218772230836797643e-01 2.490185678810719949e+00
2.896178880713690340e+00 5.794629525553001148e-01 2.486191848860919595e+00
2.880942591283999654e+00 4.911605251250199533e-01 2.185119299196119691e+00
2.784357279584879663e+00 3.982962352107597415e-01 2.105634418353199866e+00
2.828435328252250525e+00 5.752717394563198194e-01 2.436034906047419568e+00
2.857037815170840211e+00 5.366679427691194437e-01 2.213612263089439480e+00
2.930480598100220213e+00 6.084021163267598897e-01 2.383750369242119582e+00
2.726169739194979957e+00 5.848587255793396000e-01 2.528733574801579564e+00
2.686425483240610035e+00 3.328681916569802279e-01 2.275872154882959464e+00
2.609007924173600390e+00 4.775177387366598136e-01 2.639649400323759387e+00
2.594354764877480513e+00 5.638572260174392614e-01 2.551739992294079773e+00
2.834734295905490420e+00 5.908334071755800831e-01 2.606784678056399684e+00
2.837382215704630450e+00 5.702791968452001203e-01 2.271908793430039708e+00
2.592492373067980083e+00 5.624957618219996736e-01 2.550615237388839773e+00
2.906199780690630341e+00 5.766813646147797012e-01 2.448508657602920024e+00
2.935707632451109994e+00 6.109452728061197657e-01 2.493225016667299787e+00
2.891892684232440391e+00 5.787894198549599079e-01 2.480685180668979584e+00
2.834362600679209976e+00 5.925263825095592463e-01 2.605285242877539709e+00
2.936461563380150519e+00 6.249147069168798918e-01 2.488352431766379880e+00
2.597841912108719953e+00 4.838721591638994735e-01 2.642270571878959640e+00
2.922574992100200220e+00 5.817669114355996651e-01 2.343334973867699844e+00
2.681096659470830090e+00 3.734116094734798441e-01 2.209555488370719800e+00
2.661425666598169926e+00 3.815459207052198654e-01 2.125705460702879357e+00
2.804144598186720572e+00 8.447354102382800267e-01 2.483514563888239657e+00
2.787775587738599903e+00 8.567826039856398790e-01 2.423283261020739765e+00
2.835020841220669663e+00 8.376708709674194342e-01 2.471210303868079716e+00
2.744740031045640460e+00 4.269360662723797883e-01 2.084852992385699544e+00
2.535505356787250086e+00 1.244693356717579968e+00 2.609690219846779513e+00
2.564777843034850680e+00 1.273227290630120079e+00 2.561639064613019379e+00
2.761236752945470219e+00 9.161215344408797367e-01 2.481895556652239598e+00
1.833925437547290205e+00 4.188325406340196455e-01 2.562044285495539420e+00
2.529928079227010684e+00 1.252411386525419834e+00 2.617154118523599582e+00
2.597842527484980124e+00 5.638455673086795183e-01 2.552020658522219598e+00
1.719932085321919768e+00 1.333433895602398334e-01 2.422948759413199760e+00
2.936636726113350360e+00 6.163818366974600504e-01 2.490787918389559596e+00
2.900562194328610399e+00 4.531891912934395972e-01 2.109011420776919721e+00
2.530158403295390102e+00 1.247838254070639641e+00 2.556062286815659945e+00
2.872414386688120214e+00 6.352489669521592663e-01 2.220190362418319907e+00
2.283975585179440326e+00 4.448379785609393178e-01 2.588257439843259622e+00
1.828821717024419868e+00 3.299678573765201239e-01 2.372431054494279934e+00
1.790048407297919919e+00 2.443140183550396305e-01 2.464468852814399646e+00
3.824904593553101195e-01 2.347444164619600038e+00 2.972959709494795710e-01
-4.606356042184294175e-01 2.197538363716399878e+00 4.188112751049599680e-01
-4.189868688305789846e+00 1.368996638869139693e+00 1.933557197583019693e+00
2.815325933547650372e+00 5.172448931351600887e-01 2.691587300564859842e+00
-6.674586504096597928e-01 2.043420500742359813e+00 4.898614613782794613e-01
-6.372078436994598194e-01 2.175907360656579748e+00 3.684421586673991555e-01
-4.156271912077809993e+00 1.465653409529660278e+00 1.873273034427179518e+00
3.602850730221303643e-01 2.278029420504279479e+00 2.398004894702197021e-01
-7.583276679804494824e-01 1.950092596592720051e+00 6.632190983091192926e-01
-2.721419813388979314e+00 1.888472516324759765e+00 1.207881039837420012e+00
-7.534165470359600603e-01 2.060680326886879854e+00 7.296967527515989538e-01
-4.736310907741709819e+00 1.358394309819359824e+00 1.739411097077279145e+00
-7.231248700059996759e-01 1.739334253967479649e+00 6.301468001630801119e-01
-1.656944741219330108e+00 1.815189162080159901e+00 8.922133295435195066e-01
-6.149008713014395555e-01 2.056770169625299793e+00 4.974961975061802377e-01
