-1.116383516248730112e+00 -2.507781652282800033e-01 2.621954963394290239e+00
-1.056386067753300129e+00 -2.447860970866100050e-01 2.614213537219740147e+00
-1.094900205490402234e-01 -2.060515232154999654e-02 2.243497182369719845e+00
-7.839532361811101246e-01 -1.054167751242540030e+00 2.775754368729709931e+00
-1.358067480738470056e+00 -8.357908325261000915e-01 3.102626200608989748e+00
-1.270583910208220146e+00 -8.295837555877700886e-01 2.874987844498419598e+00
-1.369856792672990098e+00 -7.307803680275100078e-01 3.137046804053950311e+00
-5.864343689236017898e-02 -5.025383489924799552e-01 2.778334789155639584e+00
5.363631951472900283e-01 -4.521306760933600510e-01 2.674426943944430590e+00
3.540321055919797288e-01 -4.676911473967500510e-01 2.830160856513419532e+00
-1.056462327205040186e+00 -3.002831976810700354e-01 2.584520974747880118e+00
-1.056462327205040186e+00 -3.002831976810700354e-01 2.584520974747880118e+00
-5.820734190291800836e-01 -2.133876755713999818e-01 2.659271281248219765e+00
-7.391211757051801001e-01 -1.971567565870199767e-01 2.629741195587260272e+00
-1.054285840608410130e+00 -2.428151464181200203e-01 2.622532703097809836e+00
-1.288572769176140165e+00 -4.585559536610500087e-01 3.067020193518740001e+00
-7.473448306663101892e-01 -6.138356311644399543e-01 2.752094245150989771e+00
-7.461606059978601602e-01 -8.647489911006200902e-01 2.824099369193460163e+00
-2.034872396770026626e-02 -2.067237784534100009e-01 2.552323598276299954e+00
5.329500428042899252e-01 -3.441798610021200577e-01 2.757813834998150249e+00
2.985447682580699702e-01 6.253874177232199294e-01 2.575096913743010418e+00
-3.208640976161301062e-01 -6.926904460020000265e-02 2.452351792788410201e+00
-8.814074916665199932e-01 -6.323818781758699936e-01 2.784738562138080020e+00
7.454891763040498720e-01 -6.406313003493100400e-01 2.543160329631230177e+00
7.820633735893989247e-02 -1.662531230700600160e-01 2.481349676887299793e+00
5.575728324857698315e-01 -2.711397204563300578e-01 2.693196662855990020e+00
-3.423480899854902670e-01 -3.141172636014600283e-01 2.832812198719850016e+00
-8.750991805544300339e-01 -1.107094264360420022e+00 2.862887291138870083e+00
-9.364770809514002536e-01 -3.511782585561800119e-01 2.890109913905319239e+00
-5.836079189432700209e-01 -1.415654068448999880e-01 2.528298914521469598e+00
-1.049888201713830238e+00 -8.796223344933800092e-01 2.757857882315149389e+00
-3.499870706469301318e-01 -6.798340406051099905e-01 2.635219864708849613e+00
-3.495484996553500645e-01 -3.209060154969600176e-01 2.817262092475710133e+00
-7.614701990712702262e-01 -6.138238258610599907e-01 2.748368483415790209e+00
-7.343805557111801052e-01 -2.008865584583799935e-01 2.632813099379180066e+00
-7.519636521864001555e-01 -8.662105010238199121e-01 2.783098100123839735e+00
5.658722649310399255e-01 -2.753851088679899473e-01 2.692314400689079790e+00
-9.542614255633601328e-01 -9.294200351007799732e-01 2.962288462799439692e+00
-9.309171964619502582e-01 -6.326661865670799578e-01 2.789388366936229602e+00
-3.959623436962002030e-01 -8.709379453183501152e-01 2.913531983034399531e+00
3.381302979753999516e-01 -3.952111475202100821e-01 2.898133013052399676e+00
-2.026242689522300688e-01 -1.251698861441599975e-01 2.497805444855150547e+00
-4.240147788021002562e-01 -2.467631628099800079e-01 2.720207859860739319e+00
-1.114863786404380219e+00 -3.042007698784099934e-01 2.593761740439379793e+00
5.574586548397300056e-01 -2.809061603274700114e-01 2.685980184276189675e+00
-2.036801104394801998e-01 5.453276393222099561e-01 2.715824793058239095e+00
-2.036801104394801998e-01 5.453276393222099561e-01 2.715824793058239095e+00
-1.292408778910830058e+00 -4.668176519415899728e-01 3.054933611242350189e+00
3.396250387190697939e-01 -4.676373159851699990e-01 2.843950938674769446e+00
5.151075380377998503e-01 -2.849454135112899911e-01 2.770327430251680489e+00
8.946326646472799737e-01 7.046813350065499471e-01 2.743234406241400691e+00
5.140248176297299576e-01 -5.376035216056000987e-01 2.748929111651509771e+00
-9.274370909408502506e-01 -6.294371766065000040e-01 2.796436976722890044e+00
-9.553295473379900260e-01 -8.638794098244499953e-01 2.725425972868790403e+00
-3.791755320959000475e-01 -9.649659495827300759e-01 2.842541296112499616e+00
-9.941673346980151038e-03 -3.098622595507000144e-01 2.804392741565940206e+00
5.413090273633991423e-02 -1.673773042126700250e-01 2.485249172249459626e+00
1.543015911882199553e-01 4.845512557587699498e-01 2.613296284842619777e+00
4.889233543365298917e-01 -5.880593460633001257e-01 2.769596028148069600e+00
-4.838517950545018209e-02 -2.131278295103599951e-01 2.546945350278689624e+00
-1.133080287771550232e+00 -2.866300088606499874e-01 2.735762553923549945e+00
-1.359053068336230297e+00 -4.279709306479099751e-01 3.521013276827349436e+00
9.501611826218003820e-02 -2.542533714640199949e-01 2.679709348163980209e+00
1.355576980879198423e-01 4.812265622353200656e-01 2.734661334313120307e+00
-1.529249216169179970e+00 -2.658234413290299636e-01 2.772570052575860089e+00
-1.441450215042610061e+00 5.926049484642004206e-02 3.617396679611049493e+00
-1.447447220319110217e+00 4.236430428676002391e-02 3.568852178457709634e+00
-1.532682973544008398e-02 -6.875832831336001760e-01 2.892401278032079581e+00
5.338978621587300299e-01 -7.918087352445001004e-02 2.458637608391189389e+00
-1.415295477262320079e+00 -7.431864530534599833e-01 3.457398194287679694e+00
3.489370280919696921e-01 -4.739933290271899913e-01 2.838708778348509654e+00
2.922445199683096906e-01 -3.900976448292899912e-01 2.893890908705929910e+00
4.901397973502896743e-01 -4.033269365467500589e-01 2.823451770629709756e+00
-1.289087012680200317e+00 -1.059154396733420045e+00 3.190520440723799922e+00
-1.325508416527680033e+00 -1.010826114589250091e+00 3.056595535394519558e+00
-1.143426187807120131e+00 -3.561974820670700259e-01 2.716233816730840189e+00
3.573170623069599205e-01 -5.237573171943199490e-01 2.823874062218879821e+00
5.419224121402701488e-01 -3.938978050570700051e-01 2.676384311341810651e+00
6.826443096733501026e-01 -2.656406108446799919e-01 2.682515374455009649e+00
-1.649482336484930034e+00 -5.467909121391997807e-02 3.724343862505290481e+00
3.519487273244996661e-01 -4.689530740535700626e-01 2.831543502523219402e+00
-8.765434455153100490e-01 -7.881635148217300824e-01 2.800726733548030367e+00
-9.226372133187202840e-01 -4.063978277347700119e-01 2.860771403931959611e+00
7.053603892943982601e-02 3.138179201193699863e-01 2.383092062546440015e+00
-2.692960103454011822e-02 -1.660001695527900112e-01 2.453154260317380597e+00
-4.560013780467401245e-01 -2.629227569533300057e-01 2.768624199042220013e+00
-1.045806487969760168e+00 -2.937747753174400067e-01 2.603779808369999671e+00
-2.858637589151014069e-02 -2.130020062574500272e-01 2.563019160998790014e+00
-1.100920142964010306e+00 -3.913558954028300008e-01 2.656131887609929798e+00
-1.384246997468720153e+00 -5.700902843690799360e-01 3.251779264665999314e+00
-6.316294683067101845e-01 -1.731023839337400005e-01 2.590267027640510200e+00
-1.256973904278180232e+00 -8.837765034498701322e-01 2.765364801811100115e+00
-1.262487913274700002e+00 -8.812995508647001319e-01 2.765034702302619607e+00
-1.089619932115910128e+00 -3.883947101763299825e-01 2.672071844900709259e+00
1.456210399044977066e-02 -1.719604922540100278e-01 2.493193126324830367e+00
-1.100821385114200135e-01 -1.011901112426600025e-01 2.419519457369259996e+00
-1.340644073850929985e+00 -9.787372559167499819e-01 2.996081049054209799e+00
-9.099460339121012709e-02 -3.077914464912300252e-01 2.812051106613449925e+00
5.416665745854398750e-01 -5.220251610014199350e-01 2.646990868226960281e+00
5.069964685569998686e-01 -2.086448788225800099e-01 2.624997655467719682e+00
5.034866646001998625e-01 -5.422361440764600360e-01 2.726821517932039640e+00
4.469465725363499509e-01 -3.347783226781699817e-01 2.863338943671729808e+00
-1.418830440940429982e+00 -7.317817278166398598e-01 3.440258816925269691e+00
5.512057246667967370e-02 -1.515880018445700250e-01 2.469852150426079973e+00
-5.097778410651601089e-01 -1.908618506681299953e-01 2.652737329794160104e+00
-3.294995371593102407e-01 -2.407590477964500209e-01 2.702462998228509328e+00
-4.437889702126300850e-01 -3.536385888917700226e-01 2.844913594200310314e+00
-4.781826775350106473e-03 6.606591682291498291e-01 2.465454723855110331e+00
-1.186719369609810171e+00 -6.353715323430599859e-01 3.403629835316010599e+00
-1.370072707850080285e+00 -7.145620176509801524e-01 3.153209781625680108e+00
-5.049724033210134522e-03 6.590848009115199968e-01 2.458646115721729863e+00
6.364497413490988187e-02 -2.670350128872300277e-01 2.629651478158449684e+00
-1.388838488157300155e+00 3.612384312520006135e-02 2.621222865832580240e+00
2.998500906235799235e-01 6.244383644667299560e-01 2.583293818291499733e+00
-5.819895846936300465e-01 -1.413425982854400187e-01 2.529015818333269827e+00
-1.153646224972610046e+00 -3.011463539515299992e-01 2.711447060323409097e+00
-1.412121034238830397e+00 6.905073522786001061e-02 3.493454991731190340e+00
1.272540911039699019e-01 -5.505196701592101061e-01 2.862993330324109742e+00
1.272540911039699019e-01 -5.505196701592101061e-01 2.862993330324109742e+00
-9.721068270270800671e-01 -4.051048311346999720e-01 2.818875580370679756e+00
-1.101226503570601478e-01 -2.027479730057099860e-01 2.614071930835660140e+00
-1.313184978058501429e-01 -2.173204705576200491e-01 2.651451875716769990e+00
-1.436436102682700167e+00 -9.402903703300700133e-01 3.362755499296979700e+00
-1.418792443139100135e+00 -7.344146502682300515e-01 3.421198583890980416e+00
-1.331945221774970101e+00 -2.076557850448999820e-01 2.663300319111089998e+00
-1.331945221774970101e+00 -2.076557850448999820e-01 2.663300319111089998e+00
6.691181858467798449e-01 -6.767105506532100634e-01 2.681528774838620066e+00
-1.147360355850520097e+00 -3.069653939517700270e-01 2.728035661135519874e+00
-1.639954733467309911e+00 -1.232103333869399853e-01 3.590502778152630192e+00
-1.049640686931900158e+00 -3.583541216456099798e-01 2.600226948036420183e+00
-1.168860180517820035e+00 -8.399867968049998801e-01 2.770366198788299705e+00
-1.785789662827230062e+00 1.451113121381800153e-01 3.415869207590390033e+00
-1.218020005979925102e-03 -3.749132314396700361e-01 2.830091984216180023e+00
-1.407206275496720060e+00 -9.562036875320001350e-01 3.370283435104799885e+00
-1.324925853729760128e+00 -1.044858439959920116e+00 2.765135844385919306e+00
-1.296327662445800888e-01 -4.170915358875100232e-01 2.858518205211019847e+00
-9.137944300457012670e-02 -4.221226264063400180e-01 2.872631301820370631e+00
5.139218291054701293e-01 -2.859017815392799755e-01 2.770590332038810111e+00
4.855197584516197651e-01 -4.021333361755500269e-01 2.824358962745139756e+00
4.855197584516197651e-01 -4.021333361755500269e-01 2.824358962745139756e+00
-1.468434021494000152e+00 -2.933030874414399580e-01 3.754685229506799615e+00
-1.285540114396510170e+00 -8.302598059923300688e-01 2.864512672484829992e+00
8.873469180203974460e-02 -3.664293060011002134e-02 2.359327742919119952e+00
6.074967571850975467e-02 3.108176025453799896e-01 2.370838246790410331e+00
-1.456986448235280118e+00 -2.102398651337997193e-02 2.375686270391279997e+00
-1.147539283083470085e+00 -3.580885063412300173e-01 2.699345848640909651e+00
-4.385880714870700192e-01 -6.311130651082599297e-01 2.687351503147429987e+00
-1.213997252131600035e-01 -1.632206262154999865e-01 2.503657550847719904e+00
-3.222657358194200850e-01 -9.428982376551000577e-01 2.697364792643579534e+00
-1.499549082790559984e+00 -7.756173458376997010e-02 3.584219041410679374e+00
3.397292133929399327e-01 -1.277168243528100100e-01 2.496000139022860331e+00
9.107287938240982150e-02 -2.704072128881400139e-01 2.677179156091790801e+00
-9.102186833205800909e-01 -4.864151137825800109e-01 2.834045984114339056e+00
1.164036412857900604e-01 -5.369956187789199920e-01 2.865630559520250031e+00
-3.192591220052999335e-01 -6.693494457635998374e-02 2.453834060403219830e+00
2.645867737356797367e-01 3.960037733375099678e-01 2.772434015169079835e+00
-1.656413578548850074e+00 -2.400369850409299621e-01 3.678335678330210357e+00
-2.359075553327900643e-01 1.313211920763999729e-01 3.462991544609470118e+00
-2.391994888594600743e-01 1.325208234025500031e-01 3.464576012978299424e+00
-1.271792045050750275e+00 -1.094025887746770120e+00 2.753264003506269653e+00
-8.193730600311300849e-01 -1.033623170300729921e+00 2.745558386323610378e+00
-4.745378057973701491e-01 -2.663806664054900186e-01 2.752609796686409815e+00
6.059611656373098398e-01 -5.745042196693700420e-01 2.549878749625569263e+00
3.216503887229200664e-01 4.229631382046999399e-01 2.814495937756920085e+00
-1.352591648210230257e+00 -8.313508307405399478e-01 3.086566422471229920e+00
1.827275006000297353e-01 5.113195937690999671e-01 2.761317603577690072e+00
5.238175231238599849e-01 -3.720219227337900336e-01 2.798553501198259852e+00
-8.074623203302500052e-01 -9.016851829631999937e-01 2.915986816943489934e+00
3.541848711938300198e-01 -4.740692152032200402e-01 2.838903626212609943e+00
3.538499246965696177e-01 -5.205349120264199936e-01 2.817054739131229724e+00
6.772479843435801339e-01 -2.616629251772000231e-01 2.644521455785460162e+00
-1.472429544798360412e+00 -2.831780402753499848e-01 3.732022378498640158e+00
-2.905816030321402010e-01 4.753741730747499949e-01 2.824327826271219699e+00
7.135048157906600519e-01 -6.853623771394199427e-01 2.719058540393100465e+00
-1.247740018439870147e+00 -8.811153298242000442e-01 2.757074522990469845e+00
-1.357852512325800287e+00 -8.247095696924999775e-01 3.087165780287239869e+00
-1.348362692185100187e+00 -1.009577861738880200e+00 3.476928844917579475e+00
-1.401575508130550318e+00 -8.221327966523899189e-01 3.696376807473029658e+00
-1.361895966194030194e+00 -6.953805712639600234e-01 3.377481827291189731e+00
-1.328993906901590361e+00 -9.555474333697000500e-01 3.005071563239629207e+00
-1.191805675904730411e+00 -1.125484392248010002e+00 3.320564956203930329e+00
-1.377829440538290040e+00 3.907088328997199711e-01 2.966744460920409665e+00
-5.427486882062301232e-01 -7.455886746007400756e-01 3.611162020185550325e+00
-1.166068069638880322e+00 -1.093629891769670071e+00 3.581807524215319560e+00
-6.150387750467302128e-01 -8.573418437512101420e-01 3.804687372007769852e+00
-5.138184278584801978e-01 -8.629223664135801108e-01 3.808978338035839961e+00
-1.073292278541501110e-01 -7.942935327627500541e-01 3.050784589925430446e+00
9.085616688068200997e-01 -3.979491460365400246e-01 3.027562070516539805e+00
-6.387895655288011731e-02 -7.795808367770900027e-01 3.564833004902919988e+00
-2.135473793337602233e-01 -7.163631144198800982e-01 3.119241535821919875e+00
5.692358671592199215e-01 -6.470367765341800137e-01 3.508537603920060199e+00
8.455287074661399505e-01 -1.095268988638840035e+00 3.798674967382740242e+00
7.222820443390898237e-01 -8.318250669818001430e-01 3.975889098200629412e+00
6.789495753941798828e-01 -6.097883010718301300e-01 3.406372834795219795e+00
9.293769578087698324e-01 -6.289666077144999701e-01 2.789915081562389432e+00
-2.413076312428996673e-02 -8.146687192925998744e-01 3.648711964032489874e+00
-7.560755330987400935e-01 -9.086874522725501002e-01 4.290568505957740086e+00
9.292093197966098117e-01 -5.441356050181700432e-01 3.192249965275309798e+00
6.880925237743200640e-01 -2.249723587707000427e-01 4.128795059074880314e+00
1.048292631999110158e+00 -3.598190911517600288e-01 3.020813794074370229e+00
6.524781643581498702e-01 -6.051307352806600814e-01 3.190467373006609542e+00
9.311867062242400461e-01 -5.406968776228100459e-01 3.190200222216039272e+00
8.064774426809899754e-01 -3.579236982870400152e-01 2.995105493654249607e+00
9.995607858220700859e-01 -4.304981562359800340e-01 2.817367018000050294e+00
9.824964380523197871e-01 -4.189598816782800217e-01 3.118836822164400502e+00
5.543634308567799707e-01 -7.382661112788001245e-02 2.461622703836339632e+00
1.134029719098499589e+00 -5.305176827088200486e-01 3.419566643206139567e+00
5.126525138223498868e-01 -1.404800739689600342e-01 2.386418398548650011e+00
3.207648922461501240e-01 6.194490936089800392e-01 2.561816063953250122e+00
8.609388460759899164e-01 -8.363432647732900183e-01 3.790413272463770689e+00
8.852919560255299025e-01 -2.190882949394001855e-02 2.661212397078509539e+00
8.877223897524701979e-01 -3.194840132111499975e-01 2.748495732304090389e+00
-5.745047237195501921e-01 -3.000912293633599681e-01 2.821260180111909932e+00
5.841972956972996123e-02 -1.795228317801200180e-01 2.518739019228630305e+00
-6.852061613624016445e-02 -4.430649411322500342e-01 2.792220375937159993e+00
7.809216044518700883e-01 1.019097570554500232e-01 2.208418966991649857e+00
3.762222190240100961e-01 4.377419059321799311e-01 2.841548064606509882e+00
6.825064682511801095e-01 -3.633629829840799852e-01 2.631563535462179360e+00
6.006674925257398101e-01 -3.127841801175400560e-01 2.670590561068100222e+00
5.519174278616498786e-01 -5.342932799118000897e-01 2.652259535648630262e+00
5.194397624211100073e-01 -2.529668129821700528e-01 2.735567736401849359e+00
4.521061088804796402e-01 -3.703438178512500345e-01 2.842667791446680248e+00
6.467657409538898339e-01 -3.638850516687600622e-01 2.641748143359269996e+00
6.481625383570697174e-01 -6.096670204021399364e-01 2.561695042098089736e+00
5.511310365160999591e-01 -2.608709996399699582e-01 2.687916535572499654e+00
9.545891226772198479e-01 -2.615974696228000607e-01 2.785497348903899884e+00
-3.417882570394200625e-01 -3.124190912394000375e-01 2.830360442166219848e+00
-2.052934239451101872e-01 -1.206203587725399873e-01 2.496463716186109849e+00
-8.492848808748998390e-02 -3.075020129335200303e-01 2.818114371951930153e+00
-6.600569266629601195e-01 -2.497001109403700070e-01 2.718767124900519860e+00
-8.822780824770101171e-01 -9.730994255509399782e-01 2.929797696645690230e+00
-8.569432760913602287e-01 -8.845553053132899635e-01 2.857911818955799710e+00
-1.124870954699601633e-01 -2.607804472682001551e-02 2.218007414810119649e+00
5.419774561769501453e-01 -4.547624338629200347e-01 2.679872280845969179e+00
-1.299343051493540235e+00 1.870874168249100356e-01 3.427536772704299572e+00
-1.660242744362870226e+00 -2.508321036435899876e-01 3.653171316359510534e+00
1.123781355106598934e-01 -4.574718435042000875e-02 2.542681852378779972e+00
-4.558195670703002467e-02 7.037387140879400871e-01 2.418615458061789791e+00
3.013390394632000646e-01 6.260246058649900913e-01 2.583138839910840368e+00
-1.062905860189450324e+00 -3.013008446826599962e-01 2.572947607115810165e+00
-1.147250689911640142e+00 -3.598613053973199749e-01 2.700906040074599446e+00
-6.697052973703998546e-02 -5.045971447247699082e-01 2.768540585098920204e+00
-6.697052973703998546e-02 -5.045971447247699082e-01 2.768540585098920204e+00
1.293864461421698753e-01 4.955349878533100161e-01 2.625280117059189955e+00
-2.085827830718023357e-02 -4.427777031702600508e-01 2.811090775779179651e+00
-2.133936269894021187e-02 -2.797603398215001147e-02 2.273313804915859659e+00
-1.442259419203949955e+00 -9.391934294830699415e-01 3.351953215738429748e+00
-1.358184791766340105e+00 -8.323550659501699478e-01 3.106173582268779931e+00
-8.143283587447500693e-01 -1.029001148723730052e+00 2.767510491135870332e+00
-3.675826567757900509e-01 -8.219723146234598765e-01 2.917006323831029313e+00
5.176796036690499925e+00 2.190677459735699273e-01 3.166961152789619760e+00
3.975764195696829262e+00 8.671029444753797222e-01 1.829856797113289968e+00
3.833211427721819220e+00 8.422545085225099371e-01 1.636336802282220004e+00
4.316320756705800399e-01 -4.047691688586699810e-01 2.843288770554500466e+00
-7.531923208581601248e-01 -9.779524986471899162e-01 2.809081348635800168e+00
-3.781298830176700321e-01 -9.620579263494000166e-01 2.857474415861549488e+00
