-9.902378387778902891e-01 3.757625733829299541e-01 2.724472454591160275e+00
-9.986200588728904037e-01 2.646992545461599455e-01 2.934583482492659989e+00
-8.296295092684999872e-01 -4.607721092195000701e-01 3.608226690221800315e+00
-8.001729394359395897e-01 -4.307052058220499635e-01 3.541809771423349851e+00
-7.895659336571099196e-01 -4.435834606388902035e-01 3.501171955296749960e+00
-8.134949583522499417e-01 -4.293090064825602070e-01 3.536440264530820166e+00
-9.145951114701200702e-01 3.066269835033601510e-01 2.819316416908990153e+00
-8.292837407017299434e-01 2.684135427760900861e-01 2.865210791404850355e+00
-8.305058057893002221e-01 2.692791527583200395e-01 2.866535561559470313e+00
-7.892975006434701513e-01 -4.722825245205399813e-01 3.497236143839590028e+00
-8.330713936356097804e-01 2.899127700865000712e-01 2.878342037262469955e+00
-8.626149447698105988e-01 -5.373426183957599189e-01 3.663804382289610029e+00
-8.005028716822799595e-01 -4.313803515349199369e-01 3.544576314248220061e+00
-8.504254824405199642e-01 2.715859193346803480e-01 2.851328380806640084e+00
-1.089017038592760223e+00 2.882323477023400748e-01 2.900480846526690026e+00
-7.190884606692402592e-01 1.802410499619802042e-01 2.988345465332390205e+00
-9.477412220694003686e-01 -2.442445980989971233e-03 3.468106558345020130e+00
-8.464255551978006054e-01 -5.392398356476999499e-01 3.613156391546699986e+00
-1.187725919899640381e+00 4.065749571971903897e-01 2.689270804358290246e+00
-7.670360925141102015e-01 -4.027856559369600298e-01 3.480947442248119916e+00
-1.107228153158090311e+00 5.691408751959015078e-02 3.390570572085640055e+00
-1.331789469857670216e+00 -7.158912515741011617e-02 3.628555299449100158e+00
-1.027942058565060268e+00 -1.104610543623985031e-02 3.426413581958640098e+00
-9.441652936625501980e-01 9.691908810698399712e-01 1.934923551773210182e+00
-1.165479699010290471e+00 6.590784970313023905e-02 3.372796725995640177e+00
-8.678118378976398262e-01 -5.421235539762699895e-01 3.659546768671660288e+00
-7.715207579926302017e-01 -4.022598047347499817e-01 3.477876248939749892e+00
-1.045924416354240272e+00 5.692302323974995915e-02 3.362214644526450247e+00
-6.696601555903902714e-01 4.772841516737700296e-01 2.474709805158050280e+00
-1.065138895897110416e+00 -1.593928217661000346e-02 3.396079286330520031e+00
-1.527786217296900340e+00 5.848364649057002929e-02 3.437969863011990146e+00
-9.996082166360702459e-01 6.793563894780252355e-03 3.464442451169610138e+00
-1.170857723943400153e+00 5.717245356444000670e-02 3.390973794562220256e+00
-1.089612263627130151e+00 4.863699539572019503e-02 3.357320732938830155e+00
-9.487177546800502626e-01 -4.877547750199440202e-04 3.469397064722290036e+00
-8.609433861781106145e-01 -5.352772676831900611e-01 3.656238331078870196e+00
-1.128718144350360220e+00 -1.477431960990598370e-01 3.690399382726559985e+00
-1.073025006097050316e+00 -7.712259811628996431e-02 3.622521843798899965e+00
-1.081055328898670176e+00 -1.626233015651097347e-01 3.810084385274110197e+00
-9.778773935005702356e-01 1.492388441533800680e-01 3.128573654823010308e+00
-1.384965948812880043e+00 -7.076239779245008243e-02 3.750713896133070158e+00
-1.001605927636840310e+00 6.488809643598880683e-04 3.407373131314040293e+00
-1.019651554614380284e+00 1.252806331977400767e-01 3.219853359553840111e+00
-9.981575274144200982e-01 1.031204946327569871e+00 1.970415010277799972e+00
-1.041383305952690463e+00 2.723302678021299883e-01 2.886065141752780061e+00
-1.019781312075429991e+00 2.905220001824699860e-01 2.864458281940879925e+00
-8.295747438781102545e-01 -5.460400059285196450e-01 3.786597664964199694e+00
-1.565031973449570124e+00 -8.094506366600029423e-03 3.708705573841529990e+00
-9.140093789872603125e-01 -3.417523981654697618e-01 3.651393359025739915e+00
-8.358166158637203580e-01 -4.639865966170498845e-01 3.612912509922450166e+00
-1.093669089377510062e+00 -1.354170716241598349e-01 3.645428334909699863e+00
-8.388518828652302695e-01 -4.645344954841298390e-01 3.613771088424660327e+00
-1.088131712038360011e+00 -1.567389936389000926e-01 3.652135183452379863e+00
-9.685645842449801535e-01 -2.094210017061797213e-01 3.898520957940529996e+00
-1.365016069086910200e+00 -7.353205823530961638e-02 3.608724515164579927e+00
-7.647673063305999719e-01 -3.272208678619400457e-01 3.905622292560470221e+00
-4.200730547956399441e-01 2.157935943475899343e-01 4.281740502236139889e+00
-1.105554822575510521e+00 -1.157246419822999250e-01 3.705802781913670074e+00
-8.554399324714601072e-01 -5.301643010976097026e-01 3.627601043464550035e+00
-9.322705737551602034e-01 2.870733696011797953e-01 2.786268171662710014e+00
-7.061682841177501224e-01 -2.794732260777599286e-01 3.912957554743619948e+00
-8.789198207110699990e-01 -5.601934034665698725e-01 3.665634555342339951e+00
-1.014402198566330515e+00 -2.215155791237597427e-01 3.766260583511380045e+00
-8.540489134690805173e-01 -5.372630900131897258e-01 3.614252810181330045e+00
-7.859153963939000676e-01 1.351029154514602482e-01 4.114632695633259729e+00
-1.013680807612610035e+00 2.040508786706007882e-02 3.386248159081060027e+00
-1.259891460390430318e+00 6.403908871274002212e-01 3.653773532092880139e+00
-9.725418924650104380e-01 -1.055420180121899865e-01 3.803093026220309980e+00
-8.905745754763998434e-01 1.088245382776502623e-01 3.168518633275839935e+00
-8.170928976257001430e-01 3.336462367559298592e-01 2.741558652466720147e+00
-1.614845833369180195e+00 -2.618142017937996613e-02 3.675571613550560279e+00
-9.808094681359800227e-01 -1.534923487325396962e-01 3.877426143720600127e+00
-4.357032562059601766e-01 5.773161762562200039e-01 2.232887445006479954e+00
-1.355701286605680345e+00 -7.162149755808999707e-02 3.771735253896300044e+00
-1.384827705828470812e+00 -6.043304758561984791e-02 3.762419826007060042e+00
-8.832744293291003856e-01 2.298136386223101901e-01 4.113251393906949716e+00
-4.784104511439402074e-01 -3.268713498789398431e-01 4.026160568147870045e+00
-4.757382371352205652e-01 -3.289974110774398497e-01 4.032456267855310195e+00
-8.009093399139701752e-01 1.058970690429901218e-01 4.105925926647290503e+00
-7.922597700752200822e-01 9.870875174615001413e-02 4.099412830896259408e+00
-9.939542121056401669e-01 1.296146137420004507e-01 3.223104947030010159e+00
-1.112068422161400338e+00 -1.458767940424399168e-01 3.845997226320060136e+00
-8.492621182419197723e-01 -3.835734517759399331e-01 3.861626997048940080e+00
-7.899414130229902575e-01 1.330443415881799041e-01 4.115813603349490535e+00
-7.403735165450502365e-01 -2.727493100440003815e-02 3.529133169881240040e+00
-9.670135624413402908e-01 4.797408986855011825e-02 3.257058118250660161e+00
-8.333158834955303185e-01 -4.618921560815396621e-01 3.606064243876510034e+00
-7.728584683143400191e-01 -2.817727934922300559e-01 3.908805433345249991e+00
-6.411478022792103104e-01 -2.718280424267199846e-01 3.900618725150970079e+00
-8.703665965676199434e-01 -2.553473981515099744e-01 3.874210872436759878e+00
-8.085516270136299255e-01 -4.828608483899301529e-01 3.528192301158710187e+00
-1.024349860231020592e+00 -1.560096770652599218e-01 3.790755792781560274e+00
-8.717198243538799574e-01 -5.405238754310299765e-01 3.670463337264700421e+00
-8.474584567989404960e-01 -5.384022956374399094e-01 3.611709597151280260e+00
-8.917321504421202860e-01 2.147348816372500746e-01 4.113210514887230218e+00
-1.139392848952950565e+00 -1.177833318279102315e-01 3.834224258967540155e+00
-1.317111602176450180e+00 7.006122634642197866e-01 3.635444980738250287e+00
-9.745117920194599215e-01 1.538873160308402710e-01 3.125417577838510041e+00
-1.354200970405810445e+00 -8.453628508661981122e-02 3.763860113412320185e+00
-6.762211009903897896e-01 -3.500425390597998732e-01 3.852475747265660111e+00
-8.514747570888197004e-01 -3.307327993147100020e-01 3.619044903430900018e+00
-1.070114918883400268e+00 3.222130683061998901e-01 2.865112041948770116e+00
-9.964347862034199643e-01 4.780529417602803477e-01 2.627527072237670236e+00
-1.113663162054080225e+00 -1.295035867523099959e-01 3.851249892837070199e+00
-9.361582273005204513e-01 3.116151709822803095e-01 2.675892037116339939e+00
-1.173717612047060044e+00 -9.684711210273988513e-02 3.713873349255099932e+00
-7.667684235007903304e-01 3.313711011213800184e-01 2.854242347541770197e+00
-1.142754511077270330e+00 -1.247529533875901819e-01 3.832085923543590233e+00
-8.916841854485806351e-01 -4.948784988783898608e-01 3.675773181209270213e+00
-8.010433520085600279e-01 -5.043870635450800055e-01 3.497420244862079919e+00
-1.076941434144040421e+00 -1.619834753763100821e-01 3.809587346997980184e+00
-1.382701668841129994e+00 -6.432907143212962531e-02 3.761128881229300003e+00
-8.424462857170800234e-01 -4.598698043729700924e-01 3.650907444516990008e+00
-1.515419084633550018e+00 -7.720087248360973931e-02 3.714102335847329961e+00
-7.060211906025202211e-01 3.666218341730900221e-01 2.597526644653510353e+00
-1.188815543550089782e+00 -1.454043536994400476e-01 3.712569129000510060e+00
-8.734276578402604407e-01 -4.944977052123097350e-01 3.705582442623840400e+00
-9.908055347765900578e-01 -1.839616388728599894e-01 3.849795657895569878e+00
-7.964556089834600172e-01 -2.731565698964899536e-01 3.928250441093680045e+00
-1.019038240033439902e+00 -2.221969223438597929e-01 3.766560478649670252e+00
-8.046064413645201974e-01 -2.620313780858798403e-01 3.930066790531000276e+00
-1.355455750228990119e+00 -6.452724935335973910e-02 3.589801636217960112e+00
-7.643894549990601917e-01 -3.261664821240899403e-01 3.905325652197880082e+00
-9.961316683613903322e-01 -1.894039424858500187e-01 3.845995282230219914e+00
-9.560483648727000627e-01 -1.036398233315600770e-01 3.422906422694790063e+00
-7.242676195879802492e-01 -1.502241862641200409e-01 3.996501542532420181e+00
-7.341679078222003163e-01 -2.705528113793898015e-01 3.925014195025459784e+00
-8.862904708737997517e-01 -2.182077294837900805e-01 3.920097572305549782e+00
-8.227861640483702388e-01 -4.996056118084297726e-01 3.560282032678049990e+00
-8.006646447910199527e-01 -2.301823333613099987e-01 3.940030752879120080e+00
-7.368993040154703245e-01 -1.905726933926998878e-01 3.941865091164240109e+00
-7.665489998794798865e-01 -3.995776197715599221e-01 3.476657629686360274e+00
-1.099317887937500515e+00 -1.429108385754798149e-01 3.650423986640769947e+00
-1.139796232892700267e+00 -1.160340108333000053e-01 3.839998308953969985e+00
-1.039275658965970184e+00 5.876847420150999035e-02 3.342005139873200026e+00
-1.081762478057349597e+00 6.704168595648996032e-02 3.340867474218800037e+00
-8.767726590113005258e-01 -5.717135464477098861e-01 3.658909585468300030e+00
-4.734130169135801758e-01 -3.349186605735798850e-01 4.041120659969269724e+00
-1.004072122127779743e+00 2.011457525449977801e-02 3.419649007131190022e+00
-7.933222437476201705e-01 9.537942053504999684e-02 4.099196328057290728e+00
-5.297605667413800568e-01 -3.317165139281801345e-01 3.977627299334280053e+00
-1.104999333065610045e+00 -1.464222705082898202e-01 3.653554917816450143e+00
-7.156085734745500915e-01 -1.305653207275900840e-01 4.014125075187500613e+00
-1.039014844348430167e+00 -1.691619842041398591e-01 3.790477048364619961e+00
-1.002123224157900339e+00 1.638838362278005611e-02 3.458717519496929960e+00
-8.521891623699704432e-01 -5.862857004012400619e-01 3.576829562042569854e+00
-1.037556687710289971e+00 1.324595226909399681e-01 3.193851614766140212e+00
-8.564149484594798523e-01 -3.263749417593900803e-01 3.638511360023120034e+00
-6.938738481975805783e-01 -3.163201018072699933e-01 3.908818654647850277e+00
-1.139526251701500126e+00 -1.133148369579499715e-01 3.840632010611789937e+00
-8.135283169098501688e-01 -3.363339110404299781e-01 3.892605445782370222e+00
-8.233306105147804033e-01 -5.113741182399398344e-01 3.505993995209550018e+00
-1.755424092286199667e-01 -2.620919223001798581e-01 3.853169887866000121e+00
-2.130482294040598745e-01 -3.618157315482199987e-01 3.802862353173749987e+00
-8.037641075756902787e-01 1.485697640472001257e-01 3.137262231109180011e+00
-8.801303759052903075e-01 -5.914533430889599153e-01 3.649767410434439974e+00
-1.306716686541000705e-01 -2.987802892247799491e-01 3.875533651532970136e+00
-9.137886936984700448e-01 2.120205598564801619e-01 3.017459014703780085e+00
-8.256959303709199283e-01 2.738243786740699459e-01 2.851934657099020054e+00
-1.362045581600760169e+00 -6.613785643979985807e-02 3.602780783474639925e+00
-8.197933994747601538e-01 2.775383606892098953e-01 2.901745277886309982e+00
-8.238462109027500091e-01 2.700425264974000150e-01 2.906394009111029852e+00
-1.010822681420219915e+00 -1.652267408123400116e-01 3.869058617073120043e+00
-7.868198811139803794e-01 3.202487634457300558e-01 2.685579057784170054e+00
-7.759577504601899989e-01 3.329238713584898868e-01 2.718447531635459935e+00
-5.836153241496497834e-01 3.670570723365600418e-01 2.653795443791380215e+00
-1.002237587998330071e+00 -1.423504153657400018e-01 3.816629080559480247e+00
-5.306313449268000859e-01 3.249432107194500929e-01 2.664184089610140305e+00
-1.081324992879809876e+00 -1.685267072148799450e-01 3.689863501650719968e+00
-6.718446273820299908e-01 -5.467365275640099220e-01 3.708945571792580331e+00
-1.004516390189500008e+00 -2.148376062283399168e-01 3.743475270640729935e+00
-8.411230924105597140e-01 -6.830099111285401481e-01 3.721228525443680102e+00
-9.842882821313803099e-01 1.055142418342400745e-01 3.233169521026519888e+00
-8.953968110793804058e-01 -1.829240321847500628e-01 3.786082992927970459e+00
-1.105578444940420013e+00 -1.140202874082598683e-01 3.779205196913210330e+00
-7.227599644077904451e-01 -9.513492732747996783e-02 3.306001542791220160e+00
-1.112814743659529704e+00 2.053381729724002014e-02 3.384497381627250334e+00
-6.915303507125005744e-01 -2.396457112938399359e-01 3.938421619847350286e+00
-8.645957705571403196e-01 -3.357484639241099522e-01 3.636585214391600207e+00
-6.984813550590098785e-01 -2.280959213012900832e-01 3.887820425434790117e+00
-8.747469598532502388e-01 -5.429097981732999845e-01 3.670422403421420121e+00
-4.570525180014302080e-01 -2.548446580343799450e-01 4.039000812571470256e+00
-7.942442513223397782e-01 -4.798737358065998659e-01 3.526979383097300413e+00
-8.328734024340800346e-01 -4.626375404064198005e-01 3.605410728517420171e+00
-7.218134004408902626e-01 -1.441270534046799057e-01 4.002537695338619805e+00
-5.682721575765401489e-01 -2.842524339344998374e-01 3.824898431131820153e+00
-7.050282890438803740e-01 -1.172175535572399507e-01 4.008317043751370434e+00
-1.030400224460820358e+00 -2.850892485674497712e-01 3.746808984091050121e+00
-7.220804270037195494e-01 -1.164073542042700637e-01 4.008843751240480202e+00
-7.934337324463505148e-01 1.068981533959902919e-01 4.095728817615840178e+00
-9.503740541864100777e-01 -1.895680318489398886e-01 3.904874078882280219e+00
-8.705660243654600450e-01 -5.798604067060599832e-01 3.596946639143350222e+00
-9.253295953237898885e-01 3.274271040654197495e-01 2.665316396719370040e+00
-9.027944071861804254e-01 1.670984737568801393e-01 3.049439966551350079e+00
-9.003046217462200573e-01 -6.575128048641498690e-01 3.678515315823830178e+00
-1.519208614896430110e+00 7.229033528857020663e-02 3.425623225754089951e+00
-9.619044897815900441e-01 -3.591971796809799722e-01 3.699955483369330000e+00
-9.746931827204501353e-01 -3.661401684563297954e-01 3.704290587878780183e+00
-8.304682207805100802e-01 -3.823893388610599686e-01 3.849292636657290156e+00
-9.836286375507201640e-01 1.617620546714202412e-01 4.211335645681030471e+00
-3.014173606296006724e-01 9.647704996335204619e-01 1.641291465864840093e+00
-8.408776083866600359e-01 -3.794855674252098909e-01 3.859107624728200125e+00
-1.140739790491390071e+00 -1.082342469566799359e-01 3.839365852795790346e+00
-9.534582347951001680e-01 -1.178486486675898171e-01 3.450888315435129972e+00
-1.098189402682109961e+00 -1.710057889993197300e-01 3.729435872164770238e+00
-4.852103652795300981e-01 -3.377879646735997277e-01 4.026170877842099927e+00
-5.009501333195505168e-01 -1.989170171648897423e-01 4.050243790474880257e+00
-5.001715171769403057e-01 -1.979674754029199235e-01 4.049457852208799835e+00
-8.011242383859902283e-01 1.132940725195099585e-01 4.105667510384130026e+00
-1.114731295548740064e+00 1.422791251996802231e-01 3.251617544192620279e+00
-1.053029654940869975e+00 1.061771438019398772e-01 3.231527552366760148e+00
-9.069474333139098121e-01 -1.935935817653500202e-01 3.790301286081549925e+00
-9.693370556476801347e-01 -4.786530827184987125e-02 3.427061341945470296e+00
-1.395916007477789655e+00 -4.809515893864002578e-02 3.637331964002790130e+00
-1.320928013668570156e+00 6.748375771719301586e-01 3.645708367411460316e+00
-3.119174662005299581e-01 -3.561128819604900686e-01 3.983179544419260143e+00
-7.232090584326202887e-01 -5.459378921330697576e-01 3.760526807257900117e+00
-7.697552210722404809e-01 -4.432110800209896340e-01 3.452954571709960341e+00
-7.058088828989705910e-01 -7.503895617446976196e-02 3.293361020355030089e+00
-9.680648148346504556e-01 2.178318284986999753e-01 3.016067968734390092e+00
-9.396036078252802959e-01 3.265929769062199117e-01 2.804752480193200004e+00
-8.794141226494600616e-01 1.454425263505201293e-01 3.090304109532440169e+00
-1.016433352381360233e+00 3.117795958278299917e-01 2.778016639154150091e+00
-8.526727338063802009e-01 2.728175094124398736e-01 2.847679003373290385e+00
-8.077609397318901152e-01 3.008870260590099655e-01 2.872380858759850053e+00
-7.417483699563098831e-01 -1.663586183168599408e-01 3.952895302745420114e+00
-9.008970696526397148e-01 -2.316487644614202424e-01 3.924788072363200264e+00
-8.509310499357503055e-01 -3.160736155169898698e-01 3.614484141151420360e+00
-1.026218164190310311e+00 -7.253310129092982450e-02 3.597127787912580033e+00
-7.433130301062198519e-01 -1.665834871398998995e-01 3.955922574271929726e+00
-9.981343566544200741e-01 -1.911354722840996612e-01 3.740201142266069922e+00
-1.031362692655320323e+00 -1.720934168567900269e-01 3.778922652809280081e+00
-7.707053574051805356e-01 1.064831907370011876e-02 3.387689412921790044e+00
-8.274560950288298855e-01 1.041463634256598603e-01 3.258246689449970201e+00
-6.078477067589203031e-01 -2.579610314786999758e-01 3.998740774536440057e+00
-8.952529711593797401e-01 -2.212111420857099109e-01 3.921213569771980101e+00
-8.333052157059297471e-01 -6.323322541495000060e-01 3.742896230186429918e+00
-8.432745387735796072e-01 9.621535118917012852e-02 3.234181211741499862e+00
-2.132209454620199729e-01 -3.159535893054800093e-01 3.792140654431050084e+00
-2.124928427522601027e-01 -3.128882125919798529e-01 3.794549041186000338e+00
-1.978837829211101962e-01 -3.035715569773900224e-01 3.817828315449080190e+00
-2.336347247760701684e-01 -2.653796795357399319e-01 3.875446626690890017e+00
-9.764614809820701957e-01 2.820152289446098415e-01 2.931778477235980063e+00
-7.115120866901598617e-01 -8.370054218512978927e-02 3.298126788883540161e+00
-1.767346213646998621e-01 -2.649882075531698744e-01 3.857399844564989966e+00
-4.921421867595103805e-01 -2.154814433296401432e-01 4.079893621383710034e+00
-9.941736030346604025e-01 1.189049382465900973e-01 3.290325118035140051e+00
-7.649280007354599675e-01 1.129699847726999273e-01 3.082618087323739875e+00
-9.310205501971600128e-01 2.777514419734501416e-01 2.794012611759289832e+00
-8.256033065104597668e-01 2.725982405369198336e-01 2.859488844840559985e+00
-6.875050422964101848e-01 -3.461518562052299242e-01 3.890277491545630184e+00
-9.775090039226999039e-01 -3.656200864764700409e-01 3.709397985267390396e+00
-5.825402295576997957e-02 2.024439181599000381e-01 4.452738572469350231e+00
-1.651401942641399501e-01 1.423477092759899421e-01 4.400513726683380256e+00
-9.660413706492798624e-01 -3.400022841224999981e-01 3.672614760254679922e+00
-6.666319444172601472e-01 4.921199941031999536e-01 2.382062539488190023e+00
-9.154385363146904098e-01 -1.683767556202000470e-01 3.804385482662510309e+00
-7.254678550858399966e-01 -1.519610757904499287e-01 3.996453662158450104e+00
-9.407923469666501504e-01 1.337533707973299624e-01 3.215227386437240042e+00
-1.329186040501990185e+00 -5.327122229577985202e-02 3.634291708335109838e+00
-1.027488070693659772e+00 1.508499240284701948e-01 3.172465314464510300e+00
-7.945661351100903325e-01 -3.078407747939770900e-03 3.411110190175290047e+00
-1.324494074340290428e+00 6.853366605101003373e-01 3.639865708170249903e+00
-7.630305783795301444e-01 3.595011028107601980e-01 4.232575405472280394e+00
-9.702142762164798206e-01 4.601861688730002342e-02 3.315746155750180169e+00
-1.303445463298570139e+00 7.323628695839703440e-01 3.674510183851010137e+00
-7.301684409676703069e-01 1.492165866791994588e-02 3.374312562178600317e+00
-2.003387170479902224e-01 -2.994013063680798226e-01 3.848984646101009766e+00
-1.163593181540400590e+00 -1.315396352551099213e-01 3.670983853886160109e+00
-9.380560693775001901e-01 2.239375009866602095e-01 3.031778450190730112e+00
-1.260383760634740113e+00 6.449608284634400501e-01 3.651133233286020019e+00
-8.194239643551002317e-01 -4.907589443649398309e-01 3.656755751145330358e+00
-9.732988447226200712e-01 2.187772569417103519e-01 3.016725213033200070e+00
-9.840806569096001155e-01 3.891196331708601797e-01 2.628614048397170055e+00
-9.155898675440701240e-01 3.111895871932497393e-01 2.836714970262270263e+00
-1.369853880796201295e-01 -2.073241819492501747e-01 3.694396922212829892e+00
-8.115370294605503965e-01 2.997590764646900219e-01 2.871137422709950204e+00
-7.408190212973200239e-01 2.767814022535899365e-01 2.905933789694779890e+00
-1.032756149706770099e+00 2.746202304790701376e-01 2.705689897465630267e+00
-2.905806351382000940e-02 -1.675632742888499838e-01 3.674557841402930070e+00
-1.452597547657301646e-01 -2.402483094808198771e-01 3.685108189935170309e+00
-8.037404456035002198e-01 2.395668700877500168e-01 2.840479233485539989e+00
-7.615201788472498734e-01 2.846576663849398336e-01 2.795397626043240269e+00
-1.056177254138470190e+00 -3.189335709265900265e-01 3.741259932989390080e+00
-5.632984674939502945e-01 2.712779060115901864e-01 2.582605299672219967e+00
-9.511749074868198761e-01 -3.128501154251999150e-01 3.724073937652329747e+00
-5.781571516163803715e-01 2.608158618549700769e-01 2.599430502951830313e+00
4.079841149929399613e-01 -1.259675105317901167e-01 3.517543690965170278e+00
4.033530056066196856e-01 -1.464278129718199484e-01 3.501325716508420172e+00
2.391995302756197983e-01 -2.034441624469698340e-01 3.587477722460850060e+00
2.017524054730199801e-01 2.959667840014201801e-01 4.178294038840590474e+00
2.019720206763899739e-01 3.301613444277200493e-01 4.153184374029810222e+00
-1.034463632123939991e+00 -1.783074902734500533e-01 3.869832284959650259e+00
2.279662991279900464e-01 2.697276112769000367e-01 4.152819057209479858e+00
-1.098473024995629821e+00 -1.115887200819998260e-01 3.777437972883979977e+00
-8.491941932959901074e-01 -5.235738626008598073e-01 3.659865861612530136e+00
-1.081653005801020306e+00 -1.464774993367898848e-01 3.648776093234270324e+00
-4.864679298269201091e-01 -1.764154181794799214e-01 4.093407190324340306e+00
-5.055173287078105204e-01 -3.218564448415398571e-01 4.023658357125460050e+00
-7.927187246171003565e-01 1.958906465497598504e-01 3.004523806092070259e+00
-7.368955097508402829e-01 2.799048790971900846e-01 2.902868362088330212e+00
-9.328616262864604103e-01 2.653997807606298664e-01 2.805356581975440022e+00
-4.369709754346029484e-02 -2.380347653113998874e-01 3.637470015060110029e+00
-3.234065339287983676e-02 -2.393976525646399622e-01 3.633282686974180109e+00
-7.242240812725020405e-02 -2.489377237906198470e-01 3.634389093372860202e+00
-5.589879138518401014e-01 3.840183736449398477e-01 2.650175570950290105e+00
-4.852048915857003486e-01 4.646264158988100412e-01 2.497228568449469943e+00
2.347646796922497892e-01 3.366354864423799498e-01 4.180770722590350097e+00
2.334953513375199741e-01 2.754961113868001910e-01 4.157069793923440670e+00
-4.420984573377504390e-01 5.746650750854302991e-01 2.232073878855279858e+00
-9.838495600448000644e-01 1.793790178527598922e-01 3.081216777034569976e+00
1.955709525991897735e-01 3.141552384270103193e-01 4.104382463367910461e+00
-1.613414262087470075e+00 6.281080303108201868e-01 3.712435156027420025e+00
-9.717426286151900072e-01 -2.032733158884296731e-01 3.894155943942460230e+00
-7.052944025191405508e-01 7.376210367631008680e-02 3.262542988240269892e+00
-8.683692125378499327e-01 6.467735871480018162e-02 3.298830598834670003e+00
-1.816332092233001738e-01 -1.889877728364399712e-01 3.709370280639889828e+00
-8.597971184294199709e-01 7.903897147817007252e-02 3.276510509601799903e+00
-1.308654917279690189e+00 6.576457088254503702e-01 3.693567771200469974e+00
-9.447610867556601733e-01 2.308690044094503513e-01 3.050310361916860113e+00
-7.498815055173002619e-02 2.269110519358701339e-01 4.473290181920249964e+00
-1.262190003020430495e+00 6.360061492693500629e-01 3.653568215769690042e+00
1.152229961919992718e-03 -1.854756438424298715e-01 3.584022777137020110e+00
1.933036201118800701e-01 3.041544661278801076e-01 4.116172433057980307e+00
2.010175302063199609e-01 3.387085442346500219e-01 4.158428161522819799e+00
-8.802842125854599686e-01 -5.751947775618799774e-01 3.658319152892490322e+00
-4.979929469299202438e-01 -1.738841154070300821e-01 4.060768915175190230e+00
-1.139550939578980238e+00 -1.573784559555297946e-01 3.662813136595820307e+00
-1.083655041222310267e+00 3.165661987351997553e-02 3.378211714263560150e+00
-7.980568527832003767e-01 1.140488653287199394e-01 4.103326107935030720e+00
-9.076396714499699314e-01 2.023015065528399603e-01 4.123827882102959919e+00
-1.006569715958170352e+00 5.367449117380007628e-02 3.346235818802270057e+00
-1.400502052780010054e+00 2.061451387498201004e-01 3.150716772403000299e+00
-1.396122173574419811e+00 2.061598639722901360e-01 3.139375881348540176e+00
-4.661824661773001921e-01 5.326020706090339729e-03 4.185537146485220461e+00
-1.969186345289903883e-01 -3.288033890901098655e-01 3.786256157635509823e+00
-3.409603414761201989e-01 -3.493280161819101171e-01 3.798528639131290241e+00
-7.880469162679402118e-01 3.144094014753799904e-01 2.717826102884770112e+00
2.079562169807198657e-01 -1.703940164816399871e-01 3.676026285002410354e+00
-1.060191749055249932e+00 -2.109895761949500681e-01 3.880983605773579814e+00
-1.147940882839200150e-01 -3.033927734646599816e-01 3.729817438771290128e+00
-7.815229221181700936e-01 -4.315420471945798919e-01 3.472811501748400254e+00
-8.492296050270002894e-01 -1.942712787911500261e-01 3.833772981425219939e+00
-8.780505014184800672e-01 -5.806291539445800343e-01 3.654458917185579914e+00
-9.538958492335600781e-01 -3.224859710416299041e-01 3.729691563845630053e+00
-9.692504667847501310e-01 -3.796583731571100406e-01 3.680168937964440445e+00
-1.332815422097750169e+00 -6.011667005086995808e-02 3.627311841882100207e+00
-1.467524919950060180e+00 1.080665709328503254e-01 3.312161557256770195e+00
-7.175828283185801126e-01 -5.429249771842199479e-01 3.763020163172180244e+00
-4.658866908171703791e-01 5.449009835949800706e-01 2.051409904003369977e+00
-4.498279475736004507e-01 5.941574079681499754e-01 2.080236751086360414e+00
-4.442326320648604110e-01 3.402109686920999909e-01 2.525136273989250224e+00
-8.196542635790100562e-01 -1.551018463121798252e-01 3.779068703021609910e+00
-5.892952041378602956e-01 -2.631858555210899731e-01 3.887631472677389954e+00
-1.136936131796620231e+00 -1.545809599277399027e-01 3.661815326323130115e+00
-9.099939361144500083e-01 2.006480417692402263e-01 4.118420888852069695e+00
-9.998761597796503864e-01 1.431867968414202164e-01 3.159600239808890265e+00
-1.292402303651830398e+00 7.305527509931200036e-01 3.667760416700510007e+00
-1.327602340651949930e+00 6.861072227103202081e-01 3.639047015568600330e+00
-9.631653976049801003e-01 2.266413596486502868e-01 3.061497163814780098e+00
-1.544984429015303640e-01 -1.819744079190397379e-01 3.705735898344280077e+00
-1.644555979180197802e-01 -1.966501860665701429e-01 3.681049308011699939e+00
-1.022544667112629924e+00 -5.458877860827993089e-02 3.313456606944459981e+00
-1.359674679790050078e+00 -4.426870318694975381e-02 3.746746872002220119e+00
-9.623764806940804384e-01 2.285966961512502227e-01 3.013688349759360285e+00
-9.174152448757704192e-01 1.057328567114199647e-01 3.158173107106180044e+00
-7.669799773650032293e-02 -2.375923428228199352e-01 3.735842868221880053e+00
-1.127509878686199229e-01 -2.289437990642397835e-01 3.680957559241730070e+00
-1.112203033499159943e+00 -1.427655298219998592e-01 3.843367407323639906e+00
-8.726163764311301030e-01 -3.202997576838972904e-02 3.395857277647910344e+00
-7.246117198602997078e-01 -5.742576789836983941e-02 3.335424121978100231e+00
-8.355446782770203917e-01 -3.788130012963899507e-01 3.857648448017890086e+00
-7.043839306932904165e-01 -4.801187444873988852e-02 3.319311212974590308e+00
-8.643603175078800049e-01 9.778443283234006245e-02 3.292903533371999814e+00
-9.407714957859703020e-01 7.261753619726007969e-02 3.286152386370500444e+00
-7.239426034671705423e-01 2.520497918910025170e-02 3.395180866134110076e+00
-1.085353973163680319e+00 -1.408769068231598975e-01 3.779759922483400203e+00
-1.042539592380150371e+00 3.282472321176401753e-01 2.923667102046810129e+00
-1.111555513731549816e+00 -1.222770104543400294e-01 3.852466971580610355e+00
-9.610921719704803579e-01 1.401844275341501689e-01 3.123789227947760150e+00
-1.096466975356739759e+00 -1.478513927407401063e-01 3.785380270423530202e+00
-8.615703047476097609e-01 -5.131217143281301407e-01 3.669987757572310105e+00
-1.426177973582101188e-01 -2.738324323469397692e-01 3.876242511505890054e+00
-7.223266491802298184e-01 1.662386660090000579e-01 3.025459436090210286e+00
-1.458739638204500366e-01 -3.335410481268900051e-01 3.806149427885769931e+00
-7.449970076387204543e-01 -3.962442824545000519e-01 3.839726278952209970e+00
-9.203474218771701132e-01 -1.690535705456999160e-01 3.811398171262899925e+00
-9.172458316523699473e-01 -1.716264678366299368e-01 3.807387747250140286e+00
-1.171170617681260406e+00 6.175939810563035870e-02 3.392402497510639936e+00
-1.167420882513500402e+00 6.163370149953006916e-02 3.388207094139910058e+00
-8.150724613783899564e-01 -1.443770150605798719e-01 3.723882529614080283e+00
-1.114048423260380449e+00 1.540512500829027687e-02 3.389153184610179892e+00
-1.104450958965399909e+00 -1.688152357530599001e-01 3.734274516934190213e+00
-7.758905937256801444e-01 -4.445245313937300491e-01 3.456665376107699750e+00
-7.261251884256001432e-01 2.309415777445300577e-01 2.874088518056490127e+00
-4.720104051400699774e-01 5.442600021204500038e-01 2.272448957483890197e+00
-1.169571304391959998e+00 6.192639091556007003e-02 3.390744560161329968e+00
-8.383515585818299698e-01 -3.779732793146799441e-01 3.858765367862260209e+00
-1.095402315609410593e+00 5.998735451426995269e-02 3.381764462398869853e+00
-8.512711698386703496e-01 9.647171266712017967e-02 3.262191000872999957e+00
-1.216740591581202402e-01 -2.690866819844199842e-01 3.762175898838409971e+00
-1.093046572125100369e-01 1.990331939859402155e-01 4.461605710830859550e+00
-9.442794088180006540e-01 3.169019328565703120e-01 2.816163555417650066e+00
-1.136753660328809978e+00 -1.567237886023198357e-01 3.692438829682259893e+00
-1.117314543891330114e+00 -1.439606685687897514e-01 3.690452063924579917e+00
-8.894804273573804210e-01 1.164336406275698899e-01 3.163072678642820268e+00
-1.161819895231640309e+00 -1.450980383936497642e-01 3.668414000682879816e+00
-8.796737252025703668e-01 -4.765448649673498238e-01 3.786151767396260581e+00
-8.856842670822100416e-01 -2.275573068783098840e-01 3.854105533158890040e+00
-1.053312747662590088e+00 -1.515465283333699009e-01 3.707338726232149995e+00
-1.089252945774070280e+00 -1.573751998937897856e-01 3.675862355324630126e+00
-1.048070393244070253e+00 3.315783159998986207e-02 3.370958211041870101e+00
-9.684957444539401550e-01 -2.503431269784699431e-01 3.773871363237270238e+00
-7.801803936068605339e-01 -4.120336496343999233e-01 3.496946067050170193e+00
-8.506365940139302140e-01 2.068662073180602690e-01 4.122192313927509844e+00
-1.102411279256489962e+00 -1.692438616320701694e-01 3.678430545799259654e+00
-4.272455279626803382e-01 4.407310511482700477e-01 2.330625006223709939e+00
-4.711241966653805235e-01 -3.132065941726599467e-01 3.775016905088460106e+00
-9.205607527683303815e-01 2.013213825478099572e-01 3.079796490453119873e+00
-7.766711539316699664e-01 7.505099558977001983e-02 3.065114950390260162e+00
-9.671484133579704157e-01 1.209410769977301570e-01 3.181811516928460204e+00
-7.385236087199702482e-01 -2.754430519213399986e-01 3.927172339396920009e+00
-8.499780752806698203e-01 -4.019216339271598493e-01 3.834060955001440174e+00
