9.611162524738700030e-01 1.831069067941997197e-01 2.254657847381699831e+00
9.183374641432899832e-01 1.821095816384010746e-02 2.411199079772719411e+00
8.355523860289000293e-01 1.117583915096997949e-01 2.161118185416049720e+00
1.155793445674669906e+00 2.250421264691602197e-01 2.142326787260679488e+00
1.110312129612750054e+00 3.176413634387000862e-01 2.006865397934849859e+00
9.603843948778300055e-01 2.988648721514000073e-01 2.045011667718199533e+00
5.549973270976700235e-01 3.646172243760399390e-01 1.942135682236519223e+00
5.288133037882700727e-01 2.899445733297798533e-01 2.025392396685089746e+00
4.416843276529199835e-01 2.316983810630399709e-01 2.201518760014619769e+00
9.932658595107599631e-01 -1.593502209452002383e-01 2.337331316479599685e+00
1.033490819230260094e+00 -1.611131395854001891e-01 2.354557433565899416e+00
1.098095122901949994e+00 -2.189138045651399800e-01 2.345369991693229572e+00
1.220584617347010070e+00 -5.827777578064030628e-02 2.482943986762179200e+00
9.242257910032500856e-01 -2.377928533170599046e-01 2.283021379385169247e+00
4.489644993960200114e-01 -8.951182131491997040e-02 1.965589313739839916e+00
5.589691288875701103e-01 3.993859670213799617e-01 1.890484552206589619e+00
1.282987408927499517e-01 1.402450035867199851e-01 2.000950650959659516e+00
9.336818236251200886e-01 1.070862664712239898e+00 2.017654917011419524e+00
9.313810133291000604e-01 1.072414935157479654e+00 2.014309847919439456e+00
1.191115072163249966e+00 2.900480991414000620e-01 2.092972582456899655e+00
7.465956223355498800e-01 2.487413959030395638e-01 2.136047756146919774e+00
7.212412288936600469e-01 2.142163297230998964e-01 2.209316829001249705e+00
6.307778417642001534e-02 -5.490214416112038087e-02 2.085585825950239780e+00
1.144783688082289919e+00 2.280707770738996665e-01 2.142985218994849728e+00
6.754553958189990492e-02 1.826710041174597343e-01 1.971793856676729906e+00
1.143206473963399805e+00 2.283858563649197038e-01 2.143988662425659886e+00
1.221598850200990016e+00 2.959322173207397100e-01 2.006972781347869716e+00
1.003971591168069999e+00 9.100204023957969568e-02 2.389688498660989424e+00
7.649797280753900530e-01 5.761715145675005978e-01 1.317422261915649706e+00
9.421412941396600793e-01 7.165463999099199732e-01 1.403017494696959133e+00
9.751657149281000025e-01 6.730407178305002347e-01 1.599597815607249451e+00
8.560125242100700138e-01 6.603786264130198091e-01 1.507373567681209447e+00
9.389210016890798816e-01 6.820897525603797362e-01 1.560604878410389862e+00
9.348507337740401546e-01 7.172943569805805275e-01 1.406039181211490074e+00
9.815181765617000398e-01 7.135473060679999868e-01 1.614396762484799464e+00
9.811610302183200183e-01 7.196031807900595823e-01 1.613482272895229830e+00
9.848512799655599892e-01 7.051054474005202799e-01 1.607934562602659767e+00
8.043388866194201015e-01 5.681875094529194037e-01 1.746769748029059599e+00
8.633285471301501701e-01 6.964153199819604900e-01 1.311424842405079616e+00
1.005129040503029980e+00 6.257486502245002136e-01 1.632707175396949317e+00
8.975624123359300377e-01 8.353470018539597142e-01 1.584048266991579634e+00
5.536926373541400936e-01 1.960635501721599283e-01 2.257921968575179683e+00
7.187283725880401208e-01 9.307383348464801642e-01 1.545473651727539366e+00
8.617335283435001436e-01 6.966574197421002701e-01 1.313591444230449490e+00
5.589038738091000047e-01 4.073914188391998259e-01 1.198326692725399489e+00
7.386224054137600081e-01 8.768769552134796363e-01 1.476211660104739920e+00
9.632704195981500739e-01 7.052918087835595706e-01 1.432219768645479618e+00
9.366895034276501164e-01 6.876077912143401250e-01 1.402766391978069294e+00
5.674465912050900007e-01 3.989725952727001257e-01 1.887528559702049691e+00
8.901049954341300197e-01 7.464603508533595999e-01 1.386450098092780081e+00
7.562506198811300706e-01 5.123715803939394853e-01 1.426136205540669444e+00
7.017083287563601335e-01 4.805375578687400839e-01 1.161885314039469375e+00
1.003056336708390006e+00 6.838634460824200012e-01 1.713468819668009679e+00
9.067095624367900175e-01 8.381553740238998351e-01 1.606163677803349898e+00
7.272323028029801240e-01 9.430705306132005639e-01 1.491730481503699135e+00
7.222762066299099892e-01 9.425146148074201591e-01 1.501145868910809700e+00
7.268644627026399352e-01 5.199378886691601309e-01 1.478124900709679945e+00
9.132569663769999346e-01 6.583301909655601136e-01 1.542096844368880060e+00
9.815415815581399750e-01 5.563661097700598468e-01 1.640695273818729927e+00
9.080651664461301120e-01 6.529868999996195633e-01 1.545090438076309525e+00
7.355089098282400206e-01 9.190013235137999281e-01 1.517102455486699419e+00
8.809022824084900005e-01 6.709596066025995675e-01 1.291568105122099741e+00
2.577312615920501204e-01 6.031832587563394910e-01 1.494405016689369425e+00
3.943235961482600138e-01 5.765387242571202719e-01 1.347312879956859444e+00
2.110490361526000114e-01 6.109402745397001233e-01 1.533059547773249598e+00
9.587142636520900041e-01 8.402090243042201756e-01 1.616059069847509910e+00
2.867866753673599667e-01 -2.347841669229202566e-01 2.080562806546939925e+00
9.773271132776999437e-01 1.633425400468602184e-01 2.234732989560130001e+00
2.939917555253099279e-01 -1.403530091216402820e-01 2.124434557988779559e+00
7.069432802708014441e-02 1.996954567872197828e-01 2.014325290269709523e+00
9.928580551221800610e-01 7.454334664878197181e-01 2.576286750273209414e+00
1.313859775502260074e+00 4.383978077523797978e-01 1.853783290483889790e+00
9.979662931612299781e-01 6.175487737946596667e-01 1.647185937737329464e+00
1.027875431721650079e+00 -3.270705182234596720e-01 2.330005686678069399e+00
9.239239906137399760e-01 7.408801190672802406e-01 1.451931102268339657e+00
9.755342428391000631e-01 1.810633414434001942e-01 2.251084764911499558e+00
1.035643166211209998e+00 -1.682098826275404413e-01 2.353137689968829882e+00
1.199707954119300091e+00 2.751457982049796414e-01 2.054702204487889539e+00
1.213857836304090165e+00 2.582272771761000563e-01 2.040653833834949360e+00
1.229091976306130096e+00 8.610043037188002124e-01 2.196592560201799937e+00
7.404676056725600919e-01 5.229083899178199601e-01 1.484117784609709556e+00
5.433280639962499992e-01 5.621464508909395086e-01 1.278951498124669683e+00
8.596759434987899517e-01 7.719100710333797188e-01 1.439904058890990157e+00
1.216364063304050003e+00 8.400708990699397027e-01 2.145217898519369726e+00
9.026328783834800529e-01 6.677624638370800447e-01 1.454925336529739877e+00
9.287709590896301437e-01 -2.349899657708600653e-01 2.274893851750869445e+00
9.199399211400000054e-01 8.240991708921598935e-01 1.544209303573779835e+00
4.495966728673799762e-01 -8.967695751280002625e-02 1.967023603895099448e+00
4.571769703000899132e-01 -8.634866481180036857e-02 1.962947348021700122e+00
4.934507038207099905e-01 -6.655026828657994997e-02 1.893154650187809374e+00
9.045129120834500824e-01 1.582019318793959073e-02 2.418406838471369724e+00
5.644129105664700274e-01 3.558990381373599021e-01 1.941027181020079428e+00
2.791459125611100989e-01 1.217550102709379800e+00 1.872662191237589369e+00
9.304108538914399595e-01 6.761104604569996290e-01 1.414638601122099715e+00
5.460580297234300939e-01 7.309281910346201450e-01 1.439246224930609497e+00
2.890499812355999398e-01 -1.409869287758001022e-01 2.114975899326799968e+00
6.203919234648003211e-02 -1.000605041428803688e-01 2.060521259720659693e+00
5.255749472313600013e-01 4.629071391761003795e-01 1.216373133721349475e+00
5.346811385379200976e-01 4.628596791000201272e-01 1.203566280198809402e+00
6.740995143580300608e-01 5.658843563156001899e-01 1.182779195396699734e+00
-7.620187862963700987e-01 1.015397419102039844e+00 2.352222899571319914e+00
7.162858855980699380e-01 3.349546120264998983e-01 1.396969817247549539e+00
9.215846744521500877e-01 8.206046928993795397e-01 1.514483838752089806e+00
-8.041096366420599217e-01 1.016705729543339487e+00 2.474679101156169736e+00
7.930495861269301061e-01 5.923953163723401083e-01 1.552991050278369478e+00
1.018796857855539972e+00 -3.622794070385402243e-01 2.191254457335029660e+00
1.021659803411580025e+00 -3.898737325215004823e-01 2.232742079510949829e+00
9.291829311580399597e-01 -3.618877712302999150e-01 2.172194542398349526e+00
1.003946273800399913e+00 -3.734512924433404102e-01 2.248475453247129607e+00
1.034043139461779948e+00 -3.191702410818004765e-01 2.313808327024899469e+00
4.454135464436600467e-01 -9.018627793052047537e-02 1.972811950553239768e+00
9.307645100058999921e-01 -3.095795078425800373e-01 2.205940148822309599e+00
9.300619306197900338e-01 -3.162071894283804419e-01 2.219784046609709627e+00
9.415360058418400513e-01 -2.684994199873205201e-01 2.224725714034339941e+00
9.409418428317299909e-01 -2.690621622944600055e-01 2.222130883448869554e+00
2.082243070365800142e-01 6.097858052979998611e-01 1.541266585235899544e+00
9.326591005218600738e-01 -3.541875090022998940e-01 2.150640957680949761e+00
1.185853949731249912e+00 -2.747652336709804910e-01 2.352596809019809942e+00
1.316638166426950196e+00 3.135172814245401618e-01 1.975326764300369575e+00
7.960658335926400486e-01 2.405347278068004080e-01 2.047382726644499495e+00
6.597504408723999791e-01 3.953581708391804561e-01 1.181842379686589339e+00
9.869610541464600706e-01 5.562546897274800450e-01 1.631420249485539209e+00
8.871280540713100127e-01 7.502181099109197504e-01 1.394772711204459448e+00
2.119677529428701523e-01 1.261385231231659798e+00 1.890704956869429409e+00
7.247600448638300552e-01 6.643421351440799150e-01 1.239397646285239851e+00
9.862886450315699882e-01 5.545583060354397631e-01 1.630114831711219736e+00
2.843287721765199727e-01 1.176597912869959295e+00 1.857425462832980045e+00
7.433598188234500359e-01 9.120251746714993502e-01 1.504129679780049855e+00
9.104396908398100230e-01 6.445527642249997413e-01 1.338020005801399570e+00
7.517106460028302184e-01 8.204206100916198174e-01 1.373022655589209773e+00
1.096616768369390149e+00 -2.159524344752796754e-01 2.349693652247359488e+00
1.151306790521209988e+00 9.911608681560002410e-02 2.324060086553299875e+00
1.205907986365729823e+00 -9.436183309837997690e-02 2.634345497695909977e+00
2.805927445894100258e-01 -2.839469778157803770e-01 2.066579381207309662e+00
2.720537747821400454e-01 -2.871932071955001220e-01 2.079722207251249344e+00
2.704611766409799611e-01 -2.904298345299001216e-01 2.084974386954749903e+00
1.482576695834100788e-01 -1.653425143143596454e-01 2.052181549656319604e+00
2.678716062801400621e-01 2.743211955375799427e-01 2.040732162012989459e+00
-6.579480802444996890e-01 9.845230160114604168e-01 2.284757136412129519e+00
1.349964105420300431e-01 6.138075636147988234e-02 2.168763225659439797e+00
1.099544908721199921e+00 3.559172060698201356e-01 1.929520958504909345e+00
-3.012022978763189585e+00 -9.294222738834805320e-01 6.207834292323259007e+00
-5.072559669910379654e+00 -8.843914059774402592e-01 6.187672625472679044e+00
-4.905178004097759725e+00 -4.873143833914603817e-01 5.417151134177569993e+00
-5.018380678500530045e+00 -8.967733746133399464e-01 6.211332894330830356e+00
-3.583719516145899675e+00 -7.572283145924001424e-01 5.910841159295799230e+00
6.316150235608201102e-01 5.445918745865001576e-01 1.570776889089449568e+00
9.997099870456600534e-01 6.216158149941799493e-01 1.638869460758089147e+00
-4.946402499800900188e+00 -3.980667664049801768e-01 5.350511368533009460e+00
-5.205791058654010151e+00 -6.517218314632604592e-01 5.352797488450169894e+00
6.973871137144100896e-01 4.811852548083197512e-01 1.165352023108759738e+00
-4.927964152043459833e+00 -8.889958101002801705e-01 6.157756198147859905e+00
5.028880864568019415e-02 1.923002251104004579e-01 2.040886580699799335e+00
-5.337593671770859416e+00 -6.966100099186003369e-01 5.435284386733499673e+00
-6.816840881581869738e+00 -1.213392444853160335e+00 7.759521524111219648e+00
-4.579089349236879158e+00 -1.046688022887220182e+00 7.078204789667290164e+00
-6.511289039373779453e+00 -1.708219344265160311e+00 7.306734474128020018e+00
-3.887253360571690131e+00 -1.429854754047860332e+00 5.890478871207170286e+00
-6.855548882437540570e+00 -1.790332240882760440e+00 7.615591943267119746e+00
-3.718179693736310298e+00 8.025195842753598541e-01 3.832019279989879568e+00
-4.847727967129679350e+00 1.750736260130598687e-01 4.244123661734129804e+00
-5.943492750002690173e+00 -1.920639550549120056e+00 7.322980541474439775e+00
-6.713946116089100080e+00 -1.754815856961560394e+00 7.479307463279319279e+00
-6.326777884045019285e+00 -1.649097372690079943e+00 7.152008373553359277e+00
-4.019697001218520249e+00 1.604946475961201990e-01 5.019747437672659629e+00
-3.132945595609729850e+00 3.066021942111798460e-01 4.140894364224589452e+00
7.221743429877399700e-01 8.311569882052394220e-01 1.393453877244019701e+00
-3.543338555068829887e+00 -9.446176606905802853e-01 5.705995685631609859e+00
-6.243207787986830404e+00 -1.625837981228940299e+00 7.072185001954728989e+00
-2.393304984105980360e+00 4.886385104857597916e-01 3.258462158848579815e+00
-3.558201625888569808e+00 -9.661208602540203305e-01 5.700598503220689395e+00
2.155772239255201450e-01 6.101698181148198508e-01 1.531149835505809964e+00
-5.402351168617649080e+00 -1.954190341625760219e+00 7.512708605783520177e+00
-3.939893264894309688e+00 -8.531383934173604189e-01 6.374734468215019767e+00
