-1.130437025667299977e+00 1.797691773947001082e-01 2.840770628987259627e+00
-1.011863419970200351e+00 4.034096982764998618e-01 2.403426641152119903e+00
-1.193559827758559955e+00 1.517982633071597309e-01 2.908165173392739611e+00
-1.132526816741600051e+00 -4.391962343126000201e-01 3.392680436820009859e+00
-4.710228035715200434e-01 3.023014145014000231e-01 2.519050653466810008e+00
-1.050282514358540364e+00 2.482784699475399925e-01 2.706403563025880032e+00
-1.068231194733829881e+00 3.011997456431199094e-01 2.610616805173979760e+00
-1.017224409642639937e+00 -3.591473773912201573e-01 3.204141007786769801e+00
-1.085847466045129828e+00 -4.089384562331002115e-01 3.319658661289869972e+00
-1.041912609431689951e+00 -3.832218075602003005e-01 3.260668237347970067e+00
-9.378882844092899518e-01 2.086968089249596758e-01 2.753031850450729845e+00
-1.024854190365520168e+00 -3.983394698253603927e-01 3.223114854474249835e+00
-9.211698917055501923e-01 1.266663796125395702e-01 2.980380571556910052e+00
-1.023678381478309696e+00 -3.973675505354603565e-01 3.225726303803750028e+00
-1.042968637992379932e+00 -5.031998552101401012e-01 3.201458976502999931e+00
-1.026055274682749818e+00 -4.271127515985400080e-01 3.219975651313089937e+00
-1.132243941446400282e+00 -4.405051895550402552e-01 3.388744584195070075e+00
-1.132309172410170373e+00 -4.377461360528800416e-01 3.390641330134729792e+00
-1.619039424391019999e+00 4.256071472546008039e-02 3.232036892216810120e+00
-1.005840395362279871e+00 -4.512422475944601885e-01 3.157794518811609663e+00
-9.919416217217502663e-01 -3.462854128164600809e-01 3.199809276787449974e+00
-9.069122106575200348e-01 2.944093197770398795e-01 2.557039325982479738e+00
-1.148493560539620262e+00 3.297947762961799256e-01 2.559346081802869932e+00
-8.098522976702402509e-01 1.990221387252195662e-01 2.722204137641529798e+00
-1.087744381680380013e+00 -5.132707822115000207e-01 3.278127112431689749e+00
-9.741852093761202980e-01 -3.598234570350000716e-01 3.217483860094129788e+00
-1.108993970641699800e+00 -4.854383444492003097e-01 3.324396423387300015e+00
-1.140693937226110233e+00 -4.355928919522203957e-01 3.402924976509469790e+00
-1.263703715206750289e+00 -9.684502606404032932e-02 3.418240981978120097e+00
-1.276527991561299924e+00 1.189423139191796430e-01 3.042229228044359690e+00
-1.551141740773759992e+00 1.575001790985974814e-02 3.235920296924339912e+00
-1.262687157361389811e+00 1.857983992873197820e-01 2.899832871967229941e+00
-1.337873719324780275e+00 1.245656008795199554e-01 3.029053215993020132e+00
-1.280418180936079953e+00 1.128681347435200877e-01 3.045807367769999718e+00
-9.996173757943802585e-01 -3.593068127565999248e-01 3.202730600763089797e+00
-8.995900076220699759e-01 5.678707543378198608e-01 2.046710952700079744e+00
-1.190727479871910077e+00 6.443587444775999984e-02 3.134100220334089748e+00
-3.784551803858104968e-01 4.532251209740600917e-01 2.105324030766710042e+00
-1.189031259684199870e+00 5.682221039266011076e-02 3.078794415227180004e+00
-9.187667229314300243e-01 2.931179529117398097e-01 2.555972145025959819e+00
-1.135115267213880230e+00 -5.059570791135992174e-02 3.138942204478219811e+00
-1.697090877366790096e+00 1.521572059344000749e-01 3.008437579960449693e+00
-1.259505785363020269e+00 1.017599446225199156e-01 3.009468194998599966e+00
-1.188947258150829800e+00 6.411772009589977728e-02 3.136436717060109736e+00
-6.015830116266700500e-01 5.733188599522200946e-01 1.949955000776069980e+00
-1.751303110212739877e+00 2.031965649894396098e-01 3.035905848519029782e+00
-1.338880309819199699e+00 1.237340436393195020e-01 3.030474253161060005e+00
-5.107103105401300525e-01 6.470834987732998478e-01 1.833337236187079888e+00
-3.215557188150706125e-01 5.300526300997800977e-01 1.802269699416589877e+00
-3.567457625306995617e-01 4.572560858566996345e-01 1.779236647510769931e+00
-3.121282326950902686e-01 5.299725802967198973e-01 1.804608370392980055e+00
-7.238073302398699838e-01 4.610366789370996532e-01 2.160622845281749527e+00
-6.401454630127600964e-01 2.712824835103802013e-01 2.584559688735419858e+00
-1.019440010010459918e+00 3.963864064701598799e-01 2.389758117040109653e+00
-1.374631601935949909e+00 -5.144634965296024376e-02 3.502317204971780118e+00
-1.250112423722539834e+00 -2.995799403146599538e-01 3.393881886640230050e+00
-1.083636351079800164e+00 -4.523910052367803303e-01 3.279379925448789646e+00
-1.275884384567679941e+00 1.199614126513197654e-01 3.041476649473479732e+00
-1.038515723424330073e+00 -4.045439415507401382e-01 3.246262567094269968e+00
-1.266483947889980310e+00 -1.303575133279399889e-01 3.509018891774429605e+00
-1.263844411615590246e+00 -1.380899644520201530e-01 3.567853119111749738e+00
-1.346893476393340006e+00 -8.597279229276022505e-02 3.464049107595930099e+00
-1.294213064913549704e+00 1.161956101859651369e-03 3.308619144255689815e+00
-1.281138378888100338e+00 -1.226268250290598605e-01 3.513296854863259711e+00
-1.232058597240760278e+00 -2.879578218528600075e-01 3.362423137118829786e+00
-1.186763818274259918e+00 8.823556540458010744e-02 3.091993176259239640e+00
-1.606552964131590322e+00 2.602795671385993437e-02 3.246793772772149644e+00
-1.191988964687499930e+00 8.478492262103953792e-02 3.091787110059660115e+00
-1.144200716075950197e+00 4.836492341147957674e-02 3.146562156749050043e+00
-1.626177502055389912e+00 2.494313764635980313e-02 3.345630205535369939e+00
-1.265911368770400003e+00 1.006913170745595831e-01 3.008922618002679794e+00
-1.138005020356040120e+00 1.779849047753798708e-01 2.851200838365959722e+00
-1.180613067049120168e+00 5.598933085775992247e-02 3.080195046938599912e+00
-1.109389872525160303e+00 2.033052432583200009e-01 2.811091228313300050e+00
-5.470484202540797369e-01 6.468353770545998138e-01 1.830299190322739911e+00
-1.762587873007330330e+00 2.141496811932599442e-01 3.036660667604230035e+00
-1.100361880009559812e+00 3.100191804764600434e-01 2.554663311361299982e+00
-1.073739448059640278e+00 3.258056007934198028e-01 2.537156834578399689e+00
-9.189798874480099578e-01 2.945997337058199328e-01 2.553194657905689890e+00
-8.239917390045703449e-01 1.942358348644199761e-01 2.723052752216459815e+00
-1.833269834998750625e+00 7.346584163063996087e-02 3.225893505498109715e+00
-9.506143660111701088e-01 2.128679958853598730e-01 2.736335435718509679e+00
-8.270320111839404298e-01 2.115387781238400322e-01 2.777710953385350123e+00
-1.841200998576079773e+00 6.295653473829943003e-02 3.220744631340209718e+00
-8.171123059079197226e-01 3.359118757157997237e-01 2.449472913587589673e+00
-7.204030797728799840e-01 3.591627708641995653e-01 2.345881908128329751e+00
-1.092776572730270068e+00 -4.111910910200000657e-01 3.324420086993909784e+00
-1.291036157096030479e+00 -5.437866885116027227e-02 3.306461101467629948e+00
-1.326099963216649691e+00 -6.414876006464043101e-02 3.299421527814859978e+00
-1.095952264166680123e+00 -4.114893728369399817e-01 3.324696145119819590e+00
-1.093838220792610283e+00 -5.177098004975402290e-01 3.280383573094039829e+00
-1.121507327856630543e+00 -3.617821401013601168e-01 3.030422923399479718e+00
-1.324366036219230214e+00 -8.637092866780005096e-02 3.305691506878319696e+00
-1.299630701047290060e+00 -7.329215043238046512e-02 3.318600817590160013e+00
-1.805241542697559876e+00 9.304629295065991457e-02 2.888618435150450026e+00
-1.323582472182100123e+00 -8.554286389896037512e-02 3.307559297753300154e+00
-1.098111808548320578e+00 -6.328053995216009753e-02 3.424573565756130034e+00
-1.122469302799329771e+00 -7.576973707674006242e-02 3.419826102489739839e+00
-1.130404589371220236e+00 -4.558171662930803336e-01 3.375681727797769760e+00
-1.121346768207700073e+00 -3.351966522746401278e-01 3.007095118737499906e+00
-1.038430113379009700e+00 -4.919144240734403262e-01 3.158612144672539923e+00
-1.113955645365809932e+00 -3.600087368031998913e-01 3.029493066028949855e+00
-1.100773614432869696e+00 -2.681491730737604051e-01 3.601986574072320035e+00
-1.030107853480739966e+00 -4.589606662913201518e-01 3.161112396476379871e+00
-1.037892981443300222e+00 -4.604769946069401376e-01 3.164072911162969959e+00
-1.133873109839380167e+00 -2.935978396128600121e-01 3.023468980715029897e+00
-2.561965088854201156e-01 -3.081120107201800185e-01 3.664008212480120097e+00
-1.095154523136770308e+00 -2.667340019511206251e-01 3.605765007404500011e+00
-1.053947411626229957e+00 -4.609132363188399584e-01 3.223087443485860071e+00
-1.380504896995109920e+00 -1.091055977731603122e-01 3.380704335347829659e+00
-1.035717640801109951e+00 -4.275732834328000997e-01 3.219925163098319665e+00
-1.020523919625589748e+00 -2.926105152598401649e-01 3.632421291334429814e+00
-1.095011005511030255e+00 1.637702891815595585e-01 2.855436467314380167e+00
-1.067372937013040257e+00 1.337769943225601832e-01 2.887841731124019873e+00
-1.044180166390750397e+00 1.475231981452198582e-01 2.845553946660589695e+00
-9.599590042880499219e-01 1.932769497317998741e-02 3.116521971750159992e+00
-1.067085539858019683e+00 1.850558779999196268e-01 2.796223601241830004e+00
-9.769089464260503064e-01 1.417156886686996575e-01 2.958991470487529973e+00
-8.963993337271705109e-01 7.591302086740014943e-02 2.802580091862370004e+00
-9.345299891278102677e-01 5.430689041191971711e-02 2.816655531193910100e+00
-9.033506658018302105e-01 1.130873423941396450e-01 2.813262835755689917e+00
-1.046774876218570238e+00 2.490301415969997656e-01 2.708248591559249796e+00
-1.035850887944609777e+00 -4.242755571922602886e-01 3.237579769169659727e+00
-1.025696569352230192e+00 7.576686826235956573e-02 2.937818927159599802e+00
-1.027594491766199880e+00 3.597806628280397767e-01 2.333076213301449986e+00
-9.454911468017601628e-01 2.978197213267601562e-01 2.560712638499289984e+00
-8.489626991048404570e-01 1.887863945007199895e-01 2.789373456073109825e+00
-9.689829081287300028e-01 1.968839230702599252e-01 2.751407246657599615e+00
-8.007631601111602215e-01 2.090421751544795370e-01 2.711531572701339599e+00
-8.753729382819899207e-01 1.324928226850994317e-01 2.824303786581859654e+00
-7.934714823074502377e-01 2.544612773715597687e-01 2.606669724243329878e+00
-7.546407639118499766e-01 3.927225131183000872e-01 2.309226964274819771e+00
-1.108434195949109746e+00 -2.581950374389001546e-01 3.335209430821489907e+00
-1.134967150084389864e+00 -3.145379333199600502e-01 3.559687129113830117e+00
-1.754726542275500734e+00 5.226594985228016910e-02 3.274111555227859682e+00
-1.134176495619899860e+00 -5.937790193866021582e-02 3.089332750504619973e+00
-1.277899760919910310e+00 -1.510559036772001207e-01 3.435143720479739926e+00
-1.113329261950370075e+00 2.482727380918599014e-01 3.809926723731649645e+00
-1.116512385534929930e+00 -4.828853536205200969e-01 3.323971070795029625e+00
-1.033229282603300270e+00 2.223235328426800272e-01 3.830339657774109785e+00
-9.999340560094100994e-01 -2.344575721016051162e-02 3.131836489278299940e+00
-1.331952221529490110e+00 1.276577564192398206e-01 3.024288125993150000e+00
-9.496292308519302949e-01 -1.000480131222003521e-02 3.264072314999880042e+00
-9.753993183763700614e-01 -1.881852171746012381e-02 3.259310995985170045e+00
-9.279786192583299176e-01 -1.501984500390030064e-02 3.265764929274659778e+00
-1.090675643362900349e+00 1.941337928112598643e-01 2.807003010756179862e+00
-1.034884870302950066e+00 1.559971959317196788e-01 2.839492728227509755e+00
-1.234947712862799918e+00 -3.704567511348022535e-02 3.476563162352289904e+00
-1.417097139669389882e+00 -6.473962249827991400e-02 3.478027671185460079e+00
-8.623075192516798104e-01 3.239780938093999030e-01 2.540040267060209800e+00
-8.300466618494999338e-01 2.085305963589796363e-01 2.779218569854309706e+00
-1.777515525380620076e+00 7.121813484497963032e-02 3.258603438071089986e+00
-8.908738692287800909e-01 3.154393466866198814e-01 2.584701036707759858e+00
-9.613264575836399928e-01 4.876365290908395433e-01 2.229502237287420030e+00
-8.932407568079203664e-01 5.958905225275801243e-01 2.082839883090639610e+00
-8.344562775523800546e-01 2.348785563500601636e-01 2.617638390491559885e+00
-8.685815804926098060e-01 5.400671673254198168e-01 2.001663394032799914e+00
-1.833642333138080449e+00 8.288137311676013752e-02 3.226970639979519717e+00
-1.267787519986680600e+00 -1.143918312347200761e-01 3.519636974602080137e+00
-1.144634768398320013e+00 -4.367822767129601047e-01 3.403790233134729615e+00
-1.260746088868040182e+00 -8.145929874356028222e-02 3.549053665550760073e+00
-1.729663284715040383e+00 1.789578126295596761e-01 2.965467074572379680e+00
-1.408377396324360209e+00 -3.060916855600037678e-02 3.477996986288439896e+00
-3.607508663292202655e-01 5.464472756381197893e-01 2.022138069669839666e+00
-1.601556456267790196e+00 2.279868266333950899e-02 3.371864941387059833e+00
-1.627455685149430398e+00 3.566933723939991197e-02 3.356902217388059828e+00
-1.695400166040820000e+00 1.872015945354599253e-01 2.977482135711359668e+00
-1.432371764435859784e+00 -3.732447045792008922e-02 3.383232510494859735e+00
-1.441578742147969994e+00 -4.434678770774036494e-02 3.384390241329000126e+00
-1.431150009905520548e+00 -4.066045114618010992e-02 3.324830831147179921e+00
-1.266660114758360045e+00 -2.296469739428603773e-01 3.443046411653659877e+00
-1.021818888450789942e+00 -2.856419366850002639e-01 3.633048998335369983e+00
-1.319250795153040112e+00 -1.258719502332028561e-02 3.288244088506619978e+00
-1.390327320281830481e+00 -5.583137053499998004e-02 3.304430966267700054e+00
-1.287222870719640255e+00 -8.413447541476037905e-02 3.455749458353480019e+00
-1.085077221301950612e+00 -5.287425316738001424e-01 3.277446581457169827e+00
-1.262416158154600065e+00 -1.333455840943800208e-01 3.568897488892939673e+00
-1.109609879491189943e+00 -3.516343851695600264e-01 3.017958756002729892e+00
-1.028793586439290308e+00 -4.255945888511403208e-01 3.217602472252759860e+00
-1.032125844642179935e+00 -4.257802372840004956e-01 3.216367352489049924e+00
-1.382005914746290198e+00 -5.494290773250010140e-02 3.500406230249359929e+00
-1.273764764354269996e+00 -2.927418264711802998e-01 3.374949254045779945e+00
-1.505059651540780141e+00 -5.492397700956042073e-02 3.428224542239850070e+00
-1.144664071703049846e+00 -4.827674153938203983e-01 3.375836141682179825e+00
-1.263660621767269898e+00 -3.049899998669001189e-01 3.385463995549120142e+00
-1.275361187246620176e+00 -2.434470356187001805e-01 3.444812470965770146e+00
-1.245718949202969661e+00 1.934378610166200829e-01 2.906556955430879885e+00
-1.251408976524440053e+00 -2.988283795844601798e-01 3.394953543629390058e+00
-1.310588412375869982e+00 -9.661504672396037385e-02 3.446022726587600005e+00
-1.405113977108860102e+00 -3.622712419482043700e-02 3.475554081444939936e+00
-1.119936467100130617e+00 -4.869892628781000710e-01 3.326825289996850010e+00
-1.095351696024139621e+00 1.948856370080798150e-01 2.803589290884989982e+00
-1.089134705984780016e+00 1.962081564759399210e-01 2.805085193418650036e+00
-1.599595224258050230e+00 9.523048695279756615e-03 3.364725499877919912e+00
-1.133040065700900101e+00 -2.896978558933602788e-01 3.345249138511389830e+00
-1.296872425066889711e+00 -2.658410584729602455e-01 3.440009064975829922e+00
-1.148493498626060205e+00 -3.197837006046204689e-01 3.553011890006720019e+00
-1.122639081020939678e+00 -2.857592016848202743e-01 3.343605886986869891e+00
-1.102732052320179790e+00 -2.758065294824403324e-01 3.326817426394849786e+00
-9.675875324612297490e-01 -2.441869638354203786e-01 3.349943646227779848e+00
-1.099019704806510234e+00 -2.770256201469405433e-01 3.324329628932139791e+00
-1.000154256547090004e+00 -3.450464765941803069e-01 3.199891362409720053e+00
-1.377786592405130239e+00 -5.453840530544051823e-02 3.503059187099709870e+00
-1.730390762286660333e+00 1.690860806892198198e-01 2.996698427103769991e+00
-1.315876776368610113e+00 -1.090288696472800911e-01 3.532568202607979657e+00
-1.525028230868000101e+00 -3.808917313700010965e-02 3.411815903189639787e+00
-1.024117972814419630e+00 3.610669692861399049e-01 2.359035051770989710e+00
-1.039189065733809869e+00 3.556574352137396033e-01 2.356215447087489867e+00
-1.005201962567690011e+00 3.356035675094797277e-01 2.514843584822719968e+00
-1.037827307998000048e+00 3.778469077879795801e-01 2.369973674040429579e+00
-1.249823898229089902e+00 -2.448792717858603307e-01 3.438482597069890012e+00
-1.384035203189930119e+00 -4.909676782448046950e-02 3.497447252177449784e+00
-8.958551855635201733e-01 3.152163870245596744e-01 2.532290846780569815e+00
-9.757846568842603041e-01 3.474507264121799999e-01 2.387923030115439715e+00
-8.238021155794101880e-01 2.209783533571600955e-01 2.763269196253009596e+00
-9.546866731847201137e-01 3.338026216160403514e-01 2.367576609025979550e+00
-8.448425897215301461e-01 1.529148992708997401e-01 2.810056585772000126e+00
-1.414413728364920075e+00 -1.744528508096010455e-02 3.350407719029299791e+00
-1.408537696382500037e+00 -4.301584639524014264e-02 3.472977208871889765e+00
-1.388847794507690026e+00 -5.231078745542050434e-02 3.498883193792829971e+00
-1.841769460513890344e+00 5.828766638071991579e-02 3.219859613275739996e+00
-1.238928084387029838e+00 -2.975531395125401435e-01 3.389945558423289818e+00
-7.502166512867796122e-01 3.413127486715794578e-01 2.367210792519459872e+00
-1.179654331153070057e+00 -2.897568135786801058e-01 3.365354431599129725e+00
-4.551176113915400556e-01 6.250894529747195172e-01 1.822746608317609818e+00
-1.087140041747640229e+00 2.041561465060999225e-01 2.846569840605199797e+00
-1.046415219452270229e+00 9.827230573275991254e-02 3.026895516305279976e+00
-9.280568135007398745e-01 -1.307206066512023312e-02 3.267014957358330030e+00
-1.136125932287270324e+00 -4.575350728852400906e-01 3.377373993558139720e+00
-9.888349911603100395e-01 1.048932194380194360e-01 2.982153690870499751e+00
-9.754686306771405135e-01 1.173063825362401502e-01 2.964800436719929877e+00
-1.106116101441230182e+00 -4.051883887679605944e-01 3.360344173000409995e+00
-1.027924843768010188e+00 -4.953179835574401668e-01 3.140765027247759633e+00
-8.968543531194397289e-01 1.565074374359998188e-01 2.897224067847629758e+00
-1.038974460991839877e+00 3.174263017151397470e-01 2.574733089669859698e+00
-1.076243136103330222e+00 -4.239588100918798563e-01 3.297642682546229942e+00
-1.008765154547490273e+00 3.972165292349001398e-01 2.404052652368899867e+00
-1.747487398989880258e+00 2.641403554259968978e-02 3.284953798428549732e+00
-9.595083317967101344e-01 4.582458098132995428e-01 2.213660534635189858e+00
-6.131847157067502607e-01 4.322731919113198540e-01 2.418460320546629738e+00
-7.884382498245701143e-01 2.444499991117203841e-01 2.605395671169319805e+00
-1.094143950201710069e+00 -2.159748244131800554e-01 3.627309813279270045e+00
-1.115625948117930033e+00 -3.074867104771603632e-01 3.559252251998469951e+00
-5.226078639173903362e-01 6.514350298647397786e-01 1.898740364506719569e+00
-4.110704324742799898e-01 7.621650466154199499e-01 1.724146647231889817e+00
-4.946290861594100363e-01 6.627394263318997503e-01 1.816323195530989976e+00
-3.514918480444499949e-01 5.109531124871600216e-01 1.835735006286069559e+00
-1.602376585933300124e+00 2.200052721665990418e-02 3.245527322565250117e+00
-1.149420955950670287e+00 -4.354485321472201242e-01 3.408896264891919881e+00
-1.267664200305389954e+00 -1.121588609693802141e-01 3.520744316749029768e+00
-1.266358373859560515e+00 -1.123867373157199090e-01 3.520182667925050080e+00
-1.106506312310239881e+00 -2.001824897931199221e-01 3.636883962732199826e+00
-1.127306268381800258e+00 -2.525120902663400280e-01 3.032511995593899723e+00
-1.102611016019289902e+00 -2.350388027032201954e-01 3.618266885796979970e+00
-1.355454049747539802e+00 -9.105558435516036830e-02 3.418502092645039792e+00
-1.235883238908720205e+00 -7.477347285910007635e-02 3.423865479403430001e+00
-1.059166402625570047e+00 -2.527121473879403446e-01 3.624656423742059985e+00
-1.116355607609650136e+00 -2.681048068893601144e-01 3.605801334864930041e+00
-1.007013103173310498e+00 -4.288980316343999899e-01 3.175112719002000095e+00
-1.192173695290160484e+00 -1.599754959059602744e-01 3.604460542735020034e+00
-1.102077902118270281e+00 -1.683418072613800387e-01 3.646668647892319814e+00
-9.943138119991998813e-01 -3.570322138457602268e-01 3.202420859364359718e+00
-1.333148539764180462e+00 -7.102930352026004535e-02 3.303421240138869841e+00
-1.261689518782259878e+00 1.013513542976596238e-01 3.022125115007999963e+00
-1.417893245849799921e+00 -4.224209493809993887e-02 3.482661692097719808e+00
-1.339571295519220051e+00 -7.400817377436030853e-02 3.305491565011749788e+00
-1.035276468382949844e+00 -3.747245093248599002e-01 3.230389016967069704e+00
-1.207636318424420097e+00 8.633955908752000141e-02 3.027409797586849916e+00
-1.132361241452830125e+00 -2.444057680865996396e-02 3.032224671026529705e+00
-9.798934292686398706e-01 -4.853393789354032428e-02 3.347820312573519974e+00
-1.165411190411850040e+00 1.818998747310798247e-01 2.860710704736659782e+00
-9.604750159479098492e-01 -3.451627298808013222e-02 3.321768850114310112e+00
-9.762782235256799446e-01 -9.575921588804714446e-04 3.254760798153919943e+00
-9.770262234553603875e-01 -1.462988346900173653e-03 3.254638597066279893e+00
-1.094117939563989950e+00 2.157863542651199396e-01 2.828953924244059781e+00
-8.918421993081202537e-01 -2.114616807869000858e-01 2.713907433272649605e+00
-9.913699148750700907e-01 6.637154295019875860e-03 3.232282471915169708e+00
-1.030389328145679961e+00 -4.168261180514403197e-01 3.192409052147449966e+00
-7.144193772358198302e-01 4.916030239590798434e-01 2.123572598273039791e+00
-7.749723786734801223e-01 4.970229210332397507e-01 2.106967445674329920e+00
-6.231531088573798449e-01 5.738143628031195931e-01 1.973436139580559967e+00
-1.597527976579450115e+00 8.984852207459592677e-03 3.365711063290059979e+00
-3.140008011887203132e-01 4.504133786893196323e-01 2.034645759308769897e+00
-5.375995027393698500e-01 5.518228953528399039e-01 1.973990149926399873e+00
-4.378733956563496399e-01 5.308809664864599931e-01 2.094976940859739845e+00
-3.563147918540701120e-01 8.181757082289196070e-01 1.670969359279699917e+00
-4.611384470655899293e-01 6.875371434168799922e-01 1.753834057013520020e+00
-5.116487443999999662e-01 6.637646354761601586e-01 1.728235166350319929e+00
-5.458298925217097697e-01 2.460968121573396949e-01 2.390368100437120003e+00
-2.743163150379301918e-01 7.202530439772196758e-01 1.686429488588179870e+00
-2.630736316488402338e-01 7.906600539548396256e-01 1.620315070470829788e+00
-2.395019958557003115e-01 7.388244232381002696e-01 1.652235015375189908e+00
-4.730377598271102713e-01 4.400990565588001058e-01 2.254777616410209795e+00
-1.182898145607500062e+00 1.593623187057997548e-01 2.906221531077419762e+00
-1.030436636805930117e+00 -9.095688781288013836e-02 3.714903958977689769e+00
-1.228557410347560275e+00 1.017533055564199262e-01 3.035012551454989715e+00
-1.000564963249840122e+00 -7.595599357920024275e-02 3.720506702345970140e+00
-1.189907893573550091e+00 5.648295628743960073e-02 3.090735515462769811e+00
-1.025428632922240180e+00 -8.395118523024014401e-02 3.715943329556889996e+00
-1.127912510544530011e+00 -5.662711387348401404e-01 3.267633352770019872e+00
-1.545640359955199994e+00 -4.083906664408010201e-02 3.404027413935849733e+00
-1.117104048961600427e+00 9.661081681350003336e-02 2.994709384805129826e+00
-1.074235569536210022e+00 1.081205735667989387e-02 3.015523536153439821e+00
-1.137472200581239878e+00 -5.017659444380000444e-01 3.357267243236579546e+00
-8.834093208828601718e-01 1.628050918510397516e-01 2.949431338915019740e+00
-1.028991086195680360e+00 1.821811475896797372e-01 2.790663078283179832e+00
-1.180356027400540242e+00 -5.965008391033199686e-01 3.381562328510550053e+00
-1.070177310024359674e+00 1.026365610884598656e-01 2.929761267703909766e+00
-7.801387617905701788e-01 2.249254980235997348e-01 4.024178278457480218e+00
-9.408750882996699261e-01 3.483967806293397640e-01 2.358894942739789613e+00
-8.028000968361297396e-01 2.126617385659996806e-01 2.744635750665509910e+00
-1.597270495770839904e+00 2.244570324998007571e-02 3.185897244530659922e+00
-7.911819755820101996e-01 1.950064970952598564e-01 2.773540049298469867e+00
-1.685303311686619843e+00 1.648458972555997271e-01 2.997635275243389685e+00
-8.007641712259601086e-01 3.482182229243400151e-01 2.440258408236450016e+00
-1.181017422404239792e+00 -5.970999461282603393e-01 3.381243945696419839e+00
-7.380757464445899529e-01 5.261336993946597040e-01 2.040335595574509941e+00
-6.358626273853404953e-01 5.956653831582396919e-01 1.955433953496559685e+00
-1.307072079629669759e+00 -2.730611709057400027e-01 3.439538127897849851e+00
-4.365368516936301013e-01 6.767363747782599859e-01 1.750993335591739752e+00
-4.441568917478702083e-01 5.191365652317201373e-01 2.093034103216319775e+00
-1.133655959777689848e+00 -5.303792872820602966e-01 3.281407453912609906e+00
-3.920508255935097885e-01 7.528284257847199790e-01 1.683652217158050135e+00
-5.601183708698500574e-01 5.355599487226798683e-01 1.957882074930719973e+00
-3.913845987857502706e-01 3.731726175131400147e-01 2.330483910866799846e+00
-4.933545683715196972e-01 4.560559118471199103e-01 2.144309639077039975e+00
-4.602031025161306133e-01 4.155152071239001099e-01 2.126017985674389710e+00
-1.097680219312398009e-01 7.773796789190199341e-01 1.395069609781839581e+00
-7.605826205859034239e-02 7.962928475138602025e-01 1.368615556454820137e+00
-3.131768490646802405e-01 7.511037743497999131e-01 1.671015028204569930e+00
-1.218423729861060067e+00 6.214298507161952756e-02 3.150375419104619823e+00
-8.175141088807906797e-01 1.958211895389596613e-01 2.717003351520760113e+00
-9.745355015517307429e-01 3.041241303213197966e-01 2.485266150654990014e+00
-7.973365885345504722e-01 2.541319124195597912e-01 2.614262324585949759e+00
-6.188990124914401925e-01 2.713758686186598101e-01 2.577947701174319484e+00
-3.670624152289199138e-01 5.442283567244599052e-01 2.020181139700479633e+00
-1.131561475392029781e+00 -3.156143790695202789e-01 3.562590109407389960e+00
-3.833529180309001028e-01 5.328033699330800843e-01 2.025875276987439744e+00
-3.585697189904100135e-01 5.094581250363798830e-01 1.839045404597549727e+00
-1.132531129790260049e+00 -4.561925778758402217e-01 3.376665063707009473e+00
-8.944081169038100576e-01 9.315266150427969905e-02 2.794979962012299701e+00
-1.009276359499050368e+00 -4.288820484761801666e-01 3.170313659339089707e+00
-1.031638524523930123e+00 -4.006108860153603235e-01 3.227287086258159743e+00
-1.006742045200580193e+00 -4.281060696405201149e-01 3.172281146573469712e+00
-1.623756897590200143e+00 4.906263683699840783e-03 3.355074013269780053e+00
-1.000959181508199958e+00 -3.996489978367800955e-01 3.180636648971399971e+00
-1.003144526360150390e+00 -4.019219094696202532e-01 3.182071065975179636e+00
-1.753831174513690083e+00 1.987289115968997599e-01 3.034529657113939738e+00
-1.841106860541890100e+00 6.303300258255983834e-02 3.222184459205589935e+00
-8.934372439018005707e-01 5.724943638096600118e-01 2.025015908850149593e+00
-6.914933090114399050e-01 3.729286497108197374e-01 2.315450558596289898e+00
-8.849636728413798892e-01 7.461150021999962689e-02 2.806821222572519758e+00
-8.285368816776101930e-01 3.147039998115002124e-01 2.457313828744749795e+00
-1.245871567123760126e+00 1.194825392439395895e-01 2.968054142793500105e+00
-1.621384542141270479e+00 4.611781462525987862e-02 3.231027144843499510e+00
-7.139356430180998636e-01 5.533675876372998736e-01 2.053112156369329977e+00
-7.395553045358700395e-01 5.433929933410399649e-01 2.069161252459469580e+00
-1.552423694530090437e+00 1.314565317569993397e-02 3.235233255244769790e+00
-1.278338319848260074e+00 -7.008540985266020762e-02 3.354283506612619981e+00
-9.610873212779806884e-01 4.864328066880001522e-01 2.232400174840489804e+00
-1.813454759790980031e+00 1.591708141748195970e-01 2.987728814000069733e+00
-1.378784961355669747e+00 -8.055935470760022810e-02 3.337830203939580187e+00
-1.381600009542099716e+00 -6.048638633766056927e-02 3.494229350670919665e+00
-1.358397428202080093e+00 -6.929278605842026373e-02 3.339291935135579870e+00
-1.845578842665180463e+00 6.166809054692024006e-02 3.221714023041549524e+00
-1.144847215047140043e+00 -2.769252155168602236e-01 3.034290655244079815e+00
-1.015791705070400397e+00 -2.851997237127801288e-01 3.633555589622549764e+00
-2.719239622335298812e-01 4.773830032901600351e-01 2.022270301931230030e+00
-1.015865540589510285e+00 1.542521835427397292e-01 2.859143894527259810e+00
-1.564672507629340181e+00 1.822520459141951932e-02 3.253583575920059978e+00
-1.045171954930740110e+00 -8.749557524914020057e-02 3.413570464397719828e+00
-1.042293443740690329e+00 -2.183528795088001129e-01 3.646970396397160030e+00
