-1.109076813942999840e+00 2.299551243250002042e-01 2.870191743294979947e+00
-9.942043732800598388e-01 3.883447164780198246e-01 2.573071930672879759e+00
-9.843378188498996817e-01 -3.406092830053000231e-01 3.263861740956599977e+00
-9.846344687008599106e-01 -3.409125484780997084e-01 3.262593049566089753e+00
-9.427558950374697044e-01 -3.132658406649297955e-01 3.202983207002109811e+00
-9.934801211253796449e-01 3.875360549395001630e-01 2.580918023665599748e+00
-9.267860428546896845e-01 -3.272260467271099760e-01 3.164514170764090029e+00
-9.549342659898998331e-01 -3.110091095327800481e-01 3.195577019181440104e+00
-9.255352210024800907e-01 -3.263164479168798593e-01 3.167113189216169911e+00
-8.175489491440799394e-01 3.807265558534000949e-01 2.532467454205090007e+00
-1.080001878395979942e+00 2.454478595502600502e-01 2.830029952636530233e+00
-8.205097993432397541e-01 4.015984556491603019e-01 2.543751003030830127e+00
-1.028615495958909554e+00 -3.747002370076100153e-01 3.332206402907630149e+00
-7.981590326804999247e-01 3.871954095563401310e-01 2.513502233575899858e+00
-9.435643254394798785e-01 -3.138905243989997818e-01 3.205661760315860143e+00
-1.076234994456939598e+00 4.177052402805800924e-01 2.525141276916670119e+00
-7.331948709520197394e-01 2.854053894936603442e-01 2.670226411194490002e+00
-1.046806303917570125e+00 1.234017025144900082e-01 3.107523526255040025e+00
-1.007097887752299803e+00 -4.176884063804999769e-01 3.265955016255099874e+00
-1.187555103911329679e+00 1.928322541731699591e-01 3.005836335725439845e+00
-1.455221550694449695e+00 8.230927220684991497e-02 3.205127447833779897e+00
-1.178662609458170030e+00 2.636373246784902147e-01 2.864961932703249836e+00
-1.456791869388749605e+00 7.963457216879032963e-02 3.204992090154779927e+00
-1.122692862465469732e+00 1.883635758006703131e-01 2.987529843614010083e+00
-1.098533663403050253e+00 1.365099382306500519e-01 3.093448781610829812e+00
-3.217390292422799281e-01 5.593363490460403487e-01 2.050792545146210344e+00
-8.464835681342901541e-01 3.828986803235299163e-01 2.513574968114300034e+00
-9.365402908830697815e-01 -2.544881676803298909e-01 2.939719965381929700e+00
-1.250277970187799736e+00 1.974627208405199674e-01 2.996174423222339733e+00
-1.066846679777989637e+00 2.784708530363901868e-01 2.803253700994570163e+00
-8.099138532510898880e-01 3.812758140992100753e-01 2.525855436658249964e+00
-5.156871787889503178e-01 8.239005413141102796e-01 1.677429658042810079e+00
-9.329344765810299034e-01 4.841531206326299408e-01 2.363887969784760124e+00
-1.242314238572659546e+00 -2.273525157741973501e-02 3.423487895574619966e+00
-1.052402961416600169e+00 1.732282773876026027e-02 3.053468231523619902e+00
-9.342494886762200412e-01 -3.271903596902199229e-01 3.188636989004399958e+00
-1.161113098085680084e+00 -6.897521945387974363e-02 3.465076573831030071e+00
-1.199761575807209768e+00 5.896482949281023345e-02 3.240074690633299781e+00
-1.130247944017100048e+00 -2.222648809094196487e-01 3.313211813795789773e+00
-1.101266049927459578e+00 1.579909692340202287e-01 3.051769359894739964e+00
-1.526825481221349756e+00 8.794139491887031923e-02 3.317342876289310016e+00
-1.177868566378999615e+00 1.755751010351602748e-01 2.971726164880120091e+00
-1.090064753832600042e+00 1.296092018292400727e-01 3.039042245476839987e+00
-1.028359494747819847e+00 2.847256771722204149e-01 2.771978685072419957e+00
-9.762894745210799474e-01 3.251017494224401894e-01 2.679506174929110252e+00
-1.002191401299849849e+00 4.148946081539304220e-01 2.500522168235280063e+00
-7.458207144019699530e-01 2.802436036200102176e-01 2.674835104622680149e+00
-8.013262713329598608e-01 3.764543213033604285e-01 2.502744887460550238e+00
-1.693223331461499948e+00 1.624245952035801022e-01 3.247487685700689575e+00
-1.108432135514379580e+00 -2.206914460616198337e-01 3.298900848654810147e+00
-1.227751530650419864e+00 2.444804217420104564e-03 3.259340744305240012e+00
-9.417482628300997138e-01 -4.191151899444999218e-01 3.097928167857079806e+00
-9.858951504362598595e-01 -2.066106805474601238e-01 3.552639605326640027e+00
-9.301934886690796933e-01 -3.739416983630399205e-01 3.116326401845119776e+00
-9.102871983187899030e-01 -2.326281614268099762e-01 3.576227884321249828e+00
-1.149594193916300133e+00 -7.757556457021985707e-02 3.528917775287029990e+00
-9.834726723597000397e-01 2.134622205532201722e-01 2.845442517081460121e+00
-1.484955468234709697e+00 8.246470777439007804e-02 3.180289736274499734e+00
-9.617176675852199264e-01 2.285301238325800899e-01 2.802842071606209906e+00
-8.681310238475299368e-01 9.366935861477032610e-02 3.067426825456140094e+00
-9.864209402983499242e-01 2.672124232037502711e-01 2.755299776280909718e+00
-1.587938814237830121e+00 6.053757380775004471e-02 3.295426707428589896e+00
-1.279560221409510090e+00 -1.619044701209881865e-03 3.451889173699109747e+00
-8.523988032223097644e-01 1.369781942847900780e-01 2.767982470594209765e+00
-8.217435007998601382e-01 1.960668111319405771e-01 2.765227455222669661e+00
-6.403327276602295282e-01 3.125832638850700729e-01 3.994682173109640022e+00
-9.786055577193699673e-01 -3.858839501880698686e-01 3.235255094475329773e+00
-9.693281943344700391e-01 3.337076976275901163e-01 2.668518151149389617e+00
-9.667985892616097754e-01 -4.147123342853498151e-01 3.447392148320229666e+00
-9.627301572444697531e-01 4.547559713879498755e-01 2.296104818374249845e+00
-7.686526087493896764e-01 2.728024507265505161e-01 2.741730663958069858e+00
-8.898615438949095680e-01 2.810068378463101979e-01 2.707775755654060035e+00
-7.230680870162602414e-01 2.955354686261000285e-01 2.663002563267979905e+00
-9.044551711042696507e-01 4.014655475284301112e-01 2.440934881016529889e+00
-7.193928819021502274e-01 3.438418827543101575e-01 2.559247773255069802e+00
-6.908941073492298468e-01 4.904286253411902496e-01 2.264635557996079740e+00
-1.111017089587919893e+00 -6.628861547263964482e-02 3.547579134597529826e+00
-1.174787089123129791e+00 -8.234571747742980286e-02 3.389984643221310101e+00
-1.026812335981529545e+00 -2.534491704631098852e-01 3.506537848127050161e+00
-1.057743986191239882e+00 -3.126726802440398245e-01 3.428281502947629900e+00
-8.982583850901002531e-01 -1.653392249457799057e-01 3.584554118242039955e+00
-1.126949502114720003e+00 -2.333327544429197875e-01 3.335701783748609817e+00
-1.014643209713089744e+00 -4.151826054708298575e-01 3.265835308013730121e+00
-1.202062038733249905e+00 -2.167325755059024139e-02 3.423367947377840004e+00
-9.799151328645401282e-01 2.556243005971001736e-01 3.771711118543219943e+00
-1.092005261136879790e+00 2.293653882970405622e-01 2.850960333375029965e+00
-8.312322044589699477e-01 5.552566666533009787e-02 3.214598490935599795e+00
-1.387382588639459735e+00 8.447067913454604504e-01 3.217605663473859678e+00
-1.339043897077979883e+00 7.878791463306600296e-01 3.242474106085179830e+00
-9.801435399463500620e-01 4.139462360011501030e-01 2.541585957996179701e+00
-1.681141660974919683e+00 1.354006871191197892e-01 3.236396198736649854e+00
-1.044799894322019584e+00 -4.367197575246599683e-01 3.303300603516559963e+00
-7.527951107294896804e-01 4.210857509377301522e-01 2.407385465419519921e+00
-1.124528653275619794e+00 -2.153838484185397473e-01 3.306801253526590045e+00
-1.738315221241139907e+00 1.474878692517000989e-01 3.206867098263039839e+00
-1.162190460455439611e+00 -5.331443974248006867e-02 3.476163741901680204e+00
-1.040551385012409957e+00 -3.714827899671497846e-01 3.347728866454009911e+00
-1.525677546831399889e+00 8.653819339348034489e-02 3.316494716184330116e+00
-1.304590370355720230e+00 3.048678920339997767e-02 3.441255894472679877e+00
-3.072999483425398193e-01 6.549177065442202128e-01 1.969678819723400087e+00
-1.514735728269329895e+00 1.118243473356903550e-01 3.182839515554409804e+00
-1.501376273356549662e+00 8.527396621355021189e-02 3.342725521600919958e+00
-1.527821130220319956e+00 9.834720675908048548e-02 3.328939046144399949e+00
-1.331511290984539686e+00 2.616497753414059879e-02 3.347140442229060042e+00
-1.038248330012329967e+00 1.337195633643299963e-01 3.103618740710669677e+00
-1.083118104062979592e+00 1.710837723555798107e-01 2.954277488935189933e+00
-1.065423314263439503e+00 1.908291912404800339e-01 2.936686675302719873e+00
-6.950614016759402158e-01 -2.271901311055397610e-01 3.732272057867049853e+00
-6.979905656548595072e-01 -2.305290370595400873e-01 3.736177054984390011e+00
-1.064006060916139917e+00 1.834809477963801339e-01 2.922672783682810138e+00
-6.935701828231997101e-01 -2.294349704844398374e-01 3.738907844750050113e+00
-9.953342168883694274e-01 2.274357893336100833e-01 3.760698973130309763e+00
-9.862842434109897471e-01 2.196092208133502144e-01 3.755624507763399844e+00
-1.044507301331800031e+00 2.559953579801601542e-01 2.858497129342029819e+00
-1.278256733646040422e+00 -4.828098164599614606e-03 3.454461618468819939e+00
-6.811850216678700942e-01 -2.297845343860898115e-01 3.724847496222110088e+00
-1.041273792879829907e+00 1.989991546069502792e-01 2.891817300939440116e+00
-9.842099199395197839e-01 2.538582868657601743e-01 3.772237502057690151e+00
-1.044290575622439876e+00 1.679808763549199835e-01 2.924452444495210024e+00
-6.881138058993998552e-01 -1.382246679952798818e-01 3.773482124747289834e+00
-1.105207947035099947e+00 2.403672498180200456e-01 2.862145800418040231e+00
-6.901665591653800558e-01 -1.405858989726598285e-01 3.772220045731690341e+00
-6.777341951287201294e-01 -1.375616231583196569e-01 3.772853242865259915e+00
-1.154809068264889715e+00 -2.402197129522698482e-01 3.315008679435790029e+00
-6.888333314376502425e-01 -1.403426415545898642e-01 3.772320189090530018e+00
-8.538953853310198294e-01 8.496834860266022638e-02 3.200531705576379782e+00
-1.004924549643919862e+00 1.877719774938804154e-01 2.889163643559429673e+00
-9.964223156812994642e-01 1.935976238863001964e-01 2.885834110154489984e+00
-1.028986081593149970e+00 1.730227380859103992e-01 2.896159165437880212e+00
-9.116092588332700419e-01 -2.256893615119299756e-01 3.577086525200909861e+00
-9.100343528045795605e-01 -1.862505821718596355e-01 3.583084263642449585e+00
-8.317339187760202091e-01 -1.622936185884598093e-01 3.582662450282129818e+00
-9.524739603638898711e-01 -3.648496501081498478e-01 3.188133326745890006e+00
-1.085866241833179702e+00 -1.010763748407799145e-01 3.562633893794850071e+00
-1.153631509294079871e+00 -1.426069131207974294e-02 3.381409766796999783e+00
-1.291844478163480359e+00 1.012958478336023482e-02 3.266584029293960079e+00
-1.037416656304920304e+00 -2.626739014759997826e-01 2.955478768871629747e+00
-1.199631284107839813e+00 -2.753906841603970257e-02 3.409486502440369993e+00
-9.843769593664297712e-01 -4.595159056434097167e-01 3.217110655515429851e+00
-1.277360766734130015e+00 5.756314920249971934e-03 3.462153564663819960e+00
-1.041147468420809963e+00 -4.166902170025900132e-01 3.318539851942320151e+00
-1.689348655238900099e+00 1.039915213922602000e-01 3.238793182193620002e+00
-1.078405455529850121e+00 3.423168478391303005e-01 3.753696727576789627e+00
-1.207409031939139732e+00 -3.387305553546005044e-02 3.404439950297939887e+00
-1.008255611257400153e+00 2.779501526865599814e-01 2.765149407100210066e+00
-1.204959343880559919e+00 -4.908131617183975060e-02 3.494132355013559899e+00
-1.499550374800719732e+00 7.221268612684017540e-02 3.335167109461980139e+00
-1.040506126923429475e+00 -2.586153208156900529e-01 3.500148014376200045e+00
-1.003526908658279870e+00 -4.523149656161196130e-01 3.220573019738369958e+00
-1.174358877569199988e+00 -1.481199180618395506e-01 3.436307727706379822e+00
-1.077485489464819812e+00 -2.364697338402999005e-01 3.547583811117140051e+00
-1.209884021817739574e+00 -4.867425297061989120e-02 3.490735893066439832e+00
-1.279522079684689784e+00 1.166494691301012132e-02 3.459420852702309812e+00
-1.056349259090920034e+00 -3.106650557326398054e-01 3.427725373975619938e+00
-8.885963343875598053e-01 4.284106250734003307e-01 2.327581560208059841e+00
-1.304824065692389956e+00 1.822023053483001753e-02 3.435905524725209936e+00
-5.669063353510301884e-01 5.883498498190302683e-01 2.089097857213039866e+00
-1.284265018815299753e+00 8.376236089140176588e-03 3.460918115683449869e+00
-1.058488099752010081e+00 -3.697335693600697359e-01 3.320695444550310071e+00
-9.933948185023602218e-01 -4.136551681383981993e-02 3.434972166599440158e+00
-1.525793134792009509e+00 9.430235668721032027e-02 3.327994589708019646e+00
-8.312842721942497182e-01 5.743810673349014628e-02 3.215903255610049971e+00
-1.032737445576560331e+00 -3.914441629966798342e-01 3.320500523289999784e+00
-1.057188129607919747e+00 -4.653725894093196924e-01 3.287281103976749996e+00
-9.770644759816897729e-01 -1.571842990497898107e-01 3.571064484499459901e+00
-9.233889253771498939e-01 1.662713293478701448e-01 2.951364492272769979e+00
-7.856144917009701967e-01 2.426594861335300557e-01 2.742130883424810150e+00
-1.332762904695859563e+00 -3.500837555798774758e-04 3.310578237225629827e+00
-1.156756483938319979e+00 -7.315886553039963047e-02 3.524714455510610023e+00
-7.143341022176599164e-01 3.339078638797803311e-01 2.557542967538419809e+00
-9.845527477966997676e-01 -1.564494226351398343e-01 3.575524981412249836e+00
-1.007542977143729646e+00 -2.462404304131500243e-01 3.505691189185889733e+00
-3.036748104578099738e-01 6.245739577554902944e-01 1.782174715541730015e+00
-1.222687704284179722e+00 -2.143531190057967883e-02 3.419715557549639851e+00
-3.927808703954898117e-01 6.165511564218901785e-01 1.895720884607070111e+00
-1.506169824564679294e+00 8.790282860120002262e-02 3.216501048439050159e+00
-1.045183358299490051e+00 -3.703250751624697079e-01 3.353016829547220023e+00
-1.160758546352749887e+00 -5.131399979112960530e-02 3.476719172898170118e+00
-1.229158543798149816e+00 -1.783208593330032343e-03 3.380545963522790132e+00
-1.263507776815240069e+00 -4.796009804939971310e-02 3.304639223198389875e+00
-7.141875911567396873e-01 -2.429467093358999019e-01 3.094601968780939849e+00
-9.576390741848295196e-01 -2.079948693352899891e-01 3.567742198351299798e+00
-1.026079145473429710e+00 -2.740973531808497121e-01 2.948708318970949982e+00
-1.054867405103560030e+00 2.259026033880018325e-02 3.061425343007529776e+00
-1.126607819287180012e+00 1.333654825759000850e-01 3.019857557651799862e+00
-9.203166187004800936e-01 -3.436755402079993971e-02 3.664381152019060117e+00
-1.056141405368659969e+00 -9.814190115077980892e-02 3.541386218338240077e+00
-1.076126984895869887e+00 -9.791162781312978680e-02 3.545890514469559829e+00
-1.253156113019019857e+00 -2.791248733833961992e-02 3.378499737879239628e+00
-1.133589546140340021e+00 -1.086448253209959525e-02 3.380562131812309801e+00
-1.007074727282689652e+00 -2.081447187737899274e-01 3.553301921411470055e+00
-1.083633256087359831e+00 -1.006042559810398362e-01 3.557298192664299918e+00
-9.921977512928099596e-01 -1.094223594670700184e-01 3.596420576890820175e+00
-1.161368127639069714e+00 -6.731610766332996043e-02 3.513626207033029747e+00
-8.971951059515597127e-01 -2.851384337106799283e-01 3.144014047234439779e+00
-1.123402003256939841e+00 -2.338826689742601328e-01 3.334683908170680056e+00
-1.330208157981739747e+00 3.590421538058019557e-02 3.327722163094819940e+00
-9.801921358936500628e-01 -2.991911632251098574e-01 3.504694549343069898e+00
-1.193971163648249734e+00 1.790845115135302201e-01 2.976037456284019722e+00
-1.035102082252549627e+00 -2.249580978522096597e-01 3.301039224145149831e+00
-1.256999800575039350e+00 -3.828932682935959342e-02 3.340336082586969901e+00
-1.114233492600759989e+00 1.832753679299203853e-01 2.970672779017249798e+00
-1.155882575651099975e+00 1.828057867961803140e-01 2.953609185471879783e+00
-9.875273455615298790e-01 2.163587980389700682e-01 3.755237700654209920e+00
-1.240957420827889957e+00 -7.679060522709502123e-03 3.265557015618989922e+00
-1.194101262343039815e+00 -5.573272062707990138e-02 3.387707224666919981e+00
-1.084738436599059996e+00 -1.809362208147000661e-01 3.328343719021130021e+00
-9.132065225417098642e-01 -1.518370563908999493e-02 3.683181829829500042e+00
-1.199147251122359537e+00 -3.359874981711974407e-02 3.411155088803159874e+00
-1.118943591253330316e+00 1.611741748976902588e-01 2.987980117878890063e+00
-1.082642819884279684e+00 2.615503631711202370e-01 2.822722122830239933e+00
-1.483371010125809741e+00 8.160040177329008770e-02 3.215653042652229843e+00
-7.020080925289400309e-01 -8.982203160166002398e-02 3.786598868580050237e+00
-1.498233617520890126e+00 8.924136817113037523e-02 3.340021603789200100e+00
-1.051538288850689673e+00 -5.111120455175499622e-01 3.366110447750850110e+00
-9.331593502294095455e-01 -3.449134509795899195e-01 3.133501640077609895e+00
-1.302200391321970185e+00 2.949006965741007846e-02 3.444871841434030024e+00
-6.370628386288996747e-01 3.180237676963799665e-01 2.562242404437450105e+00
-2.841312798052302302e-01 3.072749976561102159e-01 4.180450417033430455e+00
-6.572157245102199230e-01 5.946233746474200998e-01 2.080592388036599960e+00
-1.006880906887140048e+00 -4.746392102147397596e-01 3.417666984013699949e+00
-5.712865498894796890e-01 6.815824115506801117e-01 1.929981959296199978e+00
-2.595251236989100097e-01 5.589411958942300807e-01 1.978081018178770023e+00
-4.856099211607400878e-01 6.602415821161404796e-01 1.927255126740139879e+00
-3.906924353373002479e-01 6.176044563073403992e-01 2.043081078815180085e+00
-4.170486616517596890e-01 8.024711715725201255e-01 1.708615089247460084e+00
-4.681768560733601259e-01 7.790159018618403319e-01 1.683967908596079921e+00
-4.786357828812095594e-01 3.432598771290102935e-01 2.335153131447300190e+00
-2.326698007600096485e-01 8.384401409663702065e-01 1.636317883610879820e+00
-2.239956557981297447e-01 9.107019462672900634e-01 1.571838015039949799e+00
-1.990772811576599910e-01 8.582006108689801405e-01 1.601572211186109929e+00
-3.614622270904799262e-01 -2.839205911179998321e-01 3.574926149176619994e+00
-6.110716537756102351e-01 4.352002000110501978e-01 4.049818425839069924e+00
-3.268072513773796484e-01 -2.244685615292998371e-01 3.638563371863789975e+00
-9.350611509372799279e-01 4.378057553512404443e-01 2.479682554643579895e+00
-1.025335439063219889e+00 3.939657431771403928e-01 2.508537726204109752e+00
-8.101916012047893911e-01 3.847924034469101251e-01 2.518817591918120158e+00
-8.172271382523395022e-01 3.814080868424201132e-01 2.572878602375709978e+00
-8.150803550901997152e-01 4.276638529025602597e-01 2.420864235089100092e+00
-7.621354155229902450e-01 4.059684529173501755e-01 2.412638999705190024e+00
-7.779080315234996323e-01 3.885877839057001459e-01 2.400702744146419931e+00
-1.165190275196239744e+00 -9.129319030279914315e-03 3.442833572453780189e+00
-3.057727649576997830e-01 3.043395607685801529e-01 4.168654174132409906e+00
-8.866404403787500055e-01 2.020620434025102163e-01 2.588118933113059850e+00
-4.863681439025697717e-01 4.137516919766099921e-01 2.380158813963680231e+00
-3.048840301030899536e-01 5.476586873275701706e-01 2.254811034625959998e+00
-4.114755587356497823e-01 5.414281332702901572e-01 2.202717489963109898e+00
-1.224899871857260125e+00 -3.101220429541995394e-02 3.305118532262979691e+00
-1.160911794709099665e+00 -8.197810842541985998e-02 3.370129964266909806e+00
-9.860350351389099988e-01 2.498827407325503458e-01 3.771191169181820069e+00
-1.098533486704279971e+00 2.376508446684399978e-01 2.868123340905779806e+00
-1.702434482586519637e+00 1.344085368307197381e-01 3.230728263842830295e+00
-8.060301539579002306e-01 1.395027987722019525e-02 2.982889115164200078e+00
-9.952083610807200831e-01 1.421155995064802280e-01 2.988784507083219744e+00
-1.258864656331210474e+00 1.917454194230103770e-01 2.999406888982919739e+00
-9.189723448698499109e-01 -3.337236745030991436e-02 3.664474917984470004e+00
-1.136736308873279588e+00 1.122570764785202346e-01 3.039694240999919916e+00
-1.177093604681459516e+00 -1.549230356758195537e-01 3.363760378818329677e+00
-1.138693794300509987e+00 1.409463242283899298e-01 2.996285861366160042e+00
-6.962075875744300202e-01 -1.821570598482498138e-01 3.746041776002030144e+00
-1.086915155565500113e+00 1.577408494748200329e-01 3.045265605991809732e+00
-6.976202445952897069e-01 -1.825289314110698502e-01 3.745732511151969923e+00
-7.023038413625497522e-01 -1.802348977683299047e-01 3.743713287162039993e+00
-6.710587493403201709e-01 -1.566815904613598764e-01 3.748436717666909779e+00
-1.147268079872559854e+00 1.900373355320001956e-01 2.928012856596609925e+00
-9.235226907614098035e-01 -2.907261791945898732e-01 3.176951329993469741e+00
-9.277380125941199207e-01 -3.696487209755596748e-01 3.119237425782159789e+00
-9.379823166787197852e-01 -3.628635677524799652e-01 3.189202324127859978e+00
-1.156701368814860187e+00 -1.524666199380597664e-01 3.403906058756749786e+00
-1.004049146408619864e+00 -4.774051571771000813e-01 3.413911397070179987e+00
-9.872179662979798653e-01 -3.422741498192998222e-01 3.260565487640459725e+00
-1.200548898524280039e+00 -3.818138538287962902e-02 3.413933869752729944e+00
-9.139819936199298223e-01 -2.635924711578985224e-02 3.665548604067689897e+00
-1.027243091116040175e+00 -4.970918040983997033e-01 3.207618321353439939e+00
-1.085526493647019697e+00 3.390618400130602783e-01 3.750581028235060010e+00
-9.862916940672101784e-01 2.278246660462504014e-01 3.751813621042479951e+00
-1.231150074515819481e+00 -3.121457861645970944e-02 3.363818593485889963e+00
-1.028175991226069952e+00 -4.571245186724099963e-01 3.427470229364390164e+00
-1.022313298260699943e+00 -2.555241153832596979e-01 3.509592081733569735e+00
-1.034414606493659905e+00 -4.351213720150597375e-01 3.299241346711699663e+00
-9.589952854378498426e-01 -4.234181022410297146e-01 3.198211152557649761e+00
-9.022632386263900184e-01 1.667873873755101322e-01 2.940461840160660145e+00
-1.075864704754529777e+00 -5.308079541168697624e-01 3.322261820223630036e+00
-1.260403700803799820e+00 -3.471935635727962932e-02 3.349262693396169777e+00
-6.636060778869798948e-01 4.014244272269800184e-01 4.031216149134439597e+00
-1.502947609017269981e+00 9.000737413975046231e-02 3.156774961375219846e+00
-1.078681926585049800e+00 -5.313589205860698161e-01 3.321793893098389905e+00
-9.959688542099696118e-01 -1.926421465557097701e-01 3.558573327241759898e+00
-1.597835806157029692e+00 2.367905109286700949e-01 2.975333204525750119e+00
-1.135834744129009755e+00 -2.353353952345098588e-01 3.335924485662860040e+00
-1.076531697655989772e+00 -5.314032493215299358e-01 3.321947998165059701e+00
-1.100782831596169631e+00 -2.172911962029500099e-01 3.297936769589119965e+00
-1.090166298403769884e+00 -2.163171220232298353e-01 3.295094204799519755e+00
-1.127906208272909661e+00 -2.089524378324900677e-01 3.326253888145499715e+00
-4.353701034136399084e-01 5.602243917397198292e-01 2.093418260042799961e+00
-1.038053147946890187e+00 -2.082415651232298881e-01 3.307734658137190031e+00
-1.173699521467879814e+00 -2.272371513596798120e-01 3.326083887597989897e+00
-1.138037316510299712e+00 -6.777865419890005683e-02 3.529293995413610219e+00
-7.777370855440968178e-02 9.047246638552099984e-01 1.341625237137440196e+00
-4.504370377585020790e-02 9.246079734971701658e-01 1.314657222590760233e+00
-2.688591882229800500e-01 5.089257231680599514e-01 2.256410767845969723e+00
-4.504403138222097258e-01 7.768154536447704483e-01 1.737077007949750174e+00
-4.090730449165798088e-01 7.921138681409802818e-01 1.686965814314089984e+00
-1.057717114793850000e+00 8.502604792730128480e-03 3.089443249448609929e+00
-7.025176169353402056e-01 -2.376135029700596757e-01 3.731190578379119938e+00
-1.096593170726359867e+00 1.553015761354401558e-01 3.050649026916149698e+00
-1.495383872623159638e+00 8.950606142216033234e-02 3.171864705195030165e+00
-1.105651921037079655e+00 2.367501813322401283e-01 2.857437897528699811e+00
-1.518145460350700082e+00 1.102328365473399518e-01 3.203690244891389760e+00
-8.996357476326097835e-01 -3.286711626846297030e-01 3.120036170715379864e+00
-7.948746613516097792e-01 1.400635344761305134e-01 3.043726546721599924e+00
-8.134583164013797774e-01 -1.498176889367799358e-01 3.684836229858960088e+00
-9.621413672881999890e-01 2.477860713341204502e-01 2.793242517030670058e+00
-9.899877922020301479e-01 1.912788387242698729e-01 2.880684276704169822e+00
-3.961486898174799709e-01 -2.367218965083199844e-01 3.543141579704229827e+00
-3.955991967426999434e-01 -2.336910893468997497e-01 3.545639430884239829e+00
-3.842374711950300448e-01 -2.251795864928898272e-01 3.570949801224399867e+00
-9.859678885553699867e-01 3.140712751967300598e-01 2.681162509850669728e+00
-4.553956162279797493e-01 -2.542098380788198053e-01 3.549659212532379815e+00
-7.929154037456702664e-01 2.451033763451015979e-02 2.976909131847119916e+00
-2.638628566065601699e-01 -2.580460209214798795e-01 3.567518597774590017e+00
-1.484543553070109878e+00 1.145116775277901233e-01 3.146035568824469664e+00
-8.729655212278999432e-01 2.964670316336603939e-01 2.696243792781249926e+00
-7.993631279463901951e-01 2.432776399137102086e-01 2.758026088110999918e+00
-7.978891328376997993e-01 2.223357834083401485e-01 2.755963604575620174e+00
-7.984290822522204234e-01 2.174894665741005095e-01 2.750056999458309726e+00
-7.395478030227600197e-01 2.820424462944004507e-01 2.668631633916620061e+00
-8.163930854729797293e-01 2.106609653310598240e-01 2.825576815353290083e+00
-9.045255027944498760e-01 3.953935563498900407e-01 2.444977279375769808e+00
-7.745196088394499245e-01 4.191342229170100797e-01 2.384830785916790319e+00
-8.113776317580796427e-01 3.836343529506403005e-01 2.526289539743959978e+00
-7.230145874229296776e-01 3.432766556488500154e-01 2.566945752770849687e+00
-3.183514669847096190e-01 3.017785799429100191e-01 4.234820833726799627e+00
-3.118438805689598414e-01 2.760410907025603322e-01 4.220716058899229850e+00
-3.248069327109297522e-01 2.683187567314500033e-01 4.211530715318540175e+00
-4.130516140951498993e-01 2.229340780186301885e-01 4.152157454625320376e+00
-1.880866115814499029e-01 3.538814883901302277e-01 4.228885797806899660e+00
-5.361144668525599233e-01 2.812414708788801843e-01 2.289970767897520076e+00
-4.885752639396099273e-01 4.212527825706100515e-01 2.371212483562569862e+00
-6.075719210665100345e-01 6.965745927089901368e-01 1.958197115223059948e+00
-1.302705953719619947e+00 -7.603640714659798405e-03 3.311021581500050104e+00
-6.776296988721901560e-01 6.075567728165502945e-01 2.066754400434770211e+00
-7.019736080578897752e-01 6.000281428903702086e-01 2.063546014924579897e+00
-6.522449730708299587e-01 5.946151489906303933e-01 2.022305222807800007e+00
-4.538378364722499558e-01 6.901202507930899177e-01 1.891075849738059977e+00
-5.739387753084204125e-01 6.478878009955002515e-01 1.931971950117299830e+00
-4.626665924394599561e-01 6.815499225657000171e-01 1.901306010455619866e+00
-1.217160190068359737e+00 -1.815236148854799669e-01 3.363602282465779858e+00
-4.599519192614296426e-01 7.467337696302707162e-01 1.783116893534129943e+00
-3.539329121694898550e-01 7.659914463263703954e-01 1.772961764464789924e+00
-9.270469885760996842e-01 -9.081441275842006000e-02 3.607554471465959978e+00
-4.465723149478499909e-01 3.619299959474904238e-01 2.310340532796069990e+00
-3.557481848013097636e-01 7.006150460042304129e-01 1.812870245018580073e+00
-9.216116877640698757e-01 -3.601830975273001556e-02 3.664141475534409942e+00
-8.164832103489796378e-01 1.248974239979803169e-01 3.049336077358180130e+00
-7.373023482135596662e-01 3.906581215080000558e-01 2.473154982945380276e+00
-5.274059324790500991e-01 3.524288766423300245e-01 2.308608422790229930e+00
-7.031863049025999235e-01 -7.590630777475970703e-02 3.797626560604860035e+00
-7.210200914257198779e-01 -2.203497684655195687e-01 3.725523054876359819e+00
-9.089853780824299623e-01 3.833053781008699534e-01 2.455868755887419930e+00
-1.210713296288249419e+00 -2.781509952359018101e-02 3.431194936131579887e+00
-3.136547206605702076e-01 6.527043850922502610e-01 1.967860330829360072e+00
-8.289182172247395730e-01 4.413378363609001820e-01 2.398398079740459821e+00
-7.990165473057497803e-01 2.858473798778702335e-01 2.612130008054919905e+00
-3.296794773964999425e-01 6.410041388541802831e-01 1.973746367812360125e+00
-3.106345384434001655e-01 6.229352647713199964e-01 1.785662817819369863e+00
-2.959528246862299650e-01 6.712434568781902033e-01 1.816740649875419944e+00
-3.782583290197798487e-01 4.217344070167798886e-01 2.256543749578789892e+00
-1.277758663820800278e+00 -1.739964036159502569e-03 3.451848308305720092e+00
-8.098850302270299562e-01 5.197437752923028675e-02 3.011705879587800005e+00
-1.521290347388849495e+00 9.981962414321010613e-02 3.172382054254770267e+00
-9.722565868393997501e-01 2.214866732131199889e-01 2.840257932906359972e+00
-8.270243099973300094e-01 3.899862559165012676e-02 3.014957682445840170e+00
-7.867645368720002086e-01 5.982425554144032986e-02 2.999008125977989714e+00
-1.009202593212289889e+00 2.338008822505301953e-01 2.813389336879850156e+00
-8.094916245023895396e-01 8.659403472090998477e-02 3.031056163265450021e+00
-8.068204123088003055e-01 9.318890193236017971e-02 3.032776256353689970e+00
-9.300754429013797786e-01 2.160042323601800707e-01 2.947859546232519889e+00
-4.715029538785697749e-01 -2.567107233755898665e-01 3.766404875734489899e+00
-8.118001578424898224e-01 9.170307345800998711e-02 3.041421590323059920e+00
-8.254118523348001890e-01 8.016594645288033227e-02 3.044045547789759887e+00
-8.129317062078398326e-01 1.349260529168003764e-01 3.070941800844150027e+00
-1.241141234893479828e+00 -2.301411687319898647e-03 3.393288934408519530e+00
-9.565457962547296855e-01 2.552190272218501921e-01 2.786745543004439885e+00
-8.206800502149700360e-01 -7.753920424909521714e-03 2.689198924537259838e+00
-1.031340013650819953e+00 4.546521342977800639e-01 2.555444975238970073e+00
-5.146945901063200157e-01 -2.220663801144799887e-01 3.701601089461850069e+00
-5.105849708529499598e-01 -2.206966630050897216e-01 3.702366560784379867e+00
-5.049696005013799560e-01 -2.218863897786997885e-01 3.701812316457460117e+00
-8.823002861700801613e-01 9.248014590076025776e-02 3.066789846496929872e+00
-9.094534630750101822e-01 1.950416066200102438e-01 2.928145337386749869e+00
-9.084765201802900147e-01 1.880156910820101057e-01 2.937749911578499962e+00
-9.270276649577098294e-01 2.556225588343901123e-01 2.776243911713260015e+00
-4.810245052259498610e-01 -2.169272889635298629e-01 3.688429190839199734e+00
-1.253458262310219729e+00 -8.442893743499935155e-03 3.397070948287869818e+00
-9.399999836185000124e-01 2.866235350877002208e-01 2.721963834322520093e+00
-9.399197318158802883e-01 2.664550120221202967e-01 2.747132676619459701e+00
-4.693570081848197351e-01 -2.087841380432997607e-01 3.676730041561719897e+00
-1.006502469353420137e+00 1.885133428822201029e-01 2.887617587918140050e+00
-9.057198169033700008e-01 2.613110959823701229e-01 2.742739402509870139e+00
-9.220673941388495276e-01 2.514672695114101852e-01 2.749035422628700154e+00
-8.132454756009994679e-01 1.767055479131200979e-01 2.746134280546919992e+00
-6.615651199050496256e-01 2.168441374750100792e-01 3.945618802148599613e+00
-7.659006573492097569e-01 3.201051898562503606e-01 2.782721408828709997e+00
-2.780703639365598168e-01 -2.585929560134399008e-01 3.640728144598369909e+00
-3.150513465050399642e-01 -2.709461920065998619e-01 3.637319642248599827e+00
-1.239945870972259945e+00 -3.745942927333989481e-02 3.370414521866900159e+00
-3.427044740779996435e-01 -2.273037147764400689e-01 3.641705534882730078e+00
-9.001148121503901312e-01 1.698698542015100177e-01 2.880803092507500107e+00
-3.309087769444600813e-01 -1.941377705489397698e-01 3.635147493122609763e+00
-3.369577020051599536e-01 -1.987537510785999384e-01 3.637412284825969788e+00
-3.230766568607996714e-01 -2.834794524729198351e-01 3.614426633397939792e+00
-3.916794635592697471e-01 -3.034634637630500009e-01 3.595241771643920003e+00
-3.435292737078701197e-01 -2.927177122503696882e-01 3.596613758227019897e+00
-8.206769415657795275e-01 3.993610227888202413e-01 2.579164401518659666e+00
-3.784675872157101661e-01 -2.956274501994899939e-01 3.578236780174050224e+00
-9.544335400449697193e-01 3.849877897759301781e-01 2.506014795855219912e+00
-6.510689802547402483e-01 4.919168621862202162e-01 2.558579681741379730e+00
-3.332395590565699894e-01 -2.587586193025099845e-01 3.567595715377990029e+00
-3.797462390067598559e-01 -2.788931785550399223e-01 3.560219377758949921e+00
-1.254709213235859933e+00 -2.929183385049971555e-02 3.345313999586129849e+00
-9.100813799556497496e-01 -3.554603897669498247e-01 3.112341928481989761e+00
-9.042324613025101154e-01 -3.271973059568498154e-01 3.121288948637400029e+00
-9.063559863425096896e-01 -3.295250692468898457e-01 3.122728244287519939e+00
-5.531055043059101006e-01 6.045866369686303532e-01 2.064888842954140102e+00
-3.515983654528300750e-01 6.248083732508702415e-01 2.002952107881710297e+00
-1.456506713111519913e+00 7.971477147872008118e-02 3.204409763218110108e+00
-1.178246196769510368e+00 -4.613515748889795987e-03 3.312497658864899996e+00
-1.279087450138139515e+00 -1.540747611190007582e-02 3.298915521336559742e+00
-1.277111813069349955e+00 3.860088527900540356e-04 3.455817430265279988e+00
-1.258741320129989960e+00 -4.028573593930051544e-03 3.300046583949979961e+00
-1.750266395551290044e+00 1.263342290762101694e-01 3.201407373352709751e+00
-9.055722664480601036e-01 -2.252148107798996879e-01 3.577416147802149560e+00
-1.122265574057270010e+00 2.024980791981902950e-01 2.914774060753219764e+00
-2.180439046912299172e-01 5.865594356010699340e-01 1.965138284066330066e+00
-9.330356040061695833e-01 2.351045580970900772e-01 2.815718406598159973e+00
-9.325832596969398924e-01 -2.609563695876198075e-01 3.553575524807450314e+00
-1.221835925267999778e+00 -2.483200106483973713e-02 3.305253520043959892e+00
-9.222815160980697424e-01 -2.981161903077698128e-01 3.534182081960779875e+00
-2.154675817611801936e-01 5.448191848140604421e-01 2.204133027607630080e+00
-1.982167885502097437e-01 5.987679536972503325e-01 1.967194729234670092e+00
-1.273232369553789711e+00 -2.779830511299152818e-04 3.266345014026000193e+00
-1.062808437696790120e+00 -3.512239733258496477e-01 3.431612242896299847e+00
-9.687842831324295911e-01 3.872487681711900276e-01 3.845866966278909782e+00
-1.229726569706510064e+00 -1.947568657760956334e-02 3.290056910345689811e+00
-1.127833536159010164e+00 1.648856374991300999e-01 2.995788141331769960e+00
-9.146877831534399039e-01 -2.964365306664398236e-01 3.161873151570230078e+00
-9.320936977160803050e-01 -1.589626359265996491e-01 3.593480497146820163e+00
