1.492574848869419935e+00 3.965293185854199542e-01 2.096680867624789446e+00
1.186528456963539924e+00 1.626022672943401304e-01 2.284614690295559747e+00
1.216995582689599953e+00 5.147736363152022321e-02 2.535710168036859447e+00
9.569102868480998669e-01 3.198225430372199085e-01 2.257599287599589388e+00
1.223916689188199847e+00 -1.993465220598003018e-01 2.395241087732099761e+00
1.346658840473419882e+00 3.376792508196597709e-01 2.196416593138999396e+00
9.243030348603800128e-01 3.786414915414200166e-01 2.114833831971449474e+00
8.134771521762997892e-01 1.275587929934007825e-02 2.026602632219529632e+00
9.837901737693401927e-01 4.898433781707804968e-01 1.991753103152959614e+00
9.857075619427200230e-01 4.879645650141601898e-01 1.990878712762059521e+00
1.037065155389840010e+00 2.539276507550396467e-01 2.364195689930119304e+00
8.575355927267800382e-01 2.842359217094201362e-01 2.132301696661349943e+00
4.776031406237600807e-01 3.287825474391201652e-01 2.033174124097099522e+00
5.179258799487000964e-01 2.764119423066198067e-01 2.026369152488699310e+00
1.502665229474459796e+00 3.975702919267800617e-01 2.095145384692159496e+00
1.406546358270499786e+00 1.110061683120580067e+00 2.197956546636749664e+00
1.376896726876259747e+00 1.166780073578599364e-01 2.501871972054759752e+00
9.193660353713599687e-01 3.814194143894398259e-01 2.118501408363539618e+00
5.506118941325599536e-01 3.880705892104798771e-01 2.228641205181229878e+00
1.422440153320859935e+00 1.046618977471179601e+00 2.233271990198859580e+00
1.193500291594040252e+00 1.660727524417202616e-01 2.286117049084489317e+00
1.505821600410039984e+00 2.433794355811604859e-01 2.316368574685419457e+00
1.203916883233600021e+00 1.683808097372798684e-01 2.281847604107429373e+00
1.504157236866680014e+00 2.438418210997999047e-01 2.317149517258319857e+00
1.291902506490439917e+00 6.573737090199602839e-01 1.462069569988919238e+00
1.435357982758060036e+00 7.232784269028598167e-01 1.598076642181979423e+00
1.241603427729299991e+00 5.794985677544994829e-01 1.300375881054339988e+00
1.354292417338819998e+00 7.019885474529798941e-01 1.588197941747439224e+00
1.467435892343300186e+00 7.210450859540999957e-01 1.775627902773599498e+00
1.408322312304240098e+00 7.486807304295202137e-01 1.492567698124659614e+00
1.406707834396299983e+00 7.263228980510998412e-01 1.627239221390439639e+00
1.450160160209900129e+00 7.543207044250999083e-01 1.666000420063829424e+00
1.439932659673420101e+00 7.338954287070200699e-01 1.733404798897379528e+00
1.425991160910099698e+00 7.190035283691398327e-01 1.560365015848419912e+00
1.362513592607680124e+00 7.004404638263999061e-01 1.581965160727329511e+00
1.458662971992519930e+00 7.499496738584401356e-01 1.584522874903229628e+00
1.202933327166719968e+00 6.690400963110394450e-01 1.314340945384909531e+00
1.475891040766160067e+00 7.600957959293599409e-01 1.793054860333139544e+00
9.791109016335401982e-01 5.168849264360200202e-01 1.364626809488959758e+00
1.235433016830820074e+00 5.407403667876993225e-01 1.503707932898689759e+00
1.410378063676680060e+00 7.133700689677198170e-01 1.709381249461199292e+00
1.052504761815240109e+00 1.317990031053399846e+00 1.894066846894389755e+00
1.047897237698620199e+00 1.346998167222380083e+00 1.838234270324539565e+00
1.445801340769580001e+00 5.996050861969401957e-01 1.819673940187829242e+00
1.479205338930760227e+00 7.515284780115596419e-01 1.786750015620079513e+00
1.402512142454140243e+00 7.657409898583003027e-01 1.475820003546159498e+00
1.408720792274100075e+00 7.678134985536999579e-01 1.567039701216159209e+00
1.068717262887739938e+00 6.546796023515000229e-01 1.340980446588999619e+00
1.365203098579859775e+00 7.028481793968994751e-01 1.585124491349919396e+00
1.049832988816380208e+00 1.325177948752380264e+00 1.903425226745019572e+00
1.029543093995220149e+00 1.307368561940819962e+00 1.839083953671939664e+00
1.243657594631000229e+00 5.743188828627596720e-01 1.278857130760109762e+00
1.456385729168660159e+00 7.498272920509796435e-01 1.583657922352909697e+00
1.106176897784379998e+00 5.132098362325399066e-01 1.290537853906329246e+00
9.399626202140198838e-01 2.606704077967401112e-01 2.306590600449469619e+00
1.482755043697639996e+00 6.733690849092401898e-01 1.815247959875799566e+00
9.377423426587401245e-01 2.761936386901799878e-01 2.296949034853709382e+00
9.042973146978998678e-01 2.755358262207803222e-01 2.343900695962909619e+00
1.251251966698780027e+00 1.007831004889180093e+00 1.697423488714528972e+00
1.218014149059220008e+00 6.583402664177002706e-01 1.803324320790729463e+00
1.165703254254440102e+00 3.782578255253197241e-01 2.136693941020899601e+00
1.400650859093180101e+00 7.660977066735794594e-01 1.477744902970819396e+00
1.480495950056040178e+00 6.590742674816394420e-01 1.804940530830519307e+00
1.241178372042360145e+00 5.795363850294803498e-01 1.300849247643669493e+00
1.418864408109219877e+00 7.227880585929802315e-01 1.624622424524259756e+00
1.274623479948200133e+00 9.549614971085191861e-01 1.628629051008599671e+00
1.205541651036219797e+00 9.572559491899799156e-01 1.621648624424629315e+00
1.464245239885260119e+00 7.673570590665397262e-01 1.582470052703719432e+00
1.021090963123219897e+00 1.315198362888579720e+00 1.850251145593819757e+00
1.253884001119339953e+00 5.349828078300600254e-01 1.485272829242429538e+00
9.944328585696000644e-01 4.866766553455197375e-01 1.989150530392559624e+00
5.269858870347998714e-01 2.698159975869600657e-01 2.026647001085979838e+00
1.423200403621059706e+00 8.101097317306598100e-01 1.556154823629259276e+00
1.260373749848839875e+00 5.917225305961197890e-01 1.565322716467079545e+00
1.364210491854599638e+00 9.760398757780395229e-01 1.671006452202649761e+00
1.479239083850659942e+00 7.251619645604998610e-01 1.892697799724349483e+00
1.417070909308739912e+00 8.926152817278598661e-01 1.780014180870969298e+00
1.268873614358940083e+00 1.020734828836380004e+00 1.646084445803829066e+00
1.224638835332100051e+00 6.010131696269800372e-01 1.612865534215209173e+00
1.413456104836139815e+00 7.152404130346998734e-01 1.709235561504309331e+00
1.454993670441520059e+00 6.032138088719998237e-01 1.811733288087789440e+00
1.425187458085880099e+00 7.762597407820397422e-01 1.828709699673989331e+00
1.407331247119160134e+00 7.104359798021198102e-01 1.711202968785359602e+00
1.255034090964640026e+00 1.035916293419359757e+00 1.667710171776019212e+00
1.320647397451560012e+00 1.954251288017201382e-01 2.380086712083689715e+00
4.657685012234801247e-01 3.416123384208402669e-01 2.034116473504089750e+00
1.437128394468319970e+00 1.035658675210719526e+00 2.197238816950259466e+00
1.244799133616459885e+00 6.009011481771802110e-01 1.506177858904429456e+00
1.294426441833899988e+00 6.017824224349404005e-01 1.339505728881269953e+00
1.445691087337659830e+00 7.346136356282193525e-01 1.586992678956869351e+00
7.845730943438398164e-01 3.211682019868797866e-01 2.285665957460379705e+00
5.329031260372599776e-01 3.200162090768596812e-01 1.936582487648129458e+00
5.806197360216801551e-01 3.677581607673601205e-01 2.216521522276189593e+00
1.471840214593479912e+00 3.597191035187599084e-01 2.105642153508399783e+00
1.635088787399840093e+00 8.565126018201598690e-01 2.407355108148169442e+00
1.649429084114000021e+00 8.606498292738398170e-01 2.410923584874869352e+00
1.237450664460139960e+00 6.022297934685401088e-01 1.620875583647699791e+00
1.634592185274019949e+00 8.577034560278598008e-01 2.405611122686409864e+00
1.642221383190660022e+00 8.428705334765003165e-01 2.357337122699089793e+00
1.633895199218859728e+00 8.138517530402995526e-01 2.483380731923699791e+00
1.236865393669620117e+00 -2.474926989290202606e-01 2.386430108586369503e+00
1.242466974930179768e+00 -2.386611308234205531e-01 2.369503321984599786e+00
1.343980492387160108e+00 1.958113191785999518e-01 2.399268883452569501e+00
1.223799636436160077e+00 -1.958017255381598876e-01 2.394279934714759417e+00
8.138692620710199499e-01 1.247634786845996935e-02 2.028103369935349232e+00
8.222834256570799027e-01 1.504021857579962429e-02 2.025313617036829772e+00
8.703817924721999333e-01 3.267669348300028531e-02 1.962430526504239658e+00
1.069564625125540180e+00 2.938783103206596969e-01 2.331246344414989569e+00
1.205985670708860091e+00 5.167589402989980485e-02 2.544372088763989570e+00
9.788919089450800470e-01 4.426297549045994373e-01 2.039598393713149438e+00
1.626484634983180078e+00 8.251750772751798024e-01 2.534798269217309663e+00
8.019502402906799610e-01 1.332868276460039692e+00 1.971329953296059756e+00
6.277684814746000708e-01 -1.144995046785999282e-01 2.104166328543899400e+00
8.383005169594002215e-01 1.314807321850440136e+00 1.884010261575339129e+00
6.286560116235397899e-01 -2.464395511006012285e-02 2.148999894772609665e+00
6.686090153044799145e-01 4.171447582112008945e-02 2.143821045586819629e+00
4.179463489005802446e-01 4.353916332554019775e-02 2.064580266500589456e+00
1.178441602833180113e+00 2.984274590479003564e-01 2.172523615693929600e+00
9.238400742773200669e-01 3.801662915284396149e-01 2.117026677685439395e+00
1.461677085168159973e+00 6.027659342867197623e-01 1.803334445939479558e+00
1.396458202000739890e+00 8.288123476396203060e-01 1.584764914577219574e+00
7.379993984990201872e-01 1.383513084778940083e+00 1.981594319375309610e+00
5.658862427870597900e-01 3.596781951018597212e-01 2.262522541273679799e+00
8.048518024141999572e-01 1.292072593768919475e+00 1.955100506585479625e+00
1.439282849870220149e+00 7.080617367338999379e-01 1.506438719586219666e+00
1.297142838396939890e+00 8.997454059583001040e-01 1.526517937185129625e+00
-2.617202400707359988e+00 1.137633224876239968e+00 2.188269706893939848e+00
-4.579489833872999682e+00 9.071745421844399360e-01 3.344732441023499536e+00
-5.002279270391600363e+00 1.238970857137600134e-01 4.653956838077409230e+00
-5.264616469700139412e+00 -2.854384046597397973e-01 5.375946552666719391e+00
1.480199266287499871e+00 6.659905072992597930e-01 1.815569032093939938e+00
1.282977054727979960e+00 5.958695892188599075e-01 1.878209495389879358e+00
-5.023304779801159192e+00 2.192415814427599585e-01 4.586334282747209556e+00
-5.558046818242838860e+00 -6.019933164280288906e-03 4.757146902524069354e+00
-4.903729960529298992e+00 1.329023446065398240e-01 4.599315887389979984e+00
8.604141316991398281e-01 2.777584859701800468e-01 2.139966525847129653e+00
-7.933467987256999088e-01 1.173905321759339593e+00 1.755574822267789603e+00
-3.179772441697660046e+00 7.243682473079400275e-01 2.036585427913069513e+00
-3.244368622904039601e+00 7.318437050946799971e-01 2.051055571246329645e+00
1.237574605951000217e+00 5.753669366158002951e-01 1.297631499303489200e+00
-5.177433026942598993e+00 -2.948098864323602797e-01 5.364146064739459874e+00
-4.975668781385699901e+00 7.250684394725981363e-02 4.832470900265509073e+00
-1.901927791045920024e+00 1.319748213608320064e+00 2.277134905272599319e+00
-6.992252317215119639e+00 -9.625114385823199115e-01 6.235238264131199415e+00
-7.385140290349779590e+00 -1.014138207270260272e+00 6.487476279992369754e+00
-6.459474352393399954e+00 -1.238703396121240141e+00 6.322671088757189750e+00
-7.221983812676499248e+00 -9.908937335614600439e-01 6.374667263799649319e+00
-6.781633583583359659e+00 -9.201620012239999369e-01 6.111439177986779825e+00
-4.002919133849919930e+00 6.782157941790400990e-01 4.418005613477339111e+00
-6.685183493290460355e+00 -9.041796356945399626e-01 6.045570560039489116e+00
