-1.276885996779039578e+00 1.197650718578799900e-01 3.144743329995640213e+00
-1.070457893246399950e+00 1.453207050398401812e-01 3.019633400423930247e+00
-8.802152739882200816e-01 2.236561028318901911e-01 2.838073718872410112e+00
-1.278324675732679827e+00 1.469790087038003179e-02 3.318404557763500407e+00
-1.084698421006139890e+00 7.831622723121012264e-02 3.264159812465829980e+00
-1.087340103449820239e+00 2.442684665103000974e-02 3.355167246463340192e+00
-1.414331921544899950e+00 9.579748960208989139e-02 3.269242250749460066e+00
-1.132718330811660179e+00 6.166227598767015650e-02 3.256531388575370389e+00
-1.940464274151720181e+00 1.414853021009401246e-01 3.182717987334920284e+00
-1.934183062470839820e+00 1.454681838222000589e-01 3.142192567772920331e+00
-1.118389021069000178e+00 3.604425017850998447e-01 2.597474704120299904e+00
-1.152404569055540007e+00 2.736205455828497612e-01 2.849115222138900005e+00
-1.239683091390940239e+00 2.439392197296985643e-02 3.303299457922900029e+00
-1.662975839115300003e+00 2.887799763194998093e-02 3.421560123071050175e+00
-1.104641433379279780e+00 -3.995049879896199752e-01 3.428383506393340330e+00
-1.363723862539879983e+00 7.175474433782014216e-02 3.275073700461020199e+00
-1.154293867597460332e+00 -1.341504986969497271e-01 3.663470529799530251e+00
-1.021965717552580033e+00 1.764604781307699266e-01 2.988304805335090464e+00
-1.112617788734599822e+00 -4.389769211763401291e-01 3.446620418172010147e+00
-1.141331398315079904e+00 2.925597092064597948e-01 2.808410869151220179e+00
-8.837358794000997886e-01 1.638863474295899625e-01 2.950249593350649846e+00
-1.127272113981699908e+00 -4.990024527099499174e-01 3.441463543663690228e+00
-1.114237254714580017e+00 -4.676604458926099106e-01 3.442901306119720228e+00
-1.097070364956539867e+00 3.741666866810700043e-01 2.645565499456250080e+00
-1.700683072380680061e+00 9.508340965280082102e-03 3.470470384371680428e+00
-9.551982516861199368e-01 2.679771592934596658e-01 2.793784746880500158e+00
-1.173029599899219955e+00 -3.609147169903099694e-01 3.187149642178910280e+00
-1.097732115406260034e+00 -4.824261883064702161e-01 3.384497714977420024e+00
-1.083310458307720436e+00 -3.996881562032599255e-01 3.428990532407810043e+00
-1.232760461745159963e+00 3.043370606235997755e-01 2.799237009299500478e+00
-1.002174719557499705e+00 3.363318259756498119e-01 2.570511362487710283e+00
-1.154150366352099999e+00 2.912849589377501935e-01 2.801217433467350304e+00
-1.127835076508800105e+00 3.297430111990000690e-01 2.610478857599020319e+00
-1.067462598672380247e+00 1.439313408099500702e-01 3.070198902182510459e+00
-1.083254564833659783e+00 -4.007269418304499897e-01 3.430625855481820530e+00
-1.345496511931300043e+00 -1.384405711498699620e-01 3.650256389433900406e+00
-1.359003538840799719e+00 8.524436625294029568e-02 3.278912745899450254e+00
-1.813638799652219857e+00 1.411783669707902256e-01 3.241709641741740366e+00
-1.633119535256039923e+00 -1.827785904011980378e-02 3.473132113134490329e+00
-1.953950039598639998e+00 1.030824697582599647e-01 3.130811294821760349e+00
-8.709259495293595332e-01 2.898057498004198429e-01 2.738054362916910289e+00
-9.991445140633599120e-01 4.378650069814060686e-02 2.994809822730050364e+00
-1.950029872431080280e+00 8.110665374192005395e-02 3.137336658733310024e+00
-8.788463491563798247e-01 9.365730964595302410e-01 1.892702839927270064e+00
-8.569802064411800036e-01 9.507045904279700643e-01 1.872961805087379972e+00
-6.975564607897195568e-01 8.129123195546403835e-01 1.854720620517430252e+00
-1.420391020107000246e+00 9.195500772102005449e-02 3.266459988759740085e+00
-1.362940970916320049e+00 7.914962168455996760e-02 3.282403166082719981e+00
-1.310773847315160223e+00 3.391800629142016632e-02 3.288289682825990212e+00
-1.087052460603039838e+00 -3.998693488457600864e-01 3.426796822384150065e+00
-1.339814515119760019e+00 -4.443217768579810212e-03 3.457302829397590038e+00
-1.293872651227419679e+00 7.929975259026988965e-02 3.262035671486750221e+00
-1.256703186609499978e+00 2.838933186029013456e-02 3.376033803326410343e+00
-7.125373182723400145e-01 5.407083024105099334e-01 2.197820571381519983e+00
-1.200265343333539958e+00 -3.217611589471300881e-01 3.549392233689609988e+00
-8.095111695300196697e-01 4.361818250708302536e-01 2.394764566622430202e+00
-8.639852417220199587e-01 4.435469056703902346e-01 2.391820565074899818e+00
-6.217116293807396499e-01 5.333939202025499426e-01 2.198853307936949886e+00
-5.668366269360600729e-01 2.083282681659004432e-02 2.755233478397890234e+00
-1.078998354766919965e+00 3.189955332928799958e-01 2.734707724440470500e+00
-1.046177167771400240e+00 -5.664813481491992597e-02 3.495938741031270336e+00
-1.218973876344640273e+00 -8.812755017623996601e-02 3.370716721623100209e+00
-1.028209881121459945e+00 -5.547750489816971609e-02 3.495606752896510017e+00
-9.095640659723398525e-01 9.415386199724995464e-02 3.057583284952570146e+00
-9.650127144258997536e-01 5.376457617336098949e-01 2.323578004003110209e+00
-2.040038029494720462e+00 -4.795673184582005533e-02 3.002336069662810303e+00
-1.918853395459499955e+00 1.763354895619502205e-01 3.188457489107590082e+00
-4.590916149258601475e-01 5.364939602231704185e-01 2.071879423455730063e+00
-1.936228500141339959e+00 1.623766838577100913e-01 3.183134671073840405e+00
-7.753675781196600614e-01 1.006058346559649763e+00 2.055747584917310355e+00
-2.248548420362597167e-01 8.525532985750698955e-01 1.741583077547940173e+00
-1.828397997664999997e+00 1.668800174106801482e-01 3.268917220567240101e+00
-1.984723493268120142e+00 1.001255780423402353e-01 3.116695578668340350e+00
-1.832636503239440051e+00 1.759194200316798185e-01 3.279000826665630086e+00
-1.657671736558800069e+00 1.101239901077999406e-02 3.412755974777820001e+00
-1.211081810336179787e+00 1.504020831745702669e-01 3.098344022267999875e+00
-6.849042575774200170e-01 5.532552405915103222e-01 2.185134795622290405e+00
-6.910842518420599045e-01 5.527182069865697045e-01 2.184519489864390263e+00
-5.977277773120996951e-01 6.280917506677101692e-01 2.073671789568789947e+00
-6.834927461560800221e-01 5.801639109194995925e-01 2.112886191761290000e+00
-2.046468072539459726e+00 8.366459255678959650e-02 3.066804015761430247e+00
-4.069304204838004591e-01 6.580961801005202894e-01 1.957345966122940206e+00
-3.787338786221396969e-01 4.856518915007701498e-01 2.116174959032219860e+00
-4.010290849998996432e-01 5.089702411099903401e-01 2.040583379421020194e+00
-1.097961186304580172e+00 8.326889766208989130e-02 3.204313189080790103e+00
-8.101758044536200298e-01 4.381532442462303667e-01 2.399138901558639958e+00
-6.458572562913598158e-01 6.927724641443999687e-01 1.961092684655230123e+00
-7.250307760289997905e-01 2.385581037705599705e-01 2.818233797543630459e+00
-1.029968561757959700e+00 1.357094017597200164e-01 3.119805560501250241e+00
-5.443040169465402922e-01 2.695563580888300503e-01 2.735434910991449975e+00
-4.101241888922400047e-01 5.061232280301002362e-01 2.045319436192720275e+00
-1.664169830334539801e+00 -1.629924822021022734e-02 3.447497992589460214e+00
-1.316953914941860093e+00 9.331825833589024732e-02 3.198356320514380347e+00
-1.267075313257240099e+00 5.049509954379982624e-02 3.330479534229100036e+00
-1.164815838049700014e+00 3.640777432958302029e-01 2.601942585526430207e+00
-2.052684056673560242e+00 7.162654573706017658e-02 3.071868661327980199e+00
-8.773241987980997525e-01 1.535778375644301086e-01 2.980986039329330151e+00
-9.762157371079001056e-01 5.523288012210700870e-01 2.266881883247420237e+00
-1.970431580099359925e+00 8.669960239034013583e-02 3.129879859341350379e+00
-1.427169436747240061e+00 -1.261674758310200595e-01 3.696715520052020310e+00
-1.837425340626279491e+00 1.301243314005997576e-01 3.222961965273110074e+00
-1.837473426491079698e+00 1.249758865037802202e-01 3.221859469607160076e+00
-1.970008515845519836e+00 -9.050344504650009725e-02 3.076703833196840154e+00
-1.865420137898640141e+00 1.164324836129999596e-01 3.275246320314280091e+00
-1.844434232015039532e+00 1.166663039170803273e-01 3.203301688871940556e+00
-1.228600108823039827e+00 -9.269113411403995251e-02 3.330607570067960044e+00
-1.223839809915179933e+00 -9.001963056717010581e-02 3.330502479447230435e+00
-1.120592515421819924e+00 -4.386149071546499023e-01 3.470576362621220046e+00
-1.834213931407959963e+00 4.532923685422600713e-01 3.232519259136260370e+00
-1.923521540265779928e+00 1.646897545991099499e-01 3.170437722701670236e+00
-1.729121469798099886e+00 1.985513404083700806e-01 3.198245685373500180e+00
-1.362367291108719902e+00 -1.659525737281397628e-01 3.744928218141030385e+00
-1.316970330855360194e+00 -3.287595899891397888e-01 3.590205754799420390e+00
-1.840604182081919893e+00 1.628846385197999513e-01 3.281513123928840425e+00
-1.492534318531700377e+00 -7.238408868468981794e-02 3.712436663813160287e+00
-1.269190072020079940e+00 5.232160998302015642e-02 3.327147531733150032e+00
-1.274463066312919723e+00 4.894578711685992900e-02 3.326921904619780435e+00
-1.226648964178860046e+00 1.076601278090993929e-02 3.380462125804790219e+00
-1.215076905617040071e+00 9.578050354032030533e-02 3.152965530362030311e+00
-1.036508019357980315e+00 4.068375562049020289e-02 3.358043808140460218e+00
-1.188865567359220110e+00 3.624353693113024910e-02 3.246181734720610113e+00
-9.850389018463194812e-01 3.600690898241998283e-02 3.145938972020090318e+00
-1.071384866922639789e+00 1.209976250749602578e-01 3.123465875180960083e+00
-2.011537156528079962e+00 -4.840184935787972265e-02 3.042650131807400182e+00
-1.176438443973579995e+00 1.235990949970897645e-01 3.091718246857910302e+00
-1.124866418491139664e+00 7.346229413720983814e-02 3.212728124089820003e+00
-1.177142147001419614e+00 1.606375993792499290e-01 3.044093324759120200e+00
-1.706971051043340237e+00 -1.036304545340982486e-02 3.583741575941830071e+00
-1.348953519719840122e+00 6.754792793816011276e-02 3.245134421174360018e+00
-1.823354057780899984e+00 1.348131799126699448e-01 3.228253865469170147e+00
-1.269452961890739973e+00 4.136902535749009679e-02 3.328154556987040102e+00
-1.221530322906440036e+00 1.463853263342003164e-01 3.087786118213830200e+00
-1.263588461671839580e+00 2.024784071559992960e-02 3.314627840582520246e+00
-2.001844712016100480e+00 1.310754546594994352e-02 3.102312681179379972e+00
-1.333958529529559955e+00 1.592298367637401402e-01 3.141357541689989930e+00
-1.225370054401019759e+00 1.651844293082702642e-01 3.073062400291130203e+00
-1.138094247215219790e+00 2.107767763833900965e-01 2.956328740796160481e+00
-1.942608624729979860e+00 -7.952592484308995679e-02 3.094300764159220396e+00
-1.780388116346059979e+00 1.630407734161101185e-01 3.215710767064010156e+00
-9.873032726655399660e-01 2.231152745278301985e-01 2.803617107981970058e+00
-5.769565222929597947e-01 1.113709469824801790e-01 2.810037500750450334e+00
-1.928356610772139712e+00 -7.747230383353009842e-02 2.994025297514990136e+00
-9.106343204794995483e-01 1.017917263978970421e+00 1.897946632832570257e+00
-5.654173504175197262e-01 2.819520130902399835e-01 2.624430951302130222e+00
-1.866291779564640096e+00 2.124251391693001700e-01 3.242994558546970385e+00
-1.135260844518739765e+00 5.859168882472998163e-02 3.260276459148919947e+00
-2.057806389853619855e+00 6.303562251026995078e-02 3.074150798876289947e+00
-1.160968532653020135e+00 1.363800373040700009e-01 3.067237003061300094e+00
-1.960943110219000252e+00 1.718416988417201807e-01 3.185980734094750133e+00
-1.158282786150680144e+00 2.998145881982003935e-01 2.776235351661489936e+00
-1.014819704297380332e+00 1.769254296495703649e-01 2.976805966604670228e+00
-9.085669073264999174e-01 1.611101586403502761e-01 2.956914270082609875e+00
-8.451703822668996668e-01 1.801080816866498235e-01 2.928102502728640033e+00
-9.500345945835595440e-01 5.222213403254998276e-01 2.247571316604750180e+00
-1.067019803234779962e+00 3.669524373969501596e-01 2.524977250168650045e+00
-1.098668904651840306e+00 2.683615812288002722e-01 2.788065967870000161e+00
-1.968694538181100073e+00 1.618198443748304349e-01 3.182609309367049999e+00
-1.482381375015919600e+00 -9.638599091463984081e-02 3.664113356294429913e+00
-1.230599223957059563e+00 -3.050044572654901920e-01 3.273002947578540045e+00
-2.046840042426239847e+00 2.062955380140341077e-03 3.046463765648020239e+00
-1.072483103140880134e+00 2.581332216423797288e-01 2.801581509286170224e+00
-1.034793506866179547e+00 1.811456938165303399e-01 2.971823943269630064e+00
-9.288830418600195760e-01 1.534646892981499366e-01 2.988103819215019996e+00
-9.108500964711201409e-01 1.773155639038399567e-01 3.011944502227150267e+00
-1.055898467152780240e+00 3.047993076762098852e-01 2.608690882415030110e+00
-1.922646881687920084e+00 3.308711750829984588e-02 3.461788523449220278e+00
-9.035836020224399245e-01 1.456391777250600761e-01 2.981920148769610091e+00
-1.910404140721959854e+00 4.119244889962003775e-02 3.464199655222150120e+00
-1.905733606936540481e+00 4.920134288359023778e-02 3.138897969364919938e+00
-1.985980120866259524e+00 3.237407897759299047e-01 3.055898545219510432e+00
-8.063747707254000918e-01 3.324256469892599153e-01 2.582218210838989947e+00
-8.522211174708200776e-01 8.710738612724902019e-01 1.804989111410930214e+00
-1.927860933520060049e+00 -6.923162704534990830e-02 3.041731299582800307e+00
-2.017360816413639846e+00 -5.590240265515999951e-02 3.045748590318180238e+00
-2.046066122938019483e+00 8.039623459773004299e-02 3.070648781488280132e+00
-1.320215370958220058e+00 -1.205337374317898558e-01 3.655352867615790480e+00
-1.332455682370120131e+00 -2.712408183107599680e-01 3.675177426267850045e+00
-1.373321461358780082e+00 -9.330700458721019608e-02 3.539649291276210086e+00
-1.408579746689260004e+00 -1.024618386540501191e-01 3.532755590101340104e+00
-1.328815395593700321e+00 -1.081967611280099106e-01 3.593385496078160379e+00
-1.307531867148459925e+00 -9.985552658884988553e-02 3.596080765970850024e+00
-1.407086109524260165e+00 -1.248302722366698703e-01 3.538549223402379873e+00
-1.382054036527219809e+00 -1.123520123889698574e-01 3.551480966592950317e+00
-1.889464258896079718e+00 6.957239010506022225e-02 3.130014446960400321e+00
-1.179413491378919820e+00 -1.072201470716998006e-01 3.655648107528490343e+00
-1.203981711961059853e+00 -1.192831760012902365e-01 3.650884507147830416e+00
-1.275045064389840332e+00 -3.230037688718396804e-01 3.624849437577250200e+00
-1.217155358418559929e+00 -1.250308161969402310e-01 3.647744888444550249e+00
-1.821891012481760219e+00 1.227398039358202908e-01 3.237520056539699986e+00
-1.210311714350919887e+00 -3.700929588879797727e-01 3.232907385705780179e+00
-1.462806437042859953e+00 -1.483658677250900837e-01 3.613627067163970086e+00
-1.130721340817619991e+00 2.191580405113300323e-01 2.945435941479990216e+00
-1.299079903209960252e+00 -1.569539810830797855e-01 3.631873890661400317e+00
-1.218628537336959861e+00 -9.589146607226028962e-02 3.320930088169990135e+00
-1.225125177767120155e+00 -8.950190189589979362e-02 3.331311524745600217e+00
-1.288087772003479570e+00 4.538140476134011614e-02 3.264598369239100073e+00
-1.237440733701299811e+00 4.061991961251010252e-02 3.266772528801700215e+00
-1.106800665748799650e+00 1.690252187234402292e-01 4.066551346147449841e+00
-1.166505408310720027e+00 1.491492569804799828e-01 4.048641273289899978e+00
-1.083512590830940203e+00 -6.263670921112995948e-02 3.362840968767140115e+00
-1.202585232842239948e+00 -9.530587727290029676e-02 3.378708570394620025e+00
-1.414474180330419939e+00 9.506621126749026374e-02 3.261701515637250193e+00
-1.192246366548819880e+00 -3.759681796684977151e-02 3.328038725823589949e+00
-1.138379250547059796e+00 -2.270421110081022320e-02 3.326330315534180126e+00
-1.895901498495540016e+00 5.623164673615503872e-01 3.180257907008850360e+00
-1.259423546898380541e+00 1.186843562020101217e-01 3.125887889280519971e+00
-1.083205757458220342e+00 -1.132545896880987613e-02 3.205544841463890293e+00
-1.057698903655579725e+00 -6.097900188702998214e-02 3.490135989699180374e+00
-1.917117883587879712e+00 5.280534296701597796e-01 3.183868332443130278e+00
-1.010171650138819599e+00 -5.794600237525004971e-02 3.496199561176570381e+00
-1.131199684108819659e+00 1.104323631100099234e-01 3.117726683147590272e+00
-1.118833221218379803e+00 1.232752516470700943e-01 3.074612912824970401e+00
-1.061491999548519916e+00 8.624941515699990902e-02 3.204209616395020443e+00
-1.780489371912139296e+00 9.323424819157701826e-01 3.051512073091270150e+00
-1.960926118810480068e+00 -9.205518382783983711e-02 3.086931381678430064e+00
-1.122533518548780362e+00 9.367980098420991553e-02 3.124566359389640446e+00
-1.503035119550539589e+00 6.849746963183900306e-01 3.508271696501219949e+00
-1.102382552320899878e+00 1.134962619005497331e-01 3.099224046536209975e+00
-9.919089715843198984e-01 1.145446865599801800e-01 3.129035133334660213e+00
-9.138905249453996849e-01 1.743171503804399336e-01 3.013419458543700191e+00
-1.078312651683660084e+00 1.734801273781501063e-01 2.974918335518400347e+00
-1.096062238799279553e+00 3.523895647851003066e-01 2.537518625789510374e+00
-1.916922661717419762e+00 1.349137061217100531e-01 3.169217197853559931e+00
-9.751272639829602351e-01 2.860337565591402065e-01 2.821753170956730283e+00
-1.905495945788680201e+00 -2.172596710579988155e-02 2.927347187155540098e+00
-1.102573320633399634e+00 4.229063036036202483e-01 2.516460850212540290e+00
-1.046644114001999748e+00 4.664769796811998326e-01 2.470886786484720155e+00
-9.068787174053596356e-01 3.001635295084996713e-01 2.688444974131850351e+00
-9.194899742666400311e-01 2.040643525348202481e-01 2.852467393418249841e+00
-5.872017869289598568e-01 2.574950219871601220e-01 2.747605105869470155e+00
-8.162034382946801170e-01 5.186310755384200277e-01 2.296859960959340086e+00
-9.553842456572996245e-01 5.223797741868301259e-01 2.243273865256930399e+00
-1.956480045821740399e+00 -5.526541110196969697e-02 3.046441856038770268e+00
-1.957717896495559939e+00 1.769041659829400093e-01 3.170268427521450327e+00
-1.914760641763279869e+00 5.277634447519963246e-02 3.468348815848260269e+00
-2.054759010967879718e+00 1.866102492734000862e-01 3.035123821943600309e+00
-1.959229564193099682e+00 1.729765557544500343e-01 3.183326335883890135e+00
-1.348846399369359572e+00 -1.580290576938798708e-01 3.751304822362480529e+00
-5.897306751569801886e-01 6.585393283093301520e-01 2.010457001468040072e+00
-9.409794521045398152e-01 6.620228526962099735e-01 2.111943638086770214e+00
-1.812000965970880229e+00 1.528599388349201060e-01 3.207868164007040335e+00
-2.052818666349479848e+00 3.663742349682008737e-02 3.072204581401890344e+00
-6.583867844478399345e-01 2.452878512490404006e-01 2.578961983111990097e+00
-5.769507144993000214e-01 2.374045600804501888e-01 2.828292476439580039e+00
-6.287736558930594466e-01 2.341085457465299502e-01 2.804712895010930129e+00
-1.936667739677339961e+00 -8.075370044720964202e-02 3.029147191836170094e+00
-5.419448491558600534e-01 4.954426847541100187e-01 2.346619512271840069e+00
-1.488684218410319948e+00 -7.153877326763957711e-02 3.712785353681160139e+00
-2.046535701735920476e+00 1.930381926157400674e-01 3.051348397576900240e+00
-4.473410214549200514e-01 5.215786344781396799e-01 2.258874435282540283e+00
-4.115973009163595986e-01 4.512187193736401092e-01 2.323470736720570251e+00
-1.691513653316119692e+00 1.230771514994022375e-02 3.449373367914810196e+00
-1.682131287001259912e+00 -1.337803803782988687e-02 3.609682893399110526e+00
-2.518327622233400565e-01 8.357357528731101937e-01 1.759677673275320098e+00
-1.707996365939620231e+00 1.433036144502519704e-04 3.595244130397320159e+00
-1.513672794307560521e+00 -7.596898195662005193e-02 3.618143521021820241e+00
-1.522962249929539658e+00 -8.289069457404973917e-02 3.619246986747870487e+00
-1.226790707497980248e+00 -3.732228088220699291e-01 3.236143780045310336e+00
-1.326447170813399579e+00 -1.724134857505803531e-01 3.807265906027520241e+00
-1.458137962146220046e+00 -1.242867773115496899e-01 3.546712147604200283e+00
-1.350008274085879867e+00 -2.716769944935999437e-01 3.672349563077850210e+00
-1.122562436586219681e+00 -5.003859075256700262e-01 3.441144045187209954e+00
-1.272629201140579758e+00 1.300371952585699376e-01 3.136713333251220259e+00
-1.039495963700179937e+00 -7.514913411733004089e-02 3.523382714922890013e+00
-1.401142274762879891e+00 -5.077537197491999166e-02 3.522575475858439997e+00
-1.198694424562939842e+00 -3.869069653461698621e-01 3.243314114011230043e+00
-1.116977402112100171e+00 -4.660571377376900859e-01 3.440586971825970064e+00
-1.101121617060439872e+00 -4.934827950804399066e-01 3.378988460166850061e+00
-1.462430472457780128e+00 -9.668032680461013939e-02 3.734427977964690282e+00
-1.219838227413219789e+00 -7.586764108300991793e-02 3.345736722165740140e+00
-1.348577517577900009e+00 -3.458437411147101681e-01 3.613201010481410069e+00
-1.908603881477379582e+00 3.973760154565031399e-02 3.143479810229480087e+00
-1.045107464065120118e+00 -8.829928249502017046e-02 3.582471030481110041e+00
-1.857658525378040215e+00 1.194309392433199335e-01 3.479491756260620239e+00
-1.725468308301660203e+00 1.983068214081302738e-01 3.220125933157369946e+00
-1.138398064197140291e+00 -1.894821714552996639e-02 3.336853427231969871e+00
-1.911357476822159951e+00 4.100989030974000471e-02 3.141087089394060339e+00
-1.160189129491079774e+00 1.343257309681200606e-01 3.068080355940290271e+00
-1.550397874062539705e+00 7.496228176826100764e-01 3.479739531212920234e+00
-1.937220796531659905e+00 1.475049671383299454e-01 3.146862143220930275e+00
-1.172861937241959973e+00 1.649086930264003215e-01 3.041576589967879940e+00
-1.112379295784400091e+00 7.543985994204005507e-02 3.200673609549700149e+00
-1.097973852542340145e+00 -4.093302463259098634e-01 3.453206353337789913e+00
-1.391891513870999963e+00 -1.527811503810598825e-01 3.768320847089440040e+00
-1.218153199273039666e+00 -3.314602958860000115e-01 3.572025447392510156e+00
-1.640794555727180137e+00 2.768098227493100971e-01 3.085744621431340207e+00
-1.700586707478739745e+00 2.147599967135898069e-01 3.102870541292140238e+00
-1.628952921121940234e+00 2.841211621225701034e-01 3.082882645873060046e+00
-1.804831611602779828e+00 2.648377754368969050e-02 3.522982042294460214e+00
-1.052063903800059874e+00 -2.882612867282299263e-01 3.576026910917930124e+00
-1.064856839209259887e+00 -3.837476959325698544e-01 3.423879031062240230e+00
-1.087423889295860091e+00 -3.855473548198899980e-01 3.424257285057010325e+00
-1.758450471646699986e+00 9.132020103739701966e-01 3.066725121514740415e+00
-9.817418028805600105e-01 1.067460107318800588e-01 3.194517805962150181e+00
-1.232603162853239676e+00 2.387516097767399259e-01 2.831515424163800532e+00
-1.812562775567480022e+00 1.423536404416401169e-01 3.238895246819000207e+00
-1.396732914160220274e+00 -1.522960404031297177e-01 3.764816618564660100e+00
-1.961525972591200206e+00 8.985435321022006150e-02 3.129424245382000258e+00
-1.606053373029360243e+00 -7.609332688487979723e-02 3.647616026595340344e+00
-1.109896484200760147e+00 3.380965993896802857e-01 2.598397556777999995e+00
-1.125065535428700025e+00 3.329476095012902093e-01 2.595615675266780276e+00
-1.108065317702640273e+00 3.422227235467802942e-01 2.590297651372059917e+00
-1.089835913996780148e+00 3.091603391078303620e-01 2.753454863803740160e+00
-9.297557494902599640e-01 1.539612323012700124e-01 2.993860965728340151e+00
-1.464408861513220250e+00 -9.074764486619013582e-02 3.731610145840370318e+00
-1.040761091589120335e+00 3.097399512126002286e-01 2.605691782079240237e+00
-1.371151785599859840e+00 -3.058554779041100513e-01 3.604635248874800357e+00
-8.395806180536602437e-01 1.554465475615700587e-01 3.017309872976460028e+00
-1.912631230118180037e+00 3.754029176272988266e-02 3.144155702148600184e+00
-1.005969304986139568e+00 9.531951022918994099e-02 3.076431987537150192e+00
-8.814614628695600640e-01 1.288940552024602226e-01 3.073428839059820117e+00
-1.002824381915200069e+00 4.581051712757198136e-01 2.436702309719210202e+00
-1.923286775310939722e+00 2.844556728726987949e-02 3.460813183096180357e+00
-8.672112504732998328e-01 6.131383083333101780e-01 2.199428498810080512e+00
-8.851774868392798812e-01 -2.707034867397428712e-04 2.930398036454450406e+00
-7.929442362270398004e-01 4.759593472531600256e-01 2.361701699751480366e+00
-1.937164604154879788e+00 -5.113426785763985905e-02 3.126881392502910195e+00
-8.057098885677997924e-01 3.345403016415997577e-01 2.577861985336060258e+00
-8.362211744836798299e-01 3.145355890596599480e-01 2.603467486554110089e+00
-4.781915042041402497e-01 3.650441798798900184e-01 2.567025088683799972e+00
-9.710656239060597716e-01 1.019435438249249870e+00 1.992546041222290176e+00
-5.651542249612797608e-01 6.712929885595197987e-01 1.935939874813270123e+00
-3.897072963334797802e-01 5.537109500829600073e-01 2.235070206233110035e+00
-5.425410083107193859e-01 6.055843769230802032e-01 2.062083605920450147e+00
-1.040020229118980177e+00 -7.923260508906970756e-02 3.551859811857069893e+00
-1.040420849376640033e+00 -7.921411179625992283e-02 3.537910896757340051e+00
-1.216936508679800300e+00 3.579456873355990609e-02 3.280947223519790068e+00
-1.229151369415480088e+00 2.406755429404001667e-01 4.068277310693329873e+00
-1.022755782115160050e+00 3.564196364666005756e-02 3.167268897900530344e+00
-1.010211572239519962e+00 -5.602367397603980059e-02 3.497490145924450289e+00
-1.237129753257800280e+00 3.059843292837198803e-01 2.819031974992959988e+00
-1.072114518555499663e+00 6.861773425492967426e-02 3.215730872770330429e+00
-1.123276125784359758e+00 2.901966697301201492e-01 2.813286956032410302e+00
-1.093626882134739686e+00 3.730980392943099577e-01 2.643996723464530074e+00
-1.023480779610179914e+00 4.129068082839300047e-01 2.616208799215220093e+00
-9.505666623565003359e-01 1.248394835838100292e-01 3.023587281331850285e+00
-1.092267150305439971e+00 5.086909103463987947e-02 3.104976085820510434e+00
-9.378308077058796766e-01 1.363380671636200692e-01 2.951212666527620154e+00
-8.327051211810998499e-01 1.830520465546898734e-01 2.919977817668480302e+00
-9.026543974883798338e-01 1.111980707430699766e-01 3.065403947479750091e+00
-1.045374673336019855e+00 4.373992897721097339e-01 2.454426040941259934e+00
-8.734661666057401685e-01 2.132744937078301373e-01 2.839971877004419998e+00
-7.571622808196802890e-01 2.203356162889000824e-01 2.833113656365360278e+00
-5.931551590874797331e-01 2.277764101594601520e-01 2.829820485483070414e+00
-6.089390880754999014e-01 6.312448101996501748e-01 2.139264640300470255e+00
-1.917378732479660064e+00 1.090517996350097718e-01 3.127749929562400055e+00
-5.545176486718197406e-01 4.877308016561703319e-01 2.354669465363880221e+00
-5.816001753206199165e-01 6.438816218970102589e-01 2.056826259103760268e+00
-4.756933211450402599e-01 4.494210130988400831e-01 2.042757485108760207e+00
-2.875997424347798148e-01 6.460055081987503556e-01 1.966487165720890218e+00
-1.095651100420660162e+00 -4.687687413109098422e-01 3.397825803006720324e+00
-1.645190480353760032e+00 -8.778045190851990753e-02 3.632883040578790190e+00
-1.061746661113639911e+00 -9.245988966375984219e-02 3.578054544865530318e+00
-1.042390928777339854e+00 -7.816488370989005396e-02 3.552107350287589949e+00
-1.073582243400739822e+00 -3.475847123676989447e-02 3.463795985219420004e+00
-1.678348765913060037e+00 -2.711373317004994732e-02 3.603206473492690520e+00
-1.182025437891579989e+00 2.794283263058501277e-01 2.783890407956699953e+00
-1.311340678382560077e+00 6.757203846790016399e-02 3.270871637160220224e+00
-1.279247964411720284e+00 2.115567076203004326e-01 4.005695438526060137e+00
-1.113053961748559972e+00 1.503848091997201930e-01 3.026277180179779869e+00
-1.153977519969519916e+00 6.852952568254000454e-02 3.164106530616160207e+00
-8.421994958198200099e-01 2.033263393771902461e-01 2.855059421316620494e+00
-9.056217522003395803e-01 3.672647022544897055e-01 2.654159562433110242e+00
-8.906472984780997582e-01 2.979837649453900283e-01 2.688217950260720190e+00
-8.247143598505000117e-01 5.059131451611098562e-01 2.280364072826220223e+00
-7.223888446723598644e-01 5.758236368564202401e-01 2.195910069388160135e+00
-6.321925767200398116e-01 5.238071156193599975e-01 2.232124152603210288e+00
-5.239520628328599994e-01 6.584554937364099914e-01 1.991229685049930254e+00
-4.790891122963001347e-01 7.353283074970300426e-01 1.925035122054130188e+00
-6.474431006857395143e-01 5.146781663032702347e-01 2.196373963605460222e+00
-5.835347216617796651e-01 5.550010582335902498e-01 2.151041324811500122e+00
-1.139664537586939863e+00 1.082447233025902733e-01 3.117816153397280132e+00
-1.097959754181099923e+00 -4.686232025501899656e-01 3.393050606922700219e+00
-1.119391937977500140e+00 -4.412438707037700247e-01 3.450811585289840000e+00
-1.095396482187519949e+00 -4.679219436677599653e-01 3.395008608862970068e+00
-1.260185100664659830e+00 -2.783020481561901960e-01 3.304867630711480153e+00
-1.089150218095239930e+00 -4.397235805715600243e-01 3.403891036598309938e+00
-1.091352226953979931e+00 -4.419964610699500529e-01 3.405299789114669906e+00
-1.069670909169399886e+00 4.453347069720399176e-01 2.493438100982330319e+00
-1.835237714072899928e+00 1.715152687964298650e-01 3.277557879194170187e+00
-1.922537946022020217e+00 3.313247108925021500e-02 3.463228624120750165e+00
-1.937581022093819660e+00 -7.263910413692986623e-02 3.043289274389230137e+00
-1.936782871935780248e+00 -5.484147584042986523e-02 3.133816736029350292e+00
-9.795751960887197907e-01 5.546438049222199851e-01 2.267532829602280309e+00
-8.477430797064797741e-01 1.292855220936801608e-01 2.885076735428840244e+00
-2.017843843522480363e+00 -5.497821794257973238e-02 3.047289074091660055e+00
-1.814945512099719993e+00 1.663533337150600033e-01 3.275226948321990239e+00
-7.775742928926401287e-01 3.464334607478201100e-01 2.551793631816880126e+00
-4.929602097473597677e-01 4.926328293023600757e-01 2.291386943982310243e+00
-4.439103242665203286e-01 5.030012650177799749e-01 2.290088852201810354e+00
-9.703440977975599235e-01 4.059711109837982335e-02 3.038797730696280119e+00
-9.794511305927000588e-01 1.192775306599698215e-01 3.124957144195850134e+00
-9.140277407672601218e-01 2.871094094120900664e-01 2.693770225410520247e+00
-1.329053817296039997e+00 8.691384498132004310e-02 3.204466261249090397e+00
-1.981616560915240077e+00 1.046776877110602300e-01 3.116712874295120450e+00
-1.276409381300019907e+00 1.232810348544701728e-01 3.140481330822280093e+00
-1.675050341446240099e+00 -2.124143006179979309e-02 3.445600234722260069e+00
-8.256848354127799272e-01 5.225895059548699706e-01 2.309552224023230238e+00
-1.067804800312399882e+00 1.730024203681401751e-01 2.971627722024700269e+00
-1.820243742242440232e+00 -2.314985076859787938e-03 3.528009483914380073e+00
-1.360379817920720269e+00 -1.101689537534198404e-01 3.587010752242510314e+00
-1.779924321491859862e+00 -1.846098113848992917e-02 3.550986174928110195e+00
-1.046393532507440272e+00 4.652103846910402574e-01 2.473756825298050188e+00
-1.151379621213459936e+00 -8.509831877450135806e-03 3.423546397619769976e+00
-1.126913140111840184e+00 -1.319040015614598715e-01 3.643627939353130341e+00
