-9.691222377178101421e-01 4.312905728480600498e-01 2.438400019872950075e+00
-1.102616495350319914e+00 1.659647267266000092e-01 2.951103026506340044e+00
-1.005803974466030093e+00 3.240730706637098280e-01 2.647471356061539716e+00
-1.080040984599319964e+00 7.712320245115988904e-02 3.173713093403069951e+00
-9.448193856064299734e-01 -3.969565019486097635e-01 3.342988621691329598e+00
-9.915152013462005254e-01 -4.238456481654698793e-01 3.433773180441889838e+00
-9.190387446775500901e-01 -3.670121620565300891e-01 3.274387163649060017e+00
-8.222682826784601939e-01 9.621204354960033456e-02 2.822652633503270003e+00
-8.905620208416300532e-01 -3.818391744857100312e-01 3.244755362226629636e+00
-8.923990352604300735e-01 -4.115573256505098421e-01 3.238676417291929788e+00
-8.340567045519697853e-01 3.416636908512697968e-01 2.610073119741850078e+00
-1.497780482409319935e+00 3.732957355931976196e-02 3.304878433318950037e+00
-8.791754476395501339e-01 -4.258156633634497812e-01 3.179319343656399788e+00
-8.763005906415399782e-01 -4.340328323132600641e-01 3.174699400239350044e+00
-8.490070006347598675e-01 3.236179558806400181e-01 2.581479142906839996e+00
-1.090709674566620047e+00 3.506838688606401799e-01 2.603072054576309746e+00
-7.379129896580203241e-01 2.292718994158402523e-01 2.733544666129009926e+00
-9.494807120698298686e-01 -5.028530864266798073e-01 3.300707894025319611e+00
-9.649971147350002720e-01 -4.742662644043000864e-01 3.348136492255600061e+00
-9.655638102975598880e-01 -4.764598810587299393e-01 3.352604831304829780e+00
-1.094233801322390454e+00 8.080529951862014393e-02 3.132354630863989797e+00
-1.428941101139870051e+00 1.279999973449985617e-02 3.303026582389389620e+00
-1.229221502814770384e+00 1.393065364103402981e-01 3.066203896446509702e+00
-1.075449073290800195e+00 9.685593417953985984e-02 3.094854432697269786e+00
-9.241757053321302262e-01 4.930092381430302151e-01 2.244058817057899891e+00
-1.109718736374919912e+00 1.253286903973500621e-01 3.069347482100739821e+00
-1.079339828525620382e+00 7.532328183894998475e-02 3.174551412925739946e+00
-1.081702372971750092e+00 6.861429438086008581e-02 3.119152992868230001e+00
-1.135671501419030394e+00 5.386002481702001354e-02 3.101652443278569926e+00
-1.077373702754749862e+00 7.503067169881005860e-02 3.176737358363030062e+00
-1.064829301296239761e+00 2.148511110429498494e-01 2.881820199758780010e+00
-5.089840685717004209e-01 6.940879703353597385e-01 1.855125568332829822e+00
-3.322246998733306977e-01 5.905916493984499915e-01 1.788063564903809910e+00
-3.226463139641697619e-01 5.907984039973699364e-01 1.789665145817099789e+00
-8.237367671700501770e-01 3.214355704751199472e-01 2.591911152238159932e+00
-9.567915627831100611e-01 4.191631993476003792e-01 2.434758353878269777e+00
-9.131611192962798551e-01 3.672018001251697861e-01 2.519395579134020124e+00
-9.841023711116096973e-01 -4.690233686257800905e-01 3.389246392073379965e+00
-3.919063882139999233e-01 7.264511550604000334e-01 1.796919032323599730e+00
-4.313357433581004319e-01 3.534772541744799490e-01 2.386879780892689595e+00
-1.461705145518969795e+00 1.317140692108997868e-02 3.279542049235059764e+00
-1.237517692686560311e+00 -7.048494851353970247e-02 3.388365872230099995e+00
-1.203493285748560071e+00 -8.405144542598019797e-02 3.512402402800280043e+00
-1.173226366467380322e+00 1.293074699079599377e-01 3.089787412104739950e+00
-1.031839056277599864e+00 -4.301784904963978917e-02 3.133672250634179868e+00
-1.469000610021480080e+00 3.128794683303004476e-02 3.251454664421099761e+00
-1.171609138236890280e+00 -3.280359180799941043e-03 3.326430734099029785e+00
-1.204325303460090035e+00 -8.533877000913969724e-02 3.512845948625259673e+00
-1.091161529018120246e+00 -2.817101227678198150e-01 3.399069443396629975e+00
-1.495474807704080034e+00 1.775222412407018169e-02 3.418351704462519791e+00
-1.165187849662200348e+00 1.108870827833603467e-01 3.056222040790880001e+00
-1.027995533818660379e+00 2.217901599330001083e-01 2.848750036401719754e+00
-4.363380474263902631e-01 3.591649549143398623e-01 2.383684395070400086e+00
-9.507772631630102556e-01 1.121746641958702995e-01 3.056929528994480005e+00
-1.017818032352230118e+00 3.495908892505803500e-01 2.575106587532249858e+00
-8.613369495160301259e-01 3.234541302452702549e-01 2.578582234711070065e+00
-7.501693324015803466e-01 2.238241705187902220e-01 2.738779197568929735e+00
-1.666863490119769642e+00 8.695548839453004497e-02 3.355482267266729934e+00
-9.996951299379099876e-01 -4.934692408519998352e-01 3.386034002527569697e+00
-9.512791158257603019e-01 -3.995168993628500642e-01 3.348230215766020201e+00
-1.197133665745890196e+00 -6.031466336275004281e-02 3.347519081727779788e+00
-1.193287970474439907e+00 -8.173150754822011699e-02 3.355055540461919783e+00
-1.008013102324360366e+00 -5.938926916822599988e-01 3.346794112266339827e+00
-8.999691462115799734e-01 -4.426260236230599165e-01 3.179744038628179670e+00
-9.937639672037803518e-01 -4.316766014805397678e-01 3.421252464774789726e+00
-1.219883814837830149e+00 -6.874405060358967923e-02 3.428319279319689716e+00
-9.020156331362503277e-01 -4.123471232493300942e-01 3.239364329382460106e+00
-1.008916664357570214e+00 1.820998983631900714e-01 2.891140421697759866e+00
-1.556752345120020253e+00 -1.152605299362985392e-02 3.399537521465400225e+00
-1.239967596442140385e+00 -6.362961497127006538e-02 3.542274850836319988e+00
-1.246736797277259834e+00 -4.959302238001006558e-02 3.538012067853039788e+00
-5.854623417012596587e-01 2.736515574888898072e-01 4.052003606900790089e+00
-9.388167499619199940e-01 -4.420506269715899217e-01 3.315847755367320016e+00
-9.751110543997800750e-01 2.711883543179700595e-01 2.742208671239319884e+00
-9.008832496829601855e-01 -4.093248365335298011e-01 3.257032417977030025e+00
-9.751942703781402155e-01 -4.646012622521498159e-01 3.361360637325079725e+00
-7.284074695161402158e-01 2.395895942172399096e-01 2.725763632156999794e+00
-9.222689301076203439e-01 3.413439911385602876e-01 2.507386038038370124e+00
-1.063010481657780337e+00 -1.224081772071898833e-01 3.630958864778939699e+00
-7.554072959103204088e-01 2.694306863699504895e-01 2.641862494898389979e+00
-1.065525745934330137e+00 -1.226786648488098486e-01 3.630755123274629792e+00
-1.043900920454440273e+00 -2.827808449514899181e-01 3.391131109945010103e+00
-9.710759282878098642e-01 -2.473274705662700246e-01 3.362921364194909835e+00
-1.102161051140720049e+00 9.173698191806001212e-02 3.071575736307919691e+00
-9.726057597028401336e-01 -4.719656455472697187e-01 3.348338789729520037e+00
-1.163332662480430324e+00 -8.190939483974024604e-02 3.510423068491889786e+00
-9.331842361866600211e-01 2.051122232791602329e-01 3.845440132947799849e+00
-1.199315772512520306e+00 -8.541922281750990997e-02 3.510939280476709889e+00
-8.046710113101001038e-01 2.903622215109979976e-03 3.284087737122129980e+00
-1.381485710603980399e+00 7.768369673077999416e-01 3.304850348564559948e+00
-1.330525594605250328e+00 7.216088753627301067e-01 3.328031677320439918e+00
-1.093416088807190212e+00 -3.280886640943991850e-02 3.517544269348459984e+00
-1.069642113457600408e+00 -7.666017554343973472e-02 3.642462753446479962e+00
-9.939008427443700722e-01 3.496917922659001920e-01 2.615121585290089978e+00
-1.659833429543830396e+00 6.401406880784010767e-02 3.340794656811729713e+00
-7.523028485480602878e-01 2.370474689160402271e-01 2.795490693646589975e+00
-9.187152379792704604e-01 2.282021843062902455e-01 2.768171251921559772e+00
-8.315657247857701773e-01 3.447607956089999703e-01 2.608189495542490022e+00
-9.350703470341599211e-01 5.198321308620799108e-01 2.262619747295859796e+00
-7.731964183041701855e-01 3.614473718532398294e-01 2.470555306222209868e+00
-1.228073242850280300e+00 -4.889085970924988978e-02 3.542765943496909653e+00
-1.085931242705970190e+00 -2.747495210097097296e-01 3.392335328867509769e+00
-1.713337243866939863e+00 7.036178832956019313e-02 3.317125316036659832e+00
-1.120241760966040223e+00 -1.118789127925201576e-01 3.561641276633920050e+00
-9.959341439522100270e-01 -4.280706274295598135e-01 3.430900733017639759e+00
-1.112020358099180095e+00 -7.917620618479981331e-02 3.591008209519059857e+00
-1.266326024782560067e+00 -3.232824243611998050e-02 3.532486243643359725e+00
-3.547116695391199226e-01 6.022899395579799364e-01 2.010559923136179705e+00
-1.490195864013730498e+00 4.045539148616006386e-02 3.283205832680240022e+00
-1.468829934060980280e+00 1.605196378965012549e-02 3.442563598181509921e+00
-1.496224335134250571e+00 2.825573252151003523e-02 3.429878103915879883e+00
-1.297387087013000206e+00 -3.841758562829955537e-02 3.439754042266999878e+00
-1.494660041118830440e+00 3.257569402192994623e-02 3.269987094545099726e+00
-1.025704478115539997e+00 3.036442736912501328e-01 3.831940077321479787e+00
-6.373262123542000612e-01 -2.702803598429799337e-01 3.797724586633409949e+00
-6.399816121155497139e-01 -2.736531865112501460e-01 3.801792778646949866e+00
-1.053942367167630012e+00 1.213047267137898899e-01 3.001914389833729935e+00
-9.483130310117504624e-01 1.763988563273399812e-01 3.835426649424819701e+00
-9.392934283076799229e-01 1.687624421473099545e-01 3.830019309838189834e+00
-1.238460728848160164e+00 -6.677369260803978079e-02 3.544816248343699794e+00
-6.237374666940505019e-01 -2.725832194418598142e-01 3.789696400877319959e+00
-9.374005929452702279e-01 2.032373768836897021e-01 3.846180651202310230e+00
-6.206229507087399622e-01 -1.797731271483398174e-01 3.836580423829859754e+00
-1.115114619702149978e+00 -3.002975104972598341e-01 3.402169774916020017e+00
-1.013121989000040246e+00 -4.238040195875099059e-01 3.396203880042099943e+00
-6.243361792789501319e-01 -5.918388647757999443e-02 3.895126362862409763e+00
-8.529610316469999898e-01 -2.785401225048400597e-01 3.651592992113729785e+00
-7.824103475666903673e-01 -2.107470531948298920e-01 3.653917963146689818e+00
-1.006292794626640008e+00 -1.854488414549901876e-01 3.601507145419309719e+00
-8.793457585374502283e-01 -3.719844971194998795e-01 3.213607673524599750e+00
-1.261015343521170395e+00 -5.427524008096984431e-02 3.357622715747079933e+00
-9.292092619680902832e-01 -2.015878337081198346e-01 3.657605130257170156e+00
-1.145574287836940153e+00 -8.133534213943982571e-02 3.499995443433059794e+00
-1.110433015701189907e+00 -1.313851290847396491e-01 3.609994049714309927e+00
-1.237504441650939979e+00 -5.608420255632995399e-02 3.552354079781789853e+00
-9.966251603752203092e-01 -4.735993038046502068e-01 3.402217508943489843e+00
-1.156084526577540350e+00 2.058163054083497201e-01 2.954271279804429717e+00
-9.658241684420196815e-01 -4.734112125282198269e-01 3.346572381801679708e+00
-1.034729027578719984e+00 2.889208469707300608e-01 3.831114317994980034e+00
-1.169202419851669950e+00 -9.445807054364996347e-02 3.491882002840439814e+00
-1.263079479067189537e+00 -3.779352387036016836e-02 3.529698815469049844e+00
-1.014314189212609962e+00 2.139705406672200994e-01 2.840037195750279686e+00
-1.354273080976250432e+00 7.761898105269398052e-01 3.361430051154719933e+00
-8.782836613930598002e-01 -3.524688807595899309e-01 3.247754750586399730e+00
-1.466994357107590519e+00 2.961292507770219018e-03 3.435058566026540028e+00
-1.150434633437540155e+00 -2.630051258987897711e-01 3.481812307148460128e+00
-9.625556743453504982e-01 -5.092864903099497687e-01 3.302982325030149990e+00
-1.131618811695940030e+00 -2.074142176451396757e-01 3.523323927090659780e+00
-9.654675920077300244e-01 -2.646040065155002008e-01 3.353801456280659732e+00
-8.150815710310899131e-01 -2.882499104915901000e-01 3.603013262327859678e+00
-9.619219699477199459e-01 -2.656574720569500059e-01 3.351012977086489819e+00
-1.027385772460000402e+00 -2.918865342702199328e-01 3.630899060090239772e+00
-1.206591895602200148e+00 -6.388557953285989299e-02 3.482075143166869946e+00
-1.066529348227539975e+00 3.832960593522198867e-01 2.569685097870689994e+00
-1.076018990728980329e+00 3.464185018573799901e-01 2.607098539867449993e+00
-1.167329428011250281e+00 -1.083605982067099571e-01 3.578342403224620050e+00
-1.387463130865220107e+00 -4.278450848307979726e-02 3.475391832248500013e+00
-9.984522246453499950e-01 3.833557000169101059e-01 2.392597547832229665e+00
-9.515841372502504836e-01 3.620647354940103035e-01 2.547743428589279713e+00
-1.239949088111640174e+00 -5.026652453023006117e-02 3.549665354231339887e+00
-9.600639222297304709e-01 -4.797814094000198981e-01 3.322379329729149955e+00
-9.126487475505602465e-01 3.642324966928400798e-01 2.397005458168539604e+00
-1.282701453746220244e+00 -1.743898431499979473e-02 3.405999479202239666e+00
-7.637772433240301861e-01 3.800138052007699940e-01 2.593169314517870028e+00
-9.390444113264597714e-01 9.684303441802000201e-02 2.919049374024329957e+00
-1.266468063292130131e+00 -4.465534719125985319e-02 3.527273581840579819e+00
-6.066773379669305744e-01 5.300999215141004584e-01 2.142429405802309894e+00
-1.015127412664420303e+00 -4.271046207819296781e-01 3.404703851942100012e+00
-9.054278276619196486e-01 -4.431539132209201259e-01 3.237897494713079638e+00
-9.538926988221507752e-01 -9.585613080354971061e-02 3.512623420241999916e+00
-8.047157596056300211e-01 4.828352604940189252e-03 3.285374577885280090e+00
-1.093810554880160213e+00 3.522212190593601022e-01 2.623113658945849913e+00
-9.117438896843201857e-01 1.082005103554701808e-01 3.024284825349500050e+00
-9.657825399470600924e-01 4.251981477857900149e-01 2.438674356813689936e+00
-1.299580674383929990e+00 -6.536135281719013257e-02 3.403551401768389884e+00
-1.112056175975530303e+00 -1.310293984861699013e-01 3.610084601965549922e+00
-7.255500323694101805e-01 2.770086210969699980e-01 2.619640596502079699e+00
-9.947196726396796418e-01 -4.313717735711499746e-01 3.422746501924059714e+00
-1.058930596275010183e+00 -1.662007028499599137e-01 3.479919948262039764e+00
-1.184102343504110033e+00 -8.226648141921000246e-02 3.507719831195939886e+00
-1.000349820048320515e+00 -4.269791332877097556e-01 3.436384205413909765e+00
-1.120106202515670057e+00 -1.096601358146300775e-01 3.562775394627349712e+00
-1.118841246370869902e+00 -1.098346621518799804e-01 3.562110574202300040e+00
-9.397617208330804051e-01 -2.053522852673699273e-01 3.663778686494649772e+00
-1.140350379107420098e+00 -1.480662133922798773e-01 3.477322113691649896e+00
-9.475912135076403064e-01 -1.938789221191998813e-01 3.664531070795280066e+00
-1.192889796757349741e+00 -6.323186028607974407e-02 3.468696791852759809e+00
-1.002362566851010106e+00 -3.347713717743796558e-01 3.030694964030679728e+00
-1.125193409013509838e+00 -1.149436313031797496e-01 3.558458656297029954e+00
-1.136410362690300380e+00 1.280224726150303027e-01 3.028384684336840049e+00
-1.034080854074840294e+00 -3.773046003135993587e-02 3.141681794675349693e+00
-1.118382737931439719e+00 8.131314323358984630e-02 3.096634488630949811e+00
-1.110647735362159993e+00 7.060786875062019519e-02 3.102362126610979765e+00
-9.055533122290004844e-01 -3.667851436890299244e-01 3.278397401077060014e+00
-1.012650524516479633e+00 -1.570640681474797518e-01 3.621844882224969808e+00
-1.010139134016120321e+00 -1.531124263287400034e-01 3.622362633216420047e+00
-9.883811480766897528e-01 -2.515297781776002495e-01 3.079014415876879962e+00
-1.025717660345440096e+00 -1.469580652501498719e-01 3.644862057864580063e+00
-9.339021755345899845e-01 -4.364807537033998930e-01 3.297829927389079874e+00
-9.434650915523599135e-01 -1.620579842480300847e-01 3.674510202817229843e+00
-8.787075449804901961e-01 -1.250323859974098450e-01 3.683105124540699826e+00
-1.005235141560540280e+00 -4.820211436929899840e-01 3.396857747112210113e+00
-1.117327322559300340e+00 -1.254362705193499128e-01 3.599162777786999889e+00
-8.644431014949203185e-01 -3.401735744150397034e-01 3.219973491073119920e+00
-1.203619415032320061e+00 -6.749222510867980418e-02 3.351928126900849847e+00
-1.083027223190579980e+00 -2.929004018442000756e-01 3.420318005271060002e+00
-1.264057768208840082e+00 -3.593607525757969157e-02 3.535369382115389758e+00
-1.159975549806850248e+00 1.114901572520803352e-01 3.069068589971290173e+00
-1.275062097548910200e+00 -4.434933105573968248e-02 3.537664112928249782e+00
-9.678807986599700097e-01 9.915072028526994430e-02 3.773878035721899948e+00
-1.101901709587560285e+00 1.202826759265600565e-01 3.052170661256749629e+00
-1.100761386813849940e+00 1.265765603241999493e-01 3.050002084440250005e+00
-1.142463825142509881e+00 1.365400385380002302e-01 3.043960072914869919e+00
-9.404635045245404168e-01 1.654756857813897142e-01 3.829722113154200080e+00
-1.091462002139130361e+00 1.133116748524998219e-01 3.025151472417360043e+00
-1.209760095827870474e+00 -7.072009830989989254e-02 3.354435033379339792e+00
-1.054787952342749913e+00 -4.114151388602982351e-02 3.169536808508810033e+00
-1.156079367981949657e+00 -1.161367583786698798e-01 3.474772190058240007e+00
-9.025009663906502499e-01 -3.596794631471097459e-01 3.250702852247569830e+00
-1.130759747811010518e+00 -9.659297938603006450e-02 3.469223461868180092e+00
-1.046156360552490172e+00 -2.390076604171098573e-01 3.411686208392649799e+00
-1.160653294981170314e+00 -9.388721380832976138e-02 3.498207501621399818e+00
-1.078821977579480285e+00 8.462531649138016476e-02 3.170654104448349830e+00
-1.426900035994410620e+00 -5.639272769101988381e-02 3.463353983101959965e+00
-1.079251390610109995e+00 1.977295680508901476e-01 2.902159730098239798e+00
-1.456550761914070291e+00 1.145183125957993653e-02 3.314840630086580031e+00
-1.465923707636390239e+00 2.007210503033984850e-02 3.439679148995849811e+00
-1.011799049863509881e+00 2.345129371693102094e-01 2.865599097038699750e+00
-8.051384702162802665e-01 -1.837698851385800580e-01 2.727675381885169781e+00
-9.688389863138200386e-01 -2.607889708443300592e-01 3.369742415771949773e+00
-1.263747091436780101e+00 -3.322012536480989375e-02 3.535998247029779940e+00
-1.119876367193090028e+00 -2.911002567224501014e-01 3.405641968203579673e+00
-2.211398701809004219e-01 2.799832614319299751e-01 4.221256482302839785e+00
-9.553416841652702107e-01 -2.683571292960797994e-01 3.627158009227799962e+00
-1.464840104186539760e+00 2.479159101350214556e-03 3.435871736056129944e+00
-9.288134144208803900e-01 -4.490950929140997694e-01 3.243969294838809692e+00
-9.729549610266199355e-01 -4.628356335924598275e-01 3.360435702103609756e+00
-4.336142453373501571e-01 5.635668257665902292e-01 2.088080111846319920e+00
-5.005940708280400830e-01 2.902202112736500528e-01 2.386576979074429783e+00
-3.501733553828001444e-01 -3.195280633914998614e-01 3.606365745543449908e+00
-3.098309486333403751e-01 -3.197692836631800262e-01 3.625788046093540107e+00
-9.450267065996598159e-01 1.568557975003899152e-01 2.872236341459439846e+00
-8.456374133184298980e-01 2.500673773324701976e-01 2.804236907798169920e+00
-5.570801345363001200e-01 3.976157425473902940e-01 4.104524662558219461e+00
-2.739463842783200764e-01 -2.587038543499797782e-01 3.687176305447949609e+00
-9.331479453970901172e-01 2.693588325729303623e-01 2.740030597558019920e+00
-8.132156711199900467e-01 2.240919595944099729e-01 2.846620204471959958e+00
-9.779746290779403051e-01 -5.317371573585397693e-01 3.376123106162109977e+00
-7.583678404765901160e-01 2.339943277414300304e-01 2.798007538178270082e+00
-8.244316150051800296e-01 3.248650022997696674e-01 2.584859132862469711e+00
-1.455841352781560127e+00 1.905117476464024406e-02 3.273927208592839921e+00
-8.288966197039100425e-01 3.218937572588298490e-01 2.639217021177109768e+00
-1.141364180312540055e+00 -8.982238273268006168e-02 3.579427903381939835e+00
-9.204630094438897014e-01 3.083474807827599751e-01 2.538673665144609792e+00
-7.651260554861003538e-01 3.669812759110702149e-01 2.423459552905759651e+00
-7.818700856092901663e-01 3.461438112138599532e-01 2.476381295591759901e+00
-7.976897710814301323e-01 3.282139444253500127e-01 2.465354295769759840e+00
5.693629366445995821e-02 -4.170250995582600595e-01 3.560986702798750070e+00
-5.967560418431501201e-01 4.818400648028899891e-01 2.278756539075069920e+00
-2.432088967426502268e-01 2.763363377187300074e-01 4.210496369079689494e+00
-9.978272760387201235e-01 -5.381355510407299647e-01 3.466795949580950165e+00
-8.926093895306099757e-01 1.409273396752601659e-01 2.659399145287849819e+00
-6.436446961738402361e-01 3.348902979436800820e-01 2.440282593087519825e+00
-5.853694910885305358e-01 3.611317567765801595e-01 2.420417506379649808e+00
-5.293980935557998091e-01 3.494653966938301437e-01 2.439841280806189783e+00
-5.081893485339799010e-01 3.609744971557899973e-01 2.431192438363730002e+00
-6.499995181875399819e-01 5.407496528835198379e-01 2.126242692485489805e+00
-1.472823159042879970e+00 1.882698208365995995e-02 3.445907636674240049e+00
-1.184820338580230503e+00 -1.293453125842798368e-01 3.584325536070419815e+00
-2.885177131999003830e-01 5.059663487187100461e-01 2.271859062714479904e+00
-9.721233381077400981e-01 -5.643780583721300648e-01 3.481460491014539915e+00
-8.658214632526497478e-01 -3.285436265178400816e-01 3.215764193132879978e+00
-1.191280924940750330e+00 -9.317219050212965925e-02 3.393445514059759915e+00
-1.123021368698199796e+00 -1.416743477034199117e-01 3.455948767919589937e+00
-9.653993486645402466e-01 5.535302371594008619e-02 3.752543778771349814e+00
-1.038152027064960015e+00 -5.167166896666985920e-02 3.135642176155160055e+00
-9.391621284474001019e-01 1.992028326895902701e-01 3.845258549243769863e+00
-1.092393070231459928e+00 1.739175754398600837e-01 2.948476635100899745e+00
-1.010406509355439963e+00 -5.134377451542397885e-01 3.391314996558859818e+00
-9.523652012979904047e-01 -2.280019852528598623e-01 3.646967691874899664e+00
-1.676060240886500408e+00 5.851748471450024525e-02 3.339440983600449719e+00
-7.889452126748899286e-01 -4.055161054682976385e-02 3.051886916556139973e+00
-9.272398745886503146e-01 1.539407527902303396e-01 3.023453751905339715e+00
-4.292334569613600603e-01 -2.938427158637699765e-01 3.819656103454309726e+00
-8.860189880779800742e-01 4.047408288287002165e-02 3.155839127209620010e+00
-9.810924190769803044e-01 8.254055683766026164e-02 3.065201031930139930e+00
-9.584149701349999884e-01 1.753265140489901341e-01 2.903765675238669797e+00
-1.180163579106050298e+00 9.203720931825021268e-02 3.084321205167650071e+00
-1.068210587475320272e+00 -1.617185344233900146e-01 3.526424143995619875e+00
-1.042034019438400128e+00 -3.047842447242965491e-02 3.167545099648209739e+00
-8.693171858077597403e-01 -8.331589127830985042e-02 3.738375107099139782e+00
-1.061261019326990018e+00 -1.227219792101199580e-01 3.631910727264169747e+00
-1.124000059698539777e+00 7.759874420132994999e-02 3.079296831817669666e+00
-6.390741428304298477e-01 -2.251441321956799690e-01 3.811087298992519745e+00
-1.070518248501780123e+00 9.632206190011993741e-02 3.125678207743569637e+00
-6.404887428454701936e-01 -2.255572503298597375e-01 3.810846938111759563e+00
-1.156695534290820282e+00 -1.162552876946998381e-01 3.578029762233189803e+00
-9.997258230613901286e-01 -4.758613279726299217e-01 3.401861150951839718e+00
-6.453206411196499293e-01 -2.234125035659801917e-01 3.809022450762909795e+00
-6.145485518155100468e-01 -1.989769128294298639e-01 3.812072923478929898e+00
-8.937618487414600299e-01 -4.257443215631797617e-01 3.197461328179080020e+00
-9.009832421540202585e-01 -4.184599133952999761e-01 3.267752571165739806e+00
-9.474545337048001503e-01 -3.984094931941797313e-01 3.341095413694159966e+00
-1.161800731710520340e+00 -9.847470430455973478e-02 3.501092827741909552e+00
-1.125972363791480246e+00 1.128285614004203019e-01 3.079363065551669720e+00
-8.686251342701900580e-01 -7.825789508793001836e-02 3.744557857615939955e+00
-8.514843888716201459e-01 -5.195846239257995158e-02 3.751892487621049987e+00
-1.089507592318119888e+00 -2.781343566969600722e-01 3.394391723223709967e+00
-8.644767510650901432e-01 -7.615968329171995954e-02 3.739149153807320047e+00
-9.856046787723899971e-01 -5.548257506821898666e-01 3.291573288736559633e+00
-1.051413263410719834e+00 2.618732111862203116e-01 3.810084685558299711e+00
-9.396995935265903821e-01 1.769318651869402625e-01 3.826131893052249655e+00
-9.752235033263303432e-01 -3.103171723835498330e-01 3.590906734017659918e+00
-1.198861910927980778e+00 -6.048770963419958235e-02 3.479962958961709596e+00
-9.251614236649301493e-01 1.869768031428500343e-01 2.876863533211109658e+00
-1.086416275908830498e+00 -1.160029257342698461e-01 3.622143116177699795e+00
-8.911599856171898981e-01 1.091629835923200176e-01 3.012418685925089878e+00
-9.888388035044399782e-01 -5.141354884900999345e-01 3.329763465236329711e+00
-1.224617763689920258e+00 -9.734145967707963365e-02 3.439208420464549665e+00
-6.094653179015805389e-01 3.622356044086001425e-01 4.088689515428860055e+00
-9.000422943247901042e-01 3.794207239735700732e-01 2.387544178848389986e+00
-9.277262894321605113e-01 2.245529355608004707e-01 2.773566951241869916e+00
-1.030820853146620086e+00 -5.891921399251700553e-01 3.408323860194579780e+00
-9.466819780570101539e-01 -2.457644864136800944e-01 3.637699313896929798e+00
-1.095345966734290188e+00 -2.946728768943196464e-01 3.422142664262469935e+00
-1.062571573659970126e+00 -2.761163601261200640e-01 3.382408664691129996e+00
-1.299745993322800386e+00 -2.859666335852018015e-02 3.422631832523789885e+00
-9.692062751584702429e-01 -3.143858001285100290e-01 3.582737331116309765e+00
-1.160396874903390385e+00 -2.705617435503098189e-01 3.482002155118249842e+00
-4.314045182811099277e-01 5.710681846422702712e-01 2.087189529087879691e+00
-9.914369561493299177e-01 -5.193649469748498060e-01 3.306387272388209730e+00
-9.997310765430300616e-01 -2.652757269710197541e-01 3.389224847322699574e+00
-1.384120039397600532e-01 9.743732115278405104e-01 1.433578240677239712e+00
-1.007221250217040120e+00 -5.855235714862299101e-01 3.445058784720889555e+00
-9.805251680336402043e-01 -3.109053115942497225e-01 3.591274899886529592e+00
-5.116026151651602571e-01 7.177043200552102320e-01 1.783587301357900001e+00
-4.730001562016303840e-01 7.335512313077501290e-01 1.731480209554409955e+00
-1.910148226649697190e-01 4.764823698997200374e-01 2.176547033093849670e+00
-2.701370743147302189e-01 8.360443479215899920e-01 1.594116464878529982e+00
-1.035262061511300180e+00 -5.157740946776989688e-02 3.169938697273239736e+00
-1.105595271347169950e+00 7.183747371596016507e-02 3.192874146007270042e+00
-1.131716618043639988e+00 6.891441824787025716e-02 3.103537287962189861e+00
-1.075538979883049917e+00 1.534623985592800111e-01 3.049912041918489969e+00
-1.127166886872040363e+00 9.434056587114025838e-02 3.083357817883650043e+00
-9.551095900584305465e-01 1.796338351969399838e-01 3.822446746102429849e+00
-6.445360771289905255e-01 -2.809117372828497938e-01 3.797089684903379947e+00
-1.113145159976029808e+00 1.094154023472702075e-01 3.053573041241020025e+00
-9.481867405171702234e-01 1.837933486108798142e-01 3.835060366797779619e+00
-1.161968404239779984e+00 2.115931179036201204e-01 2.950687501211419761e+00
-9.971231347910600729e-01 8.212379557098015148e-02 3.173142915925209806e+00
-1.159455583896220388e+00 2.189068977292798479e-01 2.938203769678129795e+00
-1.099964584694690162e+00 1.727072368135103009e-01 2.938138877262659765e+00
-9.660936303376004286e-01 1.021190556030802110e-01 3.082263187614890043e+00
-1.492605353596790030e+00 3.900460733439015115e-02 3.304205870323150052e+00
-1.388762982716050365e+00 7.583583013386601124e-01 3.312702987425929724e+00
-9.713576422686502898e-01 9.340862503273017481e-02 3.063305105822789809e+00
-6.090693259191801712e-01 1.074845096139001033e-01 3.972409912654059738e+00
-4.684228287348497499e-01 -3.069166375390399715e-01 3.774234587525029827e+00
-4.094509442475200434e-01 -2.916107319031098211e-01 3.773003269553309558e+00
-8.249467364039901884e-01 4.538893127555021501e-02 3.112405926007629553e+00
-8.890869378483403640e-01 3.603784336478299544e-01 3.919475109877269769e+00
-1.013034323826430549e+00 1.177652735176999421e-01 3.016916670485209728e+00
-1.032117666259219968e+00 1.097140901889102071e-01 3.026391345163069957e+00
-9.828143430703601968e-01 2.778703974395000387e-01 2.799928265738569788e+00
-1.024924906351220022e+00 1.096572754624998147e-01 2.987248047022140085e+00
-1.074513023346949980e+00 6.171211966300993446e-02 3.015119170241829849e+00
-6.268900346039998350e-01 2.561698538665799774e-01 4.050644630338290142e+00
-9.991368966052001088e-01 1.329771058108701887e-01 2.962889802518609894e+00
-3.389116813607999656e-01 -2.115382832557202164e-01 3.673750602808089738e+00
-1.305550477448600422e-01 -2.806041426674699135e-01 3.652325292116859856e+00
-8.667839798905803139e-01 -3.840199297694897318e-01 3.196563853290789847e+00
-7.698480914777900974e-01 -2.136419276431977821e-02 3.041018932718420054e+00
-9.866287561925302096e-01 2.773349021697901762e-01 2.732428726239329642e+00
-9.304416096794800861e-01 3.258487964654901425e-01 2.695881087276180033e+00
-7.604120889012497830e-01 5.127628749364010474e-02 3.075543865730820059e+00
-9.299747494009202864e-01 3.814216951741000727e-01 2.524463522347139666e+00
-8.415927245176300087e-01 1.605785520267000166e-01 2.910321472505559726e+00
-9.100340396217403427e-01 2.026345472735404663e-01 2.817064819055199898e+00
-8.786097950820301872e-01 2.276470998248703026e-01 2.787560002027969830e+00
-8.507746059484799783e-01 3.248800836744398790e-01 2.577584593786729883e+00
-8.077972133273101374e-01 3.515084526197997938e-01 2.606893677981520163e+00
-9.735580547226498904e-01 -3.041508289640100227e-01 3.579977024871769942e+00
-1.018491930972729831e+00 2.033084469704302677e-01 2.848791346027049975e+00
-1.043627902970020171e+00 8.802147390446002362e-02 3.036610204101669819e+00
-8.009648515408203107e-01 -6.845900046979824793e-03 3.082180978128799875e+00
-9.155873194559502881e-01 1.297746552488701077e-01 3.017877764486909697e+00
-8.791294728732703678e-01 1.619975088947698261e-01 2.990279301245149846e+00
-7.784783078018804314e-01 8.648415125197028708e-02 3.110900051145169876e+00
-8.159954280941101867e-01 6.541859997749988054e-02 3.150701808504069668e+00
-9.598899596117702604e-01 1.868821768426700558e-01 2.867313137772249831e+00
-9.821591753612801678e-01 1.306220919593901186e-01 2.956495172514979952e+00
-9.562454575229197840e-01 2.465033788662100989e-01 2.758798852278570024e+00
-8.924514620047199198e-01 1.543234533706501210e-01 2.964668663864889808e+00
-3.472104959008397440e-01 -2.738759975403999292e-01 3.595166128148330031e+00
-3.310153227823902089e-01 -2.562651315703998733e-01 3.623446779171080046e+00
-3.466306649682600050e-01 -2.708039475757997305e-01 3.597606066585819828e+00
-3.343624321072302674e-01 -2.617094303897200547e-01 3.622282562856149912e+00
-3.747493161700303776e-01 -2.211764543537098060e-01 3.675032881238029958e+00
-3.351587713556802850e-01 -2.399830978279100524e-01 3.659200178060079800e+00
-9.906127318465800524e-01 2.512535261855100011e-01 2.755797229904140000e+00
-9.686618371790800541e-01 -5.514315943257698249e-01 3.486192100364299939e+00
-8.947777030846102431e-01 1.513592442821103390e-01 2.926612673429299871e+00
-9.827632539131101463e-01 3.404319834192799377e-01 2.646997186588810003e+00
-7.764109394759401983e-01 -2.970999095810977764e-02 3.045206873599149766e+00
-1.506018096069740464e+00 6.468667380980175352e-03 3.296462291778770037e+00
-2.903166961425098780e-01 -2.364014509752800919e-01 3.688920209708829834e+00
-6.523433123881903217e-01 -1.575712294592896967e-01 3.848268152206910209e+00
-8.612194988728305578e-01 -2.625014229693998224e-01 3.659682344709109802e+00
-1.239128018940080400e+00 -3.557326214892952976e-02 3.551706411775970018e+00
-7.988267689624002355e-01 1.863592353220702158e-01 2.824702669516709896e+00
-7.968761076928598808e-01 1.654429343192400648e-01 2.822781437368239832e+00
-9.222927737335602227e-01 3.321057849372901494e-01 2.515329100296039844e+00
-8.252431766705801142e-01 3.237585942268599304e-01 2.592388739106040063e+00
-1.098695562116300151e+00 -2.939568304958100065e-01 3.426891593345019693e+00
-2.461205282490104285e-01 2.484651834295501516e-01 4.263058925179969982e+00
-2.592732731964197956e-01 2.402956459674701062e-01 4.254555416150750169e+00
-3.488617797088402472e-01 1.918986944770300074e-01 4.199749286268270154e+00
-1.269347645119520029e+00 -7.179908918798005857e-02 3.402685139240249956e+00
-1.094156015630549872e+00 -2.970738504915297895e-01 3.423671034050559836e+00
-6.951156261563202765e-01 5.333267601543500991e-01 2.079568850307389916e+00
-9.776361114133107488e-01 -2.967436102935998576e-01 3.593530976962020063e+00
-6.043635696651599165e-01 5.289196294924398689e-01 2.133565554105190110e+00
-6.225016650704902066e-01 5.876776844559303825e-01 1.985212483963719965e+00
-1.176764756993480487e+00 -2.427620443198399425e-01 3.452994592489539993e+00
-4.992942782807705537e-01 6.286576948426101374e-01 1.912099913904669712e+00
-8.784074446951499748e-01 -1.415831625461700938e-01 3.682455365726740038e+00
-4.114999690647997976e-01 6.449233593614700499e-01 1.855699070245409921e+00
-1.066071851953780181e+00 2.153494898438099714e-01 2.881842350409039799e+00
-7.993852449084897227e-01 7.080602707865013556e-02 3.117645683238279730e+00
-8.129401150124599962e-01 7.175151576973015644e-02 3.149829047732109810e+00
-8.114529530282104108e-01 3.505139985498999522e-01 2.605243258073219881e+00
-1.013458329037949968e+00 3.316577606969799419e-01 2.416084559505240037e+00
-7.472619666252102721e-01 3.827800635721101408e-01 2.413840679380699683e+00
3.834249100197983928e-02 -2.363778785191099630e-01 3.658755772489559632e+00
-6.537249053983800184e-01 3.609233087191099365e-01 2.555766885869640070e+00
-1.178426175685330035e+00 -2.436203701954600120e-01 3.449090198805379703e+00
-5.507577495959801173e-01 2.977795938580301005e-01 2.362211416892099791e+00
-5.159227101716103991e-01 3.478654675389301065e-01 2.347891985224009659e+00
-5.144142410255401199e-01 3.370683198703601224e-01 2.341205840958359818e+00
-6.465947630891204501e-01 -1.185526718199598761e-01 3.861887055420860193e+00
-9.259184151252799477e-01 3.200238810105897613e-01 2.526532720382329789e+00
-1.171446320134090113e+00 -8.819418030543979548e-02 3.518699435441309920e+00
-3.610799022798303337e-01 5.998865530049801720e-01 2.009057201635849665e+00
-9.936825167875598108e-01 -4.446986165977699912e-01 3.415168710581909739e+00
-1.106995888089270741e+00 -1.290054408174396983e-01 3.609230200872969974e+00
-8.501759691493198101e-01 3.795450988400601577e-01 2.464874785658519585e+00
-4.761428103906000242e-01 -3.019545229079101389e-01 3.587415810180520026e+00
-3.684466909383903310e-01 3.112859100717000338e-01 4.149397195851880049e+00
-7.702264584904801037e-01 3.617191350740198708e-01 2.455424711375269631e+00
9.011182241369986023e-02 -1.473505094301401641e-01 3.525878046605130045e+00
-2.419422871265000108e-01 -2.663127440861599027e-01 3.544262249852069946e+00
-8.063056698631199115e-01 2.272990735528699346e-01 2.678531672378549722e+00
-6.872318085473103633e-01 4.048579038790101059e-01 2.394819670251999710e+00
-8.928120012127502836e-01 6.097964115315201994e-01 2.134949862871660109e+00
-5.354106483032301522e-01 3.654838370280000248e-01 2.480649672020859953e+00
1.709877242903099503e-01 -2.743920603241898348e-01 3.559856535561960023e+00
2.714677030712098205e-01 -2.450773394219398771e-01 3.554403055419059765e+00
1.068484548979495852e-01 -1.974540720210098410e-01 3.580133781986719832e+00
-1.890248422867000233e-01 -2.621396025175299904e-01 3.589111501958509809e+00
-3.241713802225103525e-01 4.424686121186303112e-01 2.301078540765559843e+00
-4.816647763013899297e-01 6.740479373397101348e-01 1.861303388013859639e+00
-5.194700105332901163e-01 6.710303757013402759e-01 1.814931713621599885e+00
-3.764931542069998027e-01 5.878259724627801219e-01 2.015788329932539646e+00
-3.655672217703702653e-01 5.681866017856700424e-01 1.827215990939949908e+00
-3.385821549099905514e-01 7.910540247460602359e-01 1.679236540573759928e+00
-3.508091385246199234e-01 6.172142929352100182e-01 1.857108301903969805e+00
-4.060943722866803274e-01 3.704858286031000869e-01 2.302668955576309795e+00
-3.768496703293402472e-01 3.603810114741801129e-01 2.269659163457469653e+00
-9.802615240910601546e-01 2.878212239965101116e-01 2.730585485075949670e+00
-1.238167149671960177e+00 -6.370251767835988232e-02 3.542152467077639866e+00
-1.166565414766510100e+00 -2.554669670509299717e-01 3.430443718676179810e+00
-9.451986273803500982e-01 3.000280867135995955e-02 3.123442318802979845e+00
-7.925193257009202075e-01 -2.326987829250004580e-03 3.080473657390789821e+00
-1.496890178339849831e+00 2.816337663156032178e-02 3.273179495790279780e+00
-8.091308840115700729e-01 -1.572176087847987347e-02 3.084637246578449954e+00
-9.730114106460996393e-01 -4.693124679041198455e-01 3.383334057006189610e+00
-1.005582155892340124e+00 1.718619350665897549e-01 2.889737549766999702e+00
-9.199414914440000590e-01 1.576937194144998333e-01 3.020600071140299825e+00
-9.964157150234498328e-01 -5.210305945938099592e-01 3.372588514399919912e+00
-7.941620338544901347e-01 3.766363498471991811e-02 3.109852423432390101e+00
-9.960921732839504994e-01 1.355284795782498719e-01 3.005520451960599804e+00
-7.951267920895304098e-01 8.116595074791010944e-02 3.138965424015689898e+00
-1.204259590783200329e+00 -6.393029608459999125e-02 3.481981243162399764e+00
-9.074571755159499542e-01 -4.122224715827300656e-01 3.271489625858409855e+00
-8.163880290433602749e-01 -6.590387962262989063e-02 2.759408273123029609e+00
-1.045505671049030250e+00 3.891584925421098795e-01 2.630915330000089813e+00
-1.453883688633339721e+00 1.314228174606002497e-02 3.289027945682309717e+00
-1.237690708121109706e+00 -4.311224219499010246e-02 3.551030212296749866e+00
-1.185541469431760087e+00 -4.357902062565988111e-02 3.347345682026389824e+00
-9.951159658156603083e-01 2.012234964924104474e-01 2.841133041303849804e+00
-4.546541105064403343e-01 -2.591638683158896672e-01 3.759313867579409774e+00
-4.490394531153005797e-01 -2.602083291044796631e-01 3.758514027913760103e+00
-9.258164216058399898e-01 1.954701933656302071e-01 2.848642972150170039e+00
-4.258749234162400032e-01 -2.547564798141299658e-01 3.743996791321190010e+00
-1.216218492704719933e+00 -7.035819300321999314e-02 3.486385491245830082e+00
-9.420964322890801323e-01 2.255062409131001200e-01 2.794712786340059818e+00
-4.149808219184698554e-01 -2.464331937303700926e-01 3.731694234019379941e+00
-9.982582734878400199e-01 1.274909525723000314e-01 2.964206742964079933e+00
-9.774427353327899137e-01 2.250765540078303317e-01 2.777534625844969796e+00
-9.062239317121101312e-01 2.013566998550999632e-01 2.814140522148419699e+00
-6.062853108683199377e-01 1.768370784900099579e-01 4.004914650094970163e+00
-8.911471707474001303e-01 3.690107595029501475e-01 2.661174689672499927e+00
-2.242461951789700425e-01 -2.914798820382498157e-01 3.687436681496190083e+00
-2.609924199859301464e-01 -3.048596880796898834e-01 3.685852632395439699e+00
-2.896000696777398797e-01 -2.619301542305398911e-01 3.691073238887309760e+00
-1.003066311963760393e+00 -4.329470283258796126e-01 3.431393125213179740e+00
-2.906926702840302301e-01 -3.278397138938400346e-01 3.646714749953489765e+00
-8.325457189620404375e-01 3.398162290077402226e-01 2.645477164466000009e+00
-3.263408048770399805e-01 -3.318914475868498526e-01 3.629991723477179910e+00
-9.690589409246299635e-01 3.210413202938600108e-01 2.578694490838789655e+00
-6.666499325295902612e-01 4.366626491996299375e-01 2.616210547733719860e+00
-7.459015079727102648e-01 2.160145258861096984e-01 2.770211067750049772e+00
-2.826712874754300220e-01 -2.939408846759798966e-01 3.616920930341020135e+00
-3.288979722886400392e-01 -3.153988310042001864e-01 3.611887800644329793e+00
-1.045203545804910261e+00 -9.823449531414985003e-02 3.532443728476919897e+00
-8.727485566956001417e-01 -3.845719684919901571e-01 3.198764390897129939e+00
-1.371819087636810375e+00 -5.593960027863986717e-02 3.486961342039600176e+00
-8.794859901353901943e-01 -4.119962193616900636e-01 3.187842998893109847e+00
-1.219260093074739926e+00 -9.180706323095977339e-02 3.434948937905849764e+00
-8.982655367243899125e-01 -3.853761394565100584e-01 3.246868385681299873e+00
-8.768331843393102343e-01 -4.111640665642999348e-01 3.189622336280419912e+00
-1.491668694758190084e+00 -2.331521675059899934e-03 3.427221758586549871e+00
-8.713573080707701646e-01 -3.826563191070597725e-01 3.198011857514710066e+00
-8.733484361448204947e-01 -3.850241771421498704e-01 3.199570083969189849e+00
-9.719595853724103396e-01 -5.782290849271898292e-01 3.473931722311800030e+00
-6.557396290753001455e-01 4.131226825790998980e-01 2.325408161479749936e+00
-3.966046155396900641e-01 5.713724910267401480e-01 2.046128527571799971e+00
-3.483046399332903054e-01 5.840540073248003949e-01 2.041505502246879544e+00
-2.979434113446102206e-01 2.472637756815099230e-01 4.266120283216599418e+00
-8.004689303169800763e-01 1.009246433835402357e-01 2.824862724549880078e+00
-5.721900367809500398e-01 6.353776884386999058e-01 1.928837631460199820e+00
-1.093115613194180158e+00 1.393469541764003061e-01 2.996168086187310120e+00
-1.102596271090310109e+00 1.694778708085702412e-01 2.946812198592629883e+00
-1.430186227330770388e+00 1.016408079435038303e-02 3.302394332194690030e+00
-9.345669712651905048e-01 5.185933421552999523e-01 2.265468640332479744e+00
-1.246101785596670064e+00 -7.909936431989006422e-02 3.389584522367619979e+00
-1.237398179314750157e+00 -6.151595372675999762e-02 3.546066509198070094e+00
-1.113000157690300140e+00 1.386602304093700333e-01 2.996512930353209647e+00
-9.294524535523602804e-01 1.752380431371700631e-01 2.888552350456929929e+00
-1.267788065035379885e+00 -6.686090759566964969e-02 3.362740676169649667e+00
-8.991481349627903352e-01 8.533591915571991926e-02 2.919837409995839739e+00
-1.441130600548710339e+00 1.454212973876023440e-02 3.321723659599449707e+00
-8.713270979149700945e-01 -3.494844950947401108e-01 3.610991048550969751e+00
-6.814610817272603871e-01 4.969953137750899863e-01 2.167732217568040021e+00
-1.111607667634220364e+00 1.525957304707501461e-01 2.996016288286639906e+00
-1.242155802273820386e+00 -6.418083307586974762e-02 3.356631709269029873e+00
-7.967956876565700508e-01 1.728895741093401384e-01 2.883889547662660036e+00
-1.014884461017730333e+00 -4.074864524429397949e-01 3.515513925775290094e+00
-8.488849369346198603e-01 -3.421114979923499666e-01 3.610917821961939556e+00
-9.222847027224296834e-01 3.378041999765599712e-01 3.917703713364839579e+00
-8.020573284168299732e-01 3.516285375755501263e-01 2.454860619611759720e+00
-1.252425114462750289e+00 -4.469160521900006344e-02 3.356216986443500083e+00
-1.018064971024270404e+00 -1.573917556501600590e-01 3.579476239811959726e+00
-1.164730611124689785e+00 -7.705689286279993055e-02 3.413786946098279707e+00
-1.113832828141209985e+00 1.018142865517197571e-01 3.078064515025679793e+00
-8.807866045735204263e-01 -3.517385825772797459e-01 3.238727924464050112e+00
-1.210954514801809934e+00 -9.322186196934012514e-02 3.379704856921249778e+00
-8.822251558283904505e-01 -2.099945889946299715e-01 3.669301344329539916e+00
