-6.746602508167010015e-02 2.171499128935598932e-01 2.089956187308720015e+00
5.799892368797987530e-02 1.311006147471971417e-02 2.348240863150800273e+00
-1.248104180352201942e-01 8.110113064886981249e-02 2.147983794141800296e+00
-8.046694614115024180e-02 2.900323619005202858e-01 2.000425346731760090e+00
-8.764848172587003106e-02 2.848365985257403921e-01 2.002438482914160378e+00
-8.054513581850009096e-02 2.932535408022096668e-01 2.003138687050280087e+00
-6.991531907630132991e-03 3.272364600641304300e-01 1.930146259032600398e+00
1.771134515630999884e-01 -1.425946897318599582e-01 2.247278201855120283e+00
2.438848579836999653e-01 -1.872377972649899025e-01 2.213401755811880367e+00
6.618863298794985806e-02 -2.409879692603098533e-01 2.216448367956919796e+00
-5.099965584657700779e-01 -1.964908863526195759e-01 2.095393510892480382e+00
-5.072611287004701319e-01 8.684041552663002150e-02 2.178861845676280495e+00
-5.058116958607602465e-01 8.560574408756993492e-02 2.180357182782280301e+00
-6.661691152599601429e-01 3.873872395562698578e-01 1.286850092990679872e+00
-1.536940401943998058e-02 4.603478356746197875e-01 1.658653403619040123e+00
1.342006356499199082e-01 9.279986839962983680e-02 2.327378702407800315e+00
-8.265947184603200659e-01 -2.325097140919201166e-01 2.346339304939680126e+00
1.268604284018798323e-01 9.437508046603992895e-02 2.317213079066160475e+00
-5.087857054134602430e-01 8.989901543188949518e-02 2.180876485003240273e+00
-3.681704407449700733e-01 1.933864429292797560e-01 2.243461101049680551e+00
-1.092227545863999616e-02 3.688260844577300190e-01 1.835825987306920482e+00
-7.175316836549999744e-01 3.335937602432599292e-01 1.277468369222479971e+00
-5.251167902958201461e-01 2.922698597391200082e-01 1.489058471644000292e+00
-8.267240972600009563e-03 3.289215786366797012e-01 1.933026920551040639e+00
-3.723373413538301202e-01 3.159432699005502165e-01 1.976670509657560082e+00
-3.735327880144599932e-01 3.182332800306300058e-01 1.977829121578760230e+00
-7.499310494704899410e-01 9.353888470838001012e-02 2.424485451227920585e+00
-4.187076234989400847e-01 6.701288407774299571e-01 1.431500039336520480e+00
-6.548737604021802605e-01 5.719695407946203680e-01 1.345946562112720457e+00
-1.710070627943000021e-01 2.155860978646897408e-01 2.099352473145720488e+00
-1.102396419608501210e-01 9.101619163384011557e-02 2.148419522523920211e+00
-3.477590639083701918e-01 1.052779432884003441e-01 2.291526127105840249e+00
-6.737983555196301877e-01 3.907847631922698461e-01 1.283505248312120539e+00
-7.383897629170003141e-01 -2.306947272387604997e-01 2.332712569589920459e+00
-8.246141512097401316e-01 -3.490590707057972253e-02 2.247259324917040502e+00
4.705965274873991078e-02 -2.207016371751202577e-01 2.177431817102960299e+00
-8.386046940824010143e-02 -2.213081713385198768e-01 2.145116039928720131e+00
-5.967151040985901878e-01 -3.955412489163503409e-01 2.197192486353880092e+00
-6.527011643952801423e-01 5.721692830089097903e-01 1.347957641139240437e+00
-6.105050718603600712e-01 -5.180694150053000158e-01 2.546254952952320405e+00
-5.001440435711400623e-01 6.107171174502998845e-01 1.342061084621280376e+00
-8.088857072274800997e-01 -4.411799815080597043e-01 2.242487426982080034e+00
-5.984320654708800147e-01 -3.968181397142300781e-01 2.316810306018520116e+00
-2.955749153123602424e-01 6.163942839779599225e-01 1.577112735487600226e+00
-7.441868205821101645e-01 5.420071778534203411e-01 1.429529201291680263e+00
5.014130468201599689e-01 1.371209860291697780e-01 2.232024158839640116e+00
-1.015064460212840025e+00 4.314285077773898358e-01 1.803944568350600353e+00
-5.853210636370201891e-01 -2.709500091123799859e-01 2.296925751960800177e+00
-5.123392146094100097e-01 -1.958156056243502974e-01 2.098809275472920177e+00
1.408034998629300594e-01 4.832323989020901323e-01 1.703387697463560446e+00
-2.559014781560401408e-01 5.920119630156697177e-01 1.630186768034040057e+00
-1.216504563325401245e-01 6.990756417813992485e-02 2.157945955423199891e+00
2.218969430341988236e-02 1.787191401287797632e-01 2.184777434306000021e+00
1.799217590033799219e-01 -1.491904092488303135e-01 2.244907142835400382e+00
-2.264915045963999951e-02 3.649984982510998677e-01 1.835565243737680152e+00
1.503132866425498371e-01 2.932994209543102748e-01 1.906408463508680207e+00
-5.896142485396401733e-01 -2.742638603473896985e-01 2.292817341234760331e+00
-8.279266145507701014e-01 -2.778071537254400702e-01 2.321540988423920204e+00
-4.117083173601999713e-01 7.723913508548299056e-01 1.541512058279640218e+00
-4.743407288780600028e-01 6.293651527026193904e-01 1.411208026745680577e+00
-5.328855413763901039e-01 2.946031139816103206e-01 1.445054526939960393e+00
5.825777651529984169e-02 -3.126137831744300044e-01 2.139348186218360315e+00
6.702148381107997377e-02 -2.696558364731398427e-01 2.154655321525520417e+00
6.565791723138991731e-02 -2.704040302371297777e-01 2.152422891078280109e+00
-1.014496527876210141e+00 4.300167730118795717e-01 1.812567317715760407e+00
1.965790775027999038e-01 1.295720318850999142e-01 2.206648979352800133e+00
-5.094633132631002370e-01 -1.922640019437995562e-01 2.086166241777600128e+00
3.370889903881199023e-01 -2.712155446639696876e-01 2.138708693471000011e+00
4.870228426464984217e-02 -3.577718453064102633e-01 2.085302785876120168e+00
-5.318267473560202019e-01 2.883936204255799218e-01 1.456465056150080706e+00
-5.806196785396399163e-01 4.846237050330097773e-01 1.381571564730360357e+00
-8.009264158499301844e-01 -4.745646977595985305e-02 2.265194904978480750e+00
2.601358889854099576e-01 2.510959569910600209e-01 1.981902404444560339e+00
-5.838318307221900261e-01 -2.289324573439901478e-01 2.320365280792760387e+00
-5.694154034349302451e-01 -2.166033666322297879e-01 2.314464278369320116e+00
6.968854250098499570e-01 2.789185351951002367e-01 2.137088389795600119e+00
8.436163079121399289e-01 1.885788445866496410e-01 2.078296719847720020e+00
2.104727877953098680e-01 3.651166809839301308e-01 1.810954170232920379e+00
1.802565072819399816e-01 4.653083299933897798e-01 1.672443332611639910e+00
-6.493793338603400800e-01 7.261727066862904145e-01 1.488386013432200450e+00
-7.279805273192500037e-01 3.380950094682200202e-01 1.267667282685760899e+00
-7.165470657147700040e-01 3.002145491046102066e-01 1.310060090168520208e+00
3.094625235242899342e-01 2.963721389284699193e-01 1.842631250249880281e+00
-2.669899054278001005e-01 5.265879319069397546e-01 1.603928550607520265e+00
2.245627724239098733e-01 1.342572455970798551e-01 2.187016192368320233e+00
-5.909853610078000807e-01 -4.162222058703899386e-01 2.242063319571080182e+00
-5.934827407809600830e-01 -4.206217302785302259e-01 2.257248613256680247e+00
-7.445994096672402529e-01 -3.362336699902697124e-01 2.290083229442920310e+00
-5.981340440746601983e-01 -2.783905872512095758e-01 2.290847551476439925e+00
-7.396657528019702221e-01 -3.256297710521001143e-01 2.280456514453040207e+00
-8.275823340486397894e-01 -2.769575560547299364e-01 2.325191461307640317e+00
-3.781282827131803304e-01 7.589628419231306822e-01 1.556919752266200163e+00
-6.738217837676899746e-01 3.887256159812397804e-01 1.278271591414400277e+00
-8.287743572196203390e-01 -2.338651913516500702e-01 2.345211204021640405e+00
1.710620859157599982e-01 4.686155250958901064e-01 1.652553525067800066e+00
1.562160263045299091e-01 4.525522939323902705e-01 1.686237507151960191e+00
1.623261274382700181e-01 4.581564296868800845e-01 1.661413686365199815e+00
2.331886672032699170e-01 4.732986287394198577e-01 1.641765706330320373e+00
-9.520635911945699581e-01 7.063610809965705783e-01 2.008700476432200066e+00
-9.478361803095499694e-01 7.027133117730799405e-01 2.018317673678240443e+00
-9.898268716087604835e-01 6.435270178156300425e-01 2.415150439358360046e+00
-9.936511088397100844e-01 6.478729105285303547e-01 2.428295680227160247e+00
-8.393201377573101807e-01 -2.632131960019801209e-01 2.369563853927280306e+00
-5.720364770430802492e-01 4.411119973899699787e-01 1.353179633432520568e+00
-7.489482086230799807e-01 8.134348382730971494e-02 2.502844420628840272e+00
3.157346503050799669e-01 -2.590775013164698937e-01 2.101507904503880475e+00
2.150129384862798920e-01 -2.079469471760599930e-01 2.125304106787760272e+00
2.427856805297399223e-01 2.504905699876598391e-01 1.926888693788000317e+00
1.468454849518699978e-01 7.717720024192895600e-01 1.762466960676280170e+00
5.129931957194799885e-01 3.819708146847098362e-01 1.768283412985720560e+00
-9.120064534061499417e-01 2.125635358443500600e-01 2.266876981399400304e+00
-5.567409815664799977e-01 4.030357438202996079e-01 1.368341401600960516e+00
-3.130541143718802433e-01 6.589691726634900881e-01 1.580449294126280435e+00
5.804350427727199557e-01 2.067460379861798536e-01 2.112686399078400168e+00
-8.958061247520500148e-01 1.266097285933698302e-01 2.333487415779560425e+00
-9.858920431664200956e-01 6.401562832000200487e-01 2.393179495646800437e+00
3.103295182507299632e-01 -7.336318729775026526e-02 2.174769238585640085e+00
-8.298609827315300835e-01 -2.666793021506299599e-01 2.329206880041720495e+00
3.065715629097498507e-01 -1.140521222822798997e-01 2.339741779549360245e+00
-7.442292943998202182e-01 5.362834369908697774e-01 1.417827412820999999e+00
5.067968434880999462e-01 1.232845431046198925e-01 2.172877083122560116e+00
-7.359616210100398126e-01 1.054894778399599886e-01 2.355669631338960457e+00
1.792364393558399938e-01 4.849448016455095711e-01 1.674964983073000457e+00
1.821747258538298775e-01 4.656860039503403215e-01 1.670101746669359954e+00
1.609810027145799349e-01 4.580357556272098840e-01 1.655261509307320189e+00
3.358593024290499329e-01 1.985524921604975290e-02 2.287741810729000402e+00
-8.361537664091601707e-01 -3.292272256083994542e-02 2.246779792921199892e+00
3.938627416016299843e-01 3.505818051184501627e-01 1.722035027406440211e+00
3.062038521231799648e-01 3.307365955619601117e-01 1.750178011181120041e+00
-8.350871967340302016e-01 -3.341391704433949172e-02 2.246671840017840260e+00
5.190387319414999645e-01 3.828130680346997217e-01 1.787679630395600405e+00
3.329435367595898754e-01 -2.199543430976602654e-01 2.176553826461840035e+00
3.442332033989599083e-01 -9.233812241891969919e-02 2.238654834516320413e+00
-1.900756229532999386e-01 2.157949478707896773e-01 2.084686007384520590e+00
7.182188577762099735e-01 1.069492718644359908e+00 1.908718085062560466e+00
8.318618699738199451e-01 1.863003967681198247e-01 2.068467913962320104e+00
-6.509392450298300270e-01 5.717726666724498585e-01 1.349052570479160273e+00
-2.580500216639999289e-01 5.960708348760697106e-01 1.621961539020360554e+00
1.180550341564798877e-01 1.036801996533003312e-01 2.293135103733439983e+00
-4.978251890975301519e-01 8.107800971119960565e-02 2.185327905177360197e+00
-1.011459383504860199e+00 4.314778013671105583e-01 1.800517312998600072e+00
-1.009720249598249797e+00 4.285721906162001105e-01 1.782313023254000317e+00
-9.527681654678902268e-01 7.080561650918402172e-01 2.017114840682000310e+00
1.262302335054299451e-01 1.045037550539010152e+00 1.976241193881720370e+00
