-1.297970457715909687e+00 2.107241666988703965e-01 3.178632639460760245e+00
-1.263342297228880140e+00 6.573793441588016151e-02 3.232898072409270185e+00
-1.385956818243649691e+00 2.765927872920201924e-01 3.140951996513950295e+00
-1.396740531341980285e+00 3.285521000865907482e-01 3.045679719450910206e+00
-1.684699757632239558e+00 1.511183411324299453e-01 3.451160624127290077e+00
-1.494787033461109749e+00 -4.246949515260012298e-02 3.517423587744270108e+00
-1.437025511703939662e+00 5.577718869153995840e-01 2.723657486573849873e+00
-1.536348826569579940e+00 6.470836725838013948e-02 3.501815700490380046e+00
-1.306804732618220166e+00 3.627013597103705411e-01 2.949501253557540004e+00
-1.065662534805569939e+00 2.738459481820698649e-01 3.027537655915380377e+00
-1.220092551116369828e+00 5.829460786911901948e-01 2.531780762335849921e+00
-1.209975380937179823e+00 3.099923948980602972e-01 2.998670264701120303e+00
-1.238585388738599802e+00 1.248369639361102124e-01 3.402084117611639869e+00
-1.475958678296289461e+00 3.639765596905997214e-01 2.989902878699030264e+00
-1.395935203600379593e+00 3.298735080487198434e-01 3.048900061012639995e+00
-1.604566748506859986e+00 2.122682933161201824e-01 3.328510987405070232e+00
-1.626332355930399709e+00 4.290065943084009348e-02 3.637629329716990156e+00
-2.296262535042419728e+00 3.507429321261801292e-01 3.124701343395630104e+00
-1.603367920862469598e+00 1.265014983645802449e-01 3.431094380613739947e+00
-1.371869988593670042e+00 1.735110181769001780e-01 3.264680807310570199e+00
-2.300965600405599609e+00 2.919222267465699794e-01 3.229743927892980260e+00
-1.345517298540679585e+00 4.256150629081303371e-01 2.820097472646950099e+00
-2.303577582260610157e+00 3.318302712661700404e-01 3.131415543256140133e+00
-1.015626733940300008e+00 2.218575681154699719e-01 3.031219191187060069e+00
-2.299132940556539495e+00 2.923816218372101705e-01 3.229909035641529869e+00
-2.261233949091939976e+00 1.664678286685017383e-02 3.159931628351250410e+00
-1.274570614625039733e+00 5.269221628823097525e-01 2.662235565566150264e+00
-1.433102777236159975e+00 3.318784984905702728e-01 2.999091154913689827e+00
-1.279425972277969725e+00 3.686539505544101925e-01 2.807404259063300156e+00
-2.321300197431840573e+00 8.583204144347011955e-02 3.075135925989090246e+00
-2.259658208358599651e+00 1.835730581418000273e-01 3.288770108378270329e+00
-2.105733224267200221e+00 3.356373383978301650e-01 3.435328278834770099e+00
-1.598753141304639636e+00 1.303577668262700939e-01 3.434183285339260205e+00
-8.705482117493501537e-01 6.460371001252198653e-01 2.289921906783160210e+00
-8.734285274738302629e-01 6.413538181211499989e-01 2.295744551840570136e+00
-8.542853001008998692e-01 6.426124199630400824e-01 2.296011396625070144e+00
-1.532850643835869997e+00 7.260232576107039648e-02 3.499829657352059975e+00
-1.466760300511579684e+00 5.408144956031399886e-01 2.722103698074000100e+00
-8.580021988087398466e-01 7.385311589909098196e-01 2.161580668192800037e+00
-8.361440473320900235e-01 6.459942228908004402e-01 2.298766930609080106e+00
-6.856517471613601256e-01 5.196820267079402811e-01 2.496815262105560151e+00
-8.809534071568598801e-01 1.116778888362659927e+00 2.242577862389619980e+00
-4.672884357779900633e-01 8.661518136183703476e-01 1.970611731350540241e+00
-1.477191897820229860e+00 3.553521653471303221e-01 2.999400161643480445e+00
-1.932787633215559575e+00 1.010221904148598249e-01 3.600519159860069873e+00
-1.306269488170599624e+00 2.085886350460901539e-01 3.175259081605170230e+00
-2.328056256169150018e+00 9.515561290079976864e-02 3.052683994829950009e+00
-1.333707584863030204e+00 4.232937029231003123e-01 2.839643248058179914e+00
-9.136529639100900990e-01 5.940312835790204637e-01 2.383779613299880307e+00
-6.835274673578897175e-01 5.245926904945901192e-01 2.492782121672150186e+00
-2.272183034893819453e+00 3.868053743785981879e-02 3.219655241347390007e+00
-1.223528277407839537e+00 2.996875005236203648e-01 2.996751514270580508e+00
-7.260557184630902494e-01 3.690483892640203933e-01 2.782042436719930123e+00
-2.297587517723959749e+00 4.190444577776997193e-02 3.145001122853010145e+00
-2.302055414049060111e+00 5.662712044383022558e-02 3.118304598603319988e+00
-2.242516559861130077e+00 1.971234168418900534e-01 3.295297847888229992e+00
-8.544645330155697938e-01 1.427085453641689927e+00 2.351605767908670153e+00
-2.307219926354960648e+00 2.895153872118405580e-01 3.003630354716570139e+00
-8.356357486169903037e-01 2.939856951978003785e-01 2.822588117600699942e+00
-9.681830207324699789e-01 5.650895342250503717e-01 2.408594378995230212e+00
-1.935880501984579949e+00 9.918379020535006418e-02 3.598654316569040112e+00
-2.230019793272179918e+00 1.683465107585899734e-01 3.310466028924309967e+00
-2.194402561368169913e+00 2.336282912559402014e-01 3.355438814396120240e+00
-2.195208579247359459e+00 2.347420668468900296e-01 3.366094404747130397e+00
-1.270390237609439810e+00 9.503936169222804153e-01 2.475708270610230244e+00
-1.149624432245470063e+00 1.020305931313150172e+00 2.440690485786930264e+00
-1.012161349125139997e+00 7.939531880173205103e-01 2.166276016743780009e+00
-2.157615731085150479e+00 5.011203997837032631e-02 3.234405321199630201e+00
-8.560173867935001457e-01 5.647003800442900179e-01 2.403457766809790286e+00
-2.247239604526399148e+00 1.150282255295032030e-02 3.182220193078419967e+00
-7.395690914916197567e-01 5.116668373534003500e-01 2.502907275989300295e+00
-2.278850859724329325e+00 3.809618105425298662e-01 3.119354135361210201e+00
-9.216993826378494514e-01 1.517062590898389907e+00 2.281064314422819983e+00
-2.329651296836660279e+00 1.162199826172303219e-01 3.134777132546630263e+00
-9.709448971937602035e-01 1.462873645559199964e+00 2.297179297933640285e+00
-4.311358892755599026e-01 8.882422396255700292e-01 1.949109443735330238e+00
-2.311032223267550201e+00 1.744895779663502289e-01 3.248775650901060352e+00
-2.260518854761630614e+00 3.232274999828503859e-01 3.077329003814010200e+00
-2.307843141111619367e+00 3.511394028195002903e-02 3.195290568815160270e+00
-1.927219360820300098e+00 8.174872748701966785e-02 3.594581093388939941e+00
-2.335489721976319544e+00 1.514606425581599414e-01 3.156118990453080198e+00
-2.172180390308120046e+00 4.269747708790205820e-01 3.050579136939120417e+00
-2.297733491933049876e+00 2.970056341051701132e-01 3.229414940820020341e+00
-1.394783569177260096e+00 -2.695760793766497354e-01 3.286135846787120229e+00
-2.331760939217930151e+00 1.238449941818597910e-01 3.136362882071439984e+00
-2.262503711141490292e+00 3.149232053567052603e-02 3.134697735943770436e+00
-1.462692514098549834e+00 5.356450214866299575e-01 2.710391932115430169e+00
-2.336724749221149366e+00 1.319108376936901639e-01 3.049522839213370418e+00
-2.302460370022860303e+00 3.855725178355995375e-02 3.143954820090899993e+00
-2.341001350650549817e+00 7.779733354061035833e-02 3.184209125178260269e+00
-1.196627646087729646e+00 3.313872734219303062e-01 2.982411841221050075e+00
-1.322622161520279560e+00 4.992095008937598166e-01 2.680993273270249944e+00
-1.556338249753869585e+00 9.989953664732600380e-01 2.399761976375089922e+00
-1.557797886065959814e+00 9.963065048306898319e-01 2.396616871651690239e+00
-1.533277155003790027e+00 7.003541983757033407e-02 3.500828572146680084e+00
-2.191199999919829722e+00 2.103431724110103040e-01 3.351217252811520275e+00
-2.070375211124909853e+00 2.484472184905497372e-01 3.454223086249760044e+00
-1.257123968955740301e+00 1.115207080807170126e+00 2.384342336346720437e+00
-1.139199792227950203e+00 3.402768793317803020e-01 2.879320212297500348e+00
-2.184322831869699222e+00 2.130872673392025796e-02 3.204163772008490341e+00
-1.200355766805029978e+00 1.050843454986970293e+00 2.207347750343860326e+00
-7.847249435966003883e-01 3.790701294600302695e-01 2.570706713376300190e+00
-2.315923638970290632e+00 1.394509570820499089e-01 3.106100163661059899e+00
-2.127827055553999536e+00 2.400595626133505966e-01 3.424195884103319987e+00
-2.223510923762719749e+00 2.060713146973003340e-02 3.294461844828380226e+00
-8.623724376277996928e-01 2.577496487378199141e-01 3.006188818601239987e+00
-8.451795952864500361e-01 7.426590655264599938e-01 2.153671569028060340e+00
-1.917420270703479757e+00 8.610967550302017770e-02 3.596752975423110232e+00
-1.969126019299419772e+00 8.260694916230026941e-02 3.653123748069440069e+00
-1.037669801839859796e+00 1.135725539276100093e+00 2.058706355474450245e+00
-1.536881110284489926e+00 7.672898209060985408e-02 3.558054867940940280e+00
-1.469582100622459420e+00 1.052514654247602710e-01 3.413867455242560300e+00
-1.502448806064289988e+00 1.869295158418202707e-01 3.294130028440469982e+00
-1.321264226550460164e+00 5.041655381707044192e-02 3.345958070981580157e+00
-1.952477252438509892e+00 9.967870900656801147e-01 3.257788100226610251e+00
-1.951940856186280326e+00 1.000273789170510685e+00 3.256124376961840206e+00
-1.255819836008009949e+00 8.102326985223973210e-02 3.223797612769300436e+00
-1.945969753178270478e+00 1.025120832675030513e+00 3.192177059984640408e+00
-1.013146234042759941e+00 1.706741910608899904e-01 3.161237025960520253e+00
-1.138274285967379784e+00 3.416132112851300029e-01 2.885527852781140101e+00
-1.410675522448209707e+00 2.668847694398057691e-02 3.382694607787549934e+00
-2.295076945000690039e+00 6.918696211231023518e-02 3.102221619171870337e+00
-1.248514753765139984e+00 -4.190353472629992915e-02 3.173561324293840080e+00
-1.248865592198560082e+00 8.122436201819027701e-02 3.224006343537889840e+00
-1.261307138308550124e+00 2.346292486124097465e-01 3.161357480864430247e+00
-2.327238129529369814e+00 1.589885887021100785e-01 3.073893990116410180e+00
-2.224460612964610284e+00 4.834944830930165693e-03 3.260300339639570222e+00
-1.373075428969180445e+00 3.850501000443302679e-01 2.793135331161550106e+00
-1.298556650623519770e+00 3.462785609093499417e-01 2.917028876969780082e+00
-1.373203653261199753e+00 3.429490774977599354e-01 2.954406919165050383e+00
-1.173548044468279761e+00 2.063283590521605149e-01 3.202959653416580288e+00
-2.195487624957640271e+00 2.311480524383899837e-01 3.356206754744330389e+00
-2.278343669989149944e+00 4.806819429729980442e-02 3.120936997722210116e+00
-8.991148732710205760e-01 2.796885620896902847e-01 2.775988051410140045e+00
-1.049275426147509682e+00 3.615772312715201942e-01 2.767204724858640219e+00
-9.166892561927799665e-01 5.926062988049798363e-01 2.390408710148190341e+00
-2.291948563227410141e+00 6.281114211747995668e-02 3.106254374052260125e+00
-7.036012555174699923e-01 4.473739670755398912e-01 2.549165856578019973e+00
-1.417809156308889262e+00 9.260156738217197869e-01 2.487897043190360424e+00
-1.169742221886059808e+00 5.812607073741302699e-01 2.434753680778459994e+00
-8.594961900641402419e-01 2.643315829326102762e-01 2.998565403746439983e+00
-8.279365360773398574e-01 2.746918289515603018e-01 2.995047208161420116e+00
-2.196828747219999656e+00 1.511140724537995972e-02 3.169705967775549915e+00
-9.935422329079599546e-01 7.983602173954800207e-01 2.093669989208589932e+00
-9.414896347741803506e-01 8.340729149853007840e-01 2.068483367277320184e+00
-1.058828560322850221e+00 1.005232059822739998e+00 2.080435734408240478e+00
-8.818768875219802350e-01 1.121353348293349761e+00 2.244947413823020099e+00
-1.097014228050089857e+00 4.531298809286701257e-01 2.629737461111210095e+00
-9.928019252213096113e-01 8.097011396246394099e-01 2.175768842509159917e+00
-1.493922222038829739e+00 -4.000225105122989788e-02 3.513580768143020006e+00
-1.167472426772689920e+00 1.986897285120801104e-01 3.173769474204370056e+00
-1.128024155821089947e+00 1.916131905555302772e-01 3.172003896087550068e+00
-1.206055004237609696e+00 1.934786464906803616e-01 3.203527880443700404e+00
-1.592180765985589330e+00 9.572298813840895981e-01 2.429227351068660390e+00
-1.550749017860139967e+00 1.005614335279610305e+00 2.379189711182240430e+00
-8.987558529465100587e-01 8.918367313568307253e-01 2.333010207084559973e+00
-2.069891045630989801e+00 2.471256263487302540e-01 3.454139676097140121e+00
-1.224926022852799834e+00 1.148475764994429937e+00 2.370634414767920362e+00
-1.673360486794549962e+00 1.602457692556802371e-01 3.433663620250680282e+00
-1.286677956278549972e+00 2.133950390405801034e-01 3.182408039686240198e+00
-1.148949083655609771e+00 5.098118375053402040e-01 2.566804234456609990e+00
-8.727779617733200102e-01 2.887275486372304911e-01 2.765470993345330086e+00
-6.520279553694099395e-01 1.206471902582550104e+00 2.081740660914220165e+00
-1.562967123483960163e+00 1.142588449071470169e+00 2.453962767383730093e+00
-1.545177653419609998e+00 1.011429335091380111e+00 2.391227341929370365e+00
-2.274527982197859899e+00 5.105611999938997059e-02 3.221977491054990317e+00
-1.070398396086160053e+00 9.924702131051499343e-01 2.088699413924700377e+00
-9.436821425623700410e-01 8.279229476207903282e-01 2.044397989359730161e+00
-2.072958653984930066e+00 2.506499377947100093e-01 3.458269873504610015e+00
-1.150565053798530135e+00 1.066494283775240248e+00 2.182717779031830396e+00
-2.290597589727929595e+00 3.589598941735201443e-01 3.128513692809680169e+00
-2.096002654287559608e+00 1.769807794957201086e-01 3.513686372820060022e+00
-9.187047104609498138e-01 5.926293477821600320e-01 2.390243265609590217e+00
