-1.096336226961809990e+00 2.973634951161703288e-01 2.716851575824040133e+00
-1.093802500265489863e+00 1.498904665857099250e-01 2.775247987304980235e+00
-7.439978321271301098e-01 5.954315751464098749e-01 2.193158591216090247e+00
-9.574944829668499136e-01 3.807481808288495362e-01 2.565807085260890297e+00
-1.140277772104280052e+00 4.240872341638597387e-01 2.564124168930050018e+00
-7.470059106126398785e-01 -4.905737433720247509e-03 2.692619198383340517e+00
-1.079880339976089898e+00 6.410629366986897448e-01 2.239450666974890147e+00
-4.565047269707498412e-01 4.031589768683299102e-01 2.474751858443000163e+00
-1.408982589295959764e+00 6.953315603133991551e-02 2.978863211645879971e+00
-1.406801893718750085e+00 6.859479439717008908e-02 2.979337919839530002e+00
-2.045574526455180120e+00 2.644274664330199531e-01 2.339873132666189903e+00
-5.822267330262700380e-01 1.867310176232301888e-01 2.674664669992800281e+00
-7.872738197192101772e-01 2.119133288799899262e-01 2.815241365377270100e+00
-1.430890441583719808e+00 1.794573167573600969e-01 2.955103104246600054e+00
-2.035554121300020114e+00 2.579297722416000749e-01 2.343801107436220388e+00
-6.250978294474698327e-01 2.966260987845004138e-02 2.605813220344490144e+00
-9.508188780493000980e-01 3.856028251866601142e-01 2.571860891216800393e+00
-4.422599126283399684e-01 4.037415232568599688e-01 2.481188554810070279e+00
-5.801153330299899658e-01 1.886233085757296202e-01 2.673141731190519899e+00
-1.569600592292980101e+00 1.638046535796202630e-01 3.059137317805910250e+00
-1.245811503875220216e+00 1.396710491089596662e-01 2.864317366894150396e+00
-1.140295139189079654e+00 4.253373153347597135e-01 2.567471147446380275e+00
-1.430244382983760110e+00 3.303330416946599346e-01 2.771245199589460029e+00
-1.310856874684309892e+00 2.988933526966699450e-01 2.782319654068430292e+00
-8.181301079977498780e-01 2.158544532181694287e-01 2.801586786520730232e+00
-1.183223835948050029e+00 2.863585889489097536e-01 2.664105049043860252e+00
-9.726057942376800103e-01 2.595319514479801359e-01 2.736904273770580431e+00
-1.013440107540950263e+00 4.375798725021298186e-01 2.489931029671859974e+00
-9.646069228859899258e-01 3.837090535625697907e-01 2.573898859717390408e+00
-1.167915495508810464e+00 1.128402845322389991e+00 2.531692407418910218e+00
-8.722821526172499507e-01 4.071531996110098195e-01 2.476233710694730306e+00
-1.016976295298780419e+00 5.137171739015597982e-01 2.364886593526090319e+00
-1.126976306919829751e+00 6.098889506459699295e-01 2.271144211761290332e+00
-2.042442989921280372e+00 2.639455820157394772e-01 2.342406237250220347e+00
-7.840524016299699195e-01 2.776548484862499944e-01 2.656328376950350290e+00
-1.097543029811870019e+00 6.305700235609903448e-01 2.221016870166290236e+00
-1.585967119676549908e+00 6.643436508417501773e-01 2.444513854576280121e+00
-1.096335965591639594e+00 6.497451630430399749e-01 2.333216839678260435e+00
-1.056551349260060002e+00 1.209621159960280190e+00 2.581786434008570552e+00
-1.050107361621430035e+00 1.213578654398929979e+00 2.581167006711380552e+00
-1.013482594973899920e+00 5.135191289855998154e-01 2.363676289277490294e+00
-7.801854350067698451e-01 5.988170302084292462e-01 2.190784448834730558e+00
-5.461309921573400672e-01 3.300632840022597048e-01 2.512720757188450449e+00
-1.953987198398049907e+00 4.095059268848901812e-01 2.728524018318950084e+00
-2.037081831502149498e+00 2.496688090136098825e-01 2.362513976965290308e+00
-1.109755033415180003e+00 8.820740964053002120e-01 2.418133141466220160e+00
-8.938098021848799313e-01 6.059290353855797395e-01 2.236263368104350668e+00
-8.917469598276199783e-01 6.042730432733394164e-01 2.238016681904890337e+00
-2.053711866873530134e+00 2.898598221098700467e-01 2.300468229586590141e+00
-8.145055825388300974e-01 1.021109343812069747e+00 2.062929457887410223e+00
-1.036305436246049760e+00 1.470817722302609765e+00 2.145041579210530180e+00
-1.040551852800000399e+00 1.462707389883159736e+00 2.147517533068420192e+00
-1.161256419392800110e+00 4.309288613044197636e-01 2.509198216865250242e+00
-1.155577308854739860e+00 1.986568401885797641e-01 2.932504561363620255e+00
-9.562518603332501588e-01 4.500138859962901083e-01 2.370195472208520115e+00
-1.159594946529989956e+00 2.830478101319500173e-01 2.775676738257550014e+00
-8.113263800959100713e-01 4.167496098627301304e-01 2.471825247579250373e+00
-9.619596116049600187e-01 2.736407009808001778e-01 2.725026236424060055e+00
-1.449090185900480110e+00 1.958254799092200571e-01 3.002376097657090348e+00
-2.029451770365920282e+00 2.317098935124397574e-01 2.583080156826570217e+00
-1.275612398415440163e+00 -2.282137621980602216e-01 2.911552560856129901e+00
-1.316341825745849681e+00 -2.171674797193698936e-01 2.880352489214830225e+00
-1.126513689533990226e+00 6.107708401126303865e-01 2.268260901088370307e+00
-9.932294687961997770e-01 2.012618885370602850e-01 2.812310110866620416e+00
-1.554926057232210335e+00 2.793938725931701672e-01 2.852406704321840181e+00
-1.464240033648530170e+00 2.508839424667297369e-01 2.874082569695810108e+00
-1.438445797218410371e+00 3.292078790783696807e-01 2.762624360222220243e+00
-2.012953227697799718e+00 2.365676857779195341e-01 2.372463993152110540e+00
-4.084350200198996195e-01 6.756585529461196504e-01 1.994596457650160026e+00
-4.044550081265396724e-01 6.703143120484595929e-01 2.003486725542940050e+00
-3.950632535522800026e-01 6.749580446202594342e-01 2.002143364684260352e+00
-3.767721806516899363e-01 6.741900027173495236e-01 2.007884901143200285e+00
-4.124307285804800216e-01 3.936578632440397296e-01 2.482871997247030116e+00
-2.065566701992570309e+00 4.273101686347298145e-01 2.397874483906690113e+00
-6.547585574485399462e-01 1.309894007169959851e+00 2.346166445866900041e+00
-1.809919721139601201e-01 5.116728534038197385e-01 2.100186468171310050e+00
-1.604451454030597635e-01 5.429922110598999208e-01 2.022074527172089908e+00
-6.730645129703203278e-01 1.068232236132899748e+00 2.109922556679020289e+00
-1.194471562224259875e+00 5.998991701501392715e-01 2.269636117210640514e+00
-1.092594184080699860e+00 6.404293846460598072e-01 2.239190515229480205e+00
-9.879250717046599295e-01 2.039357088435398424e-01 2.816050685236990425e+00
-1.976511853200329627e+00 4.804134560153296984e-01 2.369808173770440618e+00
-1.191116406569630248e+00 4.615828768554901540e-01 2.498985969297800480e+00
-9.624033670473501889e-01 5.010451236160300414e-01 2.268686345059310216e+00
-3.319921410498301029e-01 7.690811526702299172e-01 1.880306460062350027e+00
-3.633025059633798737e-01 3.975032154789996941e-01 2.502961537382920376e+00
-3.625250241278397123e-01 3.991710269270003497e-01 2.496873050665070259e+00
-3.599284643445002096e-01 6.756553692459801308e-01 2.015776450511770346e+00
-2.044535672696349948e+00 2.378877243601300595e-01 2.399126120783330318e+00
-2.077714990348519919e+00 2.484299019810600750e-01 2.416762880147490300e+00
-2.861979230107001282e-01 5.354606176602196843e-01 2.245417644427019965e+00
-3.371869293304599058e-01 1.150468148954499670e+00 1.959444213812500557e+00
-3.380386342097196906e-01 1.148160908447119821e+00 1.960435264127920352e+00
-3.631933777924298834e-01 1.115923644916989810e+00 2.065940462816590273e+00
8.721567702747012873e-02 8.763721134407098656e-01 1.820121140100940060e+00
1.079927414502300786e-01 8.534775758899295628e-01 1.811720763547220336e+00
-2.041836515515520034e+00 2.675302257961000851e-01 2.337951913534200177e+00
-2.039513462029800550e-01 1.289796083427080076e+00 2.327384744118580429e+00
-1.504100036009299979e+00 2.585432977838599822e-01 2.897286026929590363e+00
-1.473925467310950088e+00 2.602909700628297518e-01 2.926813526029900192e+00
-9.222241610234300779e-01 2.085511181329098296e-01 2.852067106865520341e+00
-2.050413796486339812e+00 2.119928964294199858e-01 2.460169150378990199e+00
-7.378793282379196850e-01 1.177596517043460134e+00 1.943543152197780177e+00
-7.658549164252002051e-01 6.002434135173995156e-01 2.205139687713700170e+00
-3.250574096639897714e-01 8.857668309769499704e-01 1.807214758634840379e+00
-3.832459005773998229e-01 8.621112598903197810e-01 1.809880449153550508e+00
-3.320480090483999280e-01 8.858240253146794085e-01 1.809221213931969885e+00
-2.064129487179849676e+00 3.714042229670699857e-01 2.532858730183640272e+00
-1.276322228330719843e+00 7.229629619352007097e-02 3.187334725141630187e+00
-1.395332438718209778e+00 7.609245153029009501e-02 3.035773460789410017e+00
-2.086195904054510386e+00 3.578375636804700388e-01 2.380149562316540290e+00
-5.878665224283299295e-01 1.016484797857609701e+00 2.040741651823060110e+00
-8.999262144020401255e-01 3.239939189595204549e-01 2.634218332701780074e+00
-2.012259782834480148e+00 2.376665887328404114e-01 2.373028262357450124e+00
-8.009990441500998148e-01 4.941804295537395308e-01 2.248144420038990177e+00
-1.015513800688039536e+00 1.133074135844800434e-01 2.731642475773780276e+00
-7.779547696947199942e-01 1.190491365570598425e-01 2.827632941251550402e+00
-2.053592266434550062e+00 2.903839892310500215e-01 2.299828629007450331e+00
-6.440807568326301080e-01 1.318260848757789594e+00 2.345177232297360526e+00
-3.126410872548999187e-01 5.698939465607797406e-01 2.034770574764130036e+00
-1.285302557871099705e-01 6.931443502112502042e-01 1.946522407990080250e+00
-2.079281202120649930e+00 3.720667608585499497e-01 2.361680613323910549e+00
-2.046701338674679960e+00 2.512770900722200995e-01 2.372439131107170418e+00
-1.415983636954160074e+00 -1.556595936111799805e-01 2.891320750322869948e+00
-2.049211960744210081e+00 2.520796395588298378e-01 2.369121117606210358e+00
-2.015642369420469926e+00 2.338189140850499559e-01 2.369808430572640123e+00
-1.011553025829660113e+00 5.102900617316599163e-01 2.386926066374930322e+00
-1.190665236611019973e+00 2.702549339763200553e-01 2.778766356298480567e+00
-1.204071542675129836e+00 2.690631195612696036e-01 2.768377450038800092e+00
-2.084324055898349570e+00 3.872046285029495660e-01 2.393019020424000054e+00
-6.582303882494699998e-01 1.308904023225829549e+00 2.314999277820310120e+00
-2.796818602786899088e-01 4.777152470660899208e-01 2.276063554496680297e+00
-2.100499087189797720e-01 5.148751449064798980e-01 2.090879158139990146e+00
-2.907957861026397861e-01 5.411942249068000255e-01 2.237932712140980218e+00
-2.825149259975401339e-01 5.400929664098803595e-01 2.242275942987320025e+00
-9.642439581354398381e-01 3.767742234178796945e-01 2.565913078190100283e+00
-8.364477716422500375e-01 5.665135079702501297e-01 2.115575998649690259e+00
-8.382474232773400313e-01 3.037454400213801531e-01 2.619510811393410243e+00
-4.217661695547900713e-01 3.918094598401300477e-01 2.503609654519650007e+00
-3.446688973670195555e-01 8.721125480780000938e-01 1.738227229420270081e+00
-6.410618798152298847e-01 2.997692325388696677e-01 2.603386302809130193e+00
-3.119996403337199631e-01 1.454644266781339512e+00 2.079887458015180268e+00
-8.118859764660297795e-01 2.152540251252696990e-01 2.800328715261980239e+00
-7.124117812786101567e-01 1.808745219823901795e-01 2.643808914657300058e+00
-7.635264578671985269e-02 7.036249968570198465e-01 1.937495258350160121e+00
-3.191306015912898086e-01 1.443855642411389750e+00 2.079802736472220026e+00
-2.924279701885901250e-01 1.170071374982790013e+00 1.954331525115110324e+00
-2.760676395663499427e-01 1.179279449524729850e+00 1.946120267567290174e+00
1.990272640758801170e-01 8.838105160574596386e-01 1.816447717425780262e+00
-5.538701505549501469e-01 1.029955230148630330e+00 2.043124267823640317e+00
-1.039464385393829682e+00 1.146935076204498305e-01 2.688880411986110275e+00
-3.340796395530096774e-01 8.827156650152099271e-01 1.755733823592840359e+00
-1.166979976574780364e+00 2.103430619797799217e-01 2.912584190488080260e+00
-4.854198596368999308e-01 1.051791002543139841e+00 1.759667930535570246e+00
-3.257178280708199480e-01 4.657970111851399420e-01 2.288734901468130190e+00
-1.086382150848679951e+00 2.988517691131999943e-01 2.723751518050850251e+00
-8.133168765845899539e-01 2.098025053823300290e-01 2.802464478697100247e+00
-4.702380132681898139e-01 6.319075623348495707e-01 2.078624909313170122e+00
