-7.916313864968500535e-01 2.218709111444800985e-01 2.698919387912240175e+00
-8.831024231825799209e-01 2.821192472577400689e-01 2.640251138377309736e+00
-8.759941305990499583e-01 3.898755732543397468e-01 2.481441743167569935e+00
-1.087655627625010002e+00 3.839628236833598773e-01 2.556751967319859986e+00
-1.057312546469240111e+00 4.365824970480403078e-01 2.466179705732289840e+00
-6.827275194475199704e-01 -7.385371130399498441e-04 2.619949336602939827e+00
-3.691627711243099519e-01 4.039087695431400338e-01 2.429393234446999728e+00
-1.363368101676320165e+00 8.321598377102024102e-02 2.855257431816569991e+00
-1.361247322252590042e+00 8.223333349704042838e-02 2.855888301657039996e+00
-1.945322648438659652e+00 2.956760071264599166e-01 2.171348690874760123e+00
-9.519576071559499031e-01 6.680910733366201004e-01 2.160946927674260110e+00
-7.284917709725700075e-01 2.156430377485605288e-01 2.741410670358839674e+00
-1.364431792766289675e+00 8.577109332447996337e-02 2.858099634847460102e+00
-8.697200644248199719e-01 3.945505276496799052e-01 2.488041798667300242e+00
-1.023003799301330119e+00 1.741114317516399002e-01 2.667788557852059927e+00
-5.114474642974700114e-01 1.898601303183402589e-01 2.615409174496480027e+00
-1.106458804324509604e+00 4.815193926395597845e-01 2.387396552057559962e+00
-1.190649024486499563e+00 1.513957691467202604e-01 2.754339085462309988e+00
-1.057565595377639500e+00 4.378017311853199534e-01 2.469528542179880048e+00
-5.160790866686799649e-01 1.764873207078003770e-01 2.603286740313690117e+00
-1.516056736407650263e+00 1.838204928189401954e-01 2.924850272908420035e+00
-1.110252033581369702e+00 2.987497254265403246e-01 2.561096834229379837e+00
-1.930325203021080238e+00 3.939574390437801110e-01 2.145482870766529881e+00
-4.457271746184898742e-01 3.412632294274604572e-01 2.517433994386199636e+00
-1.043990677145059998e+00 6.323202411430994818e-01 2.223060743188530086e+00
-1.410808060035619871e+00 2.632573456620204144e-01 2.743782164697719850e+00
-9.018222617975200084e-01 2.837935068801604732e-01 2.666739665179739927e+00
-1.970270262426559782e+00 3.324960859733800955e-01 2.156676788131119960e+00
-8.836553428549500655e-01 3.928919125302805515e-01 2.488994087671640099e+00
-8.803346484376000092e-01 2.819338482670203927e-01 2.644791833845109963e+00
-1.909635409232270042e+00 2.317703492794203068e-01 2.349603180774769928e+00
-7.836842093209699378e-01 4.155348948094605976e-01 2.398966089830889992e+00
-1.942404483368999735e+00 2.951132461931000872e-01 2.174109662928350062e+00
-7.118828859615300431e-01 2.827785934527400347e-01 2.583922159052909784e+00
-9.846473296735100966e-01 6.454034610361001345e-01 2.129582586088030194e+00
-7.905625766842099278e-01 5.837035453225201120e-01 2.142775015198489896e+00
-1.488162098357349805e+00 6.860889020472804578e-01 2.315236026265689695e+00
-9.613624591055001112e-01 1.220247238869880180e+00 2.498564508261789996e+00
-9.548211556352297347e-01 1.224091105042379946e+00 2.498484110889680032e+00
-9.138997922734999335e-01 5.255142865850397360e-01 2.277028029681769983e+00
-6.665130900638898126e-01 6.080998965395603140e-01 2.123488726448400143e+00
-1.059872818915589932e+00 4.355262444044398773e-01 2.461154987739940125e+00
-1.685042272362140103e+00 6.832053074269401893e-01 2.207575380048989899e+00
-1.963318479908729763e+00 5.138373899627401986e-01 2.314932193932460081e+00
-4.627214365249798789e-01 3.321262853528603731e-01 2.459584870488019881e+00
-1.753720452878100300e+00 5.946912875942202970e-01 2.210402841254309969e+00
-1.881396705029930061e+00 4.354510884304205742e-01 2.567406679346749598e+00
-7.873954591835299333e-01 6.105027260949602574e-01 2.169577574439769840e+00
-9.029398389273701753e-01 1.485048505632659888e+00 2.067465043434689953e+00
-6.932045019246302342e-01 4.837230959327800672e-01 2.219633935167629524e+00
-8.584693696321301637e-01 4.609097880694401628e-01 2.287250555279110031e+00
-6.488733119961298534e-01 6.876096516104801548e-01 2.003416625242229632e+00
-1.402935180323760189e+00 2.100020847425601023e-01 2.876958988566109987e+00
-1.239700001855770228e+00 3.362504334807405737e-01 2.627342434488979528e+00
-1.230478875735039779e+00 -2.162991979299200285e-01 2.795235175957309970e+00
-1.262362856943029854e+00 3.102352159998800207e-01 2.653955500199029593e+00
-1.017514934792270065e+00 6.257050687611405149e-01 2.174248002076029973e+00
-1.022657628589439760e+00 7.290351369445999818e-01 2.227275080307169919e+00
-1.915804381039440063e+00 2.669212950616202118e-01 2.206051999164880151e+00
-2.667244272438402675e-01 6.788838015395002312e-01 1.965816109527069866e+00
-1.041283703114670001e+00 6.145979994191803630e-01 2.167954232975099593e+00
-5.409118433461801434e-01 1.315285026542060143e+00 2.295591722116970157e+00
-6.375121553107998551e-02 5.107910622884406227e-01 2.078278241245310021e+00
-1.194822340016701290e-01 4.997647734460202162e-01 2.067964022712669880e+00
-1.585479319254059938e+00 7.193238053303601109e-01 2.297527070021359918e+00
-3.162318912939401372e-01 4.131634338997203226e-01 2.453257102055429684e+00
-3.670074565294001445e-02 5.424471045024603644e-01 2.002313000010899735e+00
-5.452255752070802597e-01 1.076192258592660655e+00 2.056086528989769846e+00
-1.955214590399859897e+00 2.437716315618001506e-01 2.301561196948080035e+00
-9.809398302666201275e-01 6.550019295897604454e-01 2.148186438783739938e+00
-1.913228919845280096e+00 3.554806792739200194e-01 2.487046704676050268e+00
-1.102314707664550308e+00 4.756065607487800495e-01 2.397729691078339886e+00
-2.327371390164600928e-01 6.788089552824601025e-01 1.982115167729860072e+00
-1.949318234825709872e+00 2.685757126687200458e-01 2.230221129003239877e+00
-1.973592741965399799e-01 1.153623066999520441e+00 1.932742615584480017e+00
-1.983253100237198918e-01 1.151322828358120498e+00 1.933640734676419726e+00
-2.320951814269500701e-01 1.118580902900620400e+00 2.036552898601709849e+00
2.473812702475698400e-01 8.792690208247402328e-01 1.821611746614010041e+00
-9.042160305797986020e-02 1.287074113219379923e+00 2.311291685994429912e+00
-1.985972626925919915e+00 3.915729830762602059e-01 2.210463989995540057e+00
-1.448574036937420040e+00 2.746885593250196766e-01 2.768624829872520010e+00
-8.659156809967898383e-01 2.144233655235596725e-01 2.767720622530950081e+00
-5.950963266061999324e-01 1.188261507018900209e+00 1.886389699255250019e+00
-1.124951853930740153e+00 2.812157081369799361e-01 2.668114345964559764e+00
-6.533078055876000434e-01 6.091298918488001757e-01 2.138916973916699771e+00
-6.798252447270900500e-01 -8.433281277099746731e-03 2.613829416063619959e+00
-9.118405316509701208e-01 2.768927497253399483e-01 2.622055706891179838e+00
-1.998428370715419788e+00 4.004980321194000492e-01 2.269933452968909915e+00
-2.368380329958399422e-01 8.675551711206599403e-01 1.777028040735599834e+00
-1.853314571819599799e-01 8.903274381300601004e-01 1.780556500189160118e+00
-1.949210207518400129e+00 2.835611362041599026e-01 2.201872079997230003e+00
-1.247129305015319822e+00 8.161406412758021034e-02 3.073323392503700013e+00
-1.987272533057229840e+00 3.894415194491196441e-01 2.209374594975349826e+00
-4.558779880944898721e-01 1.023527656546200371e+00 1.993110814552869758e+00
-8.248748965190000337e-01 3.314429864483201538e-01 2.553467497843060041e+00
-1.915137192399399613e+00 2.680020026711800174e-01 2.206679520863839894e+00
-5.526815196405598929e-01 3.145753385517990885e-02 2.545698497639219848e+00
-5.300437641109501108e-01 1.323462857672040416e+00 2.295514792575669816e+00
-1.889245560644601252e-01 5.720249116938200817e-01 2.003562268902539856e+00
3.579627082209935196e-03 6.926780662733003080e-01 1.931035374831119533e+00
-1.949185816329960019e+00 2.822484650894401259e-01 2.203590335782149801e+00
-6.410672625133799762e-01 2.811711448259199830e-01 2.630527373127150348e+00
-2.232633524261999902e-01 1.398502967319660284e+00 2.083208686391230025e+00
-1.951418905637649637e+00 2.831276510049198780e-01 2.200097934075759820e+00
-1.003620920891959756e+00 1.034754469008439814e+00 2.414945536253100045e+00
-6.065285337128101251e-01 4.824709723461804156e-01 2.226719452119469977e+00
-1.902563778582170073e+00 2.376453856264200137e-01 2.344451551588669691e+00
-8.821017338921199880e-01 5.134158780930000443e-01 2.250389408959859949e+00
-1.378604044369240000e+00 1.982954502360800841e-01 2.833459135508410220e+00
-1.126784729717619893e+00 2.817276961571806293e-01 2.674669897052149636e+00
-5.419899102123899581e-01 1.314646859479140284e+00 2.264241176047689930e+00
-9.194506594657991805e-02 5.146130028190400996e-01 2.066800265870309961e+00
-3.369553525368700342e-01 3.916563537929198535e-01 2.460712749838219970e+00
-1.926869193335800645e-01 8.775064388863602627e-01 1.708661039599370213e+00
-5.648721966875098754e-01 3.027474017374995885e-01 2.542361360738329967e+00
-7.518196004345099048e-01 2.195733453703996307e-01 2.724687311315030058e+00
-6.412078485353700508e-01 1.848168280127404639e-01 2.575917219689079829e+00
-1.360822078909900146e-01 1.205223818375040112e+00 1.892888227615439956e+00
-3.298660044689600834e-01 3.386754650417203028e-01 2.618753518117089563e+00
5.647409265827996183e-02 7.022802572182598180e-01 1.926155881683989435e+00
-4.618487093446002056e-01 3.310862866270201099e-01 2.456346957339659909e+00
-1.834576935102898432e-01 1.445505133778419937e+00 2.057241733250480209e+00
-2.136872290582998435e-01 5.273861593681801185e-01 2.215864030330489953e+00
-1.520009510079900483e-01 1.172446198623060321e+00 1.931292648773649923e+00
-1.348970672857099373e-01 1.181427258148280091e+00 1.924460994337019670e+00
3.434916415320000693e-01 8.784807992183003567e-01 1.828545902037349791e+00
-2.324509261326999088e-01 5.340127094813602593e-01 2.201381730119079894e+00
-1.997665078688219964e+00 3.988048385075997349e-01 2.269243860564610138e+00
-1.009807381442379803e+00 5.081258806983979248e-02 2.622662370150859790e+00
-2.233544435660599348e-01 4.658457246087401860e-01 2.254651159644999847e+00
-1.018086584130720063e+00 3.089085762988605932e-01 2.628137273648639916e+00
-6.229411984428798732e-01 6.861256266889796951e-01 2.003259135984980066e+00
-5.270338805328396159e-01 1.070347745000159945e+00 2.061864776824799961e+00
-1.041060584931339683e+00 1.162727604401160297e+00 2.553130335782549665e+00
-7.535066022284699905e-01 2.141295762278201398e-01 2.726648798604720092e+00
2.657306426627602525e-01 7.243143888725598334e-01 1.730031552047199828e+00
-1.027855313806440130e+00 4.590027603485606900e-01 2.416484032280449945e+00
-9.034864942204197114e-01 1.260547574195159948e+00 1.888510463970039854e+00
-8.791323544214300068e-01 1.130756914878280339e+00 1.831328028694779952e+00
-3.483132686721099880e-01 6.365188164836002027e-01 2.035833851766279956e+00
