-1.318611459980498779e-01 -1.100152202750570130e+00 2.787049210380340369e+00
-4.338810450219698911e-01 -4.271684786545499879e-01 2.894364713935919653e+00
6.835576254863018342e-02 -2.251213408234699620e-01 2.562302901809039746e+00
-1.486523095736500544e-01 -9.910296953292099253e-01 2.848691705180380396e+00
-1.049297630811220072e+00 -9.344637952454399876e-01 3.437880127042740153e+00
-8.849958390126988483e-02 -1.074817674894009922e+00 2.887090945081120186e+00
-5.242806151528300873e-01 -1.342663344698749928e+00 3.159166965446499553e+00
-5.450242277139699665e-01 -1.310683667097570115e+00 3.091776569457999724e+00
-1.109621455415499280e-01 -1.179975531990030024e+00 2.882380575666160016e+00
-5.467872895758399965e-01 -1.105540233281860019e+00 3.128541948252499427e+00
-5.467872895758399965e-01 -1.105540233281860019e+00 3.128541948252499427e+00
-4.675705696538499101e-01 -3.311173533933899904e-01 2.761281924203140115e+00
6.229421777501009672e-02 -3.566817082363699654e-01 2.746432918044860116e+00
-5.104250273632899848e-01 -1.233663825964389948e+00 2.935884724141820001e+00
-9.522409380619898389e-01 -4.571812082821499756e-01 2.863229494216479765e+00
-5.370257281819298401e-01 -1.205599352124649970e+00 2.877590097672400038e+00
-3.699994464924099002e-01 -1.381917189474850094e+00 3.273412965514020279e+00
-1.066347944294890215e+00 -1.175304779403690159e+00 3.549945787193860003e+00
-1.063178141046999814e+00 -8.036969088882799372e-01 3.509090166039399605e+00
1.922552218519701928e-01 4.344666838501699546e-01 2.763125160240259781e+00
5.788985745331998167e-02 -2.371498285741999723e-01 2.542668994732780074e+00
4.548923008631902132e-01 5.187760715528298983e-01 2.563831726585720006e+00
2.458602833384002651e-01 4.379114626577599312e-01 2.687934173930580428e+00
8.942640028047503797e-01 -6.236730134213099852e-01 2.554654574225379893e+00
-1.744810897041992881e-02 3.929133327084399774e-01 2.883017359678340163e+00
8.119907251570990248e-02 -2.525697824262699842e-01 2.541125415516419572e+00
7.487264953356203012e-01 -3.569789077708799829e-01 2.673449894897520274e+00
8.494230232232902189e-01 -3.514067233761499764e-01 2.634738605274379974e+00
-1.188949451884599995e-01 -1.025694465994079874e+00 3.013922245705659808e+00
-5.554456743213999070e-01 -1.073892998477679939e+00 2.974718116511980259e+00
7.117958078852004711e-02 -2.807842610792399829e-01 2.575645448621080025e+00
7.167358449806300325e-01 -6.332120280073298968e-01 2.705496153424479910e+00
-1.241385876706300184e-01 -3.869463642003299619e-01 2.824337873743280269e+00
-1.125166174896699012e-01 -1.116620717174490185e+00 2.907702617013120161e+00
1.277014081661602685e-01 -4.411778870149999920e-01 2.888363420270940285e+00
-2.566238639479598849e-01 -3.874045442591599886e-01 2.842159095840719907e+00
-5.133935100360398351e-01 -3.734385427124399803e-01 2.823696937578800359e+00
6.833285021022197370e-01 -4.753074801331800270e-01 2.819979541650239785e+00
7.326558608387601090e-01 -4.630688673223599672e-01 2.779442381702520226e+00
7.326558608387601090e-01 -4.630688673223599672e-01 2.779442381702520226e+00
-7.169618755231897955e-01 -8.331433586763300481e-01 3.003103812642980319e+00
-6.098130143623000654e-01 -1.318579382171019887e+00 3.013667099309019992e+00
-5.302807693140398904e-01 -5.061290810477999669e-01 3.009454846970240016e+00
-5.084845674082600908e-01 -7.889738703804399789e-01 2.920830419671219591e+00
-1.627321616096798484e-01 -2.056361692706199507e-01 2.586008749286720310e+00
1.231606875298398851e-01 6.007136443892400202e-01 2.530841287756799840e+00
1.231606875298398851e-01 6.007136443892400202e-01 2.530841287756799840e+00
-9.863280462426998740e-01 -1.093181023977139787e+00 3.004055392830520699e+00
-9.952785268465298429e-01 -1.040422563149450141e+00 3.104494814153140325e+00
-6.356862559018301440e-01 -8.176591743812899882e-01 2.972143926805439484e+00
-9.870274081311980474e-02 -1.242118728482020096e+00 2.840253062078220037e+00
7.233915205624401601e-01 -3.655101608001599667e-01 2.742837534585240267e+00
2.066408558125398809e-01 -5.702262723968199998e-01 2.859350652855179753e+00
-5.761261710089198296e-01 -1.031745337964020015e+00 2.964986541404019960e+00
-1.330068006885098963e-01 -9.468356796353100124e-01 2.879457986657860236e+00
-6.116943466483598657e-01 -1.148331914229180128e+00 3.067303930862019801e+00
2.080986901778001386e-01 -2.649603333347799738e-01 2.534374175630939696e+00
7.468632938248400688e-01 -6.138967106075399194e-01 2.623363485047000232e+00
-4.896020571325898629e-01 -3.590145475781300055e-01 2.803519268950600107e+00
5.476506427654399545e-01 -5.840952213809399440e-01 2.838997231504339691e+00
5.822928816779602279e-01 -6.230259725271800608e-01 2.812813802387839957e+00
7.142223013207400495e-01 -5.062738900034200462e-01 2.818583926800120487e+00
1.392123198737598155e-01 -4.687994300599599429e-01 2.911834188203080043e+00
-1.920625202352987948e-02 3.786243301754500523e-01 2.880834768761640241e+00
-9.491646012856598258e-01 -4.148318493977799504e-01 2.908352152087280373e+00
-9.176846612295985750e-02 -4.865126150429399665e-01 2.931951087746199835e+00
-5.409166677379000365e-01 -3.693880124179199642e-01 2.819971999865659829e+00
5.686901595439699530e-01 -6.545902953102700206e-01 2.871679040223920065e+00
5.686901595439699530e-01 -6.545902953102700206e-01 2.871679040223920065e+00
-9.176707772118999351e-01 -4.966069078218199873e-01 2.827393311292039968e+00
7.590464009723900674e-01 -2.818894812170499309e-01 2.657242733509499910e+00
-5.878132394334999455e-01 -1.019468303818200194e+00 2.962175220468500125e+00
5.282541897463699510e-01 -2.980655363723699880e-01 2.585187602186460154e+00
-7.851379300077976353e-02 -1.090034762530240009e+00 2.784973621316360504e+00
1.608824545061300348e-01 3.685470273417301712e-01 2.804116747099200335e+00
3.627503051375002840e-02 -2.228925206699499673e-01 2.507415106424459861e+00
7.310196813515601466e-01 -4.689356835577399574e-01 2.784965459213800010e+00
7.585753078270403016e-01 -4.985682648183200061e-01 2.661370128855480299e+00
-4.737765227029598902e-01 -3.563077437491199984e-01 2.835100561286060028e+00
1.118769652897100286e-01 -2.859704999674299586e-01 2.566470050852080131e+00
4.689390774968016373e-02 -2.860219387936399627e-01 2.551941593933420016e+00
7.498533729026000128e-01 -3.585190320334198932e-01 2.671999392573079835e+00
6.720765129018799744e-01 -4.709044432548599723e-01 2.831193151646760331e+00
-5.042984659260985048e-02 4.089994078257299659e-01 2.836503138885620334e+00
2.581361059989801809e-01 3.627528044532800644e-01 2.691234354850799981e+00
-6.377356108344699459e-01 -8.145104071819299074e-01 2.972451142578880212e+00
-9.981235543306599123e-01 -1.089494594044140063e+00 3.005962002370199837e+00
-5.457930963759098919e-01 -1.023280496295269959e+00 2.975361029091839971e+00
5.623104510566296899e-01 -6.513913542643100518e-01 2.887646993257840133e+00
-1.047316248328480137e+00 -1.056539282197880070e+00 3.344270124381400144e+00
-4.446378902344005901e-02 -2.541452198387199601e-01 2.604120639703399576e+00
-5.799589908234999980e-01 -1.163257546643599927e+00 3.112269764166040176e+00
7.882757781744800241e-01 -4.543442421746999305e-01 2.627134175472320088e+00
2.872585202620701050e-01 -3.883205997538499155e-01 2.734086579564620312e+00
1.984619901186202018e-01 -5.730074735543599918e-01 2.857363137866560265e+00
-6.704687719182098604e-01 -8.215730132144299924e-01 2.987969086377600281e+00
2.434045298569700311e-01 3.328773507127700260e-01 2.782753721288360182e+00
2.108050099293201640e-01 -2.761056077036199707e-01 2.538501237040520220e+00
-9.015551691966400272e-01 -5.555358592247600091e-01 2.846882710909920178e+00
-9.546470699995899256e-01 -4.532407057037899922e-01 2.876919472455619964e+00
-9.117154456576901378e-01 -1.043202283433509958e+00 2.993336320412740115e+00
-5.830206849064298869e-01 -1.132568650676830213e+00 2.925223020810800101e+00
6.902130972295701383e-01 -2.520804275815500262e-01 2.437681548062399894e+00
1.117626577842198987e-01 -3.450742814582599682e-01 2.674775797501379948e+00
3.990927960161005927e-02 -3.916896020975899617e-01 2.833832210461520340e+00
2.544065968417701384e-01 -4.365659875656499600e-01 2.898319073921519884e+00
-5.839498800722200400e-01 -1.081514574679319995e+00 3.190408930456060332e+00
7.170850443986900302e-01 -6.285676654738499014e-01 2.712553620353219674e+00
5.376082821806598133e-01 -4.726349094170799736e-01 2.930044485470079785e+00
-1.348723976755001885e-01 -8.211733930578000162e-01 2.740977050559879835e+00
-5.897387011681298752e-01 -1.307142171614209758e+00 3.035535934726380169e+00
-6.822486556006901459e-01 -8.199774501444899721e-01 2.985747543639279744e+00
-5.374679978037699701e-01 -3.743968569649699374e-01 2.820876965573059891e+00
-3.389952710715982143e-02 -2.543984474234999849e-01 2.611303756154899958e+00
-5.504577000616298621e-01 -1.128046503991050109e+00 2.894240448388420095e+00
-8.562145782645099734e-01 -4.384440864975899799e-01 2.850169633774859879e+00
-5.272631491518997571e-02 -3.763365274786499848e-01 2.806822285111439719e+00
1.068378067273700882e-01 -3.328605033822499837e-01 2.582134955170540369e+00
5.902831620613400165e-01 -5.777843247510600078e-01 2.857071260706939952e+00
7.439159198570601816e-01 -6.644194327852999127e-01 2.539170011365960100e+00
7.321842962239097918e-01 -5.466996252037099602e-01 2.648835902570519707e+00
-1.130197395153698103e-01 -1.117012889260790010e+00 2.938565995075100190e+00
7.465420329733700733e-01 -3.651154421156900254e-01 2.666275943517320002e+00
7.127143969400899781e-01 -6.711180973973900343e-01 2.753002295763199658e+00
1.007133634911798747e-01 -3.457764613360799766e-01 2.671806361920619821e+00
7.275125440747400862e-01 -3.765251255847799072e-01 2.758738179336779783e+00
2.001326095852999920e-01 -5.742917364136599367e-01 2.864802170364760148e+00
4.007172347320997474e-02 -2.224222146509099718e-01 2.516890576607500041e+00
2.104652818017500593e-01 2.656852086364100973e-01 3.077143244819779966e+00
7.109712522421101077e-01 -5.437153480838499142e-01 2.681488397942259905e+00
3.683084615285301400e-01 -6.754511954165499654e-01 2.901393896528140282e+00
-5.814162854853099915e-01 -1.135744981494390071e+00 2.926552521596600620e+00
-9.287179257629200047e-01 -5.601520883579600429e-01 2.930191586005139737e+00
-9.169671952906299772e-01 -4.475216343177900180e-01 2.861073717802800065e+00
6.426885065486902526e-01 -1.616970948808099662e-01 2.428821747695280031e+00
-1.007047581633730093e+00 -7.528634660799300438e-01 3.292005369218400368e+00
-9.872223262568499136e-01 -8.343483441092299779e-01 3.393827157596640109e+00
6.242635139709800107e-01 -5.177883977999200305e-01 2.813212565340299953e+00
2.664868299795799533e-01 -5.132880581203399517e-01 2.919980128380680107e+00
1.148564257706299330e-01 -4.398438037260499756e-01 2.869558071824339862e+00
1.754810866592602103e-01 -3.150020213367199506e-01 2.595960226810859695e+00
7.012984946855300716e-01 -7.076721311755099775e-01 2.678842927818560149e+00
7.947101936254101773e-01 -4.788821275953499268e-01 2.617255421950259731e+00
2.102694751657401273e-01 -4.347605486852199608e-01 2.865655285019479859e+00
2.102694751657401273e-01 -4.347605486852199608e-01 2.865655285019479859e+00
-5.882634177813983456e-02 -3.789743401084799679e-01 2.802352429624019869e+00
6.899074624634899955e-01 -3.113360533625099680e-01 2.602512666529420038e+00
1.472647058616500804e-01 -4.351351092245299701e-01 2.837621125935140487e+00
5.759926391009602131e-01 -6.304853385150799294e-01 2.818185385139420518e+00
-1.076004547304800774e-01 -1.120395775982159892e+00 2.935079401741360172e+00
7.075955130461601961e-01 -6.263601041031598982e-01 2.715993543004420196e+00
1.574607118770801062e-01 -1.238058908138999770e-01 2.451188278837860057e+00
4.411292161598012740e-02 3.847189764570002612e-02 2.506357342048739945e+00
2.871541985408001540e-01 3.608910556631600430e-01 2.677407700519539802e+00
-3.796479936775898345e-01 -3.832897826058899726e-01 2.821615497616260182e+00
9.470968122596001848e-02 -5.660339693007399031e-01 2.880671778266060024e+00
-3.133813633830999645e-01 -3.744037940782999896e-01 2.824318234607360090e+00
-3.133813633830999645e-01 -3.744037940782999896e-01 2.824318234607360090e+00
-8.545493849918498475e-01 -4.877163989238300079e-01 2.820923754696960106e+00
7.821856757229201929e-01 -4.373304641207199639e-01 2.639013753488200109e+00
2.680576457703498505e-01 -2.361907639179099960e-01 2.455426967324940257e+00
-1.035927470044510024e+00 -7.910557944891899451e-01 3.508950367537039927e+00
-9.229507446892898370e-01 -5.092854583657100420e-01 2.974313000168579801e+00
-9.349970958620499317e-01 -1.183770641821570102e+00 2.894792659115120070e+00
-1.260884254442230068e+00 -3.787027337334699650e-01 3.873463051382259881e+00
1.433407063807401460e-01 -4.451005343537599579e-01 2.885986495612500313e+00
-1.034066379948310299e+00 -1.190862311057450107e+00 3.267731589081980470e+00
-3.956695604593600812e-01 -4.614319770000199772e-01 2.955586715957940314e+00
-3.956695604593600812e-01 -4.614319770000199772e-01 2.955586715957940314e+00
-1.040443701736629922e+00 -1.180382363187689965e+00 3.261592916510560158e+00
2.290487300745802646e-01 -4.309814928609799756e-01 2.865762956972100373e+00
7.026530691727099764e-01 -6.965352942712499384e-01 2.695292088460400137e+00
-9.278444858042499410e-01 -5.096526992023300284e-01 2.970473956235339941e+00
7.318130169155601106e-01 -4.676623938959599824e-01 2.741656801406199939e+00
7.318130169155601106e-01 -4.676623938959599824e-01 2.741656801406199939e+00
-1.050837632236689911e+00 -1.256445550486549934e+00 3.004993743638140202e+00
7.197217648905804843e-01 -5.929062902589399275e-01 2.777682798081239746e+00
6.823987861311200387e-01 -5.436815908109799977e-01 2.724139801328639976e+00
7.331954635656801056e-01 -5.078157889747400011e-01 2.791107709987939778e+00
-1.308437064528700233e+00 -4.935341955595600183e-01 3.057721674908000065e+00
-8.261804624153200605e-01 -5.533382939889800456e-01 2.895679272565659712e+00
-9.254695366473397744e-01 -1.064045308613279950e+00 3.047891557894920389e+00
-4.284686105362298658e-01 -3.128921818948299793e-01 2.721282502329440245e+00
-4.241213766643899818e-01 -3.189325317134099613e-01 2.756214027554680257e+00
-9.115349505119499929e-01 -9.538481646108500911e-01 3.098103552274619865e+00
-9.995159165580400629e-01 -1.030774481966119982e+00 3.084385162141860537e+00
7.465798055549011103e-02 -1.890188662168099665e-01 2.522483942016159997e+00
-9.486513751452699816e-01 -4.715155132398899385e-01 2.908103271160360048e+00
-5.426730035810498620e-01 -1.030953540175209904e+00 2.971570055250800202e+00
-1.003109901885099964e+00 -1.038935061639560065e+00 3.089964687793339770e+00
-3.931077348245198833e-01 -3.133073123804799853e-01 2.717309339465659779e+00
-5.122156138667198766e-01 -9.975316815640800083e-01 3.072295593412079917e+00
-3.756220435135899649e-01 -4.283283118611099782e-01 2.903945000837799828e+00
-5.063570059553199609e-01 -5.283129515792199804e-01 2.998354705315720015e+00
7.698092264984013333e-02 -2.307970144992599615e-01 2.513456507677640062e+00
-9.459945669417400005e-01 -1.053688489464799982e+00 3.006806270599220010e+00
-9.378351184919500039e-01 -5.542434324717500083e-01 2.940390462106100333e+00
-1.122388597036598767e-01 -1.177205865555799980e+00 2.878761343848460275e+00
-1.292600294090797686e-01 -4.710827080555999857e-01 2.946320173079679972e+00
-1.026233075025100305e-01 -1.044070456210929976e+00 2.982988419108580036e+00
-5.779315380906099309e-01 -1.033228656017089797e+00 2.987061523424540344e+00
-5.779315380906099309e-01 -1.033228656017089797e+00 2.987061523424540344e+00
-3.724501027691500266e-01 -4.270035305314299756e-01 2.891230883449739775e+00
-3.544170299283999626e-01 -4.304347602231599623e-01 2.896883912963259977e+00
-3.544170299283999626e-01 -4.304347602231599623e-01 2.896883912963259977e+00
-8.589844545148599408e-01 -4.877687825119199627e-01 2.816953645632379821e+00
-5.547410682569499096e-01 -1.133106100825630014e+00 2.889977644315399719e+00
-8.487944908167099900e-01 -4.385099094935899777e-01 2.846688645306300280e+00
-8.487944908167099900e-01 -4.385099094935899777e-01 2.846688645306300280e+00
1.083100338722902123e-01 5.390801445689299420e-01 2.582037738936839855e+00
-1.027854069888400002e+00 -1.113177777047400063e+00 3.069306414215660084e+00
-2.306964799608098859e-01 -3.748267971385499941e-01 2.815019863736240247e+00
-7.802462330192198037e-01 -1.038620001997359932e+00 3.108889421031980405e+00
-8.996538990156101034e-01 -1.045884400907589828e+00 3.008584310660639805e+00
-2.125649108477198901e-01 -5.128739257109600214e-01 2.973754451588999981e+00
-1.167915003661299522e-01 -1.105061673364789998e+00 2.798103161221139779e+00
-1.167915003661299522e-01 -1.105061673364789998e+00 2.798103161221139779e+00
-6.255402334128978836e-02 -1.116068318978849838e+00 2.880154747576020302e+00
-3.862959683439992631e-02 -3.608500156735799935e-01 2.637074665105780369e+00
-9.254642057263000599e-01 -5.579980456274999945e-01 2.944035229752359761e+00
-8.218976266667799013e-01 -3.842625810176599765e-01 2.885971674539060228e+00
-1.088276934027940124e+00 -4.439972178020600291e-01 3.732471419982219984e+00
-9.511964856810983804e-02 -2.178984930013099786e-01 2.551391226474919893e+00
-3.523045816386400908e-01 -3.596074648761800052e-01 2.804158611931080181e+00
-8.154185597180798606e-01 -1.070845214023779857e+00 2.942494669662660378e+00
-6.942271044607898345e-01 -6.083760292093099986e-01 3.057511889377360070e+00
-3.818865723691299285e-01 -3.952964452090099723e-01 2.858334496496739874e+00
1.038523065416480318e+00 -7.300598975738998853e-01 2.566307770352899809e+00
7.208583235878500695e-01 -4.644016926311299587e-01 2.728250436426440384e+00
5.480858827951700096e-01 -5.239342638824899812e-01 2.867573944695480215e+00
5.480858827951700096e-01 -5.239342638824899812e-01 2.867573944695480215e+00
6.718313913956601713e-01 -4.335536026325999548e-01 2.858418531624399961e+00
6.637584021983300442e-01 -4.357753121102299620e-01 2.851365118611400185e+00
7.089503606363602994e-01 -4.981536217430199143e-01 2.807785310360920050e+00
7.089503606363602994e-01 -4.981536217430199143e-01 2.807785310360920050e+00
1.305588392329102287e-01 1.820257882030900110e-01 3.232426997939279900e+00
-1.058781046415559812e+00 -9.268341192062600209e-01 3.427277404102600400e+00
-1.189641061882420248e+00 -3.847547611280999202e-01 3.839991660727459788e+00
-1.199541847302399988e+00 -3.898681707164599608e-01 3.822720118049640181e+00
1.308006237943701855e-01 -5.569140022455498773e-01 2.954163719056400073e+00
6.360596849773101358e-01 -5.029702230230499449e-01 2.827853188471380008e+00
1.583422477587799193e-01 -6.335398287461400102e-01 2.835858302418120314e+00
-9.502048821007298418e-01 -4.680317062371099901e-01 2.906620328227219829e+00
-7.269574845239199501e-01 -6.017177619631799423e-01 3.031571280857040307e+00
-3.267998613684999221e-01 -4.044739591335199669e-01 2.839064801925200054e+00
7.560974841358401033e-01 -4.054240917828599855e-01 2.688242713281660645e+00
-1.000401693321397723e-01 -8.292326917383598950e-01 2.765200728711320277e+00
5.766345482152699375e-01 -4.515907656676899640e-01 2.909119089729780061e+00
1.923397683899901178e-01 2.735465993922100436e-01 3.007699851500220234e+00
-1.524302331060978233e-02 -5.777088483410499631e-01 2.841517311182660155e+00
8.318093414135601105e-01 -5.487038137503800206e-01 2.686712306200300215e+00
-9.241142344067498904e-01 -1.106608754518209947e+00 2.912481966870779981e+00
-8.032998043023698020e-01 -1.138989081809030024e+00 2.885784514867019812e+00
-9.580102830483399057e-01 -1.057241043324579799e+00 3.056963646292659931e+00
5.316323207561002295e-01 -5.366985233765999563e-01 2.881414936563780227e+00
5.316323207561002295e-01 -5.366985233765999563e-01 2.881414936563780227e+00
-5.366553704693799443e-01 -7.998532997242999709e-01 2.942900462623359914e+00
-5.366553704693799443e-01 -7.998532997242999709e-01 2.942900462623359914e+00
2.089315132486400106e-01 -7.059574425262600261e-01 2.903148056622479878e+00
8.336351284414702523e-01 -4.685208213831899560e-01 3.106904831735140426e+00
3.156142816540401519e-01 3.585536444053599725e-01 2.825207414914920001e+00
6.246844671292699491e-01 -4.597056837415899877e-01 2.880027737400200127e+00
-8.226925953799598679e-01 -5.827723930101600391e-01 2.969321677939559923e+00
-5.592844143741699803e-01 -5.081922869231699780e-01 3.024705766372259852e+00
-7.731081321766900549e-01 -5.965916768817299820e-01 2.965558792243219610e+00
-1.200644743852570029e+00 -3.874395497019900159e-01 3.843963482583759639e+00
7.399420519121002737e-01 -5.949716560539399790e-01 2.645932352858319625e+00
7.619000643468201162e-01 -3.353446326264999389e-01 2.646594664478699954e+00
-1.135843322734599870e-01 -8.555472385431001081e-01 2.766400555013180274e+00
-1.135843322734599870e-01 -8.555472385431001081e-01 2.766400555013180274e+00
-1.092014495813080188e+00 -3.016382299378399523e-01 3.828439492461680249e+00
-1.311255134241700038e-01 -8.245931378003100720e-01 2.733168629380840375e+00
-1.060534807839519811e+00 -7.645567134822399691e-01 3.820197590163419754e+00
-1.092139283826460305e+00 -2.980513347278800351e-01 3.835976921999019851e+00
-1.093201539828399849e+00 -1.945376002663999349e-01 3.860703377228959621e+00
-1.106710838191929946e+00 -2.009631613031500064e-01 3.885303871562659772e+00
7.951368428648009079e-02 -5.684535104417599571e-01 2.903533518634400235e+00
2.759346246632001787e-01 4.524648218739801830e-01 2.687415641695279689e+00
1.678036995875002990e-01 -5.098818668265399090e-01 2.957671315412340185e+00
-1.074909953838280030e+00 -1.193117093941999940e+00 2.846171877397980055e+00
9.637978378891998155e-02 -7.946008078826999332e-01 2.833919227361259896e+00
8.326543947599900353e-01 -5.192563256711699715e-01 2.573978677240579938e+00
1.366469698841301650e-01 -7.638544263707500726e-01 2.875187589212700345e+00
-8.465021126701300913e-01 -5.485310570629899907e-01 2.831481057652839972e+00
7.322244601767797789e-01 -4.421787785661199788e-01 2.726572503620459553e+00
-1.007580643146370081e+00 -1.092870689008309970e+00 3.028063441769780262e+00
6.448199005085000213e-01 -4.612135484585799805e-01 2.888573451555259908e+00
5.162263939459401652e-01 3.236891264658799949e-01 2.877582030699980198e+00
2.728283196465501881e-01 2.199199359225900707e-01 2.713458721229260462e+00
-5.804379251596299971e-01 -1.031702022099870053e+00 2.957287398256839950e+00
-9.620375001111699520e-01 -1.278448381537049983e+00 3.401714992500500134e+00
-9.913317813398798695e-01 -1.244477346857320033e+00 2.903555836833819903e+00
-5.022400735935699245e-01 -3.532901745691299777e-01 2.793254566679880035e+00
-7.954329915298299358e-01 -6.283649555771499973e-01 3.286000680234979932e+00
-5.606904175796200152e-01 -1.317903331903639952e+00 3.070423074083340254e+00
7.906048508266994013e-02 -2.569397198730699605e-01 2.531017434515199671e+00
7.906048508266994013e-02 -2.569397198730699605e-01 2.531017434515199671e+00
3.186739153550033343e-02 2.680277708709999374e-02 2.528696905070380030e+00
4.981344497561024376e-02 4.308272481400998721e-02 2.555167852060740152e+00
9.932766587537011915e-02 5.343030662518299945e-01 2.577174841538520056e+00
-8.495319591247298963e-01 -4.933788167031900040e-01 2.822542696731320078e+00
3.125926012042703483e-01 -2.056402862118699715e-01 2.524441354253019743e+00
7.340582241377013872e-02 -3.317620420784299640e-01 2.702000233570700072e+00
1.945824509960170090e-03 -3.368464130060399575e-01 2.648670491151539963e+00
-1.229504269647399006e-01 -5.162808877220799175e-01 2.907008706646919904e+00
-5.828102770252898690e-01 -1.140230726719549947e+00 2.909251435902659999e+00
1.358623168367898426e-01 -5.287378685530499389e-01 2.908855048861120007e+00
-1.007319222286929827e+00 -6.725311126637499859e-01 3.775236390041859735e+00
-1.058102077495449933e+00 -7.324415053662900466e-01 3.857341197749200479e+00
-9.639470237393500396e-01 -1.055096533851669793e+00 3.050805917686260305e+00
5.437040546730500523e-01 -5.145519116302699203e-01 2.880148372097720344e+00
8.631233116659799975e-01 -7.523560584546798991e-01 2.602131037822279946e+00
-9.482788714711598566e-01 -5.181506068046999314e-01 2.884334640808440042e+00
9.721200235097016140e-02 5.368006166570901128e-01 2.569263570615539560e+00
2.345609523318501477e-01 1.479546615745700455e-01 2.640115533944579873e+00
-2.144244717328599448e-01 -3.997641307870999361e-01 2.857195219442060008e+00
7.325606627045022634e-02 6.022072334570099938e-01 2.542564302212820149e+00
9.847103457152006634e-02 -3.254309276391199601e-01 2.622948026546319866e+00
-6.034902471247599598e-01 -9.996804052676999675e-01 3.074193662060219712e+00
-9.768569852656017183e-02 -3.594296898582799438e-01 2.770753290642079758e+00
-2.048682619835499041e-01 -3.985873954535299468e-01 2.861574315681960190e+00
3.111385276030398384e-01 -2.041638035576600063e-01 2.523923594121559866e+00
-9.337698751874499159e-01 -4.917315199027900152e-01 2.943467528920360010e+00
-1.063527452663109774e+00 -1.167925246239870152e+00 3.560832767982019753e+00
-7.658617700649994475e-02 -1.086059304891940025e+00 2.786825374076240092e+00
5.724327942397102742e-01 -2.066939278819499570e-01 2.549799812746699867e+00
2.277785156870599792e-01 -3.774586292555399680e-01 2.701939412811420471e+00
1.603559713275501952e-01 -3.299056011776899666e-01 2.643644777879280205e+00
1.603559713275501952e-01 -3.299056011776899666e-01 2.643644777879280205e+00
-1.004698456893009961e+00 -9.187773238824900046e-01 3.173955540729120006e+00
-6.842411389698999091e-01 -6.087126709441399441e-01 3.065978772852580025e+00
-5.806405406322400209e-01 -1.026821775094640010e+00 2.985040564657920115e+00
-5.806405406322400209e-01 -1.026821775094640010e+00 2.985040564657920115e+00
-9.429181065519699478e-01 -5.406956270555899335e-01 2.905389487819979966e+00
5.792686957181001350e-01 -5.676920888413999888e-01 2.865194096539480206e+00
3.453676158094400872e-01 -6.682638436257199999e-01 2.884930180863819693e+00
-9.106801698669999556e-01 -1.042213731109720154e+00 2.991711835488480187e+00
-9.106801698669999556e-01 -1.042213731109720154e+00 2.991711835488480187e+00
-9.238117228860700525e-01 -5.112101349232499592e-01 2.974360070869559891e+00
8.636475210003200509e-01 -3.006569354338800015e-01 2.699633575527260465e+00
5.349212216254100039e-01 -5.386530411848500233e-01 2.887659236293560028e+00
-9.892168241316999788e-01 -1.258722455081540126e+00 2.867569454965000375e+00
5.419010125395200550e-01 -4.779775946055200286e-01 2.946402479734000046e+00
-8.841391056580600871e-01 -5.867325982891800074e-01 2.895313109540219809e+00
6.894555274937008704e-02 -2.921035076930899588e-01 2.592276359312740031e+00
-9.769317513330098013e-01 -1.095135913616049894e+00 3.161749033836560141e+00
4.115912398994026056e-02 -2.917159558040199885e-01 2.597282086334460338e+00
-3.573248489737897993e-01 -4.300111162686299782e-01 2.889088559015779989e+00
-4.780497166371988627e-02 4.011256454601000998e-01 2.871964986781680551e+00
-1.055029872023889981e+00 -1.171679518340769999e+00 3.033958410263400296e+00
-4.363454340268899667e-01 -3.859911245357299792e-01 2.843638840163920545e+00
-9.689899903960599303e-01 -1.358851421360080192e+00 3.027439733384680309e+00
-9.107221552006898868e-01 -1.127046638349530117e+00 2.902505949286380282e+00
-1.057330817581959792e+00 -9.848827181372199480e-01 3.691320623966080294e+00
1.186175601014900494e-01 -5.564175111175100330e-01 2.941722483819360079e+00
8.406973839118991876e-02 -4.439905432798899598e-01 2.845700794549160140e+00
8.406973839118991876e-02 -4.439905432798899598e-01 2.845700794549160140e+00
-9.754882152631598746e-01 -1.090009577930119988e+00 3.155912818357020200e+00
-1.071009485046309884e+00 -6.763823383175899817e-01 3.584063150485440108e+00
-8.501935127130400005e-01 -4.897082733368199881e-01 2.813555371856659715e+00
2.720006986825100892e-01 -3.916522508538500258e-01 2.726960351385760095e+00
-9.582426424428991396e-02 -9.725571001242900859e-01 3.011483586502520016e+00
-9.582426424428991396e-02 -9.725571001242900859e-01 3.011483586502520016e+00
-8.878121497779398741e-01 -1.161181084994599821e+00 2.885425768845079730e+00
-1.080810096457240022e+00 -1.156359532678859825e+00 2.986805275027619722e+00
-1.241729668399810027e+00 -3.744040464060500728e-01 3.857372393825160284e+00
-9.925303131542199120e-01 -1.355260104571319957e+00 3.075706236316900100e+00
-8.752356996178001225e-01 -8.541076840432598738e-01 3.572054216216959510e+00
-1.047443804658910071e+00 -9.544329637714100700e-01 3.736320827817320112e+00
-9.936890272434100169e-01 -8.650985441232500461e-01 3.203323780760280126e+00
-9.700297663061500097e-01 -1.169962457573930248e+00 3.469574923873720351e+00
-7.028308565400998020e-01 -5.141489554104800019e-01 2.923364050225679911e+00
-4.086926055380800671e-01 -9.094566635135599153e-01 2.872026096710180276e+00
-9.407687496409299355e-01 -1.333445067086009850e+00 2.979833797970020015e+00
-1.151070061898797903e-01 -1.115780929598539917e+00 2.947876973697440395e+00
1.637635299574400349e-01 -3.581861632309799592e-01 2.702078620951019694e+00
-1.110369138757840046e+00 -6.727424865054599801e-01 3.322920900153960133e+00
-1.110369138757840046e+00 -6.727424865054599801e-01 3.322920900153960133e+00
-1.279812152868999853e-01 -1.138460223507740121e+00 2.764544597666080517e+00
-1.030295444530149984e+00 -1.178359454766449987e+00 2.961046364980680412e+00
-1.074376900061049911e+00 -6.964132079580900303e-01 3.592043484896919825e+00
5.738768248070000855e-01 3.457993584996200687e-01 2.872222095614640036e+00
-1.086191502533230047e+00 -6.937687602103899120e-01 3.550371245262020192e+00
-1.113181577949490242e+00 -7.206458314191099834e-01 3.418585704028199945e+00
-5.038844056891900181e-01 -9.455143405255299616e-01 2.948337148922999695e+00
-3.964087265520999104e-01 -3.804846884842200128e-01 2.818692300988900445e+00
-7.213382634046298092e-01 -6.913554930730699821e-01 3.053298722050480585e+00
-6.371692231472200207e-01 -1.051000024192680016e+00 3.113526767108819815e+00
9.300470132425986414e-02 9.538901137896005356e-02 2.526176051616340068e+00
-7.822604632734999619e-01 -2.334327701120999798e-01 2.540914665064859967e+00
-6.844940865101198924e-01 -5.964748454171400205e-01 3.168843563842660416e+00
-6.957433481264498898e-01 -5.986481544607099581e-01 3.168276660371340370e+00
-1.019321076309010143e+00 -1.203750722994810118e+00 3.276511495887800329e+00
-1.239260584123900166e-01 -1.019812889866110073e+00 2.858605370790659794e+00
-7.747742394231993401e-02 -1.081128508897180041e+00 2.889879228805799727e+00
-9.909696059324801798e-01 -9.307912797724199327e-01 3.611742046830140218e+00
-9.852839633582499701e-01 -1.246762834765609895e+00 2.912074704284759896e+00
-8.187378984791198189e-01 -5.781810411370800207e-01 2.883567529178760136e+00
6.770172656000901235e-01 -2.549924172704099434e-01 2.560172402143999992e+00
1.005662919481309814e+00 -7.594532580467698857e-01 2.669125603370539501e+00
-5.596753698639997943e-01 -1.103960786109019931e+00 2.935082676548060654e+00
-1.107119599369599916e+00 -5.484131705988799510e-01 3.856813448424419644e+00
-1.043577594610570092e+00 -4.934205581209499814e-01 3.861478271166119747e+00
-1.514369734100499132e-01 -4.506606240695099630e-01 2.944092862594900328e+00
2.395785175724007843e-02 -3.410093808618999689e-01 2.549170675816499809e+00
9.540425898688997819e-02 -3.252668693305099668e-01 2.658113877917759993e+00
1.225220858113700295e-01 4.899319438985501041e-01 2.624516467147540055e+00
-9.410645565601598594e-01 -1.054516343264519929e+00 3.014035209855880026e+00
1.370206406394200993e-01 -5.541687588945399812e-01 2.955490189282080404e+00
1.496280736309099080e-01 -4.382444594341899924e-01 2.850612543750079997e+00
1.496280736309099080e-01 -4.382444594341899924e-01 2.850612543750079997e+00
6.516013067445802776e-01 -1.689277792498999620e-01 2.447849437042779908e+00
7.946380214171300249e-01 -6.320872814655499328e-01 2.549513959254220197e+00
9.117396043700001229e-01 -6.060600998925600447e-01 2.635597994272779854e+00
6.110902727894007569e-02 1.233623061301400425e-01 3.284291629142639835e+00
3.780997758307700352e-01 -6.898846310628499179e-01 2.911263836164459828e+00
5.447617546549399226e-01 -4.940969394835199591e-01 2.888413853664359987e+00
3.279052058902101052e-01 -5.346832766541099735e-01 2.900707237598079580e+00
8.808928538159901400e-01 -7.181878417893499122e-01 2.521048326880899637e+00
-1.057277075403789901e+00 -8.038685344426500512e-01 3.499571062899600182e+00
-5.810441674634200249e-01 -1.051119001141879838e+00 2.967653393221940217e+00
-1.062602232840399674e+00 -7.567449575020399610e-01 3.511756511397720271e+00
-5.841409706650899647e-01 -7.246624807113100086e-01 2.954732781051880419e+00
-1.089405732523420101e+00 -2.995925079716800221e-01 3.838324345175139651e+00
1.829423387873301277e-01 -5.751087298349100152e-01 2.879678159671180016e+00
3.137556884085199727e-01 3.754713702639200790e-01 2.820531769650600040e+00
-9.992549786179005800e-02 -5.176310023311100350e-01 2.903442565898600503e+00
-1.002742913652369783e+00 -5.505623844606299944e-01 3.866652989217859826e+00
-9.840309082022499210e-01 -1.128802886405369854e+00 3.020337090547280390e+00
-9.933605903750499788e-01 -4.777890679109299543e-01 4.001973239608579647e+00
7.126009407092901426e-01 -6.385479192570899798e-01 2.530390743629840067e+00
-5.526599816569298662e-01 -1.112791494270049864e+00 2.920357961908540467e+00
-5.125859656340798765e-01 -1.238910752050959907e+00 2.903981903271319887e+00
8.211756352222998601e-02 -3.088560861995499618e-01 2.593085466984780041e+00
-1.134623725468300037e-01 -1.189204925780829925e+00 2.715841998573159888e+00
-1.059667713612040041e+00 -7.635309949448599864e-01 3.827464254534899801e+00
-1.000200191007310169e+00 -6.808585646954700143e-01 3.322870624167740594e+00
1.919689433984299587e-01 -3.395702956503099390e-01 2.649674058365900198e+00
3.649859250415099510e-01 -1.939269274801299903e-01 2.544425305628799983e+00
-9.983217626336200468e-01 -8.721100464503800387e-01 3.198214405691240714e+00
2.125448368162401458e-01 -5.836003022371799576e-01 2.847447321700820044e+00
-1.044598697234950135e+00 -5.171855280665499377e-01 4.006046033624000025e+00
-1.088592393900879696e+00 -5.427486250017399261e-01 3.874139158490200074e+00
-6.678851903622100572e-01 -5.894132263224099999e-01 3.039852977071960005e+00
-6.373785176684199083e-01 -9.898855673990200055e-01 3.038403131232219945e+00
-1.003586573325700115e+00 -6.641569081597000768e-01 3.793044734545419683e+00
-4.506058002343299451e-01 -4.200882696870499866e-01 2.888369192494299575e+00
-7.306490415575499497e-01 -6.058005908425899699e-01 3.106984296124679634e+00
-5.533742847301299506e-01 -5.223792882551899774e-01 2.997769418116340567e+00
-3.557401371297999049e-01 -3.594939568005799946e-01 2.808292446830360056e+00
-5.194616353187200275e-01 -1.229553588703899969e+00 2.927908483363319991e+00
-3.135444410044899710e-01 -4.154695981282299777e-01 2.875054349760880257e+00
-3.170432753469976106e-02 5.274591859764600210e-01 2.496135589940459809e+00
2.351900709521004273e-01 2.945073917176800338e-01 3.040887787434060296e+00
7.195411405461202836e-01 -6.729039042672599891e-01 2.773505678137600405e+00
6.122409733033995494e-02 -3.584899022913399791e-01 2.747234568306459845e+00
-1.016058984784000030e+00 -1.045007748006800075e+00 3.101749301434900019e+00
2.448502256131104282e-01 -3.904200647754499376e-01 2.712118717399160328e+00
-8.947116672532600123e-01 -6.504256804981399798e-01 3.286555783800059860e+00
-2.501293467167499118e-01 -4.233325309615499910e-01 2.900260801562259516e+00
-1.005663618613029886e+00 -5.271155514804499731e-01 3.886089889543800080e+00
1.029013188976701798e-01 9.653020302419007548e-02 2.534474622256900123e+00
-9.900578195207198062e-01 -6.795100318737999912e-01 3.323575341939160488e+00
-5.518184251683397878e-01 -1.067830987702360179e+00 2.958516607163340417e+00
-4.865703712926698898e-01 -5.275634568719900219e-01 3.000101423750820118e+00
-9.048929049371199351e-01 -4.957639381504599929e-01 2.830924620440840034e+00
-8.905660442335006088e-02 -3.556423015189499881e-01 2.784382772537459694e+00
2.134242866542404027e-01 -2.682585313913599667e-01 2.536230232491740288e+00
8.171563928060177062e-03 -2.837891212447999356e-01 2.629684778450979810e+00
1.561386855638302595e-01 -3.388438061373299504e-01 2.648978380154920043e+00
1.347060501462498117e-01 -4.359939568982900138e-01 2.902203870641959949e+00
6.778162422862998859e-01 -5.022758824139399447e-01 2.802950109186720162e+00
-1.041722161222329968e+00 -1.154643719048090045e+00 2.992119698425520280e+00
-9.616876121861500648e-01 -1.275036106507210221e+00 3.399083893006700219e+00
-1.057032881454879947e+00 -9.449377437535799729e-01 3.413686088008560215e+00
2.374437997792400168e-01 4.444262246611599965e-01 2.668573895157599463e+00
-9.882645151542399642e-01 -1.069867332174800012e+00 3.945354837724879715e+00
-1.046162733537999934e+00 -9.533242216174799832e-01 3.874264470916959802e+00
-1.010848842179199902e+00 -1.153369234258700082e+00 3.846304917854479921e+00
-1.068972318423699885e-01 -1.159122326159149896e+00 2.920760951044479636e+00
-1.068972318423699885e-01 -1.159122326159149896e+00 2.920760951044479636e+00
7.036504832027601353e-01 -6.587289002099199209e-01 2.756454242625340445e+00
-1.077089918549559933e+00 -6.444836206550800251e-01 3.406349193639359729e+00
-1.041388298130369705e+00 -8.334305423413499447e-01 3.933141788813260042e+00
-1.010931102664780035e+00 -9.860955541676800218e-01 3.971721602980700094e+00
-9.408535290497500592e-01 -1.015138067729989935e+00 4.086458051685220028e+00
8.099023502440403366e-01 -2.994074368889999560e-01 2.661341238973540246e+00
-9.945364371840700324e-01 -1.172546334093070186e+00 3.884970740597399885e+00
-9.526388347953698155e-01 -1.208222491908850005e+00 3.935454099073800283e+00
-1.010985603518350207e+00 -1.131454675951249822e+00 3.880502651702840033e+00
-9.904227258330100536e-01 -1.053723140605289821e+00 3.543971573449799628e+00
-9.428416310345199003e-01 -9.603084041541199989e-01 4.123594529180139467e+00
-1.038916793788059900e+00 -1.401891551931699897e+00 3.473103628336640103e+00
-9.713649490623701421e-01 -1.032782240451910027e+00 4.012915838555999315e+00
-9.981407653337202035e-01 -7.701984183562200492e-01 3.725429575416399963e+00
-9.756888039061299978e-01 -1.070340628052909970e+00 3.972223477466039654e+00
-9.678743512059096998e-01 -1.035926680730530069e+00 4.021209711703579437e+00
-7.642024849736799297e-01 1.441058725555001141e-01 3.181133074944999972e+00
-8.972759930365299397e-01 -1.334744917141749809e+00 3.837594004582399965e+00
-1.020783124348900062e+00 -1.167480282803559977e+00 3.821419982370239943e+00
-9.435254311794398774e-01 -1.017812306915840015e+00 4.086392396425360118e+00
-9.401157085625198029e-01 -1.318336769366859951e+00 3.917623002584680325e+00
-9.593801301611799559e-01 -1.145075681792679934e+00 3.930865734136419931e+00
-8.391414022673201467e-01 -1.237847018012540046e+00 3.669430106779299816e+00
-8.127524459499999576e-01 -1.192852614247379872e+00 3.606914773715599765e+00
-1.033702349300409828e+00 -1.190887854170590066e+00 3.257432385418820076e+00
-1.067520386159650281e+00 -9.237701750493099162e-01 3.689256036893679980e+00
-1.005640041450070132e+00 -1.043414536332329945e+00 3.943560552560879895e+00
-1.049058060080350074e+00 -9.239495811565500150e-01 3.418655221143879874e+00
-7.213381333430199938e-01 -1.407609169490219969e+00 3.470948330780899926e+00
-5.075783538838301023e-01 -1.078914247523170111e+00 4.081577793677439558e+00
2.653075497827304119e-01 -1.056295044635749969e+00 3.826209387055800271e+00
-2.220404123943401364e-01 -1.069732523545319891e+00 3.940003019471020274e+00
-2.333853719470146970e-03 -1.015448526467989776e+00 3.799137381119299661e+00
-2.232818124576398944e-01 -1.054764599315159979e+00 3.920699161126620425e+00
-9.251582708947900802e-01 -1.259621204459850041e+00 3.721316820334899855e+00
-8.807688299893898787e-01 -1.326333910334709820e+00 3.811050244859000014e+00
4.358337010332500316e-01 -6.823609350092099124e-01 3.327162766781899705e+00
3.143267456827700812e-01 -1.000756845852989851e+00 3.709718905229780539e+00
-3.222227789588498759e-01 -1.047757163501670030e+00 3.899106398898440240e+00
3.850695199628300092e-01 -7.384662631241299957e-01 3.355108714625139932e+00
3.552728646407299351e-01 -6.835934873617099949e-01 3.143166138830179701e+00
-1.164285760027297112e-01 -1.006584135687009995e+00 3.828601860635700405e+00
-4.686458095342005414e-02 -1.002730197497059939e+00 3.798167097086480037e+00
-1.376391955328499783e-01 -8.641879148739299854e-01 3.598268613062620247e+00
2.700435331990100885e-01 -9.917107048942900294e-01 3.713970938896200114e+00
3.627824253140901067e-01 -6.820901688497299498e-01 3.149688835641279994e+00
9.918497152138994188e-02 -1.010784719829029843e+00 3.825296367392559738e+00
3.185366741185100548e-01 -9.506724484433100031e-01 3.638491794750699615e+00
3.488415679497800514e-01 -1.032720911868360236e+00 3.780806232356359597e+00
-1.991434278985300121e-01 -9.004890732023900224e-01 3.688572172534520188e+00
-1.399980148557700144e-01 -9.191182599060500058e-01 3.711549100316639649e+00
4.017027694468398025e-01 -6.407331900787399670e-01 3.229068757283839908e+00
9.143050275614901246e-01 -7.535927159420899857e-01 3.453907385927200036e+00
3.376835997947300605e-01 -6.442231191139899948e-01 3.225224247531359723e+00
8.031361079345011866e-02 -9.718931438797500100e-01 3.769195188515559458e+00
1.228583235942170226e+00 -5.502324830441299719e-01 3.107986896473900362e+00
6.252393470487500604e-01 -7.887033753209500286e-01 3.509892555206580056e+00
3.486942345443901914e-01 -1.033638252558170212e+00 3.780626497184039980e+00
5.834688428094203516e-01 -7.843129209474200003e-01 3.264591188417840240e+00
2.779513063109901871e-01 -1.014133112395970038e+00 3.748077663442039853e+00
2.901639444772099452e-01 -7.331164360677300262e-01 3.422178901480899871e+00
9.570132035203999799e-01 -6.739032791604200323e-01 3.241896770208899881e+00
1.257937631826319791e+00 -6.033949177910400419e-01 2.905071310501759818e+00
1.009104735361340044e+00 -6.891285672428200115e-01 3.345398637191100200e+00
6.398451139285701306e-01 -7.895116452494099768e-01 3.466025039863499746e+00
4.424121577349000578e-01 -8.900018656206399870e-01 3.605741008497339806e+00
6.004641379027999548e-01 -8.968938594146399490e-01 3.625569809550579947e+00
1.159825244069749850e+00 -4.792393556066499860e-01 2.932506338310739924e+00
3.883740236328800943e-01 -7.099673707539200240e-01 3.286253533638400448e+00
9.353035891997603102e-01 -7.290303821575999654e-01 3.369777673318500089e+00
7.267734293408012469e-02 -9.931678712590399360e-01 3.859952244671360333e+00
3.443746201656201489e-01 -7.641588079908400166e-01 3.466797531400480192e+00
1.115350401469640040e+00 -8.241424198103799448e-01 3.697497377746219893e+00
1.344848659721149975e+00 -7.125982052609499684e-01 3.366452444619199902e+00
1.041351160322030012e+00 -8.289058269480900076e-01 3.731190949004620006e+00
6.287285074988901989e-01 -8.933534787683099498e-01 3.664265802825499740e+00
4.220660548733299322e-01 -8.058071415440499763e-01 3.543873383686059864e+00
3.907067995052000420e-01 -8.292556437486799936e-01 3.534452263537399386e+00
1.011691193229680152e+00 -6.920753490463199542e-01 3.344142159791199997e+00
-2.777447482858899086e-01 -9.282482678063899151e-01 3.653118976836020160e+00
-4.944561404872600541e-01 -1.092808803819159902e+00 3.816444935995360055e+00
-3.564008254017998478e-01 -1.135958462996160101e+00 4.097730753096180401e+00
2.114435172415101150e-01 -7.494607132682900019e-01 3.408207440072040129e+00
5.839007595446299437e-01 -8.974421717421300349e-01 3.639660630317079981e+00
1.042721853168020019e+00 -7.165925316265200351e-01 3.386255982843219936e+00
2.920723930454298678e-01 -8.766991377878500247e-01 3.584327890740879763e+00
1.356835535165839879e+00 -4.847002436903999900e-01 3.095912106946000719e+00
1.258109116210910372e+00 -6.310133198985499181e-01 3.107799781561060293e+00
1.348309136055380275e+00 -4.848976033725399537e-01 3.050720798422280389e+00
1.251626831343259916e+00 -4.931091971296999721e-01 3.012853393253839940e+00
1.349426378626609857e+00 -4.729263752980499280e-01 3.055959126173800389e+00
1.270100926547600650e+00 -4.532989032567199539e-01 2.954040085827060569e+00
8.110443852857600611e-01 -7.573762603946199157e-01 3.432059299526560192e+00
1.042725778304269824e+00 3.303505167274100041e-01 2.849440641038059940e+00
6.985807912282100407e-01 -2.439143116775499553e-01 2.451109568323579957e+00
1.162021416838640242e+00 -2.201283841630599369e-01 2.791243799417140181e+00
1.165204134569990391e+00 -2.470124066893099879e-01 3.880427957468739919e+00
9.772867966226002068e-01 -4.737757975263199861e-01 2.608482711752819760e+00
1.195080462934250409e+00 -5.989396662424700812e-01 2.871423583121819778e+00
4.614316031302101440e-01 5.528859694663099678e-01 2.621614516221220104e+00
1.493701517750510188e+00 -1.759086191598299431e-01 3.291288821549060106e+00
9.723309370290800224e-01 -4.700754528246799957e-01 2.603698225251859455e+00
1.033641841463029731e+00 -8.571335481045000426e-02 2.630019029601259994e+00
1.345963229445800380e+00 -4.850472424667599536e-01 3.054050718262960373e+00
1.191807529368919649e+00 -4.424170783445799948e-01 2.940295009449520158e+00
1.189098812750540191e+00 -3.243523379072200119e-01 2.793406741183700248e+00
1.521048117368960284e+00 -1.401685851615399603e-01 3.282213464155000260e+00
2.486049564909500464e-01 -2.936622976393099549e-01 2.680632209543480027e+00
9.149007063937402151e-01 -4.592355313963200070e-01 2.581944134499300159e+00
1.424801225769829927e+00 -8.131635794917498883e-01 3.552073183439939719e+00
6.559698198159502613e-01 -2.204966248574699861e-01 2.374772528639980340e+00
8.896358631809602180e-01 -5.152461167689399435e-01 2.657256280221619971e+00
1.294836208051879822e+00 -9.598230528823200602e-01 3.651990909952279818e+00
1.343134178393869949e+00 -6.798343933424100261e-01 3.318104480393719857e+00
4.892150776517301125e-01 3.784862813761300515e-01 2.859913984083100047e+00
1.260476528544140162e+00 -9.382303186049599786e-01 3.667008272132999736e+00
5.447013750152300826e-01 3.275899215139500553e-01 2.885841107980939846e+00
2.993985514688299876e-01 4.344789039281300447e-01 2.684371968131140207e+00
1.496286559468129607e+00 1.424718533814700594e-01 3.368256810863579975e+00
4.144494644894600732e-01 -9.015718324293997554e-02 2.365008757356100055e+00
8.577996720298699529e-01 -4.832160555850100181e-01 2.578872070982219711e+00
1.249599754638560434e+00 1.847004188060400454e-01 3.196773408278120510e+00
7.785079992025700779e-01 -6.839478947344700410e-01 2.526625751189400138e+00
2.334911684491702832e-01 -4.180895870399299885e-01 2.854059297834259823e+00
7.560799332077901003e-01 -3.784726802878899954e-01 2.690134766044320003e+00
4.798199712858499666e-01 -1.593366139847099405e-01 2.454116168029340184e+00
2.149403612341700409e-01 -5.891584823158100281e-01 2.979316750089819887e+00
9.039065442625702218e-01 -4.518299840213499952e-01 2.582423302999839798e+00
5.827089862791501318e-01 -5.686826018415299666e-01 2.834044726401340419e+00
3.236059162881201878e-01 4.310815231486999632e-01 2.746444247645759784e+00
6.702153505815202639e-01 -1.354968245833799712e-01 2.443544240779119914e+00
1.098828346293529989e+00 -5.782684643442699279e-01 2.585321870025039992e+00
8.583036829584202998e-01 -4.791072167657999814e-01 2.579029077516839852e+00
6.494098210322301057e-01 -1.627244686022099596e-01 2.425193161714560119e+00
1.138744805368309798e+00 -6.095255223631299568e-01 2.579162722102599670e+00
4.947683499814699015e-01 -1.850495591290499675e-01 2.507876293641859711e+00
8.124773925541699526e-01 -4.637364157658899755e-01 2.611552556420380089e+00
1.054643604664760037e+00 -3.411847730407199797e-01 2.637510911608559994e+00
2.279439774529703477e-01 -4.192638543308299659e-01 2.863656843194399837e+00
6.519259034353701576e-01 -1.602131907356699747e-01 2.422236391337820205e+00
8.818223087182701647e-01 -9.182158814832996896e-02 2.350629759525239670e+00
3.476840070074300737e-01 -5.025032829373099474e-01 2.999781674715679802e+00
4.935236662331601298e-01 -1.866700052845599589e-01 2.511927820243939902e+00
6.809980135012401181e-01 -2.022576104578199530e-01 2.357169770031259937e+00
1.608162826738699369e-01 -4.881910040119700200e-01 2.892443217892239904e+00
7.750831165143803325e-01 -4.724000451089199748e-01 2.649395411115980092e+00
5.710426136332400482e-01 -6.275223003130798727e-01 2.821528425619760139e+00
8.131203786474199280e-01 -4.580203524401199600e-01 2.607345075756180020e+00
7.570684869396502314e-01 -4.365121442302699051e-01 2.664147623589999903e+00
7.962247717799300073e-01 -4.826790317259299634e-01 2.614427778203579855e+00
7.788222112775002870e-01 -4.869455574237999684e-01 2.631773606964740164e+00
7.153032494771902616e-01 -3.468422114887099728e-01 2.745666540248000498e+00
7.486828400500102898e-01 -3.566751379342899542e-01 2.680281000286599991e+00
6.408852148684098804e-01 -4.784385048982899846e-01 2.836470759749339710e+00
5.368644634766901458e-01 -4.595457287705899674e-01 2.927621324379300116e+00
-2.585429970304898850e-01 -3.841441207914299549e-01 2.837733842542660145e+00
5.458781807926100793e-01 -4.949424971859099909e-01 2.888097507640900119e+00
-6.417253197869199344e-01 -8.300202022117399991e-01 2.992034025163660349e+00
-6.700712651049698376e-01 -5.352402058156899844e-01 3.050017874791120409e+00
-4.927304105681199475e-01 -3.593793109318799694e-01 2.805376693475599925e+00
-5.088263398898799084e-01 -9.721514957303600823e-01 2.999453844971159633e+00
-4.702952056977101059e-01 -1.049851008139989883e+00 3.012492820471000421e+00
-1.316436206986000279e-01 -1.125963089215759938e+00 2.897765442894619792e+00
-5.830989764996798996e-01 -1.128327051668060133e+00 2.912346975820760520e+00
-5.830989764996798996e-01 -1.128327051668060133e+00 2.912346975820760520e+00
-1.554289268904700538e-01 -1.031594689346190030e+00 3.028719093873800006e+00
-1.088984539962698506e-01 -1.183138006472890025e+00 2.884472078866920253e+00
-1.515045731968012177e-02 -1.163350053125479899e+00 2.944735345538420201e+00
-8.492480347377995287e-02 -1.081273330629819895e+00 2.884421288931979799e+00
7.256889710635101576e-01 -6.305178905870700845e-01 2.707812847540119527e+00
1.949537671687402440e-01 -1.095179958958799604e-01 2.455928080658920099e+00
2.783265831230001819e-01 3.827600461400200160e-01 2.712332276204280301e+00
-9.147325645902999458e-01 -5.052515787710600836e-01 2.985606047408339681e+00
-9.147325645902999458e-01 -5.052515787710600836e-01 2.985606047408339681e+00
-4.476265109592397762e-01 -3.365873987603999473e-01 2.761042513381080088e+00
-1.102247591030949936e+00 -7.837612734918900648e-01 3.416632156642239515e+00
-1.064647628413510017e+00 -8.081492215556099756e-01 3.513543360167799445e+00
-1.226355337255000011e+00 -3.452724614918799562e-01 3.886197151874780431e+00
-9.462631026745601526e-01 -4.701754273047600297e-01 2.911625724702859852e+00
7.381338309106399986e-01 -4.323847052906000243e-01 2.757019403209899799e+00
-1.318035951520870164e+00 -4.760612862651499855e-01 3.050949590601240047e+00
-4.377306763283800306e-01 -4.324167702779199707e-01 2.886828870988280116e+00
-1.226816679055000137e+00 -3.635814589536800479e-01 3.857654964623160598e+00
-1.247103516048130079e+00 -3.452835669903499549e-01 3.866758634860399724e+00
-4.299012574971698974e-01 -4.718472743680099946e-01 2.859764517362159975e+00
1.378738508738603930e-01 -3.388011779784599886e-01 2.650894323011660170e+00
2.382614250121402044e-01 4.454364072816600073e-01 2.654387754812260081e+00
3.952150582715301397e-01 5.507251418328300563e-01 2.621923362264019897e+00
2.055415309582997452e-02 -1.541462071581899684e-01 2.541258780111519844e+00
5.368029284470998697e-02 -1.445227104778299687e-01 2.530723679141720250e+00
9.357038549774010505e-02 -1.970991503878799789e-01 2.560303673819100290e+00
-3.866436103853199135e-01 -4.314076356185200245e-01 2.883847016170100641e+00
8.765122178653399487e-01 -6.509135321600999502e-01 2.521734031937119980e+00
-9.872301669661599499e-01 -1.151387300891059784e+00 2.942954649252820243e+00
-1.009810471130530019e+00 -6.789439985172499581e-01 3.311787411398619874e+00
-1.005755487988209795e+00 -6.834997602970499520e-01 3.316861588188500409e+00
-1.062594385683550025e+00 -8.217843495881299587e-01 3.479765918662359514e+00
-3.040510192689098723e-01 -3.987533078752499849e-01 2.865499916414199877e+00
-1.087856249290930055e+00 -2.944112633367099718e-01 3.874345933086520422e+00
4.941163594374800017e-01 -5.482897214451999401e-01 2.907178541050640330e+00
-4.667345194752999804e-01 -3.505730996642599795e-01 2.778565225008319484e+00
3.814026844405700167e-01 -1.015178793837899773e-01 2.382097571283619875e+00
-9.079067457690699339e-01 -4.443580150025699949e-01 2.855136642785200074e+00
-1.363518661542699739e-01 -9.852024025560699449e-01 2.862924180750020309e+00
3.001497574240701294e-01 1.850165050173500636e-01 2.428933455377860096e+00
2.236464613631601317e-01 -1.449132061580399866e-01 2.454553353291600182e+00
5.940777563384025406e-02 -3.360810787830599278e-01 2.693612169393280187e+00
8.277375252280398943e-01 -7.240288114890800486e-01 2.639672161873820144e+00
7.189420627672098441e-01 -4.255990563537500049e-01 2.753535271837820098e+00
-2.864564338940799315e-01 -4.381870750425199690e-01 2.918210631030940139e+00
6.807169860176021103e-02 -2.947328345530799698e-01 2.600982025517960317e+00
-3.892408464291697845e-01 -3.637076506537899601e-01 2.821836641511380250e+00
7.353991955440701833e-01 -1.496106522786499748e-01 2.483550038374700009e+00
1.924334235892999345e-02 -3.931890471232996065e-02 3.520094176190439850e+00
-5.039164395584799783e-01 -6.725179611832400317e-01 2.949714858093760217e+00
6.995677078812201355e-01 -6.140265353154800154e-01 2.704028406844320109e+00
-1.142622658035099548e-01 -1.137251211470370116e+00 2.922519505679219698e+00
-5.453241098762799943e-01 -9.439184992151999909e-01 2.930619255741419682e+00
7.093288853079200429e-01 -4.566426852145399895e-01 2.828780915651659900e+00
-5.641080114955600022e-01 -1.207568364874520128e+00 2.884610373484219892e+00
-3.232749351255999049e-01 -3.529183619353599699e-01 2.799559873758660444e+00
5.995995340852999789e-02 -3.801121428548998038e-02 3.570959809526000228e+00
-1.076855243176900068e+00 -1.185734516856399967e+00 3.646425487601259618e+00
3.468949719727703052e-01 -5.502084481435699503e-01 2.938601165548300198e+00
7.023079059033499050e-01 -5.541362078456899543e-01 2.735728526508379943e+00
-9.973415195646984088e-02 -1.066285029990010180e+00 2.960378985277019925e+00
-1.250760420520298233e-01 -1.057779944764369873e+00 2.813017665108560106e+00
7.997033172437006954e-02 1.355920795265900813e-01 3.304278118214799775e+00
-4.551845085479500064e-01 -3.543567855393899846e-01 2.864593045455979592e+00
-1.072136476730499943e+00 -5.480549903348199692e-01 4.061298515604479853e+00
-6.049506785681498799e-01 -1.156246661261469910e+00 2.881503178099740214e+00
-1.071639949144540083e+00 -5.495557563952999658e-01 4.061015012893439469e+00
-1.095777906525490231e+00 -1.871232569681299807e-01 3.873517909002480053e+00
-1.008626337975640164e+00 -1.089677548076620095e+00 3.016357409608819928e+00
-9.053851569246984532e-02 -4.642674366078299864e-01 2.933101866923640166e+00
-5.962253263314699625e-01 -1.339931972068669985e+00 3.053136573157079869e+00
-1.089673628085097157e-01 -1.046519709326870107e+00 2.961047186522480335e+00
5.001083017278499909e+00 -1.949569454440399641e-01 1.961239800242920328e+00
6.391530819569299915e-01 -2.549598523569899799e-01 2.388550357962639925e+00
4.168359955268689632e+00 5.392510758921499336e-01 2.120410376258300644e+00
4.354333274613320981e+00 7.387319892401001953e-01 1.852084321445079951e+00
4.278504157864460034e+00 8.670590345387599873e-01 1.381192036306120308e+00
3.385862757232399822e+00 9.165353887435999658e-01 9.688859162078401477e-01
-9.450371400790299470e-01 -1.003394567818929994e+00 4.098602861687339782e+00
-1.005635592445000004e+00 -1.082221930166079815e+00 3.896266026245480241e+00
2.488808540201300268e+00 3.107484647343620399e+00 -1.761292421382319784e+00
4.616552762217620121e+00 1.466354975444601472e-01 2.141069422977039949e+00
9.552929994212600029e-01 -6.720908645707399653e-01 3.243146797402840065e+00
1.580839303899320036e+00 -7.570455111066399789e-01 3.450855120369280105e+00
1.226211360764390079e+00 -5.604141440602700142e-01 3.107704754734459840e+00
-1.417863016995699610e-01 -9.294039916014898983e-01 3.721515943014519934e+00
4.645934277277701252e-01 -7.188796290823499247e-01 3.335631952835659941e+00
1.407066556242110078e+00 -7.163380382192100493e-01 3.328959342750459793e+00
3.493517721490010608e+00 1.066467654365169881e+00 1.235045213797060004e+00
