-8.279676048830100221e-01 -2.251817963672999579e-01 3.430693149834400213e+00
-9.077511312122696907e-01 -5.464087060694898801e-01 4.229047294487120467e+00
-9.317637013818100833e-01 -2.258162900024499598e-01 3.420917542357580388e+00
-8.421732338668594942e-01 -5.534701501469300178e-01 4.197524839186769441e+00
-8.427597661889301150e-01 -5.564570590140700546e-01 4.198135247417170035e+00
-7.401760939188797295e-01 -4.108588897607199364e-01 3.900666765080639919e+00
-1.228283487935559748e+00 -4.667717663413000206e-01 4.095643148458909977e+00
-9.658981917431499475e-01 1.945145824151801595e-01 2.410976872980389984e+00
-5.330307095045996313e-01 -5.678279971222000011e-01 4.288463917066380304e+00
-8.531131850360798019e-01 -5.517044221308798901e-01 4.330296609044490097e+00
-8.176636989335896999e-01 -3.539730389792200560e-01 3.774686220283069993e+00
-1.084177764515099618e-01 -8.491055090796398863e-01 3.945575245343190041e+00
-3.910120786351498623e-01 -5.813562831980099155e-01 4.337122120066820408e+00
-5.691499353122599913e-01 -5.422461935599598437e-01 4.330347229461830594e+00
-9.371594163780501141e-01 1.560078974563599008e-01 4.179102657510719965e+00
-8.521165868113000919e-01 -5.528568429620099867e-01 4.328998602487020619e+00
-6.301635192491201742e-01 -5.950687621064499888e-01 4.173195726363259972e+00
1.278932445876201918e-01 -5.799689679324502301e-01 4.304991739800359873e+00
1.325212903289698652e-01 -5.773854843294099481e-01 4.305309207282800088e+00
-2.468440775416897992e-01 -2.178172547076200338e-01 4.469808013263889990e+00
-5.545011183632202467e-01 -5.559963981490197993e-01 4.332859130559880256e+00
-4.886722722432801369e-01 -5.525198958917401093e-01 4.252216002723500310e+00
-3.987818914611005461e-01 -5.795595066560899067e-01 4.336050150337090514e+00
-1.009811631513999775e+00 2.002609156104302457e-01 4.178956623168300410e+00
-1.302664715466400391e+00 1.657659822782902026e-01 4.083161073075750380e+00
-2.306597698600496571e-01 -6.328284581133502007e-01 3.995392138517670055e+00
-9.120227347054301603e-01 -1.424418273843098826e-01 3.218816663219270069e+00
-2.178588978475599625e-01 -5.938186454173599582e-01 4.314584777073720012e+00
-1.497445865426803024e-01 -4.611253760250599854e-01 4.348076382216039981e+00
-5.850535473673597053e-01 -5.042790356902497884e-01 3.810285899934520160e+00
-9.146698987815100601e-01 -5.653159831158599546e-01 4.211043278872029560e+00
-8.150996450086296363e-01 -5.569418975321100973e-01 4.332795169670710322e+00
3.367436212506396132e-01 -4.658493027432600853e-01 4.035883136656820191e+00
-3.621266558712901151e-01 -5.200544435132899990e-01 4.344304979677049872e+00
-3.073380140177701669e-01 -3.057439931572301095e-01 4.430106110112660645e+00
-2.389434016466198685e-01 -2.273770155004100069e-01 4.460414315358059767e+00
-2.415115803932299521e-01 -2.227126164268300457e-01 4.461476299925919875e+00
-2.409376275936101486e-01 -1.924994764024698934e-01 4.474762861098129818e+00
-4.660609099176200587e-01 -6.849716084821100281e-01 4.204278798190520305e+00
1.341521813503199212e-01 -5.006756438921500241e-01 4.303422720666340240e+00
1.176378848686798761e-01 -5.054292626380130216e-03 4.517157366399720431e+00
-1.557184356531005065e-02 -7.402351837068997797e-01 4.026220858510059841e+00
1.174053372936501027e-01 -5.329169698029698754e-01 4.312504965824210501e+00
-2.488782556182296268e-01 -2.107070179452198433e-01 4.469440212331130091e+00
-9.039912994838994464e-01 -5.436115196823301243e-01 4.226204856923160058e+00
-1.003997259070780412e+00 1.754535509801700144e-01 4.190576622796950090e+00
2.742437924928400328e-01 -5.733560179679302315e-01 4.205814557784009367e+00
-3.758251263467400349e-01 -5.673777388324499071e-01 4.241242153815790061e+00
3.149973209656602435e-01 -5.145553051220100871e-01 4.010912204903950062e+00
3.376561304350200743e-01 -4.684882506755200238e-01 4.040344712062569954e+00
-9.031787636226802363e-01 -5.385111601385601521e-01 4.159535645200129750e+00
-9.925720833784299479e-01 2.380251607816799009e-01 4.210541651429549503e+00
-5.085996065546982692e-02 -6.941884782540200804e-01 4.086679710162710144e+00
-4.049722968185700545e-01 -6.958130558372701557e-01 4.169382738504159747e+00
6.371420344628999644e-01 2.213739825090499380e-01 4.180017523523440026e+00
-4.172728125407498823e-01 -6.285870541223899099e-01 4.212170889086849890e+00
-1.068658743604649963e+00 9.107123950149986769e-02 4.541642356688550208e+00
-8.752399940119959254e-02 -4.785853732919701509e-01 4.323073038596469964e+00
-5.018895678389103665e-01 -5.863686865471898768e-01 4.231689856635400204e+00
-2.584935302071000862e-01 -6.622137249873700782e-01 4.278382871007930355e+00
-6.566157686144400429e-01 -2.366461856602901648e-01 4.582005897141259609e+00
-2.051508326930502335e-01 -5.834556482361497043e-01 4.304846024976080265e+00
-1.104829839502599942e+00 3.005088329295499960e-01 3.923600151567899985e+00
-7.778124893864957201e-02 -8.179380272101399729e-01 4.001636202312539581e+00
-1.533859582000101085e-01 -8.055869554059699178e-01 3.951115463685369811e+00
-1.248087360509090082e+00 -2.659597624917898750e-01 3.699964082171600221e+00
-3.701028479053203313e-01 -5.826332705600597572e-01 4.243638829415889546e+00
-1.047845517699130369e+00 -4.973868223412600820e-01 4.323481737267000469e+00
-1.277248400620001334e-01 -6.815341393799700942e-01 4.231539632905990445e+00
-1.491626961510896798e-01 -4.554909369351101134e-01 4.347333828682010015e+00
3.864951285930202651e-01 -3.787309416731101663e-01 3.784758100714039841e+00
-3.905445138064598254e-01 -5.821939161491199721e-01 4.217714523479550337e+00
-1.176975595548540365e+00 2.478392649380800616e-01 4.048924806466290605e+00
4.338418799398600090e-01 -2.243433078304100103e-01 3.524909759007090138e+00
6.198055490345499852e-01 1.994756259478600580e-01 4.136443406837390313e+00
4.428709353566000484e-01 -3.327615000243899779e-01 3.551361066398889932e+00
3.663280685568000017e-01 -5.478494939553100185e-01 4.194356249686070015e+00
-1.770050590994802775e-01 -5.667989993424199513e-01 4.161848012525659612e+00
-1.320828237866003008e-01 -8.458964938293398461e-01 4.056635758594760333e+00
8.743823745725602947e-01 3.029318789103598863e-01 3.876751194297439973e+00
-3.928738184454294569e-01 -5.709004576559000288e-01 4.243657085486650438e+00
4.429279154836995858e-02 -4.809753827117098091e-01 4.021180620999119881e+00
-1.082960621048779881e+00 4.781737380073991517e-02 4.589431797457780071e+00
-7.842155621247970387e-02 -6.770099046405000376e-01 4.055236592627879944e+00
3.400951271069985182e-02 -6.207520341613799175e-01 4.039960785388860387e+00
7.922178596678053353e-02 -4.451963096930300345e-01 3.935312359205609845e+00
3.685041778480804275e-01 -5.524402325400602498e-01 4.169935671245940334e+00
2.306130872131983978e-02 -6.589974889887898479e-01 4.019589551640340375e+00
3.547962424572901341e-01 -5.785125997973701306e-01 4.188714703793229965e+00
3.582351003761101715e-01 -5.722370852076198444e-01 4.187535278656770110e+00
-4.802285477784704604e-01 -7.910938792593200652e-01 3.732364346176099801e+00
-3.993649625017501315e-01 -5.529302227520200841e-01 4.316532738943560155e+00
-9.591930300709705648e-03 -6.761069411015199204e-01 4.080415288886360514e+00
-2.492052925327699064e-01 -7.288970816227200444e-01 4.252220717038070141e+00
-3.899915713297499309e-01 -5.534516177745500976e-01 4.191516237335759953e+00
-3.638074509721498373e-01 -6.322189098519004347e-02 3.294917081461170127e+00
-5.109009406120001984e-02 -7.326426825824099431e-01 4.053080083610669959e+00
6.237776056203805375e-01 1.904759053900999533e-01 4.148583730285560378e+00
-1.211655401197069715e+00 1.614850346151199822e-01 4.049552997565250223e+00
-1.218245932005229903e+00 1.755436499663400873e-01 4.036934866722299731e+00
-1.039050801160589899e+00 -5.105648122669499411e-01 4.333975555652640033e+00
-2.229936186365599760e-01 -1.091006761279400106e+00 4.120666865510539623e+00
-5.599365845797401597e-01 -5.280575424718899624e-01 4.233477031274979652e+00
-8.401327892571952560e-02 -7.302209357873099549e-01 4.059188685329210067e+00
-3.825784965646996660e-01 -5.419281147492400752e-01 4.229394217872130213e+00
-1.212494831506750081e+00 -4.603023174244699200e-01 4.010405400710689960e+00
-1.212278307758470230e+00 -4.799527873580800019e-01 3.960711522344360080e+00
-1.211151260929320017e+00 -4.783134316255598373e-01 3.958901414543960051e+00
-1.222506674858579778e+00 -5.111924326191501500e-01 3.959893614446460042e+00
-4.259986750088096130e-01 -1.514110332194199549e-01 4.500937891762200493e+00
-4.277588310231696944e-01 -1.581404870496998516e-01 4.506454687041640206e+00
-9.006071221558897832e-01 -5.410752283688100572e-01 4.160491664396420042e+00
-1.238993439712489764e+00 -5.433903856839498170e-01 4.000379107885359886e+00
-1.242506068416430409e+00 -6.003652815120398278e-01 3.845872368762579985e+00
-1.236654431429950129e+00 -6.023358705820098802e-01 3.887845683917270367e+00
9.168616233753024147e-02 -4.225995858658900817e-01 4.331939185536020531e+00
8.407946385006059842e-02 -4.286816432377000829e-01 4.335268681938190483e+00
-6.342848914540297756e-01 -5.917671974814500135e-01 4.169155171022690176e+00
-2.412282943688199843e-01 -7.197092438996599562e-01 4.259111473472930065e+00
-1.120116588741290276e+00 -3.474988171320700925e-01 3.749302755775590246e+00
3.106279897995700701e-01 -5.312470343016298946e-01 4.018054458026750098e+00
-8.462285544067995602e-01 -5.426779232310299239e-01 4.196385446200949332e+00
-1.014892632846450038e+00 1.842768338294800134e-01 4.186175975096600332e+00
-3.195532182913098929e-01 -5.628157712296699700e-01 4.305175540756399855e+00
2.637150783137003351e-01 -5.282175522527700062e-01 4.187779332580100267e+00
2.671086899789103519e-01 -5.257206321893899137e-01 4.186514487575769827e+00
-3.214480004998696572e-01 -5.253252420548799595e-01 4.316784572360900185e+00
3.908432853220102920e-01 -5.663500085793201633e-01 4.009961690127690659e+00
3.809022130836803299e-01 -5.648038588775500246e-01 4.013882445920230246e+00
3.663006606965102385e-01 -5.336147774083799256e-01 3.983630489788810181e+00
-3.812543178589393733e-01 -5.428579638119499506e-01 4.233247343805990326e+00
-2.619902616251001959e-02 -5.541766570101299694e-01 4.215428746915589997e+00
1.170429529494043663e-02 -6.300774185486199830e-01 4.121850721391769667e+00
-1.190327450641739393e+00 -4.554251773776202272e-01 3.959153613137630146e+00
-3.485050239061400212e-01 7.521878927571989948e-02 4.589394040543489872e+00
-7.347886886620398350e-01 -4.129937098693798880e-01 3.885163501505620065e+00
3.711724520664896332e-01 -5.385968149829500895e-01 4.174896617360370321e+00
2.110335613394296317e-01 -4.417086766017298549e-01 3.834555189734640379e+00
-2.525489000268965611e-02 -8.188469605275998653e-01 3.913342777925260307e+00
-7.989595459783900289e-01 -4.130148964559101632e-01 3.916277656251800021e+00
-6.019340690489198842e-01 -5.248814537073399622e-01 4.317604878125050227e+00
-2.124875021215300031e-01 -5.453619185628399979e-01 4.317148295105369904e+00
-1.062223305216130065e+00 7.825845157097011118e-02 4.545495639757010764e+00
-8.122728454331600290e-01 -5.549465322628900354e-01 4.347255332309149622e+00
2.954949437760898689e-01 -3.989898344785098860e-01 3.881610065425459943e+00
-8.168143114426000828e-01 -5.442859664621498839e-01 4.339358219876199740e+00
1.997192201755604302e-01 -4.022610287949800467e-01 3.852952529487580158e+00
2.178155879131402628e-01 -4.005804092265401462e-01 3.847578531796589818e+00
-1.971212832336597387e-01 1.266171224943013485e-02 4.520682434269460259e+00
1.734480382490599659e-01 -4.154177507879399656e-01 3.868691695100650030e+00
-1.838212127243497029e-01 -6.670193808650100031e-01 4.239021931779680230e+00
-6.441083775563098968e-01 -2.258731486096401397e-01 4.624843439939880341e+00
-2.436553772655098982e-01 -7.209596966059399481e-01 4.261341521887359818e+00
-3.760835883212396702e-01 -5.065072196327102816e-01 4.143365021137560333e+00
-4.173535261085099535e-01 -6.659918308739098958e-01 4.189693293065880120e+00
-1.244259769145101835e-01 -7.937638787311301902e-01 3.931734480700369794e+00
3.667957840859203955e-01 -3.299094262715001058e-01 3.547387839473219895e+00
4.093895545836803151e-01 -1.867208333227400319e-01 3.387367491806279940e+00
2.811521568311499131e-01 -2.758452145236699460e-01 3.554344788881290018e+00
-5.420621062586006289e-02 -7.313699657796799425e-01 4.052994329790699624e+00
3.074269050248097379e-01 -2.525394554075499620e-01 3.464918154806240214e+00
3.013038684277300483e-01 -3.303729543469199337e-01 3.519245123166460321e+00
3.563261979379097610e-01 -2.815764968933600620e-01 3.509230638849889949e+00
4.152665425489301398e-01 -2.952418875044299229e-01 3.553867329150049770e+00
5.473984587733200513e-01 -2.423314930257500777e-01 3.438365188353849966e+00
3.542477483902297664e-01 -5.648550484688900086e-01 4.211350392833230316e+00
-1.591274493669598833e-01 -8.143370410824097849e-01 3.903410800520170199e+00
-1.182988473015300634e-01 -6.789858277340201642e-01 4.066008394215939958e+00
-1.227490238200119599e+00 7.081949249649999167e-02 4.022494865346620152e+00
5.735329433406299859e-01 2.571612214770999660e-01 3.922933788112789699e+00
-1.102783415454090310e+00 4.059190464832700407e-01 3.791413580896480173e+00
-5.645508047591603074e-01 -5.617208577502300626e-01 4.347932508070300628e+00
5.904348950933004936e-01 2.436708169058598994e-01 3.888038085717080428e+00
5.897149555768499418e-01 2.142996058242301327e-01 3.897797064138760259e+00
3.491563867287701406e-01 -5.709099412451998923e-01 4.217310713833559710e+00
-1.152448753454100583e-01 -8.490917917149498617e-01 3.953027381793690065e+00
-1.632795677391039924e+00 2.931372084093599728e-01 2.586283676294500289e+00
5.482612685828300858e-01 -1.654585909849900505e-01 3.270959571212290307e+00
3.814688846045002357e-01 -5.459164333309300954e-01 3.976195722615170070e+00
-1.232613382287697235e-01 -7.191471209073001525e-01 4.198285334659900059e+00
-3.016182824342501512e-01 -5.580918274380999300e-01 4.317817933257160234e+00
-1.888944895058997098e-01 -6.750642247453899625e-01 4.242883794343500270e+00
-1.182001709691259617e+00 1.111520827260101818e-01 4.060259470050899822e+00
-1.103100358199959885e+00 3.009850527016200150e-01 3.923114726309110178e+00
-6.642529451669600959e-01 -5.894498136674900524e-01 4.237155889572250089e+00
8.234955245883499586e-01 3.236129587780098849e-01 3.891322897199060105e+00
-2.247980132658966568e-02 -5.562054776909201026e-01 4.216559588115310397e+00
2.596714817120204799e-03 -6.790550948568399026e-01 4.045193521318269703e+00
-1.119323150780620058e+00 -5.195099931157101114e-01 4.171401101756660346e+00
-1.130881396564780150e+00 -5.090627035527300892e-01 4.158082639628060129e+00
-1.098172866171039708e+00 -1.471860895576297956e-01 4.521282713425209820e+00
-2.546005066521392912e-01 -8.006413617991301468e-01 4.216493681125079718e+00
4.182147608915043335e-02 -4.917240478455999764e-01 4.036048101506930053e+00
-1.132554422617939593e+00 -4.625782244930201070e-01 4.066726330314730298e+00
-2.228408123065999114e-01 -1.092688422418480076e+00 4.123285034790310277e+00
-3.868699546435196979e-01 -2.016987299805701461e-01 4.591185178675390333e+00
-4.335267588293989505e-02 -6.936563615540101146e-01 4.086667413897350443e+00
-1.058038639878829734e+00 7.296898097306003805e-02 4.580252817908290197e+00
-1.064759231669140327e+00 8.026142978444972265e-02 4.546832928657270401e+00
-1.748831846425402681e-01 -6.473016829630999780e-01 4.277264485737500621e+00
-3.584146760864399539e-01 7.137837438085004038e-02 4.571731412340270140e+00
-3.133190485793702074e-01 6.518219527967983318e-02 4.575152791485780135e+00
-1.121328141753199503e-01 -6.031406486410901824e-01 4.205606851382340139e+00
-1.296156713066509703e+00 1.252312650104696612e-01 4.382260257178850260e+00
-1.617733064489979000e-02 -7.853848797425400097e-01 3.890397771555149653e+00
-4.965542412575598696e-01 -5.819261209602399898e-01 4.262958935027180374e+00
-1.161829648890400080e+00 -4.369248697143499616e-01 3.963458307131579872e+00
-2.431408985260601341e-01 -7.251710357866999468e-01 4.260820429975780144e+00
4.573526803946099673e-01 -2.100169994478299218e-01 3.432055007887280240e+00
-1.213296319069150364e+00 2.016359886800600520e-01 4.148892298734200068e+00
1.648232875866399993e-01 -5.158266303125298435e-01 4.264435483298349538e+00
3.603701633763600753e-01 -2.461596453802100681e-01 3.463093170659580000e+00
-2.229730136898502302e-01 -1.083646787880500062e+00 4.110436951315069365e+00
-3.055420296389796952e-01 -3.764448763633700956e-01 4.399240567952009684e+00
-1.058211540775300108e-01 -8.112528383872998905e-01 3.892588527914700336e+00
1.565270080041698542e-01 -4.360837161942799911e-01 3.922261680962980002e+00
6.344081141113999678e-02 -5.109902783527600079e-01 3.993161928192380472e+00
-1.048792408722603042e-01 -6.236722617727799012e-01 4.211591955087910399e+00
-3.909223499002600910e-01 -5.565975134578898809e-01 4.321258691862290391e+00
-6.535351915808100820e-01 -2.227560886547599317e-01 4.616270720465400323e+00
-1.115136621420399710e+00 -3.175611118757500906e-01 4.423078469482920383e+00
8.963459185287980802e-02 -4.527526523306097950e-01 3.977062403986850292e+00
2.849501159790701621e-01 -4.180518190204000062e-01 3.903280657885740190e+00
-8.521193727415794505e-01 -5.296830914168297877e-01 4.190549071048869756e+00
-2.419479531359303159e-01 -7.208820577459298384e-01 4.261545189064030126e+00
-4.801330548342197524e-01 -8.038602674030501660e-01 3.752417196115819920e+00
-4.914078838777800051e-01 -6.003259620085801274e-01 4.217364769901660537e+00
-3.096735440010096596e-01 -4.803491761106999380e-01 4.099971399247870352e+00
-1.148767776697490195e+00 2.132240482818499316e-01 4.067746901669849535e+00
9.924963702800937426e-04 -6.873848732095400038e-01 3.956881939655909619e+00
5.702487771768103286e-01 2.536502541017799928e-01 3.924616680706490168e+00
5.179668870009299653e-01 2.644964466506698475e-01 3.976439912655650222e+00
-1.415029658200199769e-01 -8.401629418167201324e-01 4.058425441203770134e+00
-1.268307445769449870e+00 1.242610706196598525e-01 3.967656486274739880e+00
3.347373468860901369e-01 -1.404007791700601082e-01 3.199881845816450188e+00
3.087705360963699519e-01 -5.044420232548499916e-01 4.197135429417939712e+00
-6.656613019468098358e-01 -5.864956165416601586e-01 4.227158089349679848e+00
-2.147698516839824379e-03 -7.144968238765500024e-01 4.013979164863379800e+00
2.557002051894001760e-01 -2.151811365820600619e-01 3.473947715656279911e+00
5.087342147159901184e-01 -1.931590723250200536e-01 3.443388110902350085e+00
-4.008983812846098616e-01 -7.108159525269200918e-01 4.190557866535869813e+00
3.570899447281004058e-01 2.219260387130199685e-01 4.126206165779110258e+00
-4.679292622706996418e-01 -6.042302171617699447e-01 4.356652818209429512e+00
7.517037636809600354e-01 6.612331183144992686e-02 3.086679679833360002e+00
3.580983497248699798e-01 2.334393603113298354e-01 4.080203393393240674e+00
3.599921354863595546e-01 2.403508739844699704e-01 4.073897696460040407e+00
-1.221851783190701646e-01 -8.260446888522099407e-01 4.084987541963210234e+00
5.009489441745302862e-01 2.364614931304698242e-01 3.880818669556879819e+00
5.019928682906003026e-01 2.383464741808198895e-01 3.886591749818169905e+00
5.435506234349103405e-01 2.883292769717498150e-01 3.968586121397390087e+00
-1.102492995670290021e+00 3.081563376657898701e-01 3.915839851060330279e+00
-9.236700279059197882e-01 -2.185477480757500590e-01 3.233996599785660120e+00
5.012127930480199112e-01 2.464661613812599850e-01 3.864415631714090082e+00
5.643693839724401862e-01 3.831194370064099353e-01 3.744683059884180043e+00
7.710544083885400024e-01 -9.516085158399967270e-03 2.877881786408690079e+00
5.018669298600100248e-01 1.603075160300400093e-01 2.638491186042740022e+00
-1.616942832824760146e+00 4.418395180836021119e-02 2.446427333096500067e+00
4.781894561236998964e-01 7.356502273033993511e-02 2.514497524224430069e+00
5.230134798637102733e-01 6.885695670298996873e-02 2.647462787890229929e+00
4.790017177099799017e-01 7.432044569037010717e-02 2.514316705506890237e+00
4.770209989392000249e-01 7.233224842335994609e-02 2.519488526085329916e+00
5.620903516327599991e-01 1.736816199042798825e-01 2.481975705460329973e+00
5.618344295234498631e-01 1.691161938716299051e-01 2.489375760621769906e+00
-5.607172197244900680e-01 -5.304268716176299137e-01 4.209143291774839923e+00
-1.498251776509870403e+00 1.006260164844701155e-01 2.385080300460640235e+00
5.106819401693403204e-01 5.989197465570983425e-02 2.657393434847610258e+00
5.628938999644004237e-01 9.877077481709983786e-02 2.524804272310559927e+00
1.722666302977700070e-01 -4.191629118881399219e-01 3.876788045435250130e+00
-3.125243060329201406e-01 3.405639444166008722e-02 4.584291998771000465e+00
-1.197597881781909734e+00 -5.209560717005301544e-01 4.090888489175149800e+00
-4.755656844874196487e-01 -4.515169509259020497e-02 4.670325096706170243e+00
-1.227436783115040342e+00 -5.879200582974100087e-01 4.038605065777240100e+00
4.267213583120010867e-02 -4.575140461782500889e-01 4.048111963191029616e+00
-1.875508060397397259e-01 -6.381248818701301673e-01 4.231955212844160208e+00
-1.245601014746190227e+00 -6.612418297684797830e-01 3.785570232149679804e+00
-1.239749788753740312e+00 -6.674306060543299113e-01 3.793199305441870006e+00
-4.248324808068897340e-01 -1.422310218298502571e-01 4.499349779380140468e+00
-1.608340792992604129e-01 -8.527570400476298662e-01 4.160049167124610037e+00
-4.559244784103597681e-01 -5.731934745006102006e-01 4.321852202186029501e+00
-1.210777301523689342e+00 -4.726645602270600488e-01 3.938660254837420105e+00
1.580538222193803577e-01 -4.416074727482799389e-01 3.948065857550280278e+00
-1.940934445931898900e-01 -6.408166021072900786e-01 4.252077222251280375e+00
-1.202098066574390334e+00 -3.857303219003801464e-01 3.903490411655620385e+00
-6.549395682828595966e-01 -5.779111990644001384e-01 4.324940645970950293e+00
-1.200115032712279817e+00 -4.223059155602001402e-01 3.890057967350930124e+00
2.512735461379396185e-01 -2.376609742872197728e-01 3.679388160374239991e+00
2.038321537611200718e-01 -4.260372673867498516e-01 3.854642381627360059e+00
1.101360427542901199e-01 -4.391945204532100577e-01 4.366158932971670126e+00
1.421406097265975887e-02 -6.874480788625800809e-01 4.058589742679139967e+00
2.693503187901704621e-01 -5.298274382105302438e-01 4.203019972862230169e+00
-3.044002043689695292e-01 -3.798110981248901119e-01 4.393638114674770279e+00
-4.037935076358012410e-02 -5.700784478701799163e-01 4.131390812888239950e+00
-2.983196088448991645e-02 -5.726003550413301113e-01 4.134860891294559693e+00
-6.688811153549703015e-01 -5.859342135910399207e-01 4.206591399464790548e+00
-1.623519790365199889e-01 -8.329549651773200392e-01 3.934496340053399877e+00
4.269127054767101193e-01 -5.455678897892801693e-01 3.987810667931319664e+00
1.856845789024101911e-01 -4.237120052981798723e-01 3.836583359484670108e+00
-1.160413684928359501e+00 -3.782899738853999771e-01 3.886993301913100218e+00
4.951146928407699210e-01 -1.006915017458698269e-01 3.410483504836620217e+00
-1.203211042032049871e+00 2.342419883377999668e-02 4.251933566382049889e+00
-1.318543042079550087e+00 1.484298064856992561e-02 3.273959051551329935e+00
2.671224796113103039e-01 -1.863246149774099303e-01 3.398132986256200194e+00
4.934782110902102836e-01 -3.225619514552301448e-01 3.517498971866389823e+00
-1.162041115524958812e-02 -4.582518195539801997e-01 3.136072741722970125e+00
-9.683675775210343062e-03 -4.576682217173897449e-01 3.134990131871659980e+00
-1.821284154681990231e-02 -4.733042047267699282e-01 3.132286722061790041e+00
1.793898768954802492e-01 -3.313071437832798560e-01 3.543387542714799832e+00
2.796527651622096045e-01 -1.041650964131100032e-01 3.284904264927610118e+00
2.519109346207302202e-01 -1.434504925706198142e-01 3.256141959542400155e+00
2.866036906874702694e-01 -2.230435952024599766e-01 3.368714636245500049e+00
3.402870598824003778e-01 -1.231952669769900144e-01 3.186557663748560199e+00
5.542831120387599064e-01 4.065684020568600676e-01 3.665679156443510056e+00
5.259430097309101271e-01 2.366175795286999950e-01 2.573045045562230015e+00
4.306087900842499039e-01 2.226806526445199719e-01 2.560906598483190244e+00
3.825648874306901703e-01 9.878574908311987812e-02 2.734030895685090279e+00
4.386202106717400628e-01 2.822320014752000006e-02 2.823335073736310097e+00
3.911811356477099544e-01 7.339042743935997315e-02 2.477779845585549978e+00
5.216259031957701797e-01 6.083971976875002241e-02 2.388696215512050358e+00
4.181598633045302549e-01 2.349327329208006354e-02 2.445890184571660075e+00
4.299366161698499056e-01 1.472385166327101480e-01 2.509575454371730352e+00
-1.050277247859250362e+00 2.898168115421100310e-01 3.860020233801760181e+00
4.947522462140603317e-01 -9.016938023643994438e-02 2.623888228030410108e+00
5.300721284914902132e-01 1.068239226223988148e-02 2.458571558707570048e+00
-1.253224709025730021e+00 1.123766032067099463e-01 4.194690731740560175e+00
2.782652358469501763e-01 -1.561402187112700402e-01 3.241035751034639922e+00
6.003445562728402241e-01 5.010598345758299210e-01 3.578786791509799947e+00
4.178648086419101126e-01 1.578811304749399014e-01 2.513204134031460146e+00
-1.114349280285650057e+00 3.244856210905100458e-01 3.900491576293280360e+00
-4.019011109755954436e-02 -5.519537570616099842e-01 4.183111726722749779e+00
-1.044281653459489867e+00 2.806986320901900811e-01 3.866516530635910165e+00
1.080063528209995738e-02 -5.294556008225898003e-01 4.158038212311270243e+00
-4.183923049130400251e-01 -6.227693497401101119e-01 4.200270866753220034e+00
-1.133269483167380187e+00 -3.715448055689499762e-01 3.818158737778140299e+00
-1.118729090631839895e+00 -4.338868608323497300e-01 3.960267255611499948e+00
-3.633938196010966237e-02 -5.571791212238800250e-01 4.198281168967979760e+00
-2.402516378339969449e-02 -5.475091345418199307e-01 4.173501471874780044e+00
-1.205754553632550241e+00 -4.808937567439300897e-01 3.991134039404669931e+00
-1.256667809195699981e+00 -5.427410093899298626e-01 3.908013502905789860e+00
5.978998369199504115e-01 -1.466839376742012924e-02 2.951918246184880079e+00
8.324219208296002037e-02 -4.298607838870500686e-01 4.335393939833400268e+00
-1.212653566582269971e+00 8.358434186553997947e-02 4.031884831706470607e+00
4.942132910189802608e-01 -2.083626597069899722e-01 3.611200473417429890e+00
6.123812567753801339e-01 -2.808561527166986149e-02 2.973296070220440068e+00
-5.851085838191796284e-01 -5.866094940980800532e-01 4.162854384428769983e+00
-1.573923745618539982e+00 9.744650642534098406e-01 1.465304224293720203e+00
1.894248985256530293e+00 2.547853443983569832e+00 -2.627748858607789728e+00
-1.092028085401599569e-01 -5.678897632682299301e-01 4.204805896472300297e+00
1.952500875901530097e+00 2.652797424376910129e+00 -2.825243446846680051e+00
5.718609080358802998e-01 8.727699108490982738e-02 2.518527032765840001e+00
-1.634515130848801512e-01 -5.840110408742900105e-01 4.288029530639270170e+00
2.030980269553400053e+00 2.503977224430819604e+00 -2.587650283216699876e+00
-1.241565483419359683e+00 -6.685853781813199115e-01 3.789567155068159998e+00
6.620022247443202446e-01 1.341448555470101667e-01 2.660035436476630100e+00
9.003207942562900801e-01 4.086994884037600251e-01 2.368514275374040245e+00
-1.590213879155840004e+00 4.136113596870900633e-01 2.676851842734960130e+00
2.936700016938580404e+00 2.953932890476569817e+00 -3.564539868496099828e+00
-5.815522095708098860e-01 -5.655732864255200720e-01 4.163840222698519611e+00
9.243883252515101567e-01 4.507200911607398552e-01 2.317004205998540289e+00
-1.676360302662400770e-01 -7.265727632369899380e-01 4.215973768407840438e+00
8.985782417739300865e-01 3.917521943393398320e-01 2.377722728666090024e+00
2.164946532201650342e+00 2.746522353013419959e+00 -3.030752958010739739e+00
8.671771032811801394e-01 1.536429006528001739e-01 2.855063872011549986e+00
2.806812448065598709e-01 -2.115692040794300288e-01 3.354421041943090209e+00
-1.530841991732398988e-01 -5.891892723634100104e-01 4.288699694572919441e+00
-2.316108078706502482e-01 5.911662814240004060e-02 4.565619344753350184e+00
-8.190294814577026017e-02 -8.197626607455698045e-01 3.959601767291820007e+00
-1.057358108080419967e+00 2.952510065207401002e-01 3.858923447692430120e+00
2.805668730604997663e-01 -2.797936505918601213e-01 3.554433056144759906e+00
