-1.235773036104499623e+00 1.233871264717900651e-01 3.202767903710380004e+00
-9.434766955151998591e-01 2.716936587291201022e-01 3.024053424129890200e+00
-1.172716401758599813e+00 3.622328916530399567e-01 2.968850771310170167e+00
-1.347429153321399786e+00 3.391645208447200410e-01 3.108315761759220308e+00
-1.352773215639499815e+00 3.922694968339504040e-01 3.013214925005570421e+00
-1.136073859095399596e+00 2.412536999238201751e-01 3.136830947000630143e+00
-1.580792954528899896e+00 1.943231757637702284e-01 3.388565517502800439e+00
-1.249695394306699958e+00 4.144344545019704729e-01 2.909976647948760320e+00
-6.271040342295999270e-01 4.979663148151398655e-01 2.536832073688820355e+00
-1.289670114142099644e+00 4.893798954104899845e-01 2.790684108524589924e+00
-1.129996023775899916e+00 6.681703432573302681e-01 2.442149750322560209e+00
-2.261560538802699583e+00 4.265098188038904947e-01 3.064673964998070321e+00
-7.849885785812997785e-01 3.410277089790103577e-01 2.814498933514140155e+00
-1.209301470437700088e+00 5.894721434812904004e-01 2.636608247754290257e+00
-2.075115564106400079e+00 2.621081458004399511e-01 3.476222569968650422e+00
-1.057498934493599885e+00 4.081247234354197229e-01 2.841915055212000496e+00
-1.139798747221199671e+00 1.782121562280001292e-01 3.231955919095020224e+00
-7.907765479054000846e-01 6.929000783058605339e-01 2.286658506592150086e+00
-6.151141961220001342e-01 5.630521451509602482e-01 2.493481691330179828e+00
-3.650167132196999731e-01 9.061000692197500594e-01 1.979299389379030272e+00
-1.609438127100699889e+00 2.028918395827103982e-01 3.424344444864880099e+00
-1.278700607082100094e+00 4.864827597314096419e-01 2.810638353237720377e+00
-1.337037130206999658e+00 2.364730160469397102e-01 3.231742688761550131e+00
-1.038677256462899878e+00 2.943465116406103199e-01 2.990259177436340288e+00
-2.211481066895399472e+00 2.883761216267000105e-01 3.229425076528810390e+00
-7.467807657521994269e-01 1.476990942544379903e+00 2.350847731763970216e+00
-2.164457846183699630e+00 3.226696902583299220e-01 3.291692769302320354e+00
-2.278917607583699656e+00 2.685427901791499483e-01 3.180130524527570390e+00
-1.957637194847000162e+00 1.654664489583002052e-01 3.594548267531730179e+00
-1.911989001723199744e+00 1.595382518443204667e-01 3.539262787891500395e+00
-1.523875385008299999e+00 1.432285355052504983e-01 3.514188304357750425e+00
-1.899611021280300127e+00 1.841953964324702930e-01 3.566833659155310254e+00
-2.260660591344300308e+00 3.906780774015701230e-01 3.162480241883310228e+00
-1.599563917919600398e+00 1.988060093142804963e-01 3.424743635311569889e+00
-1.150418165947599602e+00 3.886434394016402560e-01 2.957579351397690459e+00
-2.256765131782599632e+00 1.222519594943201060e-01 3.069091526963179994e+00
-1.465800268561099573e+00 1.070686830702510361e+00 2.365069157304390046e+00
-1.515403872843499977e+00 1.348571546358501294e-01 3.460343313532109999e+00
-1.246714240822799580e+00 4.431018003024405072e-01 2.893965537586730363e+00
-1.516837533428400109e+00 1.597442555460204527e-01 3.442405482501900149e+00
-2.043843516136699456e+00 3.323133111253702143e-01 3.395229711648290127e+00
-1.088833334786100115e+00 3.963889691365298784e-01 2.856821305999679872e+00
-9.669783374902995998e-01 1.055295695267450151e+00 2.079641384888939903e+00
-1.099737792264100067e+00 1.114293051652030409e+00 2.189972839733949961e+00
-2.164248130035899997e+00 3.196280297499101142e-01 3.293439028354550047e+00
-2.239734126286399452e+00 1.362559863393399961e-01 3.139041109626700354e+00
-7.536503788318997810e-01 7.943494222895102208e-01 2.146747211398480459e+00
-1.902134712700099817e+00 1.635356932732303648e-01 3.541845529008400106e+00
-1.525770201578299679e+00 1.292329355796699719e-01 3.459792296357570240e+00
-1.368589973731200393e+00 1.695402902810603241e-01 3.413003171967310401e+00
-1.225173349786800037e+00 2.927007633225597871e-01 3.133003880329370272e+00
-1.451536534620999630e+00 5.767770001025602777e-01 2.708005290849990310e+00
-1.249207370166599995e+00 4.076373623718401173e-01 2.888542203067750336e+00
-1.140093709189799798e+00 2.610013161134201454e-01 3.177612617807080042e+00
-9.940220455446999726e-01 4.154777485007901117e-01 2.748394284963220358e+00
-9.652839930177001815e-01 1.060800921481050318e+00 2.078913757827800080e+00
-8.166681858590003618e-01 3.097150902728400546e-01 2.985797965200370108e+00
-1.133178921057999888e+00 2.534011834456602053e-01 3.148599654631800249e+00
-1.084476050710600381e+00 6.478562352800805169e-01 2.416750043095610145e+00
-2.043402538894899756e+00 3.309763578223099412e-01 3.395151773136590112e+00
-1.080804475795999808e+00 5.687872215908600371e-01 2.545826481618179926e+00
-1.452468324253999965e+00 1.085404312086900136e+00 2.360307608701740278e+00
-9.674542266869996521e-01 1.052415916676519680e+00 2.075753484748270150e+00
-2.046501421950400079e+00 3.345707929081205290e-01 3.399197324185990077e+00
-8.412767704779999800e-01 6.449931952590601814e-01 2.378900977527240279e+00
