-1.224438385050970357e+00 2.488554283066100048e-01 3.177098958814620122e+00
-1.189300908290949810e+00 1.030723895817500235e-01 3.228843716326730284e+00
-1.145001683311529739e+00 3.456002093406695952e-01 2.994411440513710332e+00
-1.312712708403990014e+00 3.151580928250499181e-01 3.140881461647440087e+00
-1.324013058815220134e+00 3.686404818107196224e-01 3.046516203601179917e+00
-1.894220210402459692e+00 1.156727970203401679e-01 3.658610761861440075e+00
-1.089165623928969762e+00 6.418746208777699191e-01 2.466458908088750235e+00
-1.137422526739459538e+00 3.512104940956997101e-01 2.998394019073240102e+00
-1.323196017448279971e+00 3.699108483073598741e-01 3.049754085825900241e+00
-1.285863292144930004e+00 2.154362723903702204e-01 3.254051036707670264e+00
-1.181662806439469637e+00 1.170283078273102184e-01 3.221247825086840155e+00
-1.528562791531219656e+00 1.599423473080801017e-01 3.429489174636509929e+00
-1.226264552555849985e+00 3.952849836963301389e-01 2.939232637615610155e+00
-2.127511781054389761e+00 5.487991117896973137e-02 3.241289221353650163e+00
-1.135818302029310001e+00 6.563059255788703528e-01 2.468850486811690281e+00
-2.230468121775769585e+00 3.687650706568499359e-01 3.136260786211880092e+00
-1.270970901652079377e+00 4.696370494774197990e-01 2.820152217430760277e+00
-1.328054396077490207e+00 3.671305258039099240e-01 3.042733865791220182e+00
-2.225515928147340006e+00 3.277269400553597389e-01 3.234078302061820231e+00
-1.203904283542939879e+00 5.734628169167199641e-01 2.665823028688560470e+00
-2.168857527637490179e+00 2.325383608391697887e-01 3.296866007805460352e+00
-1.207827792000499834e+00 1.461750642842198911e-01 3.398321816009220342e+00
-1.207824554459330013e+00 4.128432318460102390e-01 2.808414530565840117e+00
-1.145304804747489857e+00 6.561608682100896761e-01 2.472597863602360224e+00
-1.037005494709049902e+00 3.965585945673899548e-01 2.863133621143800323e+00
-2.063276720240939444e+00 1.807886229088799812e-01 3.559820918352030183e+00
-1.299582838200610269e+00 2.092078082282098350e-01 3.261367181045940367e+00
-8.195723871282396544e-01 6.937871580256798065e-01 2.296141016541870528e+00
-1.207373962359870045e+00 8.587728693749907549e-03 3.680076904729890241e+00
-1.395235949225849925e+00 3.997611966491700919e-01 2.999694448590250140e+00
-7.899415209889899536e-01 7.940009420997695688e-01 2.166863372542009891e+00
-6.009597449207197961e-01 4.284690156784198845e-01 2.757280563327750400e+00
-4.003118447892097809e-01 9.254704647344900170e-01 1.976290779159060040e+00
-1.404717441695949809e+00 3.960344271504296909e-01 3.001031722612400365e+00
-1.857184685569849947e+00 1.310699540374897776e-01 3.599916122058470336e+00
-1.216731717616740038e+00 2.100641820619975064e-03 3.687394201077090372e+00
-1.262065482553539564e+00 4.668456200416801760e-01 2.841776363697390284e+00
-1.458211148726579864e+00 1.020787131022002914e-01 3.500210813796600373e+00
-8.244355286057896137e-01 3.001065778278100282e-01 2.937253396228290292e+00
-2.234594480481010059e+00 3.285290554646895789e-01 3.007820515573230047e+00
-7.772793457178899246e-01 1.230994896410310124e+00 2.194715117793919923e+00
-8.987089937224599367e-01 6.163479090723000819e-01 2.411499081760130281e+00
-2.155817119073820010e+00 2.025310325785201204e-01 3.312301240897180143e+00
-1.037051724972099631e+00 1.164623717676300130e+00 2.154594907104770307e+00
-2.120123984733639499e+00 2.671409447658199543e-01 3.358175067173190254e+00
-2.238378277956630136e+00 2.097411168645904045e-01 3.247185986944649994e+00
-7.865665454958796765e-01 6.162598017366198722e-01 2.405866118586960312e+00
-2.205886527555400267e+00 4.181342776899201752e-01 3.124893136436210028e+00
-2.256124298061339850e+00 1.530785011857200839e-01 3.136224240861180235e+00
-3.642956831692196751e-01 9.479780252815201980e-01 1.954993173348360092e+00
-2.237111905235550147e+00 2.095205443198298045e-01 3.251074138165519933e+00
-1.851606667198239631e+00 1.119065392567197836e-01 3.593640623557420088e+00
-2.226206719246379695e+00 3.320056413715397614e-01 3.233869255811360421e+00
-2.005306600164599828e+00 2.988809275913397734e-01 3.463423266753830276e+00
-1.464557503153770313e+00 1.101877381394902322e-01 3.552204934079960186e+00
-2.267184705073570061e+00 1.138343055489303701e-01 3.185073053011739930e+00
-1.124186513363199857e+00 3.728930394476397403e-01 2.982427977498690375e+00
-1.489174758842859436e+00 1.046559256603799559e+00 2.409126350674720030e+00
-1.458060176794309992e+00 1.024844737523096239e-01 3.497987098952640039e+00
-1.377406379708329798e+00 4.633659689628988332e-02 3.509523253359840389e+00
-1.448113509437970237e+00 1.930814677726699902e-01 3.343818106508970267e+00
-1.369911726245129913e+00 1.828331745318696466e-01 3.334573165922290361e+00
-1.236841475468819951e+00 1.687628196968404826e-01 3.387996624757270148e+00
-1.303567647038290200e+00 4.481714863580898989e-01 2.792292124491289940e+00
-1.067276892300339952e+00 2.292227917680003113e-01 3.161158072604270064e+00
-1.225019080897519430e+00 4.241460084960395616e-01 2.923340827476690329e+00
-1.066230160070199773e+00 3.859812312085997288e-01 2.885712908572510393e+00
-1.530479490280390209e+00 1.588008272124104003e-01 3.429314428349290012e+00
-1.995690454153329796e+00 2.805901134636097360e-01 3.456644004916380464e+00
-2.110314617254489544e+00 5.733208340756990040e-02 3.203419312577969968e+00
-1.002597486874609256e+00 1.051551021838530220e+00 2.102945264882070120e+00
-8.401558043644095086e-01 9.056109012082098619e-01 2.050857996023580210e+00
-2.119728934444339963e+00 2.640979688392000035e-01 3.359886596371320255e+00
-1.995079027994089760e+00 1.043569431251298862e-01 3.098317823915340163e+00
-2.053258291021350157e+00 2.725810632852099236e-01 3.426735823490389965e+00
-2.149103089440070224e+00 5.508465580924992722e-02 3.293864564672190021e+00
-7.896929119883400183e-01 2.995260191886202072e-01 3.003539782744620190e+00
-7.771616166972199480e-01 7.982818977162799978e-01 2.158966530580689991e+00
-1.841806258882330294e+00 1.162505351635698680e-01 3.595840352445590415e+00
-1.026252541681249575e+00 1.176787015706469708e+00 2.145970400042320314e+00
-9.708016996878297000e-01 1.192468468021030015e+00 2.071259041136910284e+00
-1.461424438974689988e+00 1.082385534816896477e-01 3.555330041012040088e+00
-1.394814738758400452e+00 1.392348846311601829e-01 3.411333256900499933e+00
-1.468226257193299578e+00 9.648272502231969305e-02 3.497825661344420300e+00
-1.428361094725109748e+00 2.227874945179297850e-01 3.293086988220319977e+00
-1.246695425330169638e+00 8.580028938646999670e-02 3.341891500745510335e+00
-2.206265274171659740e+00 8.168199824938016107e-02 3.219931363629259913e+00
-1.225690004781299969e+00 1.563643834794599119e-01 3.382812819207380084e+00
-1.181847160064559699e+00 1.185183976167796249e-01 3.219960598039990352e+00
-1.066279786712349686e+00 3.848078851286096391e-01 2.885469022460770194e+00
-9.290341574835898619e-01 2.556926286272502846e-01 3.085958729514290066e+00
-1.335899548389389402e+00 6.130408224813010953e-02 3.378627531048119970e+00
-1.174534068993819957e+00 -3.559924204660225300e-03 3.167697337168120075e+00
-2.162564655346120190e+00 1.973453979764199229e-01 3.311061083555070006e+00
-1.174892451230159729e+00 1.187295419637000027e-01 3.220142148392220349e+00
-1.187896218155819472e+00 2.731095764709399187e-01 3.160055201893730015e+00
-1.301566416109599889e+00 4.292879742267403653e-01 2.794824415874439971e+00
-1.226430233644210332e+00 3.886491723933496178e-01 2.917742813327130147e+00
-1.300905478616369848e+00 3.845669872592498706e-01 2.955387901733870226e+00
-1.093630221106490108e+00 2.340362717175497043e-01 3.181231511521580124e+00
-1.063676050203539614e+00 3.006773836816398759e-01 3.032524229652010295e+00
-2.121201023033999711e+00 2.646464349510602165e-01 3.358907248923780120e+00
-8.274901663755898085e-01 3.251382640919302514e-01 2.773889852084129970e+00
-1.913249719154959561e+00 8.952362713183981136e-02 3.766323809804819955e+00
-2.087578483145489550e+00 2.892179546770496934e-01 3.430860420373700315e+00
-1.110851158235709679e+00 1.004799629033409358e+00 2.017581640730740311e+00
-1.001139297875579537e+00 1.057119969702759787e+00 2.102191432802389848e+00
-8.473473037712495604e-01 6.442568180362100438e-01 2.393538883402969830e+00
-2.218447983150440006e+00 1.002142326578601139e-01 3.106670693220390245e+00
-8.946001021351901450e-01 5.597880564864496922e-01 2.455598625518140121e+00
-1.911472136700870017e+00 9.083498640831000337e-02 3.769057935643210122e+00
-2.249230943559349605e+00 2.104512805546099319e-01 3.206268543957780270e+00
-1.824930947817959836e+00 7.807952564020004260e-02 3.650814464136140192e+00
-2.208425670886049907e+00 8.049205401293013651e-02 3.220015475902240354e+00
-2.098968458335400022e+00 1.682309424118400010e-01 3.322930521763169942e+00
-1.348654240233259749e+00 9.750631976213999241e-01 2.498636204549850248e+00
-9.150972220842694682e-01 6.388105696424501989e-01 2.495337050855100269e+00
-1.100180817708189984e+00 6.317004391014100495e-01 2.438799903446490003e+00
-7.868625717908903638e-01 3.062367461573904937e-01 2.996012071182190262e+00
-2.122960647690010028e+00 5.167230620965024279e-02 3.168920188372510438e+00
-9.916209131140796273e-01 1.061597781886019609e+00 2.090952500601110486e+00
-2.149828771385399850e+00 2.199139845853401720e-01 3.308344947405980285e+00
-1.250656801912629845e+00 3.886758061931496755e-01 2.819742063619719907e+00
-1.076166509565869678e+00 2.528327012441096144e-01 3.204989419289520303e+00
-9.681288547093500618e-01 6.259268512530697937e-01 2.497174767620640168e+00
-1.851472153547260469e+00 1.022741337598993550e-01 3.597419266496350243e+00
-8.610801424366996137e-01 6.367902449605600257e-01 2.397168426954680243e+00
-6.841055080368900754e-01 3.915337073860301054e-01 2.782463264612410114e+00
-8.184425505206300855e-01 1.190479576823709751e+00 2.219733918920000271e+00
-1.886882619253090088e+00 1.165721956989700381e-01 3.649596339259070454e+00
-1.880619928303270072e+00 3.380099362226500759e-01 3.385316127350910254e+00
-1.614116394127929954e+00 2.902663248948988972e-02 3.714728749684040210e+00
-1.598932562065899621e+00 3.082126423621955880e-02 3.714970773451240049e+00
-1.424503310951029889e+00 -6.952246559509989154e-03 3.510894835315460316e+00
-1.418444123632330189e+00 -7.669737006150256775e-03 3.508773067353660124e+00
-1.532138180819700324e+00 1.577524548869797538e-01 3.430783382477990084e+00
-2.069514472198110244e+00 3.079033797472301437e-01 3.436268072903509996e+00
-1.093940808589830116e+00 2.371546781373299329e-01 3.171469524820840213e+00
-1.073894386723939665e+00 2.225856531607002253e-01 3.168889504674340163e+00
-1.054487558873780539e+00 2.301842832278202522e-01 3.169416346613949997e+00
-1.132382100817240111e+00 2.313850809437798528e-01 3.201307627129470035e+00
-1.090691749593289739e+00 6.378611296288301258e-01 2.441404910074030266e+00
-2.226280829421489749e+00 9.369976561710968710e-02 3.109356171305670102e+00
-1.995204194989929736e+00 2.792709950692899845e-01 3.456536963012780017e+00
-1.447073811221989637e+00 2.197568472732100986e-01 3.329193404851050087e+00
-9.605002391707300191e-01 4.268111582071896226e-01 2.768770774217919950e+00
-1.598606221180859599e+00 1.935046144134398016e-01 3.432913884755870004e+00
-1.213134362706359770e+00 2.514863658456203410e-01 3.180867916855690147e+00
-1.125325950955120113e+00 6.171791839085198905e-01 2.472054256476670098e+00
-9.061933613985697633e-01 3.063557424790299688e-01 3.018114208350420213e+00
-6.859916432293200472e-01 3.968414567674602988e-01 2.785889379051760262e+00
-1.074706359851389958e+00 5.655118264537899453e-01 2.565650258229790204e+00
-1.078672730659009815e+00 5.581517889335103622e-01 2.569576977780060112e+00
-1.034149842325839952e+00 1.022913270813399889e+00 2.367863354344560189e+00
-7.908886383951396759e-01 7.987029286731199829e-01 2.163653722389709877e+00
-6.319330997600900446e-01 1.242412985340869858e+00 2.119176288600460367e+00
-6.150969092103997227e-01 1.242182142327859617e+00 2.109154191015569779e+00
-5.851948066450294306e-01 1.263577709893990209e+00 2.093755096167700280e+00
-1.282907950619119664e+00 5.707574622021198696e-01 2.758449513913180162e+00
-1.053013133864059370e+00 9.360970433866599993e-01 2.068727301732049995e+00
-1.406209415817490260e+00 4.094946968712298574e-01 3.003518780841369917e+00
-1.180883770364079766e+00 4.275774680640800351e-01 2.782107276787270322e+00
-1.246200312593969795e+00 3.909226050043497214e-01 2.805003925837290080e+00
-1.427064013817789689e+00 8.538589935406992737e-02 3.560252801450440430e+00
-1.494364295328720171e+00 1.191877980108420276e+00 2.468869257273860196e+00
-1.476606643274289254e+00 1.061792249678789490e+00 2.403928683899260399e+00
-1.003130386661329698e+00 1.048680701857430231e+00 2.099057766866810226e+00
-6.801452110737598034e-01 1.505861421885999585e+00 1.905015438902819991e+00
-1.469691242019690147e+00 1.140216136476499553e-01 3.547992999904580280e+00
-8.493635070339697890e-01 6.442786513148697214e-01 2.393382655764600297e+00
-1.804516629258759775e+00 8.898304239908199076e-01 3.508143390135640249e+00
-2.129992817782340175e+00 2.391163759596797167e-01 3.307165434142810057e+00
-1.685988559981469681e+00 3.037168111247012803e-02 3.752307676512590007e+00
