-1.022698197829139399e+00 1.394167433392499156e-01 3.195784712648650050e+00
-6.971150157322099084e-01 -4.949168156101800831e-01 3.727336696936660143e+00
-7.177182757419298120e-01 -5.506168543154099648e-01 3.857742270838290022e+00
-6.988983407835798189e-01 -5.207221984947001392e-01 3.788290079182270009e+00
-1.019637705597659760e+00 1.390647711354899840e-01 3.203081913699330041e+00
-6.930180523029392248e-01 -5.343285476291703695e-01 3.746936971144480211e+00
-7.128838613534593804e-01 -5.203431140133901733e-01 3.784751904206010042e+00
-8.245620716840602604e-01 1.963104060086700020e-01 2.945866476954179802e+00
-8.682402186326494409e-01 1.728693980940898545e-01 3.116861749585690067e+00
-8.538765858991994584e-01 1.599961414224000400e-01 3.081507008440059980e+00
-8.878149134627593142e-01 1.525698724021200547e-01 3.092954928057280117e+00
-1.118214376740309213e+00 1.560939412931998671e-01 3.173717966444599803e+00
-8.830425613537493668e-01 -1.052691274852801673e-01 3.724202464312409866e+00
-7.278628155489994533e-01 -6.293594968782000310e-01 3.868092374671499911e+00
-1.055074914452069912e+00 -5.865992223015004114e-02 3.667602451056239943e+00
-1.236629907495969682e+00 -1.924559804955301434e-01 3.937257750392459954e+00
-1.056773300451119724e+00 -6.510783237383988009e-02 3.672116013417999980e+00
-9.531164389335295972e-01 -1.079534645423700923e-01 3.672722503275379857e+00
-8.991038968867295367e-01 1.497150171760199822e-01 3.095737843195309758e+00
-1.117949895085859957e+00 -6.233402761283990401e-02 3.676668292417160089e+00
-1.081575983888909409e+00 2.006937648893698523e-01 2.936155867917789930e+00
-1.272850679393139561e+00 -1.906648870725601297e-01 4.065460677698250258e+00
-1.097839254720679669e+00 5.741410469310093134e-03 3.536449530296700061e+00
-7.318970771645796347e-01 -2.442402513892802940e-01 4.145994787688970007e+00
-7.971064405248200480e-01 -2.453184164697901348e-01 4.175893915893859720e+00
-2.664621281781696105e-01 1.735372326635999940e-01 4.452320893933389812e+00
-9.197649374931100574e-01 -2.539578941406902546e-01 4.072701917441819752e+00
-1.113961260901339845e+00 -5.767946719860006510e-02 3.668662797152389743e+00
-1.209267493666279947e+00 5.230579160243100656e-01 3.933790560013630255e+00
-8.741298366296095246e-01 -1.196674471320324784e-03 3.416808953706170104e+00
-7.975062770722396444e-01 -2.354250911726399886e-01 4.177340859916240490e+00
-6.622360344422100198e-01 -3.443913306435903987e-01 4.167093307831180482e+00
-1.448841291172989543e+00 -1.665744660959402879e-01 4.032823452752399618e+00
-8.460149100243095077e-01 1.943845063972495790e-01 2.966516399330199949e+00
-8.625133231775996556e-01 -2.779298006199601989e-01 4.111764725923880093e+00
-1.018726118845359796e+00 -2.142258307723201582e-01 4.119400476363479946e+00
-5.810811380899796319e-01 4.616558335777198874e-01 2.415965336482420067e+00
-1.303410372794299832e+00 -1.716439397993698712e-01 3.933127701369159901e+00
-6.593508281452793440e-01 3.416527639184985254e-02 4.332996881622380059e+00
-6.511981030133298098e-01 2.730422424342027199e-02 4.325556019663689966e+00
-6.489746424525497659e-01 6.226902697106995177e-02 4.340583054415190212e+00
-5.749173888368099838e-01 -3.733503663219600588e-01 4.141264080015440108e+00
-5.039772129136097512e-01 -3.398613833120698313e-01 4.117789600057389698e+00
-9.052809243336596978e-01 -2.519352636534599732e-01 4.058191676563439820e+00
-9.835919773400898514e-01 -2.343850265488798268e-01 4.131605357857969452e+00
-7.450882805243499440e-01 -6.302084860694403545e-01 3.928326062301890076e+00
-1.239755124474659631e+00 -2.020371231620702313e-01 4.074646724526989949e+00
-7.329943903687898832e-01 -6.653116239861299741e-01 3.823906544593790091e+00
-1.501849147698949505e+00 -6.936385682190016055e-02 3.771799746060040093e+00
-9.041391287745392802e-01 -2.786107073795700551e-01 4.139610429656590540e+00
-8.728433019580399410e-01 -1.815388218090019379e-03 3.409354535563700050e+00
-7.420223932900196218e-01 -5.220196839440101044e-01 4.036398682084650247e+00
-9.987977770152598467e-01 1.810571970433201283e-01 2.929854865427880206e+00
-1.018866401639719754e+00 -2.266577809602901006e-01 4.114443009939780183e+00
-7.838969516827698492e-01 3.687736946740498567e-01 2.606559945479180129e+00
-7.398963825319198051e-01 -6.040477061027700323e-01 3.927555520554290247e+00
-1.046067385114149317e+00 2.376652423730400976e-01 2.983122320600569921e+00
-1.079097367148989406e+00 -2.542851351073500688e-01 4.002902331014549731e+00
-1.282392049957309599e+00 -1.927442479680598897e-01 3.962989371835079933e+00
-7.451045720326097133e-01 -5.831790292797001118e-01 3.962132966918550103e+00
-8.623338354671896688e-01 -2.756752889082902946e-01 4.112819492467430393e+00
-8.612605383692799599e-01 -2.757431071436697856e-01 4.111862416850719626e+00
-6.622848226692799045e-01 -3.391982689076402657e-01 4.168977013887360528e+00
-9.604643279648596987e-01 -2.395833808629899142e-01 4.039528288622760144e+00
-6.216011594495092218e-01 -4.015404044166599462e-01 4.140672600246369406e+00
-5.813255335291001025e-01 -2.203734446416201198e-01 4.220890466861499490e+00
-7.583206896008198861e-01 -3.112903740091199634e-01 4.166731321469399951e+00
-6.591564115006498525e-01 -3.068377182425399141e-01 4.177473357875669535e+00
-6.764658440112798488e-01 -4.898626195107600445e-01 3.718370365404319866e+00
-9.991224993033700486e-01 -2.484171452955000747e-01 3.929094110009760055e+00
-9.467406555217694475e-01 -8.795404941882023486e-02 3.683301794615659652e+00
-1.004086912788439978e+00 -2.521627114814699588e-01 3.933061102940579978e+00
-6.740666187076493898e-01 -2.053211244461401463e-01 3.904894617960380288e+00
-1.017615236420919889e+00 1.414780049864994282e-02 3.461312903600589852e+00
-8.424621595929995266e-01 -3.380088780432300988e-01 4.031280049791440057e+00
-6.712219465098199223e-01 -4.151733455851500665e-01 4.135039795698359555e+00
-1.237428892730349617e+00 -2.022777345442801078e-01 4.074902176866130432e+00
-5.966191688837692020e-01 1.481274717481797509e-01 2.817856515874950230e+00
-1.270368099279479690e+00 -1.897945154053199968e-01 3.915714181700000296e+00
-8.513481821363400037e-01 1.784770077708299763e-01 2.974382864218420242e+00
-7.955899178525700499e-01 -2.425471353859200985e-01 4.174070591978869871e+00
-9.173399009639595647e-01 -3.010410672865500015e-01 4.149843050517519671e+00
-9.743391660978395485e-01 -2.714755766425501760e-01 3.966369938918890004e+00
-7.244317797739303622e-01 -4.174209111485982504e-02 4.278504580895900133e+00
-4.421575908301895730e-01 -3.220211916609603264e-01 4.070365219351369745e+00
-6.514335474973895757e-01 2.353692321002998078e-02 4.324847889095550180e+00
-6.533644713874897647e-01 2.855312564519962848e-02 4.325615496064820320e+00
-7.257935687074699160e-01 -7.859314143080986526e-02 4.259387431661949996e+00
-6.504800908191499254e-01 5.805322532765999632e-02 4.340145484918449981e+00
-1.470535509477609803e+00 -1.704724125619199171e-01 4.033636477881060500e+00
-3.323566886544098153e-01 -3.341311664217901933e-01 4.234086484545660056e+00
-3.044914580945299321e-01 -3.066742406350499994e-01 4.229293678858949690e+00
-7.013736064038798013e-01 -5.785668713108997885e-01 3.704231834740700169e+00
-1.010169037117029767e+00 -6.958595368853992547e-02 3.644957293344739835e+00
-5.784915486952995067e-01 -2.139288742351502792e-01 4.226374024844130162e+00
-6.533956405237892895e-01 3.527146653195001313e-02 4.321853274401219913e+00
-9.632812913296500135e-01 -2.697680928448799031e-01 4.024332086082559989e+00
-8.000105628434694971e-01 -5.189268052689022248e-02 3.521863011791199760e+00
-7.729219268864397918e-01 -4.237158741260700356e-01 3.915548918405700185e+00
-7.774409828855697313e-01 5.720023898971500209e-01 2.174358989957130284e+00
-3.277156583128895129e-01 -3.357455871220200727e-01 4.233529279613689411e+00
-3.285668879930598862e-01 -3.916012795603498464e-01 4.222597714519690015e+00
-3.494830672868394217e-01 -2.522501968146602103e-01 4.244037856280019838e+00
-6.600874883631195900e-01 4.152117969339008674e-02 4.332576591973960056e+00
-1.300408894063909138e+00 -1.726919251902900854e-01 3.954075370962890190e+00
-1.272978625195589686e+00 5.533506598904098794e-01 3.933221419705740018e+00
-3.049009051119697666e-01 1.519874613937801655e-01 4.461364022483619962e+00
-9.858843126658998202e-01 2.002814289405598913e-01 3.057545466629339792e+00
-8.906085765348499272e-01 1.535315934657000003e-01 3.089614950902960011e+00
-8.447421824484995234e-01 1.851773376807297478e-01 3.107220903027919867e+00
-1.240556518592339952e+00 -2.390004725189401880e-01 4.112400896163079800e+00
-9.035900924645794419e-01 -3.215251879995301154e-01 4.030422825081250160e+00
-6.966784232744891447e-01 -4.540113137474699467e-01 4.094019669234089776e+00
-9.252894935052946579e-02 -3.611244078503401678e-01 3.953186550594760096e+00
-9.168835473745984288e-02 -3.579375822269399432e-01 3.955392120583479887e+00
-7.473319454980975607e-02 -3.469259914364101194e-01 3.976210783706120022e+00
-5.105959828562012248e-02 -3.057476259409800390e-01 4.011506265563669515e+00
-3.362966201554296042e-01 -2.681594317330500132e-01 4.273543094119609975e+00
-5.731222459291704929e-01 -3.990019434490501560e-01 4.143166418379879978e+00
-9.756089256403797094e-01 1.517210938654796060e-01 3.047018371274150095e+00
-5.462828418250800233e-01 -4.172325179628300074e-01 4.115813314466720385e+00
1.012121226786306671e-01 1.789371438353997146e-01 4.567757675345210266e+00
-1.049509220713289448e+00 -2.577061815293399949e-01 3.994591557034979701e+00
-7.837280580744301339e-01 3.675621217417799347e-01 2.597404725560400252e+00
-7.359361312866798954e-01 -2.795518710486600833e-01 4.149966127239649971e+00
-1.255630508618219565e+00 6.128196344061300760e-01 3.957855293358839788e+00
-1.057659700803949665e+00 2.537430239713198699e-01 2.887537562993959916e+00
-7.661407853326895889e-01 -2.483714819607900637e-01 3.996686014540860032e+00
-6.243386029642694623e-01 -4.021606089034499565e-01 4.140268379718300196e+00
-8.315108209988100185e-01 -4.061678656103402396e-01 3.986287249912799702e+00
-6.517440690269200587e-01 1.499185715074198288e-01 2.806664690304930154e+00
3.291491794095899870e-01 2.884577811797401914e-01 4.263016239097059845e+00
3.237303902153505497e-01 3.217027804587302420e-01 4.237224415419509782e+00
-9.031820477764798127e-01 -2.720434585503002101e-01 4.138465128504670076e+00
-8.408065468840297818e-01 -3.384152140246796669e-01 4.029002968245150029e+00
-8.843977728071599209e-01 -2.232750060939900916e-01 3.721500773066459988e+00
-8.889839719313497035e-01 -2.394282745073399443e-01 3.732175059466300127e+00
-8.167078798211195867e-01 6.238380190865999708e-02 4.431667769964839465e+00
-8.153220710896995627e-01 6.606509048360997838e-02 4.430327239532119599e+00
-5.191140956480899682e-01 -2.477467497139500541e-01 4.207404937801579869e+00
-1.247587339811059515e+00 6.401210070125098461e-01 3.943400505492910213e+00
-7.983327813800396022e-01 -2.416867072573801734e-01 4.173309460447100605e+00
-8.271624949461497955e-01 -4.764961596334800209e-01 3.979720713994570058e+00
-1.031819077082629654e+00 -2.705959641351298739e-01 3.979584502340410168e+00
-8.402764934999300550e-01 -3.400711309160102669e-01 4.027017420318140140e+00
-1.107840706165989619e+00 -2.661929804005203071e-01 4.103490457178219586e+00
-9.248918852491696541e-01 -2.607657346602301196e-01 4.082761535331200342e+00
-1.276593344778659489e+00 -1.822017134419500195e-01 4.060126881006679511e+00
-7.973923759459200511e-01 -2.625952348736699804e-01 4.057079700732399985e+00
3.594308071843901331e-01 3.311570370675900321e-01 4.259904294775950007e+00
-1.237827029775609766e+00 5.630411108283601695e-01 3.974495988722529738e+00
-5.731931203000897312e-01 -4.397393202509101151e-01 4.100648243377659874e+00
-5.796995002901095262e-01 -2.149085819093400351e-01 4.220532449387410345e+00
3.119046067671202849e-01 3.036368006380498752e-01 4.190186486313359993e+00
6.256834074806802981e-01 3.661351691703598199e-01 3.988718341719080129e+00
-7.509491454652099662e-01 -3.075803430600301258e-01 4.163981969342179568e+00
-6.280826691621395064e-01 2.134351555070399531e-01 4.409969472960149517e+00
-7.533565820266998614e-01 -2.964903594585902580e-01 3.495575711525920060e+00
-7.324876788768395208e-01 -2.706021540267599113e-01 3.464868463555299982e+00
-9.973072353975593884e-01 -4.525768718489997511e-02 3.539352689327809998e+00
-8.315378813781397760e-01 -2.682860026415700982e-01 4.138236803080790338e+00
-3.144624845201597907e-01 -3.142439952107100032e-01 3.963269370232950006e+00
-7.420480211600994913e-01 -5.631192972835803445e-01 4.042576965154060176e+00
-7.024358227332596627e-01 -4.661902115639702249e-01 4.095635328389340302e+00
-1.446577818148919281e+00 -1.312613199563101851e-01 4.045947500087640591e+00
-9.717470280261397697e-01 9.605897809284025257e-02 3.331076278408150237e+00
-1.457301174419893819e-01 -2.924958782143504132e-01 3.879996428667780162e+00
-6.457354192323196962e-01 -9.142006453151996226e-02 3.534365939715240046e+00
2.148818574146105220e-01 -1.860106536118202314e-01 3.800322813204410011e+00
2.453196914774402604e-01 -2.229707751320699760e-01 3.772469346437469895e+00
-5.178330678572296009e-01 2.221648794057595744e-01 3.165701883738230027e+00
-1.065220688953869566e+00 2.471278453781100559e-01 2.906379582994570221e+00
3.173986607891301492e-01 2.976783302883299065e-01 4.205074475981410487e+00
3.119084689643802921e-01 2.939323232921999818e-01 4.202433229405800219e+00
3.229255332888103514e-01 3.303521616932396654e-01 4.242323768594649991e+00
-5.060070101988896063e-01 -2.598129259225497867e-01 4.163212805824049845e+00
-8.317461534238197451e-01 1.230253140854100646e-01 4.337261756360169862e+00
-3.767873795515197521e-01 -3.698250431682300610e-01 4.193422083828769686e+00
-5.874236384400601807e-01 1.973426126120991775e-02 4.301585659016470053e+00
-1.036280165702729850e+00 -2.649106145253001809e-01 3.947226255018650320e+00
-1.384431390928209549e+00 6.327379804544985831e-02 3.459553997815850046e+00
-6.945694633700396636e-01 -4.585749316078799875e-01 4.104333563755730552e+00
-1.277453230921149707e+00 -2.110335138459300541e-01 4.081446736935019359e+00
-7.635070549040001708e-02 -3.731360739716100827e-01 3.945473293254900149e+00
-1.438283110806669818e+00 6.203720234184006976e-02 4.082790186644129626e+00
-1.238570483951109580e+00 -1.811196383624102957e-01 3.935865805376200122e+00
-1.425227084486699436e+00 -3.271735997225988513e-02 3.637724855584689720e+00
-3.461917850287496989e-01 -2.447753039777101902e-01 4.244527285004140005e+00
-1.245498861829389625e+00 6.114633194298297880e-01 3.949712971651969884e+00
-1.281218301593240128e+00 5.639453118599102588e-01 3.927239258587750026e+00
-9.633344836782198328e-01 1.147462729979698004e-01 3.305943972439850054e+00
-9.680754330112297801e-01 1.080841053348600145e-01 3.317633542209230235e+00
-6.713196252884934268e-02 -2.429771608350601575e-01 3.833399791436010062e+00
-9.738474289982494980e-01 1.084145729329200059e-01 3.270128772628170033e+00
-9.859519684238797765e-01 -2.423362912189197527e-01 4.121922452250199598e+00
4.295040698103003152e-02 -2.322377941982697314e-01 3.816314271865079988e+00
-1.270550799448195711e-01 -3.364468924271101224e-01 4.102132233280009643e+00
-5.094610729218498335e-01 -2.692385283271199192e-01 4.168181631421219890e+00
-2.289568278779974264e-02 -3.740018608602301287e-01 3.958340192565060089e+00
-7.988150417642398970e-01 -2.577759822325502714e-01 4.064799282610909614e+00
-4.511041668129696092e-01 -3.311425955921400988e-01 4.110030024528789738e+00
-6.914145426232294334e-01 -5.637636327046500195e-01 3.691308839078809800e+00
-6.841247744763698790e-01 -5.334667101134701328e-01 3.699007323836660088e+00
-7.799587671154291080e-01 3.854791371957897450e-01 2.579254429299159934e+00
-1.059707804707419765e+00 -7.239188309291999524e-02 3.678054842971939742e+00
-6.975560090425396709e-01 -4.594277601875700334e-01 4.106001108929469900e+00
-8.218682994630794880e-01 -7.811073340890040129e-03 3.504540610262310008e+00
-1.196532249881796517e-01 -3.254505326412601152e-01 3.844035181999529982e+00
-9.867039339561993749e-01 2.676324994764001097e-02 3.363643690614740223e+00
7.990522200508065609e-02 -2.329133293584901843e-01 3.808334477242650173e+00
-1.404549879940139689e+00 6.599278327185897908e-01 3.765825996144790189e+00
-1.296132394049120062e+00 6.974167364925001333e-01 3.657859293887570029e+00
-1.078164464351489826e+00 -2.584874862369903603e-01 4.008316363032079721e+00
-7.879209946954395249e-01 1.345892580252299187e-01 3.167018585918340179e+00
1.721209262893399483e-01 -1.196514936557699915e-01 3.563565583191349972e+00
-8.784283502198095839e-01 1.374509318397596491e-01 2.992947794753039847e+00
3.054148689683902074e-01 -1.212730296489901161e-01 3.467429074075259798e+00
3.002723263319402314e-01 -1.234112628569701275e-01 3.469080212484810133e+00
4.919968087796302569e-01 2.580314532656098336e-01 4.025360773605440201e+00
-1.491295815960209659e+00 8.433644516936698032e-01 2.414133782299579867e+00
-1.478117676427869398e+00 8.795875607601297830e-01 2.285183607733619837e+00
-1.302917283041009622e+00 6.978544117692297988e-01 3.667550195528599843e+00
-1.404506198422619700e+00 6.442404969599397901e-01 3.773647223912429904e+00
-1.076098661556299518e+00 -2.538279340613700530e-01 3.977624533352420055e+00
-9.651128251908898115e-01 -1.211854829325300642e-01 3.794079153201039833e+00
-1.237711634092930169e+00 -1.952205996385500963e-01 3.936966380553170275e+00
-9.314747256962694344e-01 -2.391555355037701114e-01 3.959590386937600126e+00
-1.414418239857329507e+00 4.111420946324972903e-02 3.518224662462249963e+00
-1.029577838586419603e+00 -2.630500106169901819e-01 3.976166745150009785e+00
-8.742831397492292211e-01 6.270890065499967747e-03 3.411067351499350142e+00
-1.035441880079129628e+00 -2.488156499788800602e-01 3.943196801762470116e+00
-9.454187819451398411e-01 -2.521913118848101432e-01 3.979413113000520141e+00
-1.438267980448489691e+00 -2.470418861109013875e-02 3.657479501894070228e+00
-1.463513190510540074e+00 -7.644052811816970383e-02 3.766613287103550256e+00
-7.130133700695697740e-01 1.323624748306500010e-01 4.353240528993969960e+00
-3.500061335502802073e-01 -3.749755855428599238e-01 3.971311180327320223e+00
1.044631576766230197e+00 1.840909424829300089e-01 2.840314178698749803e+00
1.116809213873060314e+00 2.105605143923099387e-01 2.769867154711580071e+00
-5.964485439957400992e-01 -3.485789491050299560e-01 4.157454034636270279e+00
-4.397273761333395647e-01 -3.243712311655799763e-01 4.069634541531719663e+00
-5.938310774417101534e-01 -3.452205270068700038e-01 4.156129940488550112e+00
