-9.925266896916602466e-01 3.575955477536598703e-01 2.584371931477510209e+00
-1.028506100528819855e+00 -3.906108935464800425e-01 3.357142593495840099e+00
-8.066184528581399338e-01 3.515441428478598418e-01 2.531107668760120166e+00
-9.917131902262197318e-01 3.590712357218399653e-01 2.587522460437480021e+00
-1.181158042937459962e+00 2.348998659201300132e-01 2.877750860018750245e+00
-9.845785158038398155e-01 -3.616455777456802911e-01 3.285028277742920277e+00
-9.043202762800499617e-01 -3.534545748027599910e-01 3.144235045042500065e+00
-8.184835500293698995e-01 3.475609787474098766e-01 2.537526681595569933e+00
-1.033968280233450221e+00 -4.362502706142898923e-01 3.333567174430980273e+00
-1.031346475110989980e+00 -4.349498114445300434e-01 3.335933868747550157e+00
-1.030270740540360164e+00 -3.927145155730700221e-01 3.357709670178070205e+00
-9.006836726318094843e-01 -3.524113092198000174e-01 3.142624328128130085e+00
-1.165559391656759702e+00 1.569249043739897598e-01 2.985390801102340230e+00
-1.093274286278669516e+00 1.062687908688699778e-01 3.050175811657799940e+00
-1.067174190864179861e+00 3.812474177489901805e-01 2.538526383363169714e+00
-5.169135031373397471e-01 7.792196088301304169e-01 1.670053357977999919e+00
-9.439293654237894682e-01 4.504044791246399893e-01 2.373599628830520114e+00
-1.093528012342080080e+00 1.033973819848201803e-01 3.053504287272870155e+00
-8.194135991764797122e-01 3.402059954554799148e-01 2.529974494108980121e+00
-3.362544274677301548e-01 4.397573096975302409e-01 2.295375585555230025e+00
-1.483723078296059539e+00 8.896203590395956873e-02 3.158980215879219955e+00
-1.186500712061849816e+00 1.566370533545400345e-01 3.019893957312230093e+00
-9.274223732548498855e-01 5.269905241622596659e-01 2.219996538287030141e+00
-1.452928950762119920e+00 6.813617362352974993e-02 3.220908281376070104e+00
-1.484606542403069662e+00 7.824706553780003127e-02 3.348476525004830062e+00
-1.748404609652130182e+00 1.050019931273096230e-01 3.214487464281170048e+00
-1.227045966857399639e+00 -4.013987894699000414e-02 3.279990364037540296e+00
-1.524635244699209968e+00 7.289990500354992520e-02 3.329785609289180215e+00
-1.391855082709769986e+00 8.211475578937899034e-01 3.220114196790300198e+00
-1.145357957816640182e+00 -2.529798489761201363e-01 3.365033561365129877e+00
-1.091747768869349988e+00 1.114631553486102877e-01 3.058845448546859913e+00
-9.678682101173097241e-01 -4.308141915135399458e-01 3.467110066841939897e+00
-9.958568996554799657e-01 -4.355294114134300454e-01 3.287118873318029877e+00
-8.979331050770997802e-01 -3.100061867525998327e-01 3.167731741797529921e+00
-1.002958819100639554e+00 -2.291560809699901835e-01 3.293390637340360083e+00
-9.975140054747704266e-01 -4.711962626990000569e-01 3.243096224300410224e+00
-1.035828982446689972e+00 -3.882221068894600169e-01 3.371634208913349973e+00
-9.082652373146105074e-01 -3.777183490401598842e-01 3.132258248295479941e+00
-1.035592686070200275e+00 -3.946587985392897568e-01 3.361112692502649768e+00
-9.032421176182496847e-01 -3.503736418087100013e-01 3.141971975987229992e+00
-9.358202943871194446e-01 -3.328110251304999823e-01 3.221586486235489932e+00
-1.269543476884259947e+00 -7.880506694140310131e-03 3.477171028637230155e+00
-9.926117569124401907e-01 -3.641908498903297930e-01 3.288770922217719939e+00
-1.148582657928270523e+00 -8.982039312787004626e-02 3.542514894834099870e+00
-1.308485877315899826e+00 9.746422265039855759e-03 3.455167828153760112e+00
-1.376905683876840092e+00 -4.908323144503023983e-02 3.375158434959410148e+00
-1.485316573237380089e+00 8.414653412540951116e-02 3.163671390710879994e+00
-1.061327423936129888e+00 8.330485192500125535e-03 3.095411134684160182e+00
-9.172082010627298221e-01 -4.757869659171021226e-02 3.680607722371050272e+00
-9.162706768598998242e-01 -4.493287425010028535e-02 3.680851053143590068e+00
-1.157784909279329755e+00 -2.610009158311901167e-01 3.367652674597750195e+00
-1.045516626411149952e+00 -2.654770386750326949e-03 3.065640906900839902e+00
-9.737396784331500132e-01 -3.587165908168699069e-01 3.275966114486509984e+00
-9.697958395443599944e-01 -3.738841950663300828e-01 3.258145356976430040e+00
-9.217769887449598354e-01 -4.383224262665699200e-01 3.115827169735730262e+00
-1.072773363667409940e+00 -1.072043069834702766e-01 3.580320918005650110e+00
-1.078411229122979931e+00 1.181231033815899334e-01 3.038014041011510180e+00
-4.705767460544099112e-01 -2.673166136472397980e-01 3.786004199866860098e+00
-4.905356134919098832e-01 -2.346364556043998295e-01 3.711369082850129786e+00
-8.777140670974501457e-01 8.657328673555975129e-02 3.081899679295640126e+00
-1.033531836572249896e+00 -2.539512000212000853e-01 3.027073218570900170e+00
-1.738083748496999759e+00 1.272110684882297171e-01 3.223280089549830141e+00
-1.176329195261699878e+00 -1.736987017061200067e-01 3.383038181001840172e+00
-1.141567285022910161e+00 -2.645187640338031443e-02 3.396700552223590019e+00
-1.043566673560649916e+00 -3.890051516390801156e-01 3.374457795895310142e+00
-1.129416939856380475e+00 -2.555734146952099994e-01 3.355293612021020166e+00
-1.201268895130019887e+00 -3.797983290254025590e-02 3.440773107105529860e+00
-1.035001901775840283e+00 -2.869114252800299969e-01 2.972563588967420234e+00
-8.936413108838399122e-01 -2.395825726317399873e-01 3.593939548827969954e+00
-1.273419459560009903e+00 -1.862516437394989843e-02 3.471900717756629895e+00
-1.009661756078729544e+00 -4.385382112369700103e-01 3.285062127632599971e+00
-1.246545172512180111e+00 -2.417412684153008584e-02 3.411601422133209827e+00
-1.001849584275809724e+00 -4.460692442443902062e-01 3.263445874256120316e+00
-1.211616660799680334e+00 -3.515907903099990683e-02 3.316237799127210284e+00
-1.225982702265450142e+00 -3.590957567669028627e-02 3.275925773797149887e+00
-1.142455559395950226e+00 1.134011809370998325e-01 3.030259397146029876e+00
-1.072227550291949827e+00 -1.108838075872600193e-01 3.576402469066179979e+00
-9.849296859966900630e-01 1.865064679964700822e-01 2.852995701549310148e+00
-9.761338154693703917e-01 1.139969321177700667e-01 2.977086419199880041e+00
-8.722816831564197404e-01 1.844517506497800330e-01 2.934698780174710198e+00
-9.703186725662404921e-01 2.134174292709403176e-01 2.808423343740679812e+00
-3.703945976931601880e-01 -2.486653761089998582e-01 3.572985915571810001e+00
-4.088388110606999692e-01 -2.594890786570200891e-01 3.559962038499220327e+00
-3.313080578348699401e-01 -3.082089628863597941e-01 3.612540965123149928e+00
-1.492692084307230216e+00 8.112712333257987574e-02 3.165367159173610112e+00
-9.906096361939498163e-01 -1.233626639254197244e-01 3.615474202793009795e+00
-1.226054950994669879e+00 -4.013969188754029638e-02 3.284344010565880101e+00
-1.179086656516949772e+00 1.473187446763399855e-01 2.999446460542809945e+00
-1.207876847738549975e+00 -6.227491960870978893e-02 3.507667649658909870e+00
-1.022456836887179810e+00 -2.716403213914100334e-01 3.527521219083039838e+00
-1.204890450806040070e+00 -6.519713722342013185e-02 3.508715151579420155e+00
-7.153080614059199593e-01 3.032543139212799943e-01 2.560647587375590284e+00
-1.462387615691549625e+00 4.964200594010992340e-02 3.219160095685820178e+00
-1.041757041402269879e+00 -4.380337247230798869e-01 3.341564104179520101e+00
-1.239263575602360001e+00 -4.016709048229016865e-02 3.439678611608280256e+00
-7.000377395510704037e-01 -8.326361424998007799e-02 3.817402612425330410e+00
-1.047497433393449695e+00 2.380195725002900442e-01 2.796541250038869997e+00
-9.525129377707195477e-01 1.530852173353098866e-01 2.990192312183260093e+00
-9.702083411975397365e-01 1.982892303798897693e-01 2.845213765368200143e+00
-1.070639018210849835e+00 -1.084626694570702821e-01 3.581275878189940087e+00
-5.273977480238098980e-01 -2.424275762647198906e-01 3.722110527592469964e+00
-9.506137147669202481e-01 2.788657741197799744e-01 2.752036674852190057e+00
-5.093286985049101379e-01 -2.327919289231701327e-01 3.719840955365589785e+00
-9.017320914868498516e-01 -2.391644453614600874e-01 3.594239704142419889e+00
-3.318970081901098101e-01 -2.100603739858100116e-01 3.654239003472820269e+00
-3.301501198130700754e-01 -3.095711678870400885e-01 3.615982045500349962e+00
-6.846287912533799425e-01 3.734749632599299041e-01 4.029008782957729906e+00
-9.429223749864898974e-01 4.348643511307597187e-01 2.283639297599980189e+00
-8.831554758726902765e-01 2.606586095839200645e-01 2.707045546014890114e+00
-1.240378310155650032e+00 -4.506091344052998160e-02 3.357248971322619902e+00
-9.112486380441600087e-01 3.469002931535600798e-01 2.463504437895850163e+00
-6.824610145320300081e-01 3.410280769831903758e-01 2.546879001839430057e+00
-3.090046753184101380e-01 2.738875118843899781e-01 4.226300330418180096e+00
-2.733635426178298022e-01 5.106387504622598161e-01 2.013659051690650070e+00
-1.036354119052830258e+00 -4.365029591755897886e-01 3.331287856790820179e+00
-4.728768671719196792e-01 6.298217571706499207e-01 1.908654679791420117e+00
-1.181603970608130050e+00 -1.728340846582603341e-01 3.373314481006730148e+00
-1.060528346992620330e+00 -3.690537619191200935e-01 3.454063209235560095e+00
-9.945150054343796509e-01 -1.349417176052500889e-01 3.613452579199770032e+00
-1.067225741014019791e+00 -5.507541051564202039e-01 3.344954100811240227e+00
-8.291019179631600178e-01 5.920310394743599769e-01 1.980464695516250151e+00
-6.524682144374100989e-01 3.101780344237499154e-01 4.007222762874659949e+00
-6.393543133094701236e-01 3.138312961690599145e-01 4.007176027131969853e+00
-1.523448505822200039e+00 7.984971229285986460e-02 3.341372829988619841e+00
-1.158989772457469813e+00 -6.878803117276000023e-02 3.489311238074769950e+00
-5.690128390622100074e-01 4.830904728525398095e-01 2.239593350902500113e+00
-1.064999251041690131e+00 -5.493437309009000513e-01 3.345373920291080161e+00
-1.303921906162350153e+00 3.635230497250008241e-03 3.451299372817900224e+00
-1.245057550217369746e+00 -2.357184910863008298e-02 3.411340179826749974e+00
-1.207919613522000057e+00 -6.858450522698023022e-02 3.511003830591199915e+00
-1.091616620714489505e+00 1.391463476023098167e-01 3.059144830782940083e+00
-1.147804308521999994e+00 1.062054757078600975e-01 3.034961772597660090e+00
-6.777387974872801646e-01 -1.450747647003198804e-01 3.791422197106229852e+00
-6.850087551272399100e-01 -1.491402420147001084e-01 3.791412249024229908e+00
-8.960438171297699927e-01 -4.028352017529934770e-03 3.264766975907990254e+00
-8.042140929099905744e-01 2.794908311613997220e-02 3.024125007665510179e+00
-8.101913301277801072e-01 6.532186856947030940e-02 3.048692006946760014e+00
-9.328040070458702981e-01 1.915105864356998477e-01 2.956847376396289917e+00
-1.027114306990200232e+00 1.535658419636503069e-01 2.955709359937650049e+00
-9.682197021405605231e-01 1.255830093094301159e-01 2.973913157173119881e+00
-1.078723568629200047e+00 3.903255487898300569e-01 2.542265755847679998e+00
-1.317796216011209998e+00 5.400398140600337626e-04 3.458029970593700320e+00
-3.930821387121599120e-01 -3.142855086588101088e-01 3.605431850990780340e+00
-7.453159501669797127e-01 2.500481716583000669e-01 2.796592633430940111e+00
-1.095450130233479813e+00 3.169730708589102441e-01 3.755813577141109860e+00
-1.099423650692970211e+00 2.151015066780201934e-01 2.871470236806170195e+00
-8.919218421562200572e-01 1.616462152428299603e-01 2.944581003827840160e+00
-8.042815279718105170e-01 1.584711551542599128e-01 2.746906944029940068e+00
-1.277143579327170153e+00 -1.870611029424984473e-02 3.468117671913070410e+00
-1.307760071379539868e+00 4.262598891300317661e-04 3.453682496920880141e+00
-3.806811614879699324e-01 5.884974927495800756e-01 2.053918977313620164e+00
-1.019559073563659934e+00 -2.705206722396100716e-01 3.529449877773399802e+00
-1.300581624058920083e+00 -9.984030125897991326e-04 3.449433420508650094e+00
-3.001576494696001074e-01 5.856421117696199996e-01 1.775709455789539870e+00
-9.139964930744099991e-01 -4.029015391536994173e-02 3.683059895067990031e+00
-6.898642554650102898e-01 -1.878857130575699586e-01 3.762828984212419847e+00
-6.898913529296699654e-01 -1.901238555794397822e-01 3.764388765401429637e+00
-1.037687809516499859e+00 -4.542528556932898809e-01 3.326351147868660263e+00
-1.034544768782820201e+00 1.445539201702199517e-01 2.959134888841219890e+00
-1.097387831470230113e+00 2.168939539821301832e-01 2.872383402573370326e+00
-1.135050600593489945e+00 -2.563820519814201671e-01 3.356805578799100243e+00
-1.087613472429479922e+00 3.252992264102001485e-01 3.759986101371370015e+00
-1.035868860012029602e+00 -3.939089888658302563e-01 3.361166084835800039e+00
-9.846195819691796469e-01 2.112394932944299253e-01 3.760298801924439882e+00
-9.880909313259296223e-01 2.267485303802900809e-01 3.771778993184490059e+00
-1.025520036619589570e+00 -2.511745761475501215e-01 3.020312420441260137e+00
-9.779189611645200397e-01 1.917527574274200397e-01 2.850086093718180003e+00
-9.111180266600393818e-01 1.696822800912898277e-01 2.940147806818389942e+00
-9.994106374908005019e-01 -1.872119478093801082e-01 3.586992520002850071e+00
-1.117962403468739874e+00 -2.374141187820499876e-01 3.323609483680950216e+00
-1.039765851934440155e+00 -4.365084871443001280e-01 3.341727418756340384e+00
-9.105944155464300582e-01 3.568449153134702900e-01 2.456183279873630276e+00
-8.210721758118297853e-01 3.409287694000802116e-01 2.530186266909880022e+00
-1.682108918950649512e+00 1.646905110012200080e-01 3.250420371288869958e+00
-1.007832224445209812e+00 -2.274126896397801190e-01 3.307210893320940315e+00
-1.017223403032200268e+00 1.237272972202902999e-01 3.108696684691070189e+00
-4.888957164896099439e-01 3.049823941580100950e-01 2.348845532254769886e+00
-3.058057983968700544e-01 2.779550831871000494e-01 4.231157747794430435e+00
-5.148161486815199250e-01 3.240708713715496625e-01 2.304721566947999900e+00
-2.262767401093197517e-01 7.833223637442399134e-01 1.929818113758250187e+00
-5.578698873500702593e-01 5.664299348639401099e-01 2.068717320911390267e+00
-1.337721606601739888e+00 7.336372294969972785e-03 3.342960953762810217e+00
-2.678361180760802096e-01 4.628652422126802168e-01 2.251715360736719962e+00
-1.177926655336589468e+00 -3.412404374713973176e-02 3.426445380587390233e+00
-9.006894486296099789e-01 2.404398963973402026e-01 2.747155685852059825e+00
-2.951833019555094584e-01 3.184779927743699446e-01 4.255426532405939710e+00
-2.671791606602995639e-01 3.031447903213897455e-01 4.209949612082939829e+00
-2.629406364441899679e-01 -2.885228653712301750e-01 3.551701535760459993e+00
-5.684118106408495574e-01 4.954288302063398763e-01 2.224077300666980062e+00
-7.387350198623698905e-01 2.860907811662201095e-01 2.578574582261140336e+00
-5.140099664538901880e-01 3.247795463836100627e-01 2.306198728311420254e+00
-3.298005143766300495e-01 2.663378351925003162e-01 4.186266201372630391e+00
-2.934381232949399010e-01 2.924642081818598083e-01 4.185105486944849851e+00
-3.936539045328297792e-01 7.020081754233895577e-01 1.832659950229690082e+00
-1.976306728561201265e-01 5.270718511644498783e-01 2.179099608225170126e+00
-9.613685478635993764e-01 2.667758938090896148e-01 2.793650241272100043e+00
-1.047569475054419774e+00 1.016819381013098766e-01 3.120750202355759839e+00
-5.975588115470986672e-02 -1.913630006624202906e-01 3.563510442440319892e+00
-3.518079849915600743e-01 -1.985610121976899567e-01 3.622208887725470117e+00
-3.459458528934897803e-01 -2.022962413624900258e-01 3.621257530900559907e+00
-3.740020240930796991e-01 -2.903679383268702452e-01 3.571455052115100059e+00
-1.501456850215620031e+00 8.234059783022007473e-02 3.339209543014379999e+00
-8.347783567304698504e-01 4.211685721803992699e-02 3.050336924823150220e+00
-7.017698374819498763e-01 3.004200639516501070e-01 2.712338767347460156e+00
-3.096565170098102282e-01 -2.797085379579098419e-01 3.655437953391599937e+00
-9.211044583502998595e-01 -3.972304565569899637e-01 3.126063316655570024e+00
-1.059876495241439676e+00 -3.692980675616900355e-01 3.453961529953629928e+00
-9.780287365266902011e-01 2.137291174633797475e-01 3.768950008073149949e+00
-9.623434580614198541e-01 -1.134686268727602698e-01 3.620650029824319827e+00
-1.136148451442100304e+00 1.765959432349599734e-01 2.937085451727150076e+00
-1.743933306805710126e+00 1.183090542359597208e-01 3.225075811666259895e+00
-8.874734574744895799e-01 -1.591680157608401647e-01 3.600336986891179869e+00
-7.449568353170994417e-01 2.424107858444799479e-01 2.720708947428540192e+00
