-8.801869710792000756e-01 1.048117793551599508e-01 2.727405440045330032e+00
-8.374851242571599297e-01 3.327489885155796578e-01 2.478484080087669739e+00
-1.009539218246080283e+00 3.021454240410001990e-01 2.619148635722689633e+00
-1.128269191622319534e+00 -3.781633324387598805e-01 3.306532493406719730e+00
-8.302579972192003499e-01 3.389110093908000998e-01 2.482302192485219994e+00
-7.737417560263601946e-01 3.680867433248597997e-01 2.369477773628120065e+00
-1.137745869509920071e+00 -2.013334999352056620e-02 3.051635753434479792e+00
-1.018183463124079813e+00 3.535466122983599302e-01 2.526677493016800113e+00
-1.229546842005520224e+00 2.416546706671203193e-01 2.806581255500089966e+00
-9.817091192441600445e-01 2.146528995174001864e-01 2.742018001667029914e+00
-1.078950258384480110e+00 -3.521471193200802485e-01 3.236819539095760145e+00
-7.902464986268802338e-01 2.254448505161599225e-01 2.652984265712840184e+00
-9.897612826453199286e-01 -3.495021400186200111e-01 3.101285251509759977e+00
-1.133752195361280135e+00 -4.240919517565198138e-01 3.283530587309589688e+00
-9.842043418716401870e-01 -3.067826993988200801e-01 3.122762549018939904e+00
-1.131242737997880221e+00 -4.228263987806201163e-01 3.286034045067709908e+00
-9.859978119828800569e-01 -3.486100147280799533e-01 3.099889508257720028e+00
-8.942281859075602579e-01 5.356596035120997357e-01 2.133565612715700333e+00
-9.623299468282799918e-01 2.280082352304997340e-01 2.739018879219170088e+00
-1.167860500237720478e+00 1.238500118891801005e-01 3.038545316419900111e+00
-9.954141721584803815e-01 2.083821594099997121e-01 2.749325191654129696e+00
-1.223357378521799932e+00 1.655097042482196468e-01 2.916460298747829860e+00
-2.395718798542800787e-01 5.493176291845800474e-01 1.734942799107599853e+00
-1.089631166823760156e+00 3.770872544912002855e-01 2.472568102754469699e+00
-4.728611983759603010e-01 7.388275338581002938e-01 1.633429962094850030e+00
-9.372380531863597763e-01 3.948317056846017969e-02 3.176434573688740048e+00
-7.566228010364002277e-01 2.897995830839603659e-01 2.531699532935599795e+00
-9.540171195016402539e-01 4.387684725562601695e-01 2.314526726968039849e+00
-1.061253418704079854e+00 -2.842708070872013160e-02 3.336671530471529756e+00
-8.433266084360802051e-01 3.279667448821999010e-01 2.480573624167079938e+00
-3.548521898216796533e-01 5.346554425595599902e-01 1.988937100617059972e+00
-1.075064821142720062e+00 5.943416409923973909e-02 3.005518964877569754e+00
-1.650462593913280651e+00 3.187117478341199295e-01 2.900338488166649853e+00
-9.253355962468801099e-01 5.115280031500799574e-01 2.160854239864339998e+00
-1.229591367731080132e+00 1.600868343412602535e-01 2.913303887302969741e+00
-1.597408471131840590e+00 1.135159261823197596e-01 3.128057992327859971e+00
-1.527776033124800259e+00 9.095341294692005363e-02 3.134872351332210094e+00
-1.162818140393919952e+00 1.208412502363598318e-01 3.044476295612649874e+00
-1.092768205238480173e+00 1.448088394898001674e-01 2.900770818838359855e+00
-1.819062135990920259e+00 1.360324173612201815e-01 3.107682688248279756e+00
-1.820871095188919986e+00 1.371123349323397633e-01 3.108972044718750105e+00
-1.106076737726360504e+00 -2.820916729082998398e-01 2.920885687717249990e+00
-1.824771329565680000e+00 1.348274187894002996e-01 3.108830842706839626e+00
-7.854343389110807205e-01 5.827357549032605721e-01 1.906326922019569992e+00
-1.306538417004440289e+00 -2.078845977901999653e-02 3.207674238156370095e+00
-1.156252907421240428e+00 1.357965352641001822e-01 2.996190307505129713e+00
-1.605994854350880408e+00 1.003063472701199998e-01 3.238858395565669568e+00
-1.587565145038840386e+00 1.151843906675800167e-01 3.254358170117239712e+00
-9.172535829199601753e-01 3.598468337978597553e-01 2.387646031300589833e+00
-9.565270271896799681e-01 4.487285009560797455e-01 2.312336375355990015e+00
-1.704368694206520152e+00 2.959829336165400449e-01 2.919895102484039828e+00
-1.235742696915280492e+00 -2.394291912702797287e-01 3.302105096126659589e+00
-1.371855983347400221e+00 1.919556172859993026e-03 3.339910145556509669e+00
-1.086173617239600153e+00 -2.787463816488802149e-01 2.917463607424349625e+00
-1.086010188245760011e+00 -2.781141187380000712e-01 2.916642764285739986e+00
-1.722094592256040224e+00 2.958224757947396366e-01 2.923272064213759958e+00
-1.155869137423679804e+00 1.192696195464402198e-01 2.995312721907289699e+00
-1.025221694724400168e+00 -5.897754708799052281e-04 3.642356195981649947e+00
-9.834235813789999892e-01 -3.057941621295399148e-01 3.124309149499600036e+00
-9.629958931809199374e-01 -1.912349106392199349e-01 3.261648287304619753e+00
-1.084716040484560162e+00 -2.177338295261197487e-01 3.239391536880859679e+00
-9.744697211046802199e-01 -2.895216431101002019e-01 3.113781349694829892e+00
-1.092858744621760581e+00 -4.620883506697598397e-01 3.196242959179639964e+00
-1.136406144279040076e+00 -3.752360946688799714e-01 3.320480938393739923e+00
-1.320662000574839956e+00 3.309284686033997502e-02 3.199204717031189915e+00
-1.154195685389600046e+00 -9.770893387336010427e-02 3.497341008842119958e+00
-1.154875968919079954e+00 -9.599644830149989261e-02 3.501336955501539894e+00
-1.250287570179400509e+00 -6.827738543625994083e-02 3.477748476710309955e+00
-1.087637671156760133e+00 -3.540366864259802959e-01 3.240620656287990009e+00
-1.244207791615919989e+00 -2.405773305005998175e-01 3.287449102821820013e+00
-1.087283374949080228e+00 -3.543544505851798920e-01 3.240091483099109659e+00
-1.249700486724800053e+00 -6.983876668492006168e-02 3.478132669973209801e+00
-1.025637427873040464e+00 -3.253144899044000393e-01 3.174754329982649725e+00
-1.700717416936279980e+00 2.672854765054999415e-01 2.918775510474339807e+00
-1.400387175477520563e+00 3.292847688660005545e-02 3.378913117993759929e+00
-1.399084698049360087e+00 3.145282520851977459e-02 3.379668261349239700e+00
-1.615385065109760321e+00 9.715041633448007197e-02 3.242046073649699878e+00
-1.120128149804120232e+00 4.513885984580134902e-03 3.009091439064989881e+00
-1.113980126037200202e+00 3.899523320080033884e-03 3.007206020045449790e+00
-1.145333358775879828e+00 2.175204047455798761e-01 2.811823162386329678e+00
-1.091166045429800002e+00 -4.373289573016998499e-01 3.213159238850929800e+00
-1.086298323241319919e+00 5.650976328081980249e-02 3.008395038732920135e+00
-1.313506226627480400e+00 2.674292776358000445e-02 3.285522495735059945e+00
-1.008209480321920593e+00 -4.343485497973199605e-01 3.073445555820589981e+00
-1.010325357269439950e+00 -4.352970957013599929e-01 3.074168155101900002e+00
-1.100622601474360307e+00 -2.116182972032196741e-01 3.515071824765979791e+00
-1.319991554289320357e+00 -8.073088329340283309e-03 3.211396734378019868e+00
-1.089561505964800281e+00 -4.387227797171999732e-01 3.214707110448619787e+00
-1.039846464499360357e+00 -1.640162746667603866e-01 3.556538459779130079e+00
-1.231416530985040447e+00 -9.818911050920142713e-03 3.331879734790299974e+00
-1.375858758354080669e+00 5.267524741323970083e-02 3.380095201244409875e+00
-1.107091764450680360e+00 -2.824491938267799096e-01 2.920414487970609763e+00
-1.094531718515199925e+00 -1.517371913708800424e-01 3.542362285280159728e+00
-1.142882072620039713e+00 -1.798162614084601874e-01 2.993507746816260084e+00
-9.324546062906799992e-01 -2.917876800394199055e-01 3.157335609215289995e+00
-8.958726134241998817e-01 3.705455025564996507e-01 2.378661504826180106e+00
-1.036033837266040480e+00 -4.074770654991797247e-01 3.134677247471709727e+00
-1.316315410191440050e+00 -7.388985225000199719e-03 3.205835305607419805e+00
-1.313103273425040074e+00 1.816073193267597752e-01 2.915529870582119987e+00
-1.088158594333080265e+00 -2.137115136526199777e-01 3.252404201282849794e+00
-1.290229060773000258e+00 2.012450603731401610e-01 2.915240484012939781e+00
-1.204584492740400359e+00 1.222256134619599255e-01 2.963527897327099758e+00
-1.023527000224280004e+00 -2.853779759894026213e-02 3.629303390555549846e+00
-1.538830985204480362e+00 2.962153978488395456e-01 2.736455846900689881e+00
-9.565398579360400166e-01 -2.896828571120599882e-01 3.112920396432259817e+00
-1.563510120618880395e+00 1.040350415021598085e-01 3.076677553679779908e+00
-1.097836636630240337e+00 -1.068718951139198126e-01 3.561616455455219654e+00
-1.309073253931640091e+00 -2.316433363009995361e-02 3.214658356501780112e+00
-1.238054642380319814e+00 1.566401613975998419e-01 2.929807522663059771e+00
-1.027123311048799836e+00 2.475976573610800813e-01 2.716369636388849873e+00
-1.302918656808160103e+00 -4.414504784095973910e-02 3.440357617128499967e+00
-7.426453958061995930e-01 2.883580621232599839e-01 2.518503498118759953e+00
-1.537716024579280250e+00 7.273863435456018323e-02 3.132878561566789788e+00
-1.142083878858120238e+00 -4.254560570718999291e-01 3.291048476599519823e+00
-9.195125708126397068e-01 3.604969767615999743e-01 2.386582767984100073e+00
-2.687713033062399948e-01 5.415049611541999930e-01 1.753619684417270008e+00
-1.254635816503479662e+00 -2.045376256190034603e-02 3.456539736270469731e+00
-8.020427661580400436e-01 -6.932446549873994002e-02 3.783364568462479927e+00
-1.091010084148919868e+00 2.387806968956200926e-01 2.733992006674209829e+00
-1.011281532876840084e+00 1.549563360556602820e-01 2.934873743156829917e+00
-1.018302648823640189e+00 1.976334659376197678e-01 2.788229012593089973e+00
-9.902119041121999476e-01 2.755571135294601071e-01 2.694969623613260090e+00
-6.279871796697202857e-01 -2.294197465511000900e-01 3.698445036894189908e+00
-1.059057976963040604e+00 2.634700080491196861e-01 2.672828076099579953e+00
-9.476126324599600803e-01 2.403429188709000908e-01 2.731001014583870123e+00
-9.954530332309603491e-01 1.395621033594800497e-01 2.892580766453759722e+00
-4.320424841257202164e-01 -3.034358497758200546e-01 3.623415086698690057e+00
-4.111001858384402130e-01 -2.044649445395401166e-01 3.647400276660790031e+00
-4.452808694198397976e-01 -3.140686306817599416e-01 3.607672457639279795e+00
-9.206988149300798785e-01 2.542549643661600189e-01 2.654714615838559943e+00
-8.061417084423203594e-01 2.426368142571200259e-01 2.704246062813469909e+00
-7.077582131831603451e-01 3.247622983872202607e-01 2.506135162220069823e+00
-2.604932273451201485e-01 4.699022735344000612e-01 1.996880367620500030e+00
-2.478659944841601348e-01 7.321946343539600388e-01 1.737867230489730019e+00
-9.935869962331598249e-01 9.873279225145981108e-02 2.814097899925039670e+00
-7.852032148924001920e-01 2.883450777778000518e-01 3.947898803353699915e+00
-1.171451913902399999e+00 -5.372069958962401026e-01 3.294957219699659934e+00
-8.100238217419601927e-01 5.683186956669803447e-01 1.926865573688560040e+00
-1.605309210228480277e+00 1.074576304805596738e-01 3.250363217903339930e+00
-1.169210570384519920e+00 -5.358600489258998900e-01 3.295490863374579860e+00
-2.917506435129604281e-01 4.307461293447198969e-01 2.241553434374659926e+00
-2.964192055577201668e-01 5.706243078019002102e-01 1.951566062175639660e+00
-4.337990097486803531e-01 3.226445444417804786e-01 2.307344160370379704e+00
-1.395794636384800613e+00 2.659407391340007365e-02 3.375459804071449632e+00
-1.196592907885520640e+00 3.394572860755200594e-01 3.686595345035749816e+00
-1.093484656240839792e+00 2.439930962860599184e-01 3.709317900264009982e+00
-1.148283301933520351e+00 2.191226655598004225e-01 2.805889593404820026e+00
-9.476884573250001775e-01 1.606093450016601309e-01 2.893053566313310121e+00
-1.147637429352160288e+00 -5.435797198019599596e-01 3.236603406954969842e+00
-1.814911253841559935e+00 1.467702823953798141e-01 3.105874176548129917e+00
-1.370886218605960272e+00 3.767172446459854385e-03 3.394369401620790150e+00
-1.399879834641559961e+00 2.356058827105989018e-02 3.377654662745050107e+00
-2.697466146657603314e-01 5.406857608187201070e-01 1.756323690690180239e+00
-1.443420349112240375e+00 1.465718609543986695e-02 3.237411072180669702e+00
-3.391230966715996775e-01 5.197525090563599459e-01 2.030197135817499721e+00
-1.022907806058120483e+00 -2.488571918169979469e-02 3.632343980022389562e+00
-1.023046796123000535e+00 -2.281314416937973988e-02 3.633989303769360024e+00
-1.159591949882200490e+00 1.201159762768999606e-01 3.052401988829269719e+00
-8.092761917883202205e-01 -1.778617835196401042e-01 3.729001518911589930e+00
-8.094758674214401761e-01 -1.800644928287997715e-01 3.730598746127679721e+00
-1.210913400797640316e+00 2.544059900607797964e-01 2.798151019485770163e+00
-1.091434236287919690e+00 1.484009630754001829e-01 2.898830155159819899e+00
-1.146250484824280269e+00 2.208679191817799481e-01 2.806896094701329947e+00
-1.093311444336840355e+00 3.208900030215398047e-01 3.723294257510519678e+00
-1.139842309388600539e+00 -1.251526914437972593e-02 3.007247195732449807e+00
-1.188761725496840116e+00 3.476146015572201264e-01 3.691098548930960010e+00
-1.135976254141999986e+00 -3.811384624868801030e-01 3.310141638733089753e+00
-1.026517868745119744e+00 1.914513863059197352e-01 2.792724651944619829e+00
-9.662895061398402152e-01 1.691602456858001258e-01 2.887256308933090043e+00
-8.449702565686803002e-01 3.287465345333002720e-01 2.480665686570679984e+00
-5.034187784187598158e-01 2.783689682710199786e-01 2.321535249636009990e+00
-4.401699363053601655e-01 2.852307206130799688e-01 4.211853904392939718e+00
-7.677123621513202156e-01 2.723352168285404495e-01 2.535227791073619841e+00
-1.006815674052480292e+00 -3.930922594316401675e-01 3.082919576202889811e+00
-4.307426164511201083e-01 2.957154655494802498e-01 4.161290328699219998e+00
-1.018044539043800212e+00 -1.826343856110199670e-01 3.556996712851449693e+00
-6.094626576408803675e-01 5.203376490454800773e-01 2.054672711389939899e+00
8.046828998299981883e-02 8.465554210606598406e-01 1.252889745518920073e+00
-1.171054368226400078e+00 1.257869466588397156e-01 3.036518869664649678e+00
-2.326945791444035017e-02 7.950481297795397584e-01 1.333256842950980126e+00
-9.445075088761603066e-01 2.055166463284030520e-02 3.189324448216130037e+00
