-8.140813832053299670e-01 -6.922525931747800509e-01 4.677030562658909929e+00
-1.549017614402297127e-01 -7.462063349372299870e-01 4.809853289515370278e+00
-6.150172748270197332e-01 -4.571298811671200557e-01 3.742908292880819943e+00
4.889084179589802126e-01 -9.482527704982199879e-01 4.230444200333939975e+00
-8.221872803618901493e-01 -6.818781717635900019e-01 4.673172366212909878e+00
7.445834037703902286e-01 -5.798269835536018491e-02 4.698512485591750831e+00
-3.866527818440701481e-01 -6.665001482626997653e-02 4.686262101748249975e+00
-6.644227873216199676e-01 -7.744454569410201827e-01 4.717690684695740266e+00
7.717319930309500808e-01 -6.304191777428000965e-01 4.506940655560070397e+00
4.099153823040904143e-01 -2.895773135160600864e-01 4.772964167121050316e+00
-7.613027971298995666e-01 -1.155518829547500514e-01 4.698098899654500116e+00
-5.721222818623901141e-01 -6.604876577679400507e-01 4.492776870525290178e+00
5.915498626341300081e-01 -5.546273201325200297e-01 4.257350838741170485e+00
-9.356842716131699156e-01 -6.692018005412025961e-02 4.582086880437231002e+00
-5.856054123625100694e-01 -4.033244159867600542e-01 3.759481842320770539e+00
-6.392066184912499338e-01 -8.303426016734000159e-01 4.652279148890190008e+00
4.452020012416699757e-01 -6.620976984742801275e-01 4.621532141676949479e+00
-2.445180716915604791e-01 -7.744027791380601045e-01 4.713055871141640374e+00
8.764826259967999356e-01 -4.995961167512999457e-01 4.189176838617440168e+00
8.983606354352200452e-01 -5.957357309336800411e-01 4.153576726543700026e+00
5.899383852612603008e-01 -6.334272287115900735e-01 4.206680057981819765e+00
2.565468298578599260e-01 -7.338270538234901164e-01 4.559162897583780349e+00
4.130738360065300263e-01 -3.289114162206199787e-01 4.758940253478529669e+00
4.102149977325404429e-01 -3.246324789009100154e-01 4.760671644069020658e+00
5.429705645484297349e-01 -7.231074735934699405e-01 4.422015133876030291e+00
3.903918028982298338e-01 -8.747282859643699116e-01 4.585987885660950170e+00
1.725620061522699089e-01 -6.926376650645801325e-01 4.636204954995550409e+00
5.233932906959997133e-01 -8.024236719449500121e-01 4.477028173407120448e+00
8.663705135849901762e-01 -5.700363211920600470e-01 4.373982105672750365e+00
4.097952100770902994e-01 -2.940701328087599320e-01 4.773140123212690433e+00
5.028271455655901612e-01 -5.505768840269100739e-01 4.625937648416390324e+00
1.971278506353697502e-01 -8.266639800956799844e-01 4.579523492261129647e+00
5.437200886491497798e-01 -7.626352026360998515e-01 4.524494034153629940e+00
-2.335203130034098074e-01 -7.506645301813601456e-01 4.724481050227149481e+00
-4.497717673452403808e-01 -5.676852527389009140e-02 4.716185877294520878e+00
7.283109727491703378e-01 -4.309883209118015035e-02 4.719271350529170128e+00
8.642090635977501822e-01 -5.791646204784500762e-01 4.193238845596150455e+00
5.490898785518600889e-01 -9.330573248597399116e-01 4.215474721199460539e+00
5.187015765022300329e-01 -8.221205064606699198e-01 4.336832996196790191e+00
8.790064478865902142e-01 -5.018566838400100316e-01 4.193204559041870283e+00
9.174268045820204165e-01 -4.991909568639301131e-01 4.193977984530260272e+00
4.850836985194302287e-01 -6.190353989562700221e-01 4.585896063819590474e+00
-4.596348129142500127e-01 -4.938738678779996949e-02 4.713878639325431052e+00
5.589416853478801350e-01 -7.800159993206199349e-01 4.348826638477079953e+00
2.562670752168401123e-01 -6.599011573729101077e-01 4.512689147089879782e+00
2.469033680748804471e-01 -8.300057292223701477e-01 4.528746320160480288e+00
2.368121759213499544e-01 -7.633810229992999963e-01 4.573027033431349864e+00
7.425926707360401835e-01 -4.782359234398600445e-01 4.567787882785960818e+00
9.008612374221101060e-01 -5.661568390957401053e-01 4.138145905520190126e+00
4.983648370251398951e-01 -8.298363306291599573e-01 4.064094392090340513e+00
8.954595738189301546e-01 -5.790564169719700782e-01 4.120310610609489999e+00
1.271741475451015901e-02 -7.209820052334900975e-01 4.694074197193710773e+00
7.460601963642099488e-01 -6.322000564027899783e-01 4.516174919682450550e+00
5.290464009887019259e-02 -3.939972852144800197e-01 4.994232869904310590e+00
4.321892038700898553e-01 -9.422950115396011572e-02 4.800427120143849535e+00
4.411109375753503592e-01 -9.116408430346000236e-01 4.248379182433190238e+00
2.616858991685000468e-01 -6.753383918205999592e-01 4.580207313529699675e+00
5.247496594495602018e-01 -7.719975396119900246e-01 4.509510645052200672e+00
5.018242244707704636e-01 -5.463652906182800972e-01 4.625820288466210073e+00
2.564902375949698055e-01 -7.133384769144299753e-01 4.570582654345290763e+00
-6.645556928994102996e-01 -1.753014392201013294e-02 4.629268400091710589e+00
7.494459492154399438e-01 -3.700806685242100103e-01 3.696256030965520356e+00
1.069617133810659926e+00 2.042556342191600427e-01 4.202798291841300049e+00
4.714713752216002085e-01 -9.184266059540501237e-01 4.255655571393360148e+00
4.765896715399700057e-01 -9.185490242127299920e-01 4.255842437299889980e+00
-3.930268252260198381e-01 -1.756035504869201125e-01 5.121488107881019936e+00
8.700072273923704635e-01 -5.754514434210800111e-01 4.339970789264370410e+00
6.152900331095303432e-01 -7.128707719554200350e-01 4.289577214674249461e+00
8.004811404778597872e-01 1.877547200210100131e-01 4.229743215244980092e+00
8.889700041489303484e-01 -5.723535008790201495e-01 4.340085730393969499e+00
6.047139202911702149e-01 -7.375142379756800537e-01 4.263372841219170262e+00
6.066017106522501035e-01 -7.287077991915000830e-01 4.256869501686169954e+00
3.626394148070395396e-01 -6.914639257637100744e-01 4.652020166998159567e+00
4.228079049009201285e-01 -8.357505277984800252e-01 4.564025702875880164e+00
5.654074304306602183e-01 -7.776162716222401183e-01 4.345141553084660657e+00
1.078177407345480177e+00 1.965274983181798385e-01 4.213341406631879948e+00
4.403315559583997896e-01 -6.802759143732000080e-01 4.603719978497520238e+00
-6.095251141037199005e-01 -7.442089782711200918e-01 4.555244725181079701e+00
-6.149048015612494922e-01 -7.783201776875000588e-01 4.559539344131870564e+00
-5.266445132447197253e-01 -7.028453123354200249e-01 4.622554503888880006e+00
-6.141858525770800270e-01 -8.106431792505300882e-01 4.603154745189160124e+00
-6.343573421019694791e-01 -8.738674873361200746e-01 4.494805245921150494e+00
1.346625197657003170e-02 -7.611034913663800028e-01 4.593317614268970672e+00
4.308703820974102427e-01 -8.251687475092900348e-01 4.568333117368529983e+00
-6.023009462472099784e-01 -6.114734430870600868e-01 4.327955357956710714e+00
3.558900767423200939e-01 -9.459305601508005701e-02 4.903582154157760442e+00
9.449587914154902180e-01 -5.599448479804098877e-01 4.365568517018770578e+00
9.375037341986900419e-01 -5.450082059513600141e-01 4.129817166282609975e+00
9.003533724381200809e-01 -5.646536597493799770e-01 4.130920317258359731e+00
2.624279194596503828e-01 -6.702614181537500659e-01 4.587856814765089553e+00
2.635420126738403646e-01 -6.723697037918101582e-01 4.582695701309759784e+00
5.966607248410300546e-01 -6.319494232973199566e-01 4.464763514160789981e+00
-6.142446238022398752e-01 -7.388499838669401187e-01 4.551811356446160417e+00
4.351163879516000144e-01 -1.006961350213501083e-01 4.799614475533600100e+00
2.984865772783900084e-01 -4.004526419880993782e-02 4.912660336509510728e+00
-1.890426198890398091e-01 -6.128118271009399542e-01 4.348957281806161035e+00
5.825720039421400376e-01 -7.912693364902599891e-01 4.298230905229340593e+00
-2.411128355062195361e-01 -6.208358755598700762e-01 4.397022833315060275e+00
4.473164283377402128e-01 -6.459340062870601029e-01 4.615191817918619321e+00
-3.904134070485496544e-01 -1.445519627696000287e-01 5.073362749445770703e+00
7.009348476090300206e-01 -4.616173073276700345e-01 4.042196849305589978e+00
4.323484105260098076e-01 -8.274252274554005915e-02 4.803988058957690654e+00
6.671208960979300162e-01 -4.818272587177699351e-01 4.075099225149210191e+00
9.635810498400700919e-01 -5.306315484252801529e-01 4.393136440354150629e+00
7.508473249559033391e-02 -3.794751440542100118e-01 5.031712191034790393e+00
4.612816440546505525e-01 -8.966024286479000738e-01 4.221526309042090475e+00
-6.160672009115297776e-01 -1.255302585178800223e-01 4.766536738354310465e+00
7.203051359584602409e-01 -2.438790026110400078e-01 3.545764065969979839e+00
6.594294624642100811e-01 -3.429462738708399794e-01 3.742612302910850008e+00
4.236629506448998939e-01 -9.233959724744500441e-01 4.204303694536339897e+00
5.234331486941501410e-01 -8.320235816987500144e-01 4.351408742590310297e+00
5.266409689379605297e-01 -8.150334094845399502e-01 4.283682173589959952e+00
9.719472963514399488e-01 2.031350163610899928e-01 3.982488007181999912e+00
4.845267194273294997e-01 -9.488941929657199736e-01 4.239528973328690498e+00
-1.513202896834219935e+00 -1.094931646254200253e-01 3.356286137983859774e+00
9.145476726380801225e-01 -5.749184536642701904e-01 4.119525696276400417e+00
3.089636173164005406e-01 -3.219321007207001650e-01 4.932142267204960184e+00
4.621853837945200105e-01 -8.916959823200800717e-01 4.237397538485960347e+00
-6.684989161914698386e-01 -1.459535113217014235e-02 4.632097935839890823e+00
4.689765643157501884e-01 -7.741035532689000132e-01 4.537745417206950016e+00
6.008155911960200157e-01 -6.333506497703800253e-01 4.464798124821860448e+00
-4.729061880835496723e-01 -7.532806109690999286e-01 4.723515060622370143e+00
6.011526357704199963e-01 -5.687142989277800265e-01 4.273228470453700467e+00
-5.072975701773496660e-01 -7.119396219380501600e-01 4.636235419115210199e+00
3.326155178637897336e-01 -1.304086985909099772e-01 4.854799684803390747e+00
8.000605154260003182e-01 -2.772081583721500708e-01 3.583332419866480212e+00
9.179558278552899520e-01 -5.767041577978599953e-01 4.121255703390810154e+00
7.818762283212998820e-01 -2.576884328407499369e-01 3.575063332796660553e+00
7.043037440061501453e-01 -3.062469677972000648e-01 3.632507613615110209e+00
6.126056241090398480e-01 -5.865880578299600412e-01 4.226035618377039782e+00
4.880559844642298195e-01 -9.365391936052699373e-01 4.437728263113509541e+00
5.318284166563103099e-01 -7.124078426795898977e-01 4.483688418765989780e+00
1.409826235939299899e-01 -3.680126912980199450e-01 5.062297878944249874e+00
4.548562463177998616e-01 -7.619483930014498974e-01 4.524804136994440285e+00
5.267811231579702103e-01 -7.217686305778800993e-01 4.485181417701010531e+00
-3.474449746895098556e-01 -6.896761335384600233e-01 4.844801567387209573e+00
5.803379752463297958e-01 -8.129966955054699351e-01 4.273272618129050571e+00
1.137747119262302320e-01 -7.722025031275701057e-01 4.611687445207509839e+00
-5.446470913845096185e-01 -7.813166214929100351e-01 4.678048827679569754e+00
5.792638637073497243e-01 -5.617344000850499341e-01 4.180368257733830362e+00
6.238761329239397302e-01 -5.259500457008099428e-01 4.202950187204180565e+00
-6.166315706852998346e-01 -7.762475345749000333e-01 4.558593890892460365e+00
7.828503099910699703e-01 -4.663181149701299821e-01 4.076588439491070304e+00
-1.385753535960203564e-01 -8.556616313095699589e-01 4.880723609489660220e+00
-3.727613409873695716e-01 -8.098647594454700949e-01 4.880080989118150470e+00
6.036855850300204551e-01 2.374554284371988011e-02 4.775123498918340204e+00
9.528194634976898669e-01 -3.942600469820600195e-01 3.923976028606570132e+00
5.025877361931603282e-01 -7.792419229914401280e-01 4.343543234053880653e+00
-5.262587020206694888e-01 -9.890391161561699063e-01 4.657184739791570216e+00
-5.000685547200998116e-01 -9.975941191128002705e-01 4.668319569248859935e+00
-4.398176227506600533e-01 -4.684213623916100855e-01 4.993166783279179732e+00
-7.353408703509698441e-01 -9.247418465810699484e-01 4.691534344499109999e+00
6.739460719450995896e-02 -1.918981765207400381e-01 4.981305947859869576e+00
3.621964279774800843e-01 -6.771488964171699099e-01 4.635166231259960412e+00
-7.233522265509102489e-01 -8.496480559125100251e-01 4.689540155145490274e+00
-2.453296672448694871e-01 -7.516050147445201279e-01 4.708889946010009986e+00
4.803316251161300343e-01 -1.174755656943469839e+00 4.436144544105889764e+00
-3.959225312642797867e-01 -8.077657449765800468e-01 4.879567381917239821e+00
7.617792989139602344e-01 -4.643649681238400384e-01 4.036720475227400406e+00
-4.098539349643699481e-01 -7.980399832874700561e-01 4.874118771249150051e+00
-6.085346737704595554e-01 -7.762280046670100297e-01 4.563002088396579836e+00
5.320281264710300384e-01 -6.556682514874698775e-01 4.450950093485349868e+00
5.148594151265104557e-01 -9.054555447225400844e-01 4.074741847795630534e+00
-4.098253919920002986e-01 -7.981835417441499603e-01 4.874313427467599880e+00
7.914401091083500539e-01 -3.323305207229500513e-01 3.605638360406110188e+00
-1.775037436029398563e-01 -6.306184951695901209e-01 4.368184813041539272e+00
4.423487384376603160e-01 -3.464878557546902105e-01 3.691059574882220140e+00
4.192806283112497923e-01 -3.035720114117499424e-01 3.638686531310610484e+00
-2.851794160498597464e-01 -5.718089573313099860e-01 4.238043428709580063e+00
4.560100382919602957e-01 -3.297210198914901635e-01 3.627339785411479944e+00
9.779242550989053484e-05 -7.094189310256899805e-01 4.669075430689989759e+00
4.310524208881303387e-01 -8.263182213632200845e-01 4.570875152745170311e+00
5.322307890647204331e-01 -8.133617768024801187e-01 4.149059922121679733e+00
2.463712112460800796e-01 -6.507279902003200167e-01 3.237687617509680038e+00
1.795286709739896125e-01 -2.549000297545099825e-01 5.076919171340629866e+00
8.531596467421100893e-01 -5.288498632264900801e-01 4.401221514938910673e+00
6.031111287100703322e-01 -6.152003955029801130e-01 4.256397654884310100e+00
4.525016629929097256e-01 -7.148890613688898554e-01 4.604262534454670153e+00
5.987145318310398423e-01 -6.598507607771100236e-01 4.289648168869440781e+00
3.448030132895603117e-01 -3.420803392552899114e-01 4.770205499290359974e+00
8.014714062344805434e-01 2.082243029295799408e-01 4.279064145426639598e+00
-6.395360743227396227e-01 3.949696229030985606e-02 4.499203545349660160e+00
9.549173021109400583e-01 2.404059390118399309e-01 4.013593561374060315e+00
-6.599933221120899418e-01 -2.851532915169008309e-02 4.638513161130230600e+00
8.387491053801303664e-01 -4.976683793054201277e-01 4.361863051462930407e+00
8.311122654520202158e-01 -2.329071894118800445e-01 3.571269402952740091e+00
8.143874995883904067e-01 1.871414500746898524e-01 4.267553600032149674e+00
8.006678130623197109e-01 1.964821676436699915e-01 4.223119945091919902e+00
7.996231015520898211e-01 2.032906239641399937e-01 4.216511560110010493e+00
5.027437876195297584e-01 -9.507956809739699366e-01 4.236814745654330139e+00
8.737641773937701029e-01 2.202554963976698366e-01 3.975516330597370196e+00
5.590556681706400077e-01 4.823677812798998765e-02 2.839858792155840028e+00
5.442636663974900202e-01 7.708461711849001752e-02 2.800252044694610198e+00
8.611281187705699391e-01 -5.918048189781800472e-01 4.174195663588569971e+00
3.982374600794598152e-01 -7.449095572767399087e-01 4.381638002416419653e+00
4.862831791076600574e-01 -6.791435614707901358e-01 4.442379805730300113e+00
5.013131949284299615e-01 -8.788747445255700175e-01 4.359465227982429525e+00
6.146771512875000010e-01 -5.935731003032500563e-01 4.231158402358300208e+00
-7.511113743516997232e-01 -8.619243281341499863e-01 4.715504248501660278e+00
6.688510633406603567e-01 -4.853175319968400236e-01 4.083210781953219737e+00
-8.465262155472998984e-01 -8.013595025708998287e-01 4.679826797984940612e+00
3.375272556755399833e-01 -7.563636403275997289e-02 4.897690876178580233e+00
-7.618980620013200422e-01 -8.108517563396200334e-01 4.710162083586600268e+00
-7.018209090637799186e-01 -8.671674113751299817e-01 4.732594867229660274e+00
-6.653121138990902850e-01 -8.155262021025900809e-01 4.638899276763390311e+00
-6.137813554872399990e-01 -8.298439813466899073e-01 4.653480222153319801e+00
-6.671245224710000699e-01 -8.702675992026499552e-01 4.693481506837080097e+00
-6.539765427370700657e-01 -9.654980543032698481e-01 4.479636030866210206e+00
5.468343771888499738e-01 -8.934843921605498673e-01 4.140996068172130506e+00
2.142955134140800411e-01 -7.195603175156199960e-01 4.402287559783200521e+00
-5.870101271543997079e-01 -7.536656251989500843e-01 4.568190980310399496e+00
-6.120461760572704080e-01 -6.939753022123198445e-01 4.533897267037369616e+00
7.748630270478602533e-01 -2.481953029360400853e-01 3.562840623694099929e+00
8.372557145087002883e-01 -2.532244041495500531e-01 3.538576313742380464e+00
8.900264169013101245e-01 2.178837288729099653e-01 4.033516711112990372e+00
2.807548354270901214e-01 -6.807762030362599637e-01 4.663300574403650423e+00
5.499139076708905449e-01 -8.883660090903100492e-01 4.143706977306090167e+00
-5.979919174004697524e-01 -6.335603224197701167e-01 4.350702858186090261e+00
3.742204441236700596e-01 -2.117619035575799558e-01 3.371230418296629949e+00
7.397907996326102964e-01 3.065509176061099739e-01 3.965988421150050236e+00
-9.255595096375102138e-01 -1.815453827565099987e-01 4.891921476799049984e+00
-7.086233504486600943e-01 -1.724696196330098852e-01 4.714082530195500276e+00
7.200238819786097810e-01 2.768540898384600490e-01 3.979972072366930291e+00
-9.622994678233203203e-01 -1.520532307547700634e-01 4.884619473316840654e+00
-9.138865636696600347e-01 -1.876102395695101732e-01 4.895813369441059493e+00
2.683721899192201832e-01 -6.860268749997802118e-01 4.669450795743699700e+00
2.757965562873403442e-01 -6.936748707224100752e-01 4.676120196958140518e+00
5.877272557254002994e-01 -7.865411527526999791e-01 4.259521722528200272e+00
5.540669292003501667e-01 -8.944586914472499872e-01 4.150443800389790105e+00
-1.265712660905098375e-01 -7.311884194299099748e-01 4.807253986288610115e+00
5.423793459516801363e-01 -5.837718889025700353e-01 4.615377008022559124e+00
5.679368917086200508e-01 -8.048093180163299332e-01 4.195786051454700072e+00
-6.581347524715597253e-01 -9.638954750515100756e-01 4.477217904709959839e+00
-6.678090443673299070e-01 -8.073821993723800938e-01 4.507041963489630376e+00
4.585676142534400590e-01 -7.385213220332100814e-01 4.550668970961759818e+00
4.039290877312007311e-02 -2.526578402650301314e-01 5.039374970518400332e+00
5.273537200758502408e-01 -5.433566669805001137e-01 4.619478820821690590e+00
6.677402191547900934e-01 -4.840431209206099705e-01 4.077551220103750040e+00
3.559980326724700994e-01 -4.923363225788800479e-01 4.714057477620229974e+00
5.247215838772802954e-01 -8.184340849085701697e-01 4.388651484453200524e+00
-5.122723822716799269e-01 -7.179175823637301557e-01 4.615869207864079726e+00
5.231859417597903850e-01 -7.784886088121599768e-01 4.487487324896109797e+00
5.070154903725199169e-01 -8.759640093974800923e-01 4.232696107311159750e+00
5.362943717362997909e-01 -1.014065024542349924e+00 4.208655434985900001e+00
5.768834824202102585e-01 -7.098006560039900048e-01 4.215348212059090827e+00
7.582434529153700975e-01 -3.723736593245299265e-01 3.678664873420490089e+00
-9.723602345200088592e-03 -7.586757330446000092e-01 4.639020243423679801e+00
-1.213128668806700006e-01 -7.317581106076199715e-01 4.809500038437811043e+00
-3.586737449169596914e-03 -7.688245114686199644e-01 4.641245942585470630e+00
2.833322760167402699e-01 -7.029268989937600409e-01 4.682925384882180353e+00
8.605491957154600691e-01 -5.657445929585400712e-01 4.365718588890819873e+00
6.100854021316202136e-01 -6.751421425292800649e-01 4.324842160516100265e+00
6.098660873804004900e-01 -6.759857958400501410e-01 4.321236246379760004e+00
-6.243006187379940286e-03 -7.420702018355799234e-01 4.660150191152780508e+00
6.091346863797202360e-01 -5.849664948375300488e-01 4.222066075190600287e+00
-5.977219640975999226e-01 -2.334735416423000531e-01 4.832159184346000558e+00
5.884856929819801685e-01 -2.639919633961700374e-01 3.596509281427260341e+00
1.021325430801840239e+00 2.251934310335897971e-01 4.060502687840880753e+00
5.566250030404100713e-01 -5.397478532098998194e-02 2.995915793244489755e+00
4.111666052768403468e-01 -3.078448414116008447e-02 2.676997818071160218e+00
4.078599055824803088e-01 -3.275345220572012384e-02 2.677925911119360070e+00
4.260046931021701511e-01 6.667769860101990798e-02 2.682393484736010247e+00
5.483689236039102077e-01 -8.964274470915900572e-01 4.190310252336789887e+00
2.107528774862896803e-01 -7.146179436137101160e-01 4.701689994096609482e+00
5.369624943780202386e-01 -2.680781776438012631e-02 4.815104320253699832e+00
3.942488390025804534e-01 -1.164405734100020018e+00 4.448162810862100081e+00
5.086988449427898296e-01 -9.677844526553098792e-01 4.154551468064470399e+00
4.972697900451499287e-01 -7.552205652185006723e-02 4.836081840488509975e+00
8.783900815573100207e-01 -6.717023269390399731e-01 4.540831313560110161e+00
2.346870440552399906e-01 -7.637816230475099610e-01 4.563060781468999849e+00
4.687351406739299620e-01 -7.723210258089698854e-01 4.537749092139529594e+00
1.294370862914502318e-01 -2.486836956097501217e-01 5.078984125799850702e+00
6.098536898773101456e-01 -6.303379071399399791e-01 4.270732769740190449e+00
7.536426946745897748e-01 -2.490586642026100250e-01 4.690620050389950890e+00
6.097337534327900155e-01 -6.727999756078599791e-01 4.333464014307909729e+00
2.847656035693502119e-01 -7.050421599856999677e-01 4.686320624925190081e+00
-5.763810339941195515e-01 -6.852456000522199053e-01 4.603929790490200347e+00
-6.060285232694702096e-01 -8.916112225053700602e-01 4.481576989181649928e+00
5.823367208065601819e-01 -5.410654353132400285e-01 4.244196620262719932e+00
2.987835760809702812e-01 -7.142852591113800775e-01 4.689036556356250607e+00
-2.921994896111796969e-01 -5.842875632768299576e-01 4.290939020049300723e+00
5.907602937206704041e-01 -3.325036147236300477e-01 3.801471994975069713e+00
6.780275480700801438e-01 -3.110704179679699699e-01 3.597750900068160007e+00
8.366485112804200597e-01 -5.414779890325800427e-01 4.329379621819540169e+00
8.464102576433798486e-01 -5.827526542602700088e-01 4.361111276526180802e+00
5.997257400841100594e-01 -2.313974508238900718e-01 3.579268658805550452e+00
5.921465368543201713e-01 -6.760553195696801243e-01 4.224349272266639588e+00
5.696427245967101705e-01 -8.165819024302900520e-01 4.204867686925750192e+00
-4.504407412591802107e-01 -3.620890274673016496e-02 4.733014287312579782e+00
5.796429533555700342e-01 -7.892629119447800434e-01 4.212502387515089985e+00
9.618219445786599930e-01 2.190035767003598588e-01 3.987112277358019874e+00
7.478011499463999012e-01 1.486592590168499539e-01 4.258608954701919913e+00
-4.259460642526300411e-01 -4.837329433573800408e-01 3.957931194686009846e+00
8.359457750392902398e-01 2.356193412831900647e-01 4.050646844617689979e+00
8.299862248231200113e-01 2.176862677395697832e-01 4.063942420448080739e+00
-7.274199146463198318e-01 -1.475431909723702306e-01 4.709991871371999927e+00
-7.466412786513498823e-01 -1.337078749218499896e-01 4.700234263394809986e+00
5.913536636693301762e-01 -2.267484128881199767e-01 3.400659429020050251e+00
-6.927418876621205257e-01 -9.507594413996989235e-02 4.612579270469959525e+00
-6.039689973572599513e-01 3.369368908219017023e-02 4.412001529391700316e+00
-8.332615388350097518e-01 -1.493645083332101331e-01 4.619546560574590011e+00
1.045462599337700915e-01 -6.967822775388299306e-01 4.727431330937770682e+00
1.327806664126907066e-01 -6.980960284909101254e-01 4.731306654331010719e+00
-6.749369574480996725e-01 -1.557013157492501687e-01 4.791171821949820497e+00
-6.493552989922699581e-01 -1.936899732177201905e-01 4.828300325090370215e+00
8.563969595923706102e-01 1.986073495482699736e-01 4.072449768525729930e+00
5.652550880252604770e-01 -4.050032225610400438e-01 3.751333528975020037e+00
-9.306234761657194987e-01 -5.182609222967016205e-02 4.551733679007799793e+00
5.874104403059698942e-01 -2.030295550227300128e-01 3.374528639697730092e+00
4.921699321780597103e-01 -3.234147743701400457e-01 3.512941559316939966e+00
3.801451212846700400e-01 -1.206972418696800053e-01 3.149297750887550151e+00
3.438017455658499699e-01 -6.370205531965011936e-02 2.964558503468250006e+00
4.299586623235702731e-01 5.633617068327001487e-02 2.704007775264209990e+00
7.105738542026702742e-01 -6.666602876398020072e-02 4.669349728907310038e+00
6.282650658393200693e-01 -5.294824910110801364e-01 4.202095091944440419e+00
8.176013004643012394e-02 -7.099376739761198429e-01 4.595750367571950434e+00
5.311937755677300643e-01 -2.304056693785699883e-01 3.453402068499570099e+00
6.371260519898100938e-01 3.305634277211099148e-01 3.923507029643890309e+00
2.928953682966599636e-01 -1.941177865482900389e-01 2.945711369790500189e+00
3.641834625886204435e-01 -3.392173537356800161e-01 3.177999390367980403e+00
-1.304753953876098826e-01 -6.902964291438599131e-01 4.279509509437589898e+00
3.902015482826701742e-01 -3.480905975382800888e-01 3.313414582496030381e+00
6.197608262471501206e-01 3.383152554807998813e-01 3.951715740396030352e+00
5.176599187786603551e-01 -2.091040755136900353e-01 3.418483473643700421e+00
3.816684702375301441e-01 -5.264015287797200182e-01 3.552249196293209899e+00
4.394638160479402700e-01 -8.300512541834100810e-01 3.913864756498580011e+00
3.558073686225702303e-01 -4.174888233328799547e-01 3.512669156890010136e+00
1.187952448445499520e-01 -7.016849285921500368e-01 4.732781698873269605e+00
4.789903706006897188e-01 -6.076909054092599627e-01 3.813421190913090175e+00
3.793418330021500751e-01 -2.357566426978501273e-01 3.374788420440149928e+00
4.133769743854798229e-01 -2.246484745418201312e-01 3.447609806450600445e+00
4.617405903012401502e-01 -3.198143510194100259e-01 3.499649025629480104e+00
6.839677892351201383e-01 1.120570260546698282e-01 4.044861203176480124e+00
3.204786194981901204e-01 -3.113814352804600838e-01 3.017376185800030086e+00
-7.293526777130003858e-01 -1.676160842882498114e-01 4.710740887402280919e+00
2.902494561871802325e-01 -1.886729973599200472e-01 2.944671416239420303e+00
3.368867989181199007e-01 -4.231433135553008817e-02 3.025930574279160012e+00
-6.584550504881696575e-01 -3.677602297375198726e-01 3.752001658438230081e+00
5.496022709494501335e-01 -9.336904499707499028e-01 4.217790061554330450e+00
2.824023998529301416e-01 -8.459776607897007139e-02 2.761431159032130100e+00
3.139674842025601542e-01 -4.105362805994017261e-02 2.953635296614640193e+00
3.781954934890499054e-01 -1.348412029466999895e-01 3.048758422939930046e+00
1.171994091973602714e-01 -9.339412902003985106e-02 5.115194569566879679e+00
8.117280179335002455e-01 -3.207166357345000440e-01 3.568290888424459961e+00
1.008014017481480229e+00 1.602630955677800673e-01 4.091519238280440618e+00
3.916865674061402736e-01 -3.394733760237100828e-01 3.632160915725100025e+00
-4.156841616896902458e-01 -2.490129843029401657e-01 5.002092405008630394e+00
5.341114407376799100e-01 -6.557380647838699783e-01 4.478269550702320245e+00
3.889914892859991369e-02 -9.404805840204000233e-01 4.116474481032120103e+00
7.655570681197021443e-02 -9.699255512039300919e-01 4.168196141535970511e+00
-7.313703766037598086e-01 -1.061318099794760217e+00 4.646428468877440210e+00
4.916339521747903341e-01 -8.631124340564100272e-01 4.348855766666469336e+00
-5.228586995359703060e-01 -4.344965492851201039e-01 4.965598722188830472e+00
-8.368184313947497621e-01 -1.040392660857449858e+00 4.592646407948610232e+00
-8.145134810479994769e-01 -1.054792526793799645e+00 4.586942867731200302e+00
-5.917272075185802116e-01 -9.855388167763800000e-01 4.625342384427659326e+00
-6.712379943572499563e-01 -9.753897181780999404e-01 4.585962234003229554e+00
-6.123860743079996283e-01 -9.625128837919000313e-01 4.625125322213760271e+00
7.123954686522500079e-01 -4.711409867105500471e-01 4.054834096917850239e+00
-5.757040870501399787e-01 -9.829118029809401635e-01 4.630653746596980369e+00
9.349368360452803284e-01 -5.373360873654200454e-01 4.328834338821760497e+00
-6.547712327116199660e-01 -1.066662693106569915e+00 4.568331481641820346e+00
4.361027236379597660e-01 4.474938988785992500e-02 2.710023239516840210e+00
1.116660977928400911e-01 -7.241397098682100797e-01 4.744223936836200473e+00
-9.858299405585402297e-01 -8.133639201059006396e-02 4.874394519831300343e+00
-4.213105365169997896e-01 -5.426932616616498839e-01 4.037110809367000286e+00
7.433466718112304861e-01 -5.059053345396200552e-01 4.554997710786029330e+00
-7.514446994814396596e-01 -2.889824758189899478e-01 4.895886752314799750e+00
-6.085043004813299738e-01 -2.674797931174800469e-01 4.863698118883950983e+00
-1.937127609378404003e-01 -6.492053074728399986e-01 4.152257992100640394e+00
4.836736325309196616e-01 4.621227013507001047e-02 3.013876209270920370e+00
5.889239420901302147e-01 -2.104944309060201579e-01 3.375493344882130042e+00
3.813319272923503256e-01 -4.530872806558499111e-01 3.578475212184350163e+00
5.634865294560598148e-01 -8.715630166633899778e-01 4.122956769890940620e+00
3.511428192871299814e-01 -1.652577392338699935e-01 3.301352730987209938e+00
-1.239278504987660234e+00 -1.554253327268099172e-01 3.523648300119300192e+00
3.735969243642003335e-01 -9.221705798028001499e-01 4.198920231186200169e+00
3.071756106112597529e-01 -2.071770087998980880e-02 2.927952257547100423e+00
-7.150855734339196523e-01 -2.148430860536200138e-01 4.612257777537440262e+00
3.220743293513099736e-01 -4.970824387703998148e-02 2.942750908345070027e+00
9.099613342173302755e-01 -5.055367643544201872e-01 4.196236977993089923e+00
4.297508999086101511e-01 -9.745906328189002377e-02 2.802191816305489969e+00
6.750405295559904761e-01 -4.997194207937101229e-01 4.096754540866630379e+00
3.041502690821298316e-01 -6.347082668307002518e-02 4.886880863732930180e+00
3.189259158404498251e-01 -6.396581155760006077e-02 4.894923071339970733e+00
8.144879394807296169e-01 -5.875455484908199688e-01 4.383581712577130141e+00
3.340970026388196956e-01 -6.476268300498000396e-02 4.888908817103621018e+00
4.976089165264001579e-01 -8.256840686791999673e-01 4.097297839752480186e+00
-2.599040812661894684e-01 -6.765912038681400897e-01 4.759815335571969896e+00
3.035074491142202291e-01 -3.190479867336300512e-01 4.924276135685820677e+00
2.679337190974901972e-01 -2.512729908658098976e-01 4.993685904745889914e+00
-7.718064089357499213e-01 -8.327067219847998913e-01 4.709010489372410291e+00
3.505841658502006908e-01 -4.087888269121000562e-01 4.746131614811080368e+00
4.390820800675903079e-01 -6.787826732517601158e-01 4.599365857678789915e+00
-4.534439260383198445e-01 -7.729631622926700363e-01 4.735466237011440427e+00
-5.107804661200199270e-01 -7.359794035132700696e-01 4.728478265636379518e+00
4.469826276335604476e-01 -8.885438165754401263e-01 4.215272295074759867e+00
-6.636069724699300565e-01 -8.203603728270301154e-01 4.536326032874629988e+00
5.564908117191702530e-01 -8.996633106996800855e-01 4.085896147558930380e+00
5.469373589922899015e-01 -7.741914312145599109e-01 4.155510631414370160e+00
3.374491315282504011e-01 -3.538157413290000664e-01 3.077780115547770201e+00
2.932206052347403613e-01 -2.826539912842601643e-01 2.961208087420899915e+00
2.647802160401098170e-01 -4.220299762892900097e-01 3.538733172736270305e+00
6.567221219441201630e-01 3.087961880110700053e-01 3.961437336884999993e+00
3.881985722827900887e-01 -5.535579561640601165e-01 3.563836827419510023e+00
3.825512673829800647e-01 -5.331366005907201000e-01 3.554276687410900415e+00
5.827191869868701968e-01 2.953855139196700508e-01 3.970854416101910367e+00
-4.246500337089598176e-01 -6.208713835260115665e-03 4.719942782650160318e+00
5.138653389981002739e-01 -5.262284711483500299e-01 4.610241228314020390e+00
3.382494554958999089e-01 -1.652864447242500257e-01 3.284655835225100073e+00
4.190270524990102885e-01 -2.997792220707899968e-01 3.473935892701970118e+00
6.496813022040506258e-01 1.506191254359998677e-01 4.066007086303569551e+00
6.015469572231002537e-01 2.619810982493998575e-01 3.935632135511740071e+00
2.753799729137602625e-01 -3.502934793865900565e-01 2.895519340055360047e+00
2.808213612764998146e-01 -1.858235724468499939e-01 2.922359959558180176e+00
5.838762034026299119e-01 -6.262619735519199260e-01 4.201213712552550383e+00
-7.321969778331105516e-01 -1.587152453864099089e-01 4.712960157743130374e+00
-5.950547490858300037e-01 2.587971035662006702e-02 4.416558735012809933e+00
-6.897864683974002098e-01 9.966125429469996355e-02 4.377346439734919770e+00
1.761347164239901453e-01 -8.219159575362600112e-01 4.582573525424070482e+00
1.186112926839104631e-01 -2.522804256864901173e-01 5.078697262275349900e+00
5.690775439560100679e-01 -6.047758692728900654e-01 4.179919710669450339e+00
7.522642252032902821e-01 -3.300833516813100332e-01 3.658312119925690276e+00
5.967636803190101702e-01 -3.079195846785399704e-01 3.652309234965890106e+00
-3.783978748544098991e-01 -1.828082315306100991e-01 5.114941999629990299e+00
4.502545864200899750e-01 -3.532072928411600365e-01 3.698701970246810244e+00
3.753607036819297527e-01 -3.888953670010699692e-01 3.638746751084970477e+00
5.451819705634100011e-01 -4.773529470713400169e-01 3.814995710689649933e+00
6.117975061200799924e-01 -6.047846103643699234e-01 4.399137836746399799e+00
-4.166187799525902236e-01 -2.416821459950898587e-01 4.993754451436290154e+00
7.927631367411300811e-01 -3.668444966555200470e-01 3.662913093566170453e+00
4.915610140917499038e-01 -5.192568806638500067e-01 4.630515405585110322e+00
-3.432889179117695200e-01 -7.887398074404700088e-01 4.872494063798630037e+00
6.708214937792702504e-01 2.461218335675200430e-01 3.996221589052310286e+00
2.976495315863503244e-01 -2.908421291891001292e-01 2.972736938803550277e+00
8.675552943677002915e-01 -5.701443138365500651e-01 4.335854445688499759e+00
9.421964147960502078e-01 2.422809428238498208e-01 4.078412795588530315e+00
-2.253303401699100483e-01 -7.797816085207101011e-01 4.718892656079610504e+00
1.082251525318880248e+00 1.977053230509299153e-01 4.215987932887919953e+00
8.731458006111203485e-01 1.993798707613197996e-01 3.986776581582640144e+00
-7.164757434015895932e-01 -7.909162547799398757e-01 4.695170874093290259e+00
5.324617131940296844e-01 -2.819381072879200145e-01 3.606860343580670314e+00
8.807774443879898829e-01 -4.994760340906099771e-01 4.200410425434630390e+00
-5.572674548840299558e-01 -7.030923253379801618e-01 4.819612557627729998e+00
3.321122152113002990e-01 -9.313609369455033704e-02 4.899459327503540074e+00
-6.344606123524898500e-01 -1.191027284782402162e-01 4.844050222965270436e+00
7.817209496773700472e-01 2.052890487649198237e-01 4.285677098129209384e+00
5.512370831686803641e-01 -7.781199934997200529e-01 4.210344912585480159e+00
8.333178546208497295e-01 -5.386775936764499617e-01 4.273085334851489669e+00
-1.760322269506002790e-01 -7.199292748181002066e-01 4.775551801169560129e+00
5.827156577522902836e-01 -6.372268207139100138e-01 4.451214887793089936e+00
5.018856525447703554e-01 -6.856013526881299391e-01 4.573470494215650106e+00
-5.949813666935699352e-01 -7.444319190469200764e-01 4.584624214630350636e+00
4.951777279276501353e-01 -8.260896234040000508e-01 4.512277878645329920e+00
5.748723518459009085e-02 -7.490430175356099785e-01 4.573284913903069793e+00
5.171791130371703460e-01 -6.582613278620801367e-01 4.478212661309489917e+00
3.401194370226199304e-01 -1.730402365372298856e-01 2.916388579343900389e+00
5.237681692567299763e-01 -7.751633653987699546e-01 4.487707507594009826e+00
5.234561937452100189e-01 -7.748742677599400608e-01 4.376898003517689872e+00
2.380639021932999810e-01 -7.619667563112501041e-01 4.580223751154340661e+00
-1.138458618053169946e+00 2.625521420965780006e+00 -3.279339170404209636e+00
1.778000726431501199e-01 -4.128184182242499167e-01 2.677242821594030264e+00
4.092568996634100564e-01 -3.521127624083997265e-02 2.690997028456370455e+00
5.024181221662100683e-01 -6.818053702087399914e-01 4.571192260245410033e+00
4.050605680552004095e-01 -3.981313383780005211e-02 4.856707641883600601e+00
5.002118496309400086e-01 -7.792289512857599743e-01 4.443647596422540147e+00
1.672197850527301632e-01 -6.518262664016993835e-02 5.099642481944010264e+00
3.985600948250400677e-01 -7.365432824681100721e-01 4.368884234021759738e+00
-8.213068642459098179e-01 1.995883301736839588e+00 -2.025390183614309780e+00
2.726562883753302913e-01 -2.667198113593699516e-01 4.977419407809810181e+00
-1.402302659667880036e+00 -6.158389573612987888e-02 3.396905404923080241e+00
1.231222779062006722e-01 -7.303462914715500576e-01 4.639064101847000465e+00
1.462935045866098349e-01 -7.844271857471900589e-01 4.624877738047249665e+00
5.134055896449201128e-01 -9.146832098592299065e-01 4.236254167781879687e+00
6.107835296604402497e-01 -6.710049913078099948e-01 4.325520955387400335e+00
8.263678597590800035e-01 -3.518773124215199277e-01 3.673553956348520000e+00
6.093711044297303037e-01 -3.081858181734200564e-01 3.600606012888849961e+00
-2.190456151269897234e-01 -7.458096807662401018e-01 4.654240359323090104e+00
