-1.063471108175049418e+00 2.841142310497899448e-01 2.789756225254249600e+00
-1.069950937259229518e+00 3.376441876452698221e-01 2.695870716084679763e+00
-8.805430845268198414e-01 3.241018516448597175e-01 2.658764832652419585e+00
-1.154268572287079353e+00 -3.921030243709202612e-01 3.380450777939600027e+00
-1.061760017429239644e+00 -3.853153469946701826e-01 3.247306839185569949e+00
-8.571931540085599988e-01 6.133194913075101784e-01 2.120889241060759822e+00
-1.208426205054259794e+00 -4.640251880955799102e-01 3.425686659798789613e+00
-1.207426282689859631e+00 -4.222263444099101370e-01 3.448292408577919854e+00
-1.057955077676489664e+00 -3.844110250023402564e-01 3.246037062033909848e+00
-7.738972792067799755e-01 3.682606009904003663e-01 2.527951651498229868e+00
-1.233731916001929330e+00 9.189562286795016632e-02 3.198182153874659761e+00
-1.869542529894409943e+00 1.824116241290696383e-01 2.925796380158550036e+00
-9.796929835783598772e-01 -5.061690217011971527e-05 3.345838124894879861e+00
-4.986197988547698134e-01 7.517826378595400261e-01 1.834462954806320045e+00
-7.160907086424961321e-02 8.968717185886101451e-01 1.648165352530500005e+00
-9.892724048088299416e-01 -6.581400080979626921e-03 3.352822126720089724e+00
-9.827922651987301972e-01 2.222195334032301961e-01 2.831692559859579905e+00
-8.086149537375797447e-01 2.724048745115399406e-01 2.708038946793839941e+00
-8.936694070551396418e-01 3.133675896336600708e-01 2.656309486065639991e+00
-3.913260947703995907e-01 5.332058428190398214e-01 2.184762753896260179e+00
-1.620546901710140153e+00 8.233634786999965982e-02 3.220536845887859823e+00
-1.309678889034569638e+00 1.387916314143200491e-01 3.109002480531309676e+00
-1.222117635106789946e+00 8.126378393270994316e-02 3.147255317332890101e+00
-1.710912584567519934e+00 2.968458842346499704e-01 3.055805862645339932e+00
-8.046257757340600225e-01 3.549025901345299605e-01 2.542753409704349821e+00
-4.855333244188198005e-01 7.561891427738303140e-01 1.827159560453889942e+00
-1.596200516435819727e+00 5.918524566920968510e-02 3.284477136764239802e+00
-1.228865586196269843e+00 8.861403895186970026e-02 3.204115500013829720e+00
-1.886287491677730133e+00 1.083011695425499799e-01 3.251978488818399793e+00
-1.646292259719009943e+00 1.019218319930349947e+00 2.803618422738769933e+00
-1.638413788454149644e+00 6.870870652537997003e-02 3.409003045100329921e+00
-1.057767288897149660e+00 2.828951505640795450e-01 2.785383868576369881e+00
-1.888117130441959501e+00 1.093509041237394896e-01 3.253263585979650152e+00
-1.042169701390019965e+00 3.515171816657101100e-01 2.605716812166799734e+00
-8.192724261267099184e-01 5.888572717703197679e-01 2.093647430145920030e+00
-1.377894239944690069e+00 -5.751842664486006562e-02 3.358335563063920226e+00
-1.381228950197750160e+00 -6.001534676726039130e-02 3.360739641018100077e+00
-1.378220837056799430e+00 -5.844625922787005656e-02 3.364947369597319771e+00
-1.683651966147490020e+00 7.507449007494004789e-02 3.395168650927209875e+00
-1.316557195729949781e+00 -2.776064129383701840e-01 3.448362828088860077e+00
-1.553233047215739626e+00 9.132810760020999563e-01 3.115326325831520027e+00
-9.649860092371895792e-01 3.494806608389999791e-01 2.562891802210899961e+00
-1.499668406688929645e+00 -1.173745973825979227e-02 3.427186635996109842e+00
-1.334638884073619858e+00 -9.360165409386023150e-02 3.575300635853839726e+00
-1.382131856201089581e+00 -9.014128350592032213e-02 3.589246465855939761e+00
-1.222289679997209833e+00 9.955717325400992301e-02 3.157627602550189927e+00
-1.220727836861369431e+00 8.881322122895030091e-02 3.155109857071209944e+00
-1.055571438897029646e+00 -3.425697164913101833e-01 3.272109376038039752e+00
-1.290958029148669750e+00 -1.475436577518298709e-01 3.545621976099659900e+00
-1.295395277381010013e+00 -1.481948959119196996e-01 3.548771559353309790e+00
-1.166562410474169864e+00 -2.581096919591401306e-01 3.388476834954340156e+00
-1.238029150241599430e+00 -7.155683146578994958e-02 3.195392005902169874e+00
-1.168228008562129494e+00 -5.002946162759799309e-01 3.335431997270870141e+00
-1.213977875523929884e+00 -4.177077462876399583e-01 3.461769333054550035e+00
-1.066550616918469752e+00 -4.106995873093797211e-01 3.233404550516699949e+00
-1.065692116403979872e+00 -4.091876356514099200e-01 3.234563621982729842e+00
-1.391289909307989570e+00 -3.212543428359859732e-03 3.351565737675179957e+00
-1.380420267568299719e+00 -5.227068353468999895e-02 3.454102626899469897e+00
-1.328743025422179924e+00 -1.156819779669597814e-01 3.627706332359769803e+00
-1.162700180689830054e+00 -3.943439868611198218e-01 3.383434874216499910e+00
-1.360962975701499600e+00 -1.330319900007199685e-01 3.487132195532869794e+00
-1.328180501638849931e+00 -1.172627259418501655e-01 3.628045427621730212e+00
-1.099194933365329918e+00 -3.635234030539897798e-01 3.320747862282229956e+00
-1.659036939755839546e+00 8.765218231084981326e-02 3.274271965098559889e+00
-1.475397996759399755e+00 -9.276104328140188926e-03 3.529161639308299847e+00
-1.334730742181750029e+00 -9.333273634617000880e-02 3.577467946588229974e+00
-1.440639406733249528e+00 1.606888348998980476e-02 3.390341689394699820e+00
-1.180248335598989451e+00 -2.735411378962981921e-02 3.163651424702969894e+00
-1.204754464071029707e+00 1.937555753272801606e-01 2.975764953375559685e+00
-1.166714167181129858e+00 -4.762056606107598622e-01 3.353306103262379878e+00
-1.256780370633339805e+00 -1.386156455240199481e-01 3.671915918975610094e+00
-1.165161487739170054e+00 -4.776732471880400510e-01 3.354838607972269848e+00
-1.595514083918819770e+00 2.793384916154499908e-01 2.893935851767559964e+00
-1.028263564206809866e+00 -3.263255037757499810e-01 3.261989198749399854e+00
-1.068339299485109750e+00 -4.106819817256399663e-01 3.232946573401319856e+00
-1.380622265661759274e+00 -6.012767479395009218e-02 3.365161820304909845e+00
-1.234237366906399513e+00 -7.372993402932026541e-02 3.467765722525499861e+00
-1.121930169660789955e+00 -7.578102391537022697e-02 3.506065217813670198e+00
-1.300920388866549926e+00 1.294714493329596205e-01 3.089094638984450025e+00
-1.382962138891199677e+00 -8.654606426714006595e-02 3.588747283640549846e+00
-1.277262266240940081e+00 -1.388026611610400085e-01 3.548152058974200163e+00
-1.376550847557660218e+00 -2.954884099525905139e-01 3.428511050089360079e+00
-1.194152653892909255e+00 -5.026068963016006030e-02 3.613733436557499790e+00
-1.225294098158219880e+00 6.260761386712032639e-02 3.085475782958010171e+00
-1.102997687299989371e+00 2.293344959329497446e-01 2.880497875766019789e+00
-1.104561286245129503e+00 2.282633070430104549e-01 2.880043708471260011e+00
-1.380207753264840020e+00 -8.961520203450024091e-02 3.589991846710280043e+00
-7.943324262128894642e-01 2.713125186307698833e-01 2.695139436850099823e+00
-7.128691433386700194e-01 5.744821179754200369e-01 2.179277372300699955e+00
-1.606262319295029828e+00 4.116313398043014438e-02 3.281558172644089666e+00
-1.219411756890259602e+00 -4.667271792571099365e-01 3.430334978058309670e+00
-9.672119108452295055e-01 3.501938276197600342e-01 2.561799558523129683e+00
-1.774086644514639710e+00 8.957070444788017838e-02 3.325753800426689999e+00
-1.257530526059149834e+00 -1.428991370848500253e-01 3.671757483236429920e+00
-1.248007576161729526e+00 -1.356048012332100594e-01 3.674770639256379923e+00
-2.994362573566995422e-01 5.479668746842698557e-01 1.952019346936999966e+00
-1.332112126584629630e+00 -6.705420687731988849e-02 3.608217724416380001e+00
-7.920927109222597462e-01 2.850393375911999261e-01 2.699049433210119808e+00
-8.444951394746700313e-01 5.739390843631901884e-01 2.113027651050900069e+00
-3.354377463956896843e-01 4.192471022824000304e-01 2.434730480213109782e+00
-1.470782897062249850e+00 -1.552441528885006861e-02 3.525583802901649744e+00
-1.219425174009189705e+00 1.164546524415697171e-01 3.155958569312629969e+00
-1.176177622572079917e+00 1.884975505308899013e-01 3.875586579910260010e+00
-1.150650103944109715e+00 3.748586584152004963e-01 2.647118138533979703e+00
-1.225998901112629769e+00 -1.387535436382301146e-01 3.657175538170909679e+00
-1.118168733024910155e+00 -7.441214814324004223e-02 3.502828454580429796e+00
-1.276292001493599448e+00 2.833545813760103282e-01 3.853020277020120066e+00
-1.174689828036369343e+00 1.860307831542800105e-01 3.874609956177179626e+00
-1.087226806977579896e+00 1.672942826885797096e-01 2.958051428168359642e+00
-1.009715203578989806e+00 1.317725273532202035e-01 3.059541700414599941e+00
-1.294427251417329616e+00 -5.133694188176995965e-02 3.620304307519389919e+00
-9.681067523543493980e-01 5.492100042000800375e-01 2.390693091014069793e+00
-1.881991000713189477e+00 1.190551831770998437e-01 3.250677093432619902e+00
-4.047623591790194819e-01 5.491656871194099399e-01 2.224878328278490081e+00
-3.004854042833597916e-01 5.470571799468595398e-01 1.954666178662079812e+00
-3.767572384365796001e-01 5.166031420986396672e-01 2.225799214882240307e+00
-1.205518381269179651e+00 1.972948087816799312e-01 2.970946942558909676e+00
-8.953072874287395511e-01 3.141605608020099361e-01 2.656391163590589688e+00
-1.562738576141529778e+00 -2.399011312456011957e-02 3.473862124145879804e+00
-4.071787521978695867e-01 5.222125748143902069e-01 2.184372655650769879e+00
6.488416256675000326e-02 8.678920801491496473e-01 1.471734977288760238e+00
-5.608722699239396814e-01 8.334280230749497864e-01 1.682383645656059690e+00
-1.885614360320640115e+00 1.930612286102899589e-01 2.915203459596489743e+00
-1.251481094936009564e+00 1.577670191800701893e-01 3.031259905458279835e+00
-1.212835241935900088e+00 -4.163072694347598190e-01 3.462907082518369872e+00
