6.708088293825797965e-01 -5.900690785030100471e-01 3.820138939301100045e+00
9.487167426354199407e-01 -5.915009396997999991e-01 3.944073881749139865e+00
5.269869217372997738e-01 -5.597236510248000396e-01 3.648048682858940239e+00
1.022937046313659781e+00 -7.167228801271100513e-01 4.294430686183459578e+00
1.124492624681300068e+00 -2.737485504570996708e-02 4.402578043010860753e+00
-3.031329591222986508e-02 -1.032482737590179944e+00 4.796489624586190104e+00
5.849321328184997615e-01 -8.365226967911199019e-01 4.584863203024140077e+00
5.741374915049897165e-01 -8.782278757524899504e-01 4.491775495748809632e+00
9.575633859101597700e-01 -6.851297611700299939e-01 4.400786261426080870e+00
9.667492392248593358e-01 -6.226449325492999787e-01 4.360171312423540613e+00
1.207772899297879787e+00 -4.522326106094599618e-01 3.869283699396520060e+00
8.907427872034698879e-01 -3.610975642458900126e-01 4.547293747661210084e+00
8.875851022690097736e-01 -3.574716531235900274e-01 4.549816002408070048e+00
8.818336271654598768e-01 -3.526911204738899519e-01 4.547983398502219998e+00
1.070441545231970437e-02 -2.860864495797700302e-01 4.748037371269999696e+00
1.177867127774929745e+00 -5.346175736267100298e-01 3.850213252600070302e+00
9.845983102308200063e-01 -8.380218351227799456e-01 4.104212145329739769e+00
6.833164555333397505e-01 -7.699820294953400035e-01 4.509811747643380109e+00
1.211733114683629653e+00 -4.537023132081399734e-01 3.872423610263370453e+00
1.012377415203349562e+00 -6.518648141073899449e-01 4.029417757582290704e+00
6.477251654781794876e-01 -8.735076679075499673e-01 4.507549717426139857e+00
9.756486069977599040e-01 -6.360660001901800031e-01 4.356283298115039671e+00
9.883714740668896326e-01 -5.670669202561199329e-01 4.392497937915390338e+00
-7.987249782104299811e-04 -2.811488416807699231e-01 4.748655442804490256e+00
1.100886413146849874e+00 -3.684742669632400380e-01 3.659866866720709933e+00
7.717774518381195215e-01 -8.315547063682500184e-01 4.409769083741000628e+00
1.180539920826019662e+00 -4.434258854988999965e-01 4.270419464011339983e+00
5.854153101751995436e-01 -8.336353685112800616e-01 4.588468209076319582e+00
1.027799322954979555e+00 -9.942002258032200945e-01 4.175260381871179760e+00
1.002486871398769797e+00 -5.118219194569999519e-01 3.776139944913590174e+00
9.641148252892699499e-01 -3.617550933406200042e-01 3.409239313790689785e+00
1.026040402650739924e+00 -7.799916471327899004e-01 4.269383292192140189e+00
9.224170234226596321e-01 -4.170868932580999999e-01 3.501455536803820046e+00
1.027315988360239851e+00 -7.962140331388700698e-01 4.048589303818239671e+00
2.003924647167192319e-01 -3.711218223721000076e-01 5.120057631903279116e+00
9.486048917967797589e-01 -5.352364504362900899e-01 3.922206526669460125e+00
8.864599077919699255e-01 -7.073714861133599818e-01 4.457408119864710194e+00
3.161798474451495977e-01 -8.863664992522600761e-01 4.827067927537370906e+00
-4.062362875468039647e-02 -1.132970445212470034e+00 4.572296625035720652e+00
1.153228140893329812e+00 -4.501508154664499717e-01 4.252158895647269787e+00
8.244084213613693812e-01 -1.385848170320199690e-01 4.705988991509710395e+00
3.989762023000398283e-01 -8.990552630414498925e-01 4.629075912312999641e+00
1.107072943031599532e+00 -3.983578921047900012e-01 3.676656562675200135e+00
1.245574555923829818e+00 -4.387166650957700087e-01 3.857343444013329847e+00
1.050077527682479639e+00 -6.298062889828299760e-01 4.208938630243840073e+00
1.027054001938219718e+00 -7.957604880257200808e-01 4.050056440142980385e+00
9.809787107771898995e-01 -7.843304566691300383e-01 4.306316808752930214e+00
8.821133138778796123e-01 -9.635165001267099738e-01 4.001251067628119884e+00
1.069573425891979790e+00 2.703082784140199979e-01 3.649120466109379901e+00
8.748662365240094108e-01 -7.145803134897599218e-01 4.435982190939870229e+00
1.124223136359319808e+00 -3.843917569653599875e-01 3.645987200287239993e+00
9.819585379435695760e-01 -7.929351879297500405e-01 4.311827723142149793e+00
9.860684346907400144e-01 -2.745623371180699879e-01 3.260778899408459885e+00
1.054288825438070010e+00 -6.302637650252200796e-01 4.207805830835809502e+00
1.030917980676889778e+00 -7.617921186501399600e-01 4.042756479296270022e+00
1.028934516235189722e+00 -7.950725279458099592e-01 4.049836837255570643e+00
1.021806755859619997e+00 -7.846196925229100838e-01 4.101412379924699536e+00
1.245292475225569850e+00 -5.214343460150500098e-01 3.791294227354390145e+00
2.821793031596597778e-01 -8.748811131483500425e-01 4.832931816906739897e+00
-2.839623643642008588e-02 -1.031039269903240019e+00 4.630377379382579761e+00
8.958372727868899599e-01 -7.239831047265199437e-01 4.436677712604350177e+00
3.866551389167598440e-01 -8.898544057346899905e-01 4.627995962954519982e+00
6.588433726907898524e-01 -2.767839151742400028e-01 3.181742435388049905e+00
1.008018992737939712e+00 -1.025991166310239899e+00 3.966256635259900243e+00
9.912507150463696348e-01 2.113183473612900154e-01 3.934424162414389858e+00
1.197254588965979138e-02 -1.078351564196369905e+00 4.719909649018500630e+00
-1.811763525658038887e-02 -1.127582960830169956e+00 4.772355009219140243e+00
-4.274386112209027644e-02 -1.227266376181259888e+00 4.561574660034050765e+00
-2.065163025936707086e-01 -4.554716969808099702e-01 4.815261617582111242e+00
-4.162549696928206089e-01 -4.920168167698298900e-01 5.027189209719220564e+00
1.020311172877129913e+00 -7.917855154771999970e-01 4.011506900993149216e+00
1.037376422006599741e+00 -1.203583836318989908e+00 4.195820271541959912e+00
1.210112716831999835e+00 -4.302040806667800643e-01 3.680568002892960155e+00
-8.340210328891028979e-02 -1.074904209602949967e+00 4.594372895885669550e+00
-4.192153750954030755e-02 -9.960900256057800828e-01 4.608744731773620096e+00
1.264445339312479710e+00 -5.092044281019499907e-01 4.042812445985680014e+00
1.011625503648169611e+00 -1.026720658937730013e+00 3.972491497126190207e+00
9.890819492874498575e-01 -9.106426088846000244e-01 3.953956680198510210e+00
6.795669098533698715e-01 -1.897907921415399879e-01 4.973542189984430095e+00
1.219451275038889504e+00 -5.291169256467800341e-01 4.020582226152510152e+00
9.813371772243195679e-01 -7.912500599607399376e-01 4.311927511534560331e+00
6.942934210960098884e-01 -3.302532528382999821e-01 4.934295874878749544e+00
1.035721693689319656e+00 -6.727430237714500105e-01 4.078441215666440023e+00
8.344937176094895381e-01 -7.590677202515099253e-01 4.506468077764870017e+00
1.570308916592479953e+00 -4.191734659900999693e-01 3.976247176207360123e+00
9.565233930373397975e-01 -5.543620931387199802e-01 4.002369928494100115e+00
2.792367602142196148e-01 -2.103431053659499672e-01 2.879903993447060273e+00
-1.577545448107300352e-01 -4.282686074509300944e-01 4.880384499073009863e+00
1.125740240924749891e+00 2.734971072073499321e-01 3.715273864528410019e+00
6.418087491854900239e-01 -3.042723918773899694e-01 3.245653924430789594e+00
6.808516150846097847e-01 -1.844009030201499422e-01 4.971423093473429589e+00
5.628820671254000096e-01 -4.813325814442400152e-01 3.496904138112840066e+00
5.363995540102095561e-01 -5.592416581466399528e-01 3.470883628098629714e+00
6.253776694270696268e-01 -3.038079969292600269e-01 3.200105456454010344e+00
1.183922043129979729e+00 -4.708155793572900150e-01 4.257453385782659971e+00
6.531381197626697777e-01 -2.701597761156900313e-01 3.171014177468409745e+00
9.866808666823998486e-01 -7.796019342166899957e-01 4.142461681202160406e+00
2.255206038360499932e-01 -1.670010682517900080e-01 2.821454623238790482e+00
1.242359568777799961e+00 -4.503952311534300534e-01 3.866764369567239790e+00
1.235371273917889923e+00 -5.201827664853999611e-01 3.794747356118310044e+00
9.655615443537195475e-01 -1.140541370836289925e+00 4.118658969347320564e+00
7.933833347443397521e-01 -1.149291782069599699e-01 4.698376442748539716e+00
1.031807398123879782e+00 -6.934997417618200544e-01 4.011962554263639902e+00
9.889774727134095222e-01 -7.905561840881399904e-01 4.141291862878790475e+00
7.305708678118993937e-01 -9.014266895714900807e-01 4.434651831807620681e+00
7.714519460551401142e-01 -8.205645418206499730e-01 4.573644717882940469e+00
9.659827348471998754e-01 -9.356447963546300484e-01 3.848546831164560089e+00
7.636406777007194169e-01 -9.439185045684600484e-01 4.454812441997040295e+00
1.027012493043199637e+00 -7.928007574868398688e-01 4.295255121118719543e+00
2.304687267163099129e-01 -3.432012137147300024e-01 2.825664439403249517e+00
1.234521750378494431e-01 -4.439533368704700056e-01 2.591745264402270266e+00
1.246917668980969784e+00 1.839279250185005266e-02 3.579046439578509986e+00
9.816457080209597397e-01 -7.351629491371399761e-01 4.378002489125760732e+00
8.465021442559697018e-01 -8.308053706426998808e-02 3.234999645466549723e+00
9.157573681990398562e-01 -9.224782494352000706e-01 4.075007676163519221e+00
5.196382685699896253e-01 -5.694172002352400064e-01 3.660409870819569811e+00
6.443218783030697505e-01 -2.651336597899999759e-01 3.166557063389370263e+00
1.254709290896179663e+00 3.804818453052000171e-02 3.436735842457500301e+00
5.595006442339998110e-01 -4.596471907175800342e-01 3.471261902987599957e+00
9.428447320992199288e-01 -2.807282216145799980e-01 3.260595539768219808e+00
1.298615242068589692e+00 -2.425086397094994295e-02 3.665559329612569694e+00
9.883304174413998222e-01 -1.016298817878269922e+00 3.953759900908119906e+00
1.220782991643049709e+00 2.859934658457002898e-02 3.522876810860750219e+00
1.040378322532759636e+00 -6.030041795135698823e-01 4.142145283082520280e+00
1.074174846539959649e+00 -3.734900004119299788e-01 3.627102023437559719e+00
9.435471189322699459e-01 -7.640713173374600320e-01 3.896038266504330494e+00
9.017576379183496194e-01 -7.091208507414100692e-01 3.979343385371290065e+00
1.154022613974619915e+00 9.341987515929001118e-02 3.483984295541699971e+00
8.895057040633096435e-01 -2.026877313891299881e-01 3.205458671443610186e+00
1.021286470042549910e+00 -7.850627570799200150e-01 4.101152643917250096e+00
1.569749762739949928e+00 -4.231748622872600341e-01 3.972930642649609378e+00
6.173958847480995882e-01 -5.712097135102000012e-01 3.805976243830540007e+00
7.694964072234493635e-01 -8.274835645832598896e-01 4.457386505527630050e+00
6.348744803450296903e-01 -3.499082247763900533e-01 3.348175105844130250e+00
1.041527823840679989e+00 -6.770211296953900781e-01 4.064909391040679942e+00
5.445471042346694546e-01 -4.484520370598699679e-01 3.522106699981209843e+00
6.371317356291499312e-01 -3.495840267227700027e-01 3.344599472648329908e+00
4.626581780170095914e-01 -5.371882350625900582e-01 3.502975754874469771e+00
4.622846945858596346e-01 -7.030208331180900494e-01 3.281152968433819872e+00
4.748063474584698351e-01 -6.098911175491499304e-01 3.475214137585409979e+00
-5.330178972244015156e-02 -4.062020500875700990e-01 4.998317054788600444e+00
3.820693415538796156e-01 -2.457364215434399979e-01 3.017840996530120279e+00
5.030416607254997174e-01 -2.941765449666400301e-01 3.108173745451059844e+00
7.116799378961595757e-01 -8.046464686438998815e-01 4.506205529103679552e+00
9.716547354131297443e-01 -5.353571649325399306e-01 4.399066151387229340e+00
8.814652581010098409e-01 -2.963345037771999424e-01 3.263582623994069731e+00
8.473085301966798433e-01 -9.456678882587599144e-01 3.840855468167319930e+00
2.829676105090994653e-01 -8.978582963812200557e-01 4.858210891016740973e+00
8.772425803156094215e-01 -3.258984027513699977e-01 4.560506475087869660e+00
9.953250511002496026e-01 1.971820735349400500e-01 3.684035977878669765e+00
-8.113983793996037974e-02 -1.238593469970949990e+00 4.789707399928840204e+00
5.589955703129896314e-01 -6.494530617630399627e-01 3.384373065950970094e+00
2.589332931861796361e-01 -8.346931236757401118e-01 3.282107919070059943e+00
4.461462127151898382e-01 -3.265561710238900073e-01 3.188874641420049727e+00
4.940454147058399581e-01 -3.417259637204600464e-01 3.216122860443759723e+00
4.268176102602196931e-01 -2.688609061613099760e-01 4.694495321714020619e+00
1.024047281388349884e+00 -5.778928075723199775e-01 3.994794279613210097e+00
5.257486087597398328e-01 -5.570807592304299893e-01 3.470935838807459817e+00
5.442702400823598019e-01 -5.333605869764099783e-01 3.504089823750519805e+00
2.518406391703997826e-01 -4.983435498649300688e-01 2.794146595920239839e+00
3.725906776355596417e-01 -2.419770722066099944e-01 3.013224236567880077e+00
2.686043080562896535e-01 -5.037169141470299039e-01 2.803185547828790369e+00
9.812436503714296876e-01 -6.855831233590700124e-01 4.235369596465409892e+00
2.487766951447394348e-01 -3.529849013390600199e-01 2.836794928930379989e+00
9.305931464378298656e-01 -8.956908447163800524e-01 4.373025005615890137e+00
1.030665865057220021e+00 -7.513978555617499833e-01 4.034520031811579699e+00
1.020346979894209527e+00 -6.884565068324199899e-01 4.006005239726150080e+00
1.022176304143579628e+00 -9.958362327866099317e-01 4.178394440085219763e+00
1.182008801261296149e-01 -1.936417078734399833e-01 2.657420896684469902e+00
1.181244118240094565e-01 -1.953150457822599440e-01 2.657957882887069800e+00
9.460430189998996209e-01 -5.635543972626199105e-01 3.928840277315059915e+00
8.900519201001202418e-01 -9.856960131316800933e-01 4.325210030299720287e+00
3.867835288919898584e-01 -9.381175875713099188e-01 4.674903058284050061e+00
9.589601256622699577e-01 -9.003979970312301351e-01 3.906605709331209653e+00
8.314349741482696121e-01 -9.579953555081600625e-01 4.436669377130729508e+00
1.244697090552139729e+00 4.888715742009003273e-02 3.503497050423379999e+00
7.076786782953499166e-01 -7.009734387959201118e-01 3.880627954496769672e+00
1.222290357515749992e+00 2.424627833803999488e-02 3.524074643478289914e+00
5.695908315130997490e-01 -6.367374618251400165e-01 3.388048210797700133e+00
8.356524646915701737e-01 -9.515597789192300482e-01 4.351369860407269918e+00
8.921762834457198643e-01 -9.346712486196802061e-01 3.959205701329479687e+00
8.537230235821997582e-01 -8.762917314549101278e-01 3.901149061172759946e+00
1.508368289594899103e-01 -4.526667287818200713e-01 2.677833310126789712e+00
7.548398435958798558e-01 -9.078539102805300853e-01 4.424557021938440471e+00
6.397593896919200329e-01 -8.040708265833400592e-01 4.516654653380880013e+00
1.287793903723279731e+00 -1.613404845738499183e-01 3.410141476599680033e+00
7.497593446248196347e-01 -8.127774796471198826e-01 4.503526125239259770e+00
8.244376743066799129e-01 -3.599645145714099881e-01 4.747433749702199890e+00
9.376550634715101751e-01 -5.972815647946900786e-01 3.953965329277810081e+00
6.448971095773980977e-02 -9.937931824640300338e-01 4.671778876836979677e+00
5.147421669094698338e-01 -4.742594985112200123e-01 3.506955645328090121e+00
8.679647391798499534e-01 -9.576335015882699864e-01 4.335591948785070038e+00
8.003306812022297212e-01 -6.504976243347899700e-01 3.830631464354290028e+00
5.669011613849899156e-01 -4.543067005945299885e-01 3.473991788370569989e+00
5.595869260620496277e-01 -4.497220790972299431e-01 3.469213044205750052e+00
1.012383809272849877e+00 -9.485264660102000756e-01 4.185967903214230290e+00
1.074264902376559805e+00 2.802790972446799755e-01 3.757164205209039931e+00
5.401246006914195430e-01 -5.500343651936500100e-01 3.654314843348260400e+00
5.299558283706500283e-01 -5.361173806502800288e-01 3.704133877388269713e+00
6.355428412790598003e-01 -4.217108015020700762e-01 3.515104707284780083e+00
1.101622684981999889e+00 9.573230093963008835e-02 3.449619551191200006e+00
6.454229962599797865e-01 -4.265846381086800254e-01 3.506693657146979781e+00
5.525400734637200273e-01 -4.914858735829600311e-01 3.485371461646839641e+00
5.248305131394497280e-01 -5.560308384198100473e-01 3.626106952342750045e+00
6.573615003525796752e-01 -5.645316069905299550e-01 3.726758309733659846e+00
4.880372139087496564e-01 -5.271898633359599629e-01 3.565425291131529839e+00
6.661600811935097788e-01 -3.178692710989400316e-01 3.264119514962930069e+00
6.281822878824796508e-01 -3.478993401546899844e-01 3.348586698980319909e+00
8.978482247015000528e-01 4.488397163157500924e-01 3.460798479905539793e+00
1.218122034680119814e+00 -4.298293921505599857e-01 3.846319208489319852e+00
2.478228390699799277e-01 -8.004341193711599356e-01 3.291259864262420010e+00
-1.035006297382023988e-02 -2.908887232491400021e-01 4.750896921881260226e+00
1.026678656915899435e+00 -9.280498250725499609e-01 4.185410002799460294e+00
3.823388731892896075e-01 -9.417867940958999373e-01 4.676804547369790122e+00
8.749851189030195542e-01 -9.924548335349199224e-01 4.030650007952900182e+00
1.013042382681019538e+00 -7.620846928875000259e-01 3.985424280255379870e+00
8.380371707387896940e-01 -3.792524790165500148e-01 3.486608704102850176e+00
1.087882421177839731e+00 -3.933469784081999876e-01 3.690690382319119944e+00
9.403086563719995628e-01 -8.791799903274699624e-01 4.099589279945679898e+00
2.941973055583968488e-02 -9.985508330346499761e-01 4.663545160972880410e+00
5.323344780469396742e-01 -4.399151924240099487e-01 3.514967094017700244e+00
5.120930378111898662e-01 -4.297345740958000149e-01 3.501615810162689968e+00
6.061185261658996737e-01 -6.893505918595900228e-01 3.428570826305300301e+00
5.703536196495495592e-01 -5.427415439720799650e-01 3.419962043004809882e+00
5.934782148954198533e-01 -5.517691840220000365e-01 3.437034471217460307e+00
5.838251274552497261e-01 -4.448879590278500551e-01 3.452731770051109983e+00
4.718610271150098789e-01 -6.094038097488601036e-01 3.473657008628549647e+00
2.644575891977596349e-01 -4.994643024918400398e-01 2.800904210521600213e+00
8.619158744275923212e-02 -6.484044858223598773e-01 2.457718360310999994e+00
3.228351083137992461e-02 -5.624686123806800220e-01 2.452668692504699877e+00
4.946241731995697499e-01 -8.804825298539900036e-01 4.730957490192709614e+00
1.283235498310939748e+00 -1.884217709809898889e-03 3.455508751721060090e+00
-3.851994952770101399e-01 -4.412885834898300219e-01 4.987778981678170354e+00
1.007500749235998860e-01 -6.270881313802201262e-01 2.658125621687760010e+00
-3.163063912690500246e-03 -6.713947145582799259e-01 2.879749838168970122e+00
4.557803348925797415e-01 -7.776919574371200516e-01 3.129804588481259753e+00
1.014074273965009931e+00 -6.522035650463899881e-01 4.030148897809990416e+00
1.025064162081769981e+00 -9.971979840399800565e-01 4.182852888481150444e+00
9.155060803675940662e-02 -9.687985676695800574e-01 4.746291099617319986e+00
2.482904534868497493e-01 -8.513747946975100955e-01 3.066504322773270008e+00
6.006750278170098767e-01 -5.036759588963499734e-01 3.438741183242790100e+00
4.602439653359298166e-01 -6.991863332882701787e-01 3.273794057609789920e+00
3.289486435373896178e-01 -6.535619179083800301e-01 3.426766115085449815e+00
5.332359788317997396e-01 -6.873973667605500770e-01 3.504091651863640244e+00
8.745146364748397350e-01 -1.010026212079790042e+00 4.001501376281719757e+00
4.512053943739098294e-01 -5.498179153670500474e-01 3.528949934600690064e+00
1.029956407001359819e+00 -9.709888248476101769e-01 4.212864713878079925e+00
-8.151001765087029227e-02 -1.060924419800649998e+00 4.788880082101710123e+00
5.441070179294595910e-01 -5.872681974731099874e-01 3.381097798452620040e+00
9.684862638310096639e-01 -7.666641266706900604e-01 4.261651710371349822e+00
5.553234936377300368e-01 -3.098627385138500445e-01 3.144077862975509952e+00
2.587675893185896747e-01 -3.908294500408099892e-01 2.807950421955689890e+00
3.872104079755998018e-01 -2.490460591243899569e-01 3.014403388376639903e+00
2.231856111989594105e-01 -1.382997930471799308e-01 2.826163365544879902e+00
-1.219686717121901687e-01 -6.610547301100699880e-01 2.735343443361750282e+00
7.712627051106202281e-01 -9.416789449014300040e-01 4.460270074342659541e+00
6.202494354647896113e-01 -2.661819744605499749e-01 3.167837549826770349e+00
1.037913292375910013e+00 -9.701051098466799694e-01 4.210410776944209843e+00
5.287378788904397720e-01 -2.339941196929800071e-01 3.129231082883639825e+00
9.618127519527497338e-01 -2.633046464916899421e-01 3.243108659043770103e+00
3.307940222787197904e-01 -7.890689397638901426e-01 3.132798719293199863e+00
9.411005046871996349e-01 -6.692536238174700003e-01 4.400686391451280599e+00
1.174444482742939666e+00 -2.455079274541099588e-01 3.513192937367940250e+00
2.892420349411994884e-01 -8.240679728754599642e-01 3.191695841085199881e+00
2.975679587848398810e-01 -8.283505820906099659e-01 3.185517853216680351e+00
2.635987841971396684e-01 -8.439027200034201481e-01 3.276023833348379988e+00
1.040382911823949597e+00 -5.789555903702898743e-01 4.345241643797850273e+00
2.306500272777496363e-01 -4.925941058050300470e-01 2.780768912695089412e+00
-2.926936646309203915e-01 -8.568462619056700369e-01 4.383361701122520770e+00
1.389469930902196282e-01 -3.251487182857200064e-01 4.686644175016899894e+00
1.363795706366000005e-01 -8.205322958899901042e-01 2.605033453548760036e+00
1.277779586794998146e-01 -8.218685876092199916e-01 2.595686780551619943e+00
2.439993126841097926e-01 -4.886828306681799683e-01 2.703310439170089730e+00
1.101146277717709676e+00 -3.989171967269700136e-01 3.695531818108889865e+00
7.118850914374919014e-02 -2.079744126074299371e-01 2.578498383350050105e+00
1.002075409682779750e+00 -7.891285238586500661e-01 4.019271583784740365e+00
1.678216341905600650e-01 -2.509510691769099577e-01 2.650860045117839903e+00
9.445274125986498071e-01 -2.575045041455599759e-01 3.232022359390669841e+00
3.295654642441991911e-02 -5.522845254228601064e-01 2.424647653739979702e+00
9.195269174019498060e-01 -3.863918375008200123e-01 3.440452030553689866e+00
9.312063930276799351e-01 -8.961039083658099980e-01 4.098712772620080713e+00
9.192027872312595882e-01 -1.987130729486699665e-01 3.153014197919300265e+00
1.264976924393149904e+00 6.544057248535001259e-02 3.491368809525289940e+00
3.036588331564700205e-01 -8.912302979467898734e-01 4.834131869471409715e+00
8.603529878111895179e-01 -1.096760824740799500e-01 4.597130608430530785e+00
9.713903630581695037e-01 -6.893771042758199963e-01 4.230332706585389957e+00
1.014534202388119866e+00 3.471010465445100723e-01 3.598123990819800166e+00
9.015738289083499168e-01 4.292991867785799776e-01 3.472524986784249812e+00
9.979725206507896740e-01 3.590742611331300682e-01 3.596989222198850200e+00
5.104104104416395948e-01 -5.277390292536899841e-01 3.493937596227719933e+00
6.324944143893795889e-01 -4.213655508655899107e-01 3.515274090902460014e+00
5.558307740127796936e-01 -4.730763136626499610e-01 3.493696565073619809e+00
9.109789745891898605e-01 -7.776167469401300547e-01 4.415174803820290705e+00
5.959841909734699961e-01 -4.381645307795400401e-01 3.503944330246169692e+00
6.654002447794100661e-01 -3.925766326125399996e-01 3.439264548779189745e+00
4.719648496627395495e-01 -5.263436878879299563e-01 3.569430569785740026e+00
6.438622675357397185e-01 -2.658749522460999715e-01 3.163975131793620221e+00
3.145477130553500089e-01 -7.888891309032699528e-01 3.120771535176369849e+00
9.393830860285699025e-01 3.833487354618900222e-01 3.456018910317149917e+00
6.182349437761096578e-01 -3.747778032774199408e-01 3.417855167972810193e+00
6.626389927573697047e-01 -3.587244777652500161e-01 3.348250948275869998e+00
1.319931911292799853e+00 -4.846182384220100170e-01 3.960391541498319956e+00
5.028137751988994708e-01 -6.149778015670099851e-01 3.084109959193260142e+00
3.491602489343594851e-01 -6.562261308978399876e-01 3.436054512158920105e+00
2.388385212868398000e-01 -9.736780358704999472e-02 2.963255728865080041e+00
2.649315788043495878e-01 -8.769026803604100806e-01 3.061806689158570016e+00
9.399846805796896465e-01 -6.574438593846100298e-01 4.395181668218990367e+00
1.035838358471570020e+00 -6.964278239479699817e-01 4.010269081604709740e+00
1.253341041272299838e+00 -3.018541524035099899e-01 3.556599435886900196e+00
2.404158176679196401e-01 -8.552257934723099808e-01 3.057031023167519734e+00
7.426288850606599379e-01 -4.114736550731600273e-01 4.905752385275739869e+00
-8.251791294232013740e-02 -1.227201879344759883e+00 4.568630573389679483e+00
-3.400446188593031493e-02 -1.224843838095140081e+00 4.559131317168770181e+00
2.727883424107697685e-01 -8.153348205771200341e-01 3.177664070515669792e+00
3.956063855435298926e-01 -4.285912674246199483e-01 5.037369799124669534e+00
8.629439574221895448e-01 -3.841662463349799772e-01 3.499091369192649736e+00
7.253191403810597127e-01 -4.624394530833899619e-01 4.902635879414779296e+00
8.832572587170799405e-01 -1.007712480646400177e+00 3.998650628068039836e+00
6.544918102016594741e-01 -5.529024524679100328e-01 3.857376121902820199e+00
1.333038310711939900e+00 -5.299816216684999359e-02 3.493068797904539835e+00
9.099227605861397450e-01 -1.934506036243099913e-01 3.145565749508739906e+00
9.800072642601198591e-01 -6.502034709192500150e-01 3.962531567925720033e+00
8.287161286391897530e-01 -3.701718638054600219e-01 4.737828157966850640e+00
1.000374713058289844e+00 -2.961019604646200065e-01 3.328418806705750299e+00
9.885510636916097216e-01 2.186113328473299755e-01 3.999918178958109749e+00
7.110456370214000010e-01 -2.901707354631700153e-01 4.934475311736600034e+00
5.102396910989597245e-01 -5.915600284922299945e-01 3.102309873273759955e+00
4.775314986988996591e-01 -5.151657561214699754e-01 3.127069983664940267e+00
1.024936172794129741e+00 -9.245245954493400697e-01 4.188219283888310329e+00
1.087480701185959964e+00 5.772766898760051113e-03 4.417538042110839669e+00
1.107150998114959650e+00 2.877944681394300486e-01 3.706760387256000211e+00
9.181607625678800400e-01 -7.136886470198500199e-01 4.236032791830440125e+00
9.081642732068897494e-01 -7.187324609640399764e-01 4.225944794960030393e+00
7.600210786696399712e-01 -4.067769474363399640e-01 3.478016149561719672e+00
8.302173343474696932e-01 -1.630193050104000174e-01 3.065661317376009887e+00
8.937146982777199877e-01 -9.717981479125199495e-01 4.041573022528199388e+00
1.367050967752759583e+00 -4.859909640109299489e-01 4.019478591631480136e+00
6.240633711925096527e-01 -7.246275190990500992e-01 3.767627161085929988e+00
5.265714490015394045e-01 -5.165949246034700071e-01 3.665620550665339650e+00
-3.473256742353703075e-01 -4.533547760017501149e-01 4.988178815087890072e+00
5.185637777831897388e-01 -4.669751840019499833e-01 3.404116535439249969e+00
1.022753345132059621e+00 -5.706603088286199554e-01 4.390147315025139996e+00
9.802602021075796923e-01 -5.692110331023799707e-01 4.006977857510739760e+00
4.767711021963501050e-01 -6.755863635578900350e-01 3.304470655702569815e+00
1.357137684555409951e+00 -4.896302852988499987e-01 4.018080651092070354e+00
1.341657972192793480e-01 -4.611802953270100480e-01 4.975286407098559849e+00
-5.782016227324016100e-02 -1.115731683404360020e+00 4.773526042692280313e+00
2.886092356759100142e-01 -4.103927000762800925e-01 5.057780469915249988e+00
4.762125459469097599e-01 -3.954353228199099513e-01 3.404650355352170088e+00
9.877149484279397207e-01 -9.207691687053800589e-01 3.964165365725579981e+00
6.834424972031596379e-01 -3.420655127897699876e-01 4.929408457272920430e+00
4.943785073447897194e-01 -5.063445339334700090e-01 3.507281766380369703e+00
7.867794681493398556e-01 -1.139682236758599587e-01 4.699503739982899830e+00
6.517646370566898550e-01 -6.206607835296600317e-01 3.785821686950550102e+00
1.151093784173689905e+00 -4.592278249200099638e-01 4.259159851661149077e+00
1.011129184992919816e+00 -8.390511783267700086e-01 4.279269517905239795e+00
9.701542676075898264e-01 1.522160128138400625e-01 3.984760054185810141e+00
6.759253454454499099e-01 -8.211656455380499375e-01 4.505068726521550104e+00
1.034147148824299478e+00 -6.711251202410100092e-01 4.070546953218260100e+00
1.009365068038459823e+00 -7.867245591063400934e-01 4.244591091244499736e+00
-5.183973831028065860e-02 -1.093114792926280110e+00 4.617364649193960169e+00
1.028033876413609660e+00 -9.677937605662000342e-01 4.213875698426590155e+00
-5.564255518987780036e+00 -1.184612309658280349e+00 4.291456054433458789e+00
3.253141296184995923e-01 -3.785584904788000249e-01 2.886019458145740124e+00
-4.285691198569420379e+00 -1.249932833320180015e+00 4.545898392190460768e+00
-4.412316053884390854e+00 -1.275381047370490295e+00 4.532526842623550323e+00
2.772218202077296745e-01 -8.510265748062200153e-01 3.166318599449109872e+00
-4.100059841005240457e+00 -1.576045672429850164e+00 5.493293300139240110e+00
5.447249577784096797e-01 -7.254447578125600149e-01 3.066431898104029941e+00
1.227363285683539917e+00 1.433880329030023937e-03 3.448090285347980011e+00
-6.296839847332119433e+00 -1.169097996495940261e+00 4.300776916279959394e+00
-4.160682386451910020e+00 -1.416886644598670086e+00 5.572367807860670652e+00
5.232017613916095655e-01 -7.176763996433599413e-01 3.051562644189390383e+00
6.916617327502996293e-01 -3.195853606524600155e-01 4.684760373983859694e+00
-3.962769430545370231e+00 -1.327533954828509888e+00 5.793099629432130193e+00
9.980218879285096545e-01 -6.943704699565800276e-01 4.337649516931129767e+00
-4.143908536276839527e+00 -1.533258173785769785e+00 5.662597372463319623e+00
7.209000611300300232e-01 -8.052891327032000168e-01 4.507351285786089790e+00
-6.170911035223904939e-01 -1.133839958489269995e+00 4.530263826214989464e+00
1.255322922996799928e+00 -2.139981698226994800e-02 3.439852202126959746e+00
-4.454270340418091223e+00 -1.598489611446360037e+00 6.188355228395490570e+00
1.039127223099979513e+00 -1.001155534962089977e+00 4.191484459940020280e+00
9.886110736751296812e-01 -1.641825276204299522e-01 3.318211504139710222e+00
9.261091100647997898e-01 -9.381945208174400364e-01 4.036851803468639588e+00
8.546767502046499487e-01 -9.614043640639299282e-01 4.335698995638829878e+00
8.403985020854896071e-01 -3.555675853618099902e-01 3.366040554393030071e+00
1.053782435854999644e+00 -5.753933737708699647e-01 4.097201174276280611e+00
7.285609459733599635e-01 -2.909386275482200301e-01 4.921911473012720251e+00
1.031563826940079753e+00 -6.901945875749200265e-01 4.248206679193040181e+00
