-9.671097085445998776e-01 4.263506970773607296e-01 2.498639513516530464e+00
-7.789496302307801212e-01 4.129717297180199864e-01 2.455600426390819990e+00
-1.025430069732160332e+00 -2.913958645572800599e-01 3.198445872647080357e+00
-9.373520771709198396e-01 -2.865878973893998261e-01 3.062246158872490298e+00
-1.080263810821850301e+00 -3.639342545981698596e-01 3.244191654589990037e+00
-1.076195331622650242e+00 -3.205321526721300884e-01 3.268514466288010123e+00
-9.075612664686401043e-01 -2.304429118992399328e-01 3.100196991520660195e+00
-1.169450406810810028e+00 2.332876695035903669e-01 2.889548790670240397e+00
-1.102836191817769818e+00 1.799725964829501645e-01 2.958166037226790390e+00
-1.038166499399190590e+00 4.528079894779701853e-01 2.448795559573889946e+00
-1.020801953574819843e+00 1.956258557009000754e-01 3.017572409701940295e+00
-8.633290122317001103e-01 9.428474220306015674e-02 3.158599497747680118e+00
-9.035064382445197051e-01 5.168191254441201199e-01 2.290864999666050394e+00
-2.933459300622496269e-01 4.823856590860302607e-01 2.245923895463840303e+00
-1.543944040299799925e+00 1.831705474962399549e-01 3.101444726248320016e+00
-1.499016862801039851e+00 1.780726561787198126e-01 3.045489872642040297e+00
-1.103191882948049818e+00 1.774244646580303009e-01 2.959238071764690226e+00
-1.050831527714380043e+00 4.466131862445001932e-01 2.447568763405110204e+00
-8.756723715494001414e-01 5.924287384688795566e-01 2.138417421726740208e+00
-7.070130738796402969e-01 4.420228739451601552e-01 2.336638521617010245e+00
-1.510654067132980005e+00 1.677403725073798313e-01 3.234651873334600136e+00
-1.765506170181150081e+00 2.045028952257699206e-01 3.086472093823260376e+00
-1.472630693491479681e+00 1.478998355393199571e-01 3.104803279762120116e+00
-1.254549593490589698e+00 3.929475991228992271e-02 3.180287351959400155e+00
-1.531137178137260468e+00 1.783863990767804442e-01 3.229436173410310307e+00
-1.185978382863779990e+00 -1.764106476350202346e-01 3.269591894749050098e+00
-1.034866730434589988e+00 -2.116754815247900989e-01 2.880666605582610451e+00
-1.034706402166220007e+00 -2.110281043344597318e-01 2.879857009040860394e+00
-1.247843454004270436e+00 1.325699578845007665e-02 3.409199593134940365e+00
-1.101583692141270054e+00 1.851191585864100375e-01 2.966907800962970132e+00
-1.039676039324369805e+00 -3.647808202005700107e-01 3.199893147844130148e+00
-9.305681895936197545e-01 -2.433789502330199195e-01 3.086070918522830553e+00
-1.030387209893760092e+00 -1.570287323357997256e-01 3.203708246405320370e+00
-1.040317473727500053e+00 -4.004351053043397890e-01 3.155833816350880117e+00
-1.082325691534239853e+00 -3.158018035326000117e-01 3.282116343192980068e+00
-9.360328300860902839e-01 -2.835553342619696604e-01 3.060046339728520248e+00
-9.721968510111202999e-01 -2.645950240175600765e-01 3.137769718423610410e+00
-1.033748599384210154e+00 -2.936197886097298149e-01 3.201743597218580373e+00
-9.724766068087904447e-01 -2.636491046545497152e-01 3.136475022628030018e+00
-1.343419475424160181e+00 9.262771010576043018e-02 3.350774849240500508e+00
-1.200836950598030084e+00 1.006181539213013565e-02 3.395934455826450371e+00
-1.604042516918300132e+00 2.986932446307799527e-01 2.869257737577790124e+00
-1.501050343166790091e+00 1.733312598451297593e-01 3.050085470994920556e+00
-1.077245271126980652e+00 8.094632653446032222e-02 3.005045158837789998e+00
-1.068685511478479677e+00 8.639403360880026916e-02 3.005444284995060222e+00
-9.665297323867603208e-01 2.312794028544007396e-02 3.597512430132290273e+00
-1.037516970973100472e+00 -2.353192479554195859e-01 2.900387481714340243e+00
-1.043975198569440321e+00 -1.562571598810797990e-01 3.479579238389290285e+00
-1.119622185876169906e+00 -3.318473724284998205e-02 3.488568785325540489e+00
-1.053502565652460143e+00 -3.656757233826197773e-01 3.199281487811860281e+00
-8.893749433275999206e-01 1.527117321783599824e-01 3.001123356916480134e+00
-1.754822839257110134e+00 2.263091444017297782e-01 3.095822359905010313e+00
-9.825802124305098584e-01 -1.098282960915502038e-01 3.521462274575170248e+00
-1.280323356650650224e+00 3.543150305923004062e-02 3.340255195889240358e+00
-9.467942920014797981e-01 -1.724108028168798157e-01 3.511900981243770481e+00
-1.090363530343860132e+00 -1.139421305244201488e-01 2.959114195828510319e+00
-1.310450343196849721e+00 6.294273382263027017e-02 3.369387450837040276e+00
-1.186943216862030637e+00 8.040547293533029105e-02 3.226092747930950466e+00
-1.253102137101830271e+00 4.347316633204978409e-02 3.176288266824960349e+00
-1.033698321730790015e+00 -1.532441279475096341e-01 3.216825903283200283e+00
-1.150542333387520211e+00 1.889782171614802220e-01 2.935597135198880103e+00
-9.648659819705500684e-01 2.409471554973019458e-02 3.596737159991140409e+00
-9.036857790461600981e-01 -2.271995887017197457e-01 3.074775932129710121e+00
-1.508619427555920156e+00 1.706042805483598546e-01 3.051375115653820469e+00
-1.040190761886480297e+00 -5.246597266363961509e-02 3.528149181701540016e+00
-1.253798318779659970e+00 3.926418630658035092e-02 3.184688602151210191e+00
-6.913378885878602720e-01 3.612173105507403559e-01 2.490064407813190606e+00
-1.088540824141600138e+00 -3.653988188732797404e-01 3.251750919997610012e+00
-1.120355958492549986e+00 -3.747360336095018063e-02 3.488510973559050488e+00
-7.423567175738805535e-01 -2.098022446563985177e-02 3.748102742889390271e+00
-5.699504372518304773e-01 -1.803588197893097878e-01 3.658594592498180198e+00
-5.559966187054203868e-01 -1.785400713747398171e-01 3.656839653738870322e+00
-9.419073764499603652e-01 2.065190525794002863e-01 2.863252194829820407e+00
-9.548669525249000589e-01 -1.716775177521798756e-01 3.511759193942210366e+00
-3.750702762252899891e-01 -2.539958378319699950e-01 3.580482415115320283e+00
-3.884531995331299559e-01 -1.646688806227298851e-01 3.602783092803570231e+00
-3.533509937419700986e-01 -1.556376583305296712e-01 3.606232173187000178e+00
-3.885005508197403312e-01 -2.642407747348998193e-01 3.564645427778280418e+00
-7.380998156166496127e-01 4.328262494440300312e-01 3.957934398000890308e+00
-1.272258633772490155e+00 3.503511391247027262e-02 3.256701393122790389e+00
-8.798371812646601509e-01 4.122828212793001601e-01 2.382385216074170309e+00
-2.124652143635203938e-01 5.502595171702002741e-01 1.968083840251940497e+00
-9.426148978680906065e-01 -1.889998575462896735e-01 3.507836241333510241e+00
-1.541718531205560128e+00 1.639796020768800044e-01 3.072973996848910261e+00
-2.004467627997501555e-01 8.175295413712098114e-01 1.714180640031730318e+00
-9.409301534180400939e-01 1.672344803257199697e-01 2.783968896877690113e+00
-7.220617681372998309e-01 3.332755180711002296e-01 3.919489899690400403e+00
-1.221886103388939881e+00 1.367063205290031114e-02 3.296496720335980068e+00
-1.100390488548209644e+00 2.127767596253897775e-01 2.967223103227390357e+00
-1.034029196947369611e+00 2.978668073416299578e-01 3.683659297847730496e+00
-8.160568536720804733e-01 9.041383283996018427e-02 2.947906334968640074e+00
-9.343138207319203747e-01 2.587357615632404073e-01 2.873764346765860012e+00
-4.985129532648600037e-01 -1.623498467371398135e-01 3.657266734344850168e+00
-1.049540167137410718e+00 4.623355023748303427e-01 2.451901955226659879e+00
-4.508990987113701276e-01 -2.665208222713697506e-01 3.550674258657680493e+00
-1.135293966348510208e+00 3.918682284668102422e-01 3.662703078628050335e+00
-1.028593560728620071e+00 2.866197751843804209e-01 3.678536865949080248e+00
-1.032561918877550111e+00 2.953894685298901202e-01 3.682678402519619976e+00
-1.094981509033600142e+00 2.886412369081206020e-01 2.779427431676560367e+00
-1.313962849406589806e+00 6.300002121897008145e-02 3.365406737644040192e+00
-3.187040289757800959e-01 6.323087770302195931e-01 2.002451720710370253e+00
-9.642002664268305434e-01 2.768257638609039617e-02 3.599843659115880001e+00
-7.506753010902496026e-01 -1.283821293555298393e-01 3.691678957100510416e+00
-7.508746433456601199e-01 -1.306147174456198101e-01 3.693234189268360002e+00
-1.084282768090970128e+00 -3.817913371512896559e-01 3.236777368598020121e+00
-1.092930245789610177e+00 2.903547171702698382e-01 2.780450957107480470e+00
-1.127378146159220274e+00 3.998905061108202208e-01 3.667299914305650166e+00
-1.082015968370149794e+00 -3.215016055057502431e-01 3.271659757862750428e+00
-1.067715583960639814e+00 -1.981416176882000446e-01 3.440635061887380441e+00
-1.334238103245250384e+00 9.375093311051019285e-02 3.355227446948780390e+00
-1.029077406474890433e+00 2.819088814003898325e-01 3.673196119230000001e+00
-9.126161101584500113e-01 2.360499208947899330e-01 2.858266140715770121e+00
-1.155777996923470274e+00 -1.619974797513497045e-01 3.229730136379590277e+00
-7.937341974358000929e-01 4.029253803366799058e-01 2.453887912944890282e+00
-1.246829252370450059e+00 3.481663486523012274e-02 3.220458765030890458e+00
-4.538124661202898036e-01 3.537506960672698320e-01 2.290937391774940046e+00
-3.748795731336798109e-01 3.229959626194802702e-01 4.180428210243800180e+00
-1.213296426558960084e+00 4.365693748284016351e-02 3.329207190192240429e+00
-4.051087971174600622e-01 3.063605555708599493e-01 4.125013610056550206e+00
-7.163589524957798549e-01 3.450108954801400785e-01 2.506680209111330271e+00
-4.757721596492301419e-01 3.744338405475700071e-01 2.246989896817870314e+00
-4.569686776804899875e-01 4.302958016567501875e-01 2.325758334756080181e+00
-4.369162843053204792e-01 4.370592066935203857e-01 2.316689469894200215e+00
-3.151535363866699857e-01 7.458410474952896774e-01 1.780852208747160104e+00
-4.061238594195903939e-01 -1.524607064460299366e-01 3.569717717638890342e+00
-3.658098848715602980e-01 3.344213711465602312e-01 4.130003215154999907e+00
-1.022876358194759971e+00 2.841555934048001220e-01 3.682195015757820489e+00
-1.192173350356519945e+00 2.417156893211196422e-01 2.919141660167450247e+00
-1.011885028108360229e+00 -4.367042962067979595e-02 3.534863488500980200e+00
-1.081153451641990282e+00 -3.143762391057096650e-01 3.283191071358400492e+00
-7.971422508159797804e-01 2.478836510692203898e-01 2.689935845781770141e+00
-4.676105828893304395e-01 6.300734016135904891e-01 1.984259710759330275e+00
-3.778454410513198969e-01 7.680694073743998818e-01 1.690612090621240293e+00
