-8.360889958207398109e-01 -2.631398044344401832e-01 4.144221821522119598e+00
-9.795365404299798406e-01 1.276329228483199518e-01 3.180094875675339772e+00
-6.220469736497693525e-01 -5.245933618250002706e-01 3.699165102658669824e+00
-9.857158181402194685e-01 1.231359814191599344e-01 3.175381960006339988e+00
-1.068844774172529544e+00 1.368581191317999046e-01 3.157166801744809792e+00
-8.786833397364297582e-01 5.328342908413599144e-01 2.146001421102729623e+00
-1.225618727173459988e+00 -1.567462822666402245e-01 3.887320879592619960e+00
-1.494608563395139811e+00 6.761009685504395517e-01 2.605908944016399609e+00
-1.244179244804000106e+00 -1.575655510113599389e-01 3.956883680045959917e+00
-1.174416496154929490e+00 -1.690621939030003684e-01 3.936754975717689842e+00
-1.359492852970599852e+00 6.590960185658396586e-01 3.737158772023599695e+00
-7.659391297239199758e-01 -2.649102740165600878e-01 4.148809552922740451e+00
-5.105151225205197818e-01 -1.822170473150800385e-01 4.203955265632299820e+00
-2.813400362252949094e-02 -3.408365058075200071e-01 4.167856444554569606e+00
-8.303935210755799545e-01 -3.631037725281602846e-01 4.009375209691500075e+00
-8.544576469593199164e-01 -2.274806288942003984e-01 4.067703647932340516e+00
-9.151715669278193133e-01 -2.147139354873999206e-01 4.119665814746819699e+00
-8.867704763399801848e-01 -2.256879142604002464e-01 4.073339735328559641e+00
-2.052523045346696939e-01 2.493726163253997541e-01 4.415068647338509678e+00
-6.352201058275794843e-01 -2.045334825350402230e-01 3.952834364244999676e+00
-9.973867481568094995e-01 -7.406523053556024472e-02 3.636853572278949898e+00
-1.049675930656492895e-01 -3.277819480015600195e-01 4.124767352076269766e+00
-9.002883789565974126e-02 -3.162328249242001288e-01 4.116524867946219857e+00
-4.844067920922898729e-01 -3.946335925545998435e-01 4.115583823863169677e+00
-1.048993391856399615e+00 3.328841186721998024e-01 2.545839827662820021e+00
-2.093823300227599660e-01 2.253040960794399084e-01 4.417167827227619803e+00
-9.533540002019997850e-01 -1.978813170452000669e-01 4.109220499257699721e+00
-5.886712063258698890e-01 8.481429629019987537e-02 4.304179014851709617e+00
-2.572976343518997844e-01 -3.595736501948001429e-01 4.224329143208080062e+00
-6.333445182454098266e-01 -2.029356248646001504e-01 3.948314642933949958e+00
-9.198445318633199363e-01 -2.155233241325202886e-01 4.117279322300439581e+00
-5.083265650089598964e-01 -1.771832213377999565e-01 4.205170405008719747e+00
-2.523923547203996698e-01 -2.903609570261602713e-01 4.213614318251419633e+00
-2.516207012756699335e-01 -2.924642975422000468e-01 4.215171059311890289e+00
-2.495456166533598363e-01 -3.442881966445603403e-01 4.209706258024319858e+00
-5.851751328565697463e-01 6.902215371591990944e-02 4.292907835772109770e+00
-7.266779515867796135e-01 -2.609504825621200563e-01 4.037145407287719756e+00
1.909296336355503776e-01 2.517909851947599531e-01 4.519191398901590162e+00
-6.786292074333597490e-01 -2.677246474040402280e-01 4.147298423611220031e+00
-1.341076484480089537e+00 6.996662887007976117e-02 3.429077416934950051e+00
-6.267457153604101272e-01 -4.305086155158003303e-01 4.104500475516729807e+00
-6.256364235106293137e-01 -4.277309385484002746e-01 4.100478615019689244e+00
-3.295548563958501376e-01 -6.403489018862800197e-01 3.736654944221049490e+00
-8.245651852772102330e-01 1.079235108372000873e-02 3.384210467020849933e+00
-8.375437618880097190e-01 -2.219106753981999747e-01 4.046539832952829485e+00
-1.177498678128100273e+00 -1.643623932310003255e-01 3.934155482639799750e+00
-8.475002217034095509e-01 -2.416746626891203009e-01 4.043041899187389987e+00
-1.201231312898239700e+00 6.379450769525598641e-01 3.919242491673039730e+00
2.840879124148010249e-02 -2.736480820982400974e-01 3.969890296990379763e+00
-1.061901560893359520e+00 -5.123512343492042653e-02 3.661076938841699935e+00
-3.769425633627498939e-01 -2.982918048096002694e-01 4.059513628979429356e+00
1.788897835780698387e-01 2.603666583134798262e-01 4.468822966994990153e+00
-5.259564952190198817e-01 -3.149319530798000422e-01 4.149091681857600022e+00
-6.182931414183396868e-01 -6.892028086808001941e-01 4.012392041491439798e+00
-1.222659210529129403e+00 5.751604699470800330e-01 3.899608713381849778e+00
-1.226025302099889913e+00 5.767543116091597977e-01 3.896009544829709625e+00
-1.191098813319759309e+00 6.356382437820797815e-01 3.910739442821260070e+00
-5.270996282751498896e-01 -3.151123033778400195e-01 4.149336050137289789e+00
-1.237212437072329863e+00 -1.700685879218001295e-01 3.953467213524149759e+00
5.791743008513039470e-02 -3.556930354914801251e-01 3.924095755656229478e+00
-1.343501032283919372e+00 7.747901642363963504e-02 3.416557460195819740e+00
-4.685030035243995528e-01 -4.142145060307200755e-01 3.945118095778619605e+00
1.468829557045401302e-01 -1.572965712995600951e-01 3.750630328856199736e+00
-4.456968801832696947e-01 -4.831372003443999974e-01 4.009723584606770252e+00
3.899104622066604797e-01 3.734709075938800193e-01 4.171854128907719783e+00
-1.205684160721200104e+00 -3.239907907568029266e-02 3.982017571806419909e+00
3.683622306440006433e-01 3.778815385715998953e-01 4.065816865900679922e+00
6.574211196728600992e-01 3.827708502997999584e-01 3.916751701870380131e+00
-1.513606873795569019e+00 1.042076659384399528e+00 1.957277428675429753e+00
-1.496068134524710214e+00 9.472461104493599127e-01 2.069791180297969824e+00
-5.066989903063694456e-01 -3.368723377804802022e-01 4.133880567023349606e+00
-1.351546262073969995e+00 4.982628822573997862e-01 4.238998791180089931e+00
-3.351126910998996067e-01 -2.510956849068001207e-01 4.176761795075940142e+00
-4.423045607152498171e-01 -2.055352665282803581e-01 4.186129528626830520e+00
-8.606682910782192941e-01 -2.893638488106002882e-01 4.091600730308079470e+00
-1.015004353754899391e+00 1.928268229125198463e-01 4.334836122561640082e+00
-6.498371338816895104e-01 7.067775046115998272e-02 4.286138643850129881e+00
-5.234866541589799915e-01 1.769092142812001001e-02 4.265066387017999894e+00
-3.039208761352698573e-01 -2.233536848623602911e-01 4.158910687520290139e+00
4.124977756269032625e-02 -3.485266043733602492e-01 3.914005338127809708e+00
-5.468049243972696871e-01 3.420501968725999653e-01 4.405146135798569951e+00
-1.024501501896769806e+00 1.340604917104799565e-01 4.343626442835669899e+00
-1.174952821414639637e+00 -1.634628892567200342e-01 4.077519095702559326e+00
-4.664683488375493958e-01 -4.087761764256401253e-01 4.070655600158769261e+00
-6.458789732510497039e-01 -5.366391867525202031e-01 4.050802959202670195e+00
-7.785040954749793407e-01 2.359953847015596740e-01 2.875689572354539703e+00
-5.149242852637394563e-01 2.826563063075198112e-01 4.360437225179300214e+00
-6.240307497001995607e-01 -4.263239789033201887e-01 4.101041300429879577e+00
3.773779968271018248e-02 -3.556742670892402147e-01 3.920813409589589682e+00
-1.365072463568169692e+00 5.064725917339996109e-02 3.508410900048529957e+00
-6.759594344291901535e-01 -2.431511109851599572e-01 4.154432909411170272e+00
-6.792760860052897698e-01 -2.529342989895602134e-01 4.159767943178730221e+00
-7.491098468777490638e-01 3.853099442023197874e-01 2.395453876381589797e+00
-1.493630623691479364e+00 8.747376790815992731e-01 2.266346304483679575e+00
-5.766159188294301963e-01 7.292224884515996486e-02 4.298908666031930004e+00
-9.495059992569898633e-01 -2.259111623366800714e-01 3.971110407726929914e+00
-8.864901003880900632e-01 -6.333207973803989255e-02 3.655280894130809699e+00
-6.838386163767902204e-01 -2.630310291950000989e-01 4.167163320756089639e+00
-6.804286045373797442e-01 -2.703579909224800293e-01 4.148283556302319930e+00
-6.499538923624901265e-01 -1.016713160252002979e-02 4.244441922049229987e+00
-8.419642399521500842e-01 -2.605720895712801966e-01 4.143780762727169886e+00
-8.385390201249793840e-01 -3.542418433074001616e-01 4.006630807561199603e+00
-5.645272752827192875e-01 -3.622693244862804640e-01 4.107318506910699440e+00
-6.241626841153298244e-01 -4.276151431206000053e-01 4.101232660309389821e+00
-1.064688466377209597e+00 -4.871261056688025448e-02 3.663903515200609640e+00
-7.409367530706596483e-01 1.138016947141198276e-01 4.405198226445520504e+00
-1.399995596165980238e+00 4.939840462520799225e-01 4.269428743177099861e+00
3.209416266610800594e-01 2.911502977291999805e-01 3.928016185733519627e+00
-7.838967167900698918e-01 2.894330353207599238e-01 2.638402443522689822e+00
-1.157175575671539836e+00 5.440696876887998190e-01 3.897342157606179747e+00
-8.437809272186393983e-01 -3.556024704130800185e-01 4.009273822876219917e+00
-1.047811910349969455e+00 3.536482668205598312e-01 2.523811932668429847e+00
-2.592589131367795119e-01 -2.120311479725602855e-01 4.251496849677000256e+00
-5.257549909008800704e-01 -4.353307237768002658e-01 4.057653853588419679e+00
1.096536662913460081e+00 1.689836393847197193e-01 2.728362721196659901e+00
-5.472872319596695512e-01 -4.536021842125601555e-01 4.078538590281109322e+00
