-6.933671830252405854e-01 -4.707302976057001764e-01 4.351808773720230228e+00
-9.099777974367300182e-01 -2.831241479557500274e-01 3.844539796234550000e+00
-1.045542568402829886e+00 -8.816963190325011190e-02 3.393648503912120251e+00
-9.797269393840704055e-01 3.227568901631698850e-01 2.372755900940590301e+00
-7.601589451033099465e-01 5.214034413990196182e-01 2.029619086979510101e+00
-4.928127188455801999e-01 -3.200943940469701543e-01 3.944674140066250168e+00
-1.123780622637099658e+00 -3.963791600902001333e-01 4.203500531720580469e+00
-1.055490993584169868e+00 -4.024764721815300428e-01 4.176976426816920274e+00
-1.077930616351610027e+00 -4.011429521515801344e-01 4.305481072621829775e+00
-1.163121068441209882e+00 3.445563797386597127e-01 4.143592094112070079e+00
-3.720521658807900423e-01 -3.360560408418201694e-01 4.393726295659030612e+00
-7.745985519650799844e-01 -4.167084633044801922e-01 4.338147925041189623e+00
-7.650392163323802563e-01 -4.390772769632300676e-01 4.222302847283160077e+00
-8.218491756171197871e-01 -4.091136082968200860e-01 4.333559154517519829e+00
-3.711431098804496287e-01 -3.680299713529601169e-01 4.382382509203660348e+00
-6.925033998249201517e-01 -5.697566723489800866e-01 4.216155265454999856e+00
-3.699253453384296897e-01 -3.640146961400001491e-01 4.380759805032459653e+00
-8.109871555513015196e-02 8.809759552212992340e-02 4.568189492788779837e+00
-7.088081928427496514e-01 -4.940136490898601185e-01 4.225659782504239459e+00
-5.159679032388302389e-01 -3.966391178744002044e-01 4.143356937233590109e+00
-7.882532456235500362e-01 -1.836409983887100639e-01 3.529742167449339885e+00
1.769199727857500015e-01 -4.165325802887600570e-01 4.123617805484990129e+00
-7.012215399787202763e-01 -5.708648479029703182e-01 4.209381260469649888e+00
-5.190619362864801190e-01 -7.313881032650600966e-01 4.236436578602440051e+00
-8.317723008252997374e-02 6.378051029746001355e-02 4.570451450471670007e+00
-4.594635311321297877e-01 -1.051247895334701532e-01 4.491435462576180093e+00
-6.399879778180204148e-01 -5.173584700805000658e-01 4.225537116966110673e+00
-8.782948166091100184e-01 -4.182642935338402035e-01 4.254981749632319676e+00
-3.688761720675102218e-01 -3.600576908888999395e-01 4.383251311852539800e+00
-7.281497079800698380e-01 -3.937127263972401980e-01 3.905152751597730010e+00
-5.281079202275100748e-01 -7.598616997926600503e-01 4.141762538138589633e+00
-9.798484970768299718e-01 -2.675064309801502560e-01 3.888372833698329867e+00
-5.358203664850997860e-01 -4.681115623242102508e-01 4.346936881420459642e+00
-5.363995280934394927e-01 -4.632663085667599878e-01 4.340428277666710244e+00
-5.442329282333200346e-01 -4.611207630873801477e-01 4.327733368297270289e+00
-6.921618629478101248e-01 -4.414366085312700916e-01 4.332564683715509624e+00
-1.283456700838740083e+00 -1.819942482331898814e-01 3.706808477188750395e+00
-1.285768316148689916e+00 -1.761034589306501585e-01 3.688740354047070014e+00
-3.227978599102301338e-01 -5.464882858100700291e-01 4.269041047761420238e+00
-4.764464432859898402e-01 -6.215397837160099304e-01 4.291670556183939667e+00
-4.759256532549702712e-01 -6.186791780012301789e-01 4.287588021015169559e+00
-5.319611540583299991e-01 -4.579556674293000507e-01 4.352456018320140174e+00
-1.133824084609579952e+00 3.652178840302700014e-01 4.178040317937449899e+00
-7.251454695796701877e-01 -6.084550366841000590e-01 4.236566818252830657e+00
-7.725661852236096472e-01 -1.955396907408502027e-01 3.596304587758480054e+00
-5.999647673071604181e-01 -4.363393513175899407e-01 4.251274896344529708e+00
5.221837280650798441e-01 2.076074553226598951e-01 4.269732453252619742e+00
-3.712617135713798255e-01 -3.446936662531100426e-01 4.390717871711049547e+00
-1.145055664624900160e+00 4.001438817598801378e-01 4.168903813093679744e+00
1.378794785030996728e-01 -4.159471519641301240e-01 4.111935668815629441e+00
1.440738909282095470e-01 -4.122228548271100745e-01 4.102236228956259723e+00
-3.941199455953796615e-01 -7.869013269647698872e-01 4.176999555076589488e+00
4.750501732904004459e-01 2.464382933639899242e-01 4.236703215333699646e+00
4.682031290768797760e-01 2.265105074965498844e-01 4.237042651625650080e+00
5.167976509968004173e-01 2.007668476947499503e-01 4.269611723926690416e+00
-4.284331798931297897e-01 1.561365740631199817e-01 4.591879993060359766e+00
-1.167156710234859673e+00 3.372725276134098671e-01 4.147513208594929779e+00
-8.894029827707199409e-01 -4.170693477737202892e-01 4.293588637127990104e+00
-1.135601296648269809e+00 3.986317854905796487e-01 4.159490026987549882e+00
-4.242798874253703723e-01 -4.928343179063101598e-01 4.312778302457269675e+00
-1.244271740334639276e+00 -1.724785894238101136e-01 3.555801804833260249e+00
1.810730679406500343e-01 -4.943104929081101329e-01 4.050035150574619713e+00
-5.468466302145693625e-01 1.862842495758496586e-01 4.605135683852600081e+00
-1.289896709608580050e+00 -1.687790358775201893e-01 3.676559511749809772e+00
-7.228899378946902488e-01 -2.391863147145200097e-01 3.774655978357090103e+00
-4.245169382101097177e-01 1.033377077942998490e-01 4.549464929864470264e+00
-2.498322114148976425e-02 -3.704368887536602095e-01 3.944111954543510379e+00
-6.729760239459814386e-03 -3.450678654015501001e-01 3.921461423831849924e+00
-7.170006043284997688e-01 -2.232733434540400408e-01 3.755058206351730377e+00
-7.285918265679098837e-01 -6.243891747671701520e-01 4.252253728893339968e+00
-3.288826731650993374e-01 -7.667418490951201093e-01 3.990731103609809871e+00
-1.354120404820809753e+00 3.322101637898600135e-01 3.988213576485749812e+00
-5.215677110908201186e-01 -2.952386054151399097e-01 4.406379764616340289e+00
-1.288558501384609922e+00 2.305022316704097296e-01 4.538520079044720212e+00
-7.363476344468602441e-01 1.055762165324398705e-01 4.592366332985020172e+00
-8.881479293405800668e-01 -3.007581810965986868e-02 4.561890116844390164e+00
-8.912985646556497166e-01 -5.771891421578012604e-02 4.563174594618470081e+00
-3.429227484294599115e-01 -6.951797021245100794e-01 3.981612127445280258e+00
-1.145194786641896556e-01 -3.462395243877003370e-01 4.415519329885669642e+00
-1.666695112581400018e-01 -3.903912210012899786e-01 4.318092251065410281e+00
-3.156174658204600192e-01 -7.462011890741699904e-01 3.961565851667430138e+00
-7.318009870743198420e-01 1.396935511358599058e-01 4.583104596154470300e+00
-4.281699393558602296e-01 1.544022719760700380e-01 4.590348895009429775e+00
-8.923035473362501691e-01 -8.940986837461006864e-02 4.571008691976089722e+00
-1.301585194707810089e+00 -2.064212150445499105e-01 3.767895831946350249e+00
-3.220733709849401549e-01 -5.875628425749301886e-01 4.243492435586669664e+00
-5.234260332343096955e-01 -7.315415814744301581e-01 4.056930172287069425e+00
-1.249101542054949832e+00 -1.502098203688503331e-01 3.539981003013680017e+00
-7.906665787810500667e-01 3.331507600875993624e-02 3.087650066768039991e+00
-1.561074237130489983e+00 4.484774888244900115e-01 2.746067997961050278e+00
4.029386118328199817e-01 -1.824694616027000560e-01 3.418405198447239890e+00
-4.147159208441300038e-01 -8.735185309933499731e-01 4.086266520002469704e+00
-6.420377152712100077e-01 -5.119976874804900158e-01 4.224680036750330103e+00
-7.392604957172399516e-01 -5.386367375536501578e-01 3.872745891237830307e+00
-1.384641625138510079e+00 -3.215608172994600666e-01 3.993757390168739985e+00
-5.914889777441598717e-01 -5.350530617084702234e-01 3.646932434445409932e+00
-5.860672968245301817e-01 -5.242514559965999466e-01 3.632460877131600263e+00
-6.142339805153298471e-01 -5.042086197829599437e-01 3.703833095295669953e+00
-3.943430779797294505e-01 1.024691032919096134e-01 4.548553993525030315e+00
-6.536996899851197362e-01 -2.152831407596011992e-02 4.528112367920569703e+00
-1.295047120665239859e+00 2.356262640639199546e-01 4.537015602015269877e+00
-9.092164986769000201e-01 -2.996484814835400634e-01 3.893146773958489959e+00
-3.438456050729294944e-01 -7.320011835311900361e-01 4.007771690964149869e+00
-1.080519571461024952e-02 -3.573478664214398970e-01 3.935696419866069995e+00
-1.425940935937479725e+00 -5.086239102033802695e-01 3.747675723444789941e+00
-2.281989940553801333e-01 -8.327710408466402203e-01 3.946441974678630338e+00
-7.241045479411800656e-01 -4.677858256743399057e-01 3.773713462227290094e+00
-1.285337076993180006e+00 -1.803008946829401937e-01 3.695909205558529642e+00
-1.316442962054530152e+00 4.062029279687300320e-01 4.001753736182580568e+00
-5.227368090761999042e-01 -3.028162349107599294e-01 4.402423910611400260e+00
-8.169488774430795353e-01 1.851853103427896219e-01 2.608035769318640007e+00
-1.605216065002739612e+00 6.164500597544797511e-01 2.551777303541220121e+00
-8.905247865626697568e-01 -9.025789660707994599e-02 4.574181889158369430e+00
-5.923446567444603517e-01 -4.573069122530402097e-01 4.235384711888600329e+00
-8.035128298313098938e-01 -2.746028392040901212e-01 3.871258462096579755e+00
-3.479202241667795903e-01 -6.907546249862899224e-01 4.112953511010280394e+00
-5.251046476519198869e-01 -7.332975723069500296e-01 4.063837452314549736e+00
-7.080519427413900502e-01 -5.319949119658701209e-01 4.262235482279230325e+00
-3.821497570742002914e-01 -7.902527865093100790e-01 4.150985310698040109e+00
-6.994361818968699573e-01 -4.686186700583901965e-01 4.351929057175589755e+00
-7.015164240436995158e-01 -5.615392862385399919e-01 4.214243552815170268e+00
-9.807589518860395650e-01 -2.736655290455102252e-01 3.896271863756379794e+00
-3.665585589878799233e-01 -7.788216146744200152e-01 4.137672244583510128e+00
-6.950090672136597370e-01 -4.723918152130699433e-01 4.212329647586550152e+00
-1.299289657326540226e+00 2.408624504193799254e-01 4.534559036743280203e+00
-6.324902246693300256e-01 -2.085816503040005543e-02 4.509014813570770386e+00
-7.302760441775300038e-01 -2.909352848851400886e-01 3.821545209422140044e+00
-7.927555753122601523e-01 -1.681594600420277530e-03 3.141393724999780090e+00
4.488282813720700926e-01 2.642260097598099211e-01 3.982706927425770260e+00
-1.669265046443949796e+00 4.902183254182495009e-01 2.482539307390849714e+00
-5.898583546134994471e-01 -5.334450828186503291e-01 4.103854833961929849e+00
-1.342145741650170088e+00 -3.393292791426100186e-01 4.107602948274370114e+00
-5.324521492207199280e-01 -2.576911964303301161e-01 3.663002310437800002e+00
-2.629346580541200851e-01 -6.128634740251001078e-01 4.132229618060160092e+00
-3.681681915927197402e-01 -6.672990110805701036e-01 4.195873170071770630e+00
-3.223433015309500327e-01 -5.851036863773900754e-01 4.229042804478029716e+00
4.761589271161801307e-01 2.502084235299801840e-01 4.220033362189539616e+00
-6.929326521557603868e-01 -4.623734255625999712e-01 4.346396366046979765e+00
-1.028272528068540304e+00 -8.338765025188998870e-02 3.207163736580139979e+00
-7.895379287040000804e-01 2.692633758432982916e-02 3.105949956792649846e+00
-7.038812254787698564e-01 -4.339348068425001870e-01 4.327464434948760541e+00
4.525538185978199568e-01 2.648418637513600959e-01 3.981037088306949911e+00
-8.217599715472800881e-01 1.503746872755400421e-01 2.775954067737389952e+00
-8.218814240709999552e-01 8.655215773298996496e-02 2.852317758328450026e+00
-6.049005751796698860e-01 -8.776925189958983964e-02 4.605431848492809621e+00
-6.052346345388799342e-01 -9.280193793699020866e-02 4.606638551176490459e+00
-7.242781505995896651e-01 -6.047319276577202141e-01 3.856138701422899828e+00
-2.199457568105498417e-01 -4.320393609982200456e-01 4.191769341670459781e+00
-3.890374638739300117e-01 -1.762781321783101207e-01 4.431760499484109772e+00
-8.036560849618199498e-01 -2.096667351742201868e-01 3.799735798621389993e+00
-1.468048844264760344e+00 2.924293880817900870e-01 4.325098169470550147e+00
-1.477849347370569610e+00 3.120536510114899631e-01 4.318691935669940030e+00
2.199321353427499126e-01 -3.096957334206200674e-01 3.822611976351939944e+00
-7.762767643931400841e-01 -1.762643955303500043e-01 3.587344060624030107e+00
-1.075023803876709927e+00 -4.049680551859702327e-01 4.304973193199139736e+00
1.658553590315099413e-01 -3.761155180499502482e-01 3.769063462700500189e+00
-7.764637790421002883e-01 8.015385348897985374e-02 3.164779381461780172e+00
4.467649692673301143e-01 2.641109456335000161e-01 3.986091210253559947e+00
-1.403208555320250017e+00 -2.958842243881398826e-01 3.884478207103040148e+00
4.604031001585500160e-01 2.710779104401701556e-01 4.047153080955919968e+00
-1.355780929614700092e+00 -2.729005927237300178e-01 3.979178272251219894e+00
-3.892382002226599802e-01 -7.995513691190802019e-01 4.166277368933109848e+00
-8.021711589177700219e-01 1.621188907210897590e-01 2.722175022434980107e+00
1.033384042558710192e+00 1.076572863511100486e-01 2.813608630785230158e+00
-1.327540902295129666e+00 -3.667241920729302773e-01 4.155192239093130624e+00
1.062556764016960198e+00 1.101034514942997866e-01 2.768839048232699884e+00
