-1.024497332402059424e+00 1.610829362280001842e-01 3.150627373348869664e+00
-8.590176159612794571e-01 1.725542551445602424e-01 3.051025940056979913e+00
-1.121564881848059247e+00 1.781041403407597201e-01 3.120137483488560015e+00
-1.023067527038239444e+00 1.627422766423198830e-01 3.153450052229699985e+00
-7.582101427117597936e-01 -5.289974500214400521e-01 3.829722674340599653e+00
-8.683255390321398259e-01 1.675824832701999778e-01 3.060326149055919931e+00
-7.820258998651401505e-01 -6.049750074866798721e-01 3.891466914538759703e+00
-7.800082028763797304e-01 -5.621349442180798572e-01 3.911956444799929766e+00
-7.152671895906999033e-01 -5.159851801831599749e-01 3.670383157848239986e+00
-6.867060008517396064e-01 -4.560900274645198760e-01 3.699981308210139819e+00
-1.065646478650279505e+00 -4.261117062983976744e-02 3.584033172650140209e+00
-9.740524378949997342e-01 -8.323338607284025414e-02 3.628176630158349791e+00
-7.343175016490799401e-01 -2.015597631611201201e-01 3.928684199462959992e+00
-1.319105790917720178e+00 -1.372666206192798555e-01 3.834590708773639722e+00
-1.076854004422900246e+00 -4.388991804123998364e-02 3.622786824370740177e+00
-1.341867498882880039e+00 -1.398107543895199534e-01 3.902851817319379801e+00
-1.271343951434299679e+00 -1.526456624232002124e-01 3.886546193890410006e+00
-1.027437154116519480e+00 -2.347816304015200028e-01 3.885719401263500128e+00
-1.295144211947759416e+00 6.021639262115598967e-01 3.865266893391989811e+00
-1.421794596442279346e+00 6.865272291014401507e-01 3.704635983308979696e+00
-9.465884351598394808e-01 -2.503883478117601147e-01 4.100995190602759521e+00
-1.021081438651579631e+00 -2.003711116585601415e-01 4.086971578537109906e+00
-9.964418836908000010e-01 -2.211827491548399305e-01 3.973078680220929915e+00
-8.800717075506594433e-01 -2.655543036470797702e-01 4.119088686405580013e+00
-7.316501938496795532e-01 -4.966013285401199573e-01 3.754493705656670066e+00
-1.066055246379279620e+00 -1.876496173384798460e-01 4.075707450939099807e+00
-1.064393829804039626e+00 -1.889197423798401054e-01 4.075973372488260082e+00
-1.489885035944339631e+00 -3.978813247247980911e-02 3.700538949170049996e+00
-6.261375799987791702e-01 -1.962562541979600006e-01 4.192351974746119758e+00
-6.254637763873396317e-01 -1.935205776347199702e-01 4.192327486740629716e+00
-9.963591346392601800e-01 -2.069582924161599280e-01 3.994445579818989955e+00
-9.615925131252995861e-01 -2.244451099780802039e-01 4.034305586451689685e+00
-1.459944127628760135e+00 2.225845157308037336e-02 3.581739203344829647e+00
-9.557511100899596101e-01 -1.827703469241999112e-01 3.908408271981829607e+00
-6.242810240907394892e-01 -1.923616020490799272e-01 4.191077832470000430e+00
-1.273857502422319765e+00 -1.593242322156001034e-01 3.885037942057479654e+00
-1.022605356470019711e+00 -2.056689422644399912e-01 4.091825263785219491e+00
-1.509455964915219717e+00 -1.273942206272402622e-01 3.966808320950780065e+00
-9.298342665104795124e-01 2.775761543248012053e-02 3.362152365952360000e+00
-1.457130432739996984e-01 -3.569328823082399404e-01 3.949424920762279800e+00
-1.325220443834059569e+00 -1.457672764040400804e-01 3.843133063173620023e+00
-7.050840329150998009e-01 -2.814432374078796872e-01 4.148946987345579984e+00
-7.352557116381195357e-01 -2.040834740246000312e-01 3.933589738529529978e+00
-1.073973313765579807e+00 -5.308307385347998952e-02 3.601174635720699957e+00
-8.554630543822394628e-01 -2.859775770036803166e-01 4.026941958871200100e+00
-9.760694956605795447e-01 6.090324508664002323e-02 3.336447268757229967e+00
-7.902381386013197506e-01 -6.089288666493998248e-01 3.899622653737790046e+00
-2.041759411456998130e-01 -3.366421377084399813e-01 4.125650589501519860e+00
-8.880535506368594234e-01 4.985576605151997853e-02 3.294685776066649918e+00
-1.062609145693039547e+00 2.327317534506798680e-01 2.846842741118349895e+00
-9.763545011440997179e-01 1.547517270240801324e-01 3.012889788500549670e+00
-7.080890549905793918e-01 -2.934277981423201176e-01 4.148078943199529967e+00
-3.270481354180798661e-01 1.980514255250001021e-01 4.436936340797350553e+00
-3.148670773069399687e-01 2.030434457678003124e-01 4.433468708361820276e+00
-1.061999845721600000e+00 -1.933826368433997356e-01 4.070826093001850055e+00
-7.023990947260996265e-01 7.224952315239985268e-02 4.296759789059089840e+00
-7.330673935709000055e-01 -2.023942200281199089e-01 3.929247326400219897e+00
-1.029523965057860035e+00 -2.122316067081999602e-01 4.080265540399500068e+00
-6.232193579924998339e-01 -1.885937549896399279e-01 4.193842330897419757e+00
-6.231024609639002065e-01 -1.865232099083997674e-01 4.195491922465810042e+00
-7.843646311937195748e-01 -5.637853001011601251e-01 3.916753356696029975e+00
-6.986485401838393727e-01 5.673779100352005500e-02 4.285185109695979655e+00
-1.141013124235979337e+00 -3.152441641136016770e-02 3.624756712821609828e+00
-8.331335066912601839e-01 -2.605593761247998463e-01 4.010311165751069495e+00
-1.112449552300879496e+00 -2.348251488317999458e-01 3.930795820819309672e+00
-7.929694310694799242e-01 -2.772986157163601639e-01 4.129180867654369536e+00
6.690128756558033629e-02 2.097100477857198886e-01 4.563538027237319383e+00
-8.400717825621200063e-01 -2.371799332365600588e-01 4.028847735263659580e+00
-7.920538719134198047e-01 -2.722826518300800469e-01 4.122842437985389630e+00
4.607874039684800582e-01 -1.368925262278799515e-01 3.593617198664529777e+00
-8.379565876848400485e-01 -3.019067518611597833e-01 3.561884544502529781e+00
-6.409207619958392499e-01 -4.508535955962000852e-01 4.106076109584809508e+00
-1.401527870258219899e+00 1.009391166305999565e-01 3.396254866218559876e+00
-1.400456918668759432e+00 1.074248406680000656e-01 3.378274586441439631e+00
-7.775950691435999929e-01 -2.478529128470001730e-01 4.005215989828709411e+00
-7.624936081668995946e-01 3.961398026420397400e-01 2.538630426659319816e+00
-7.420340282074997518e-01 -4.350135384163998920e-01 4.077688813077069874e+00
-7.406090258119997216e-01 -4.321397403260001102e-01 4.073837575325759630e+00
-8.501384828767597490e-01 3.274786673920004887e-03 3.523279852425499570e+00
-7.889652898642198764e-01 -2.677349848885998140e-01 4.135584022746980004e+00
-7.357624906967963341e-02 -2.064787522646799323e-01 3.835658327939309942e+00
-8.352965150405995409e-01 -4.005005275657997910e-01 3.921021189432369880e+00
-1.106270250325196436e-01 -2.375431481058400962e-01 3.827612420295199769e+00
-8.839393013913396935e-01 3.493617215040001334e-02 3.362351845132010020e+00
-6.122839190355966466e-02 -2.653273634028000538e-01 3.817056010227899865e+00
-8.382664899290195315e-01 -2.368047720238800613e-01 4.026304152437900186e+00
-4.938164219469953764e-02 -2.629729581054399690e-01 3.814953937587529875e+00
-9.432831813276996158e-01 -2.186788056025997795e-01 4.014392549368719365e+00
-6.419979646313596078e-01 -2.053618293617998081e-01 4.153619347553330066e+00
-7.904571391010200010e-01 -2.492010654508798329e-01 3.503897403736149663e+00
-9.849868007597799568e-01 -2.248639335213200585e-01 4.035473090375940153e+00
-8.372421556056997005e-01 1.956795833073601276e-01 3.073086432484990027e+00
-1.039324100831579667e+00 4.180272527218000800e-01 2.493248674113440089e+00
3.284339998414802508e-01 2.823498624000801982e-01 4.234904272754720367e+00
-7.709241166930596023e-01 3.557687394436401807e-01 2.584711533381259585e+00
-6.329426724400795123e-01 1.686367699011599441e-01 2.758118341444829813e+00
-1.274136179736499397e+00 -1.477774072999999966e-01 3.883929155436449676e+00
-7.827621113196197022e-01 -5.630958542673599743e-01 3.914837835176889769e+00
-9.535331933315593922e-01 -2.380248568516800667e-01 4.009633417619880014e+00
-7.981321691222000858e-01 -2.590942173098400580e-01 3.514117683975180206e+00
-8.596467134773599916e-01 -1.959815558999933316e-03 3.519680151842729643e+00
-1.107517758917039963e+00 -1.773496420465199286e-01 3.973050611733989879e+00
-8.175828467901968821e-02 -2.896001076972799515e-01 3.990308383333089903e+00
-6.194669817843978521e-02 -3.608259670981999179e-01 3.952229390659510067e+00
-1.289082757610279462e+00 -1.395121970112798149e-01 4.013293014469959452e+00
-1.139206296446459543e+00 -2.920893050304007588e-02 3.622265621181429918e+00
-8.001859120973797701e-01 1.743269949281200937e-01 4.317170481152739825e+00
-6.607660687104597308e-01 -6.057993325528401307e-01 3.970454244164900004e+00
2.822651980205801436e-01 3.076286543648398819e-01 4.195290152733559985e+00
-1.013270070369199249e+00 5.113335732469601602e-01 2.232330767724379772e+00
-7.349186897957999953e-01 -6.907169298553198500e-01 3.977472904479729898e+00
-1.014449334082759169e+00 -2.360477320566399806e-01 3.921885975451299799e+00
-9.102121512604597342e-01 -2.525851140076398327e-01 4.077963395878540176e+00
-6.601946237353000235e-01 3.264837454735600719e-01 4.410308093971780252e+00
-1.300455790231620057e+00 5.952744151429201214e-01 3.868273189747899465e+00
-6.204911091008198376e-01 6.186121545828027202e-02 3.306688576453280071e+00
-1.264927647845959680e+00 6.526222276869999561e-01 3.887064839374229752e+00
-6.806890822403595109e-01 -3.131312307501598058e-01 4.111057703068540015e+00
-1.339153827881519376e+00 1.093816692365201515e-01 3.253191165238090043e+00
-1.013475523357779906e+00 1.409136630736000928e-01 3.200494330046010028e+00
-8.412203115328398262e-01 1.436014435503600861e-01 3.181508715845989599e+00
-6.795362643206996900e-01 -9.613239320619992867e-02 3.512331231631179662e+00
-8.768848121609793544e-01 6.731830584395992467e-02 3.273453624787300065e+00
-9.584335327320796516e-01 -2.215350001651599232e-01 4.027676708952469653e+00
2.832428993524203076e-01 3.095272861332800662e-01 4.195307036841070314e+00
-7.168315793089994337e-01 1.372411651383598219e-01 2.989383311828449852e+00
5.049347468011600171e-01 3.137342647330398915e-01 4.065350295534940095e+00
-7.627134886466198083e-01 6.046774523120013178e-02 4.274625386566249574e+00
-6.598825846898996872e-01 3.247639666540402814e-01 4.408769798869940360e+00
-6.761167966892798198e-01 -8.946624866984009827e-02 3.502885493940279815e+00
-8.615877409422196820e-01 -1.606214521039994736e-02 3.538162468780670089e+00
-8.011169090828200723e-01 2.751150241047599643e-01 2.865475500564779843e+00
-7.489159190194398796e-01 -3.182054321531998520e-01 3.453693552105820075e+00
-6.587012434481964718e-02 -3.733601548399601011e-01 3.936689748229899699e+00
-1.429728799346499546e+00 8.623679980247977994e-02 3.455326973320089756e+00
-8.738748038143198116e-01 -2.352298482179993044e-02 3.534819673360110048e+00
-6.664080714671798411e-01 2.457791406848000015e-01 4.374701875836749743e+00
-1.028918803041539931e+00 5.876425177904009978e-02 3.389583721055129839e+00
-1.037174729092219749e+00 4.320981902424025911e-02 3.409699889464709699e+00
-7.113641855099595013e-01 -1.619567367036798267e-01 3.638884257357199559e+00
-1.323923740726959508e+00 1.689174556979600172e-01 3.169064172872809948e+00
1.473040385810802100e-01 -1.707015022297997398e-01 3.750144693469789736e+00
-1.418038597856499994e+00 6.829076261739999154e-01 3.704632374220489854e+00
1.189289930899404268e-01 -1.347284093680798378e-01 3.575012774420269768e+00
-8.422129640893594171e-01 2.140669474592000743e-01 2.995600087351739660e+00
-8.454717439368790721e-01 2.051180509520800221e-01 2.912752280484019796e+00
2.452122129894003244e-01 -1.467404488571197874e-01 3.468948978301139796e+00
4.549858461815601274e-01 -2.003721969815974724e-02 3.361008096608579798e+00
4.198365318286001457e-01 -4.800814710583978240e-02 3.382191159626519728e+00
3.871556541798402140e-01 -6.665503293219998682e-02 3.399736202312349853e+00
3.207401960283000619e-01 2.782491839819201118e-01 4.237320582503230071e+00
-7.386667214264401871e-01 4.390368233942798515e-01 2.393231072249189850e+00
-1.460651223453999670e+00 9.535680485061597267e-01 2.236656780116459853e+00
-1.148413003069839622e+00 9.474050812092005280e-01 2.079424819264459767e+00
-6.903680731820203142e-01 6.019370420692027324e-02 4.291816202397379598e+00
-1.137168706365599746e+00 1.315783238754002493e-01 4.315125427018910109e+00
-9.012560461952996427e-01 -1.849847034750000674e-01 3.661152203614559841e+00
-7.618673676729996735e-01 -3.382826821514399729e-01 3.449825840297839896e+00
-9.641518930162198409e-01 -4.614159344727997158e-02 3.626549947175149669e+00
-7.801601152341794965e-01 2.171538684682001730e-01 3.175992155961719909e+00
-1.142091206802639647e+00 -2.670055594755993411e-02 3.625005109046309570e+00
-8.664805829305994855e-01 1.742230195426799355e-01 4.291582230398510056e+00
2.866833556272201378e-01 3.105048909820000702e-01 4.197698696714909694e+00
-9.467505596392400413e-01 -2.547078791608000659e-01 4.105547947414460275e+00
-1.310189648909739990e+00 -1.557306829768800860e-01 4.010046812338790012e+00
-1.492457344199299651e+00 -1.118421786804000284e-01 3.964256091197549736e+00
1.041237427683800343e+00 1.588810335308801225e-01 2.868054353269439805e+00
