8.285849940536502700e-01 -5.921269443533200283e-01 3.776578916459449875e+00
3.300676167895097990e-01 -9.103772257146198754e-01 3.034766168402730280e+00
6.248514657359800495e-01 -5.774568105645599969e-01 3.583148792654140102e+00
7.772983137672901943e-01 -6.316575145434200067e-01 3.707187287619869931e+00
1.159998700381029924e+00 -7.209657798562201236e-01 3.891908392700889951e+00
1.261585281186830221e+00 -2.678061381734003765e-02 4.290996806539889796e+00
1.373264522112999986e+00 -5.746144781692600345e-01 4.068636012824299542e+00
1.129935386538059916e+00 -6.285606771627199052e-01 4.251540401461980423e+00
1.058518635909819761e+00 -3.739494452678600589e-01 4.449711002820359695e+00
1.342318283056819883e+00 -5.046092276170199842e-01 4.074311712538360553e+00
1.152936619396400131e+00 -5.622308240851200400e-01 4.285263408704800270e+00
1.148762466401010096e+00 -9.429922167575599534e-01 3.860734076036730134e+00
1.321120329958669792e+00 -4.403490480033600551e-01 3.747079051689309992e+00
1.146751445600019848e+00 -6.505906544926598478e-01 3.917526079750159873e+00
1.245224876028310002e+00 -2.849180733484399930e-01 3.278327567324430092e+00
1.175857533389299991e+00 -8.414306102675199739e-01 4.164990184492100234e+00
1.107096418015290240e+00 -5.075262471392800734e-01 3.668890717341769747e+00
8.368839080819800991e-01 -5.229386876768200576e-01 4.793223590147239754e+00
1.327469414196100095e+00 -5.127747870645400496e-01 3.671873639551400004e+00
1.188368959516089785e+00 -7.813700725065000352e-01 4.152794756731269743e+00
9.979089962596199292e-01 -4.129315364806400157e-01 3.404377227855059918e+00
1.384868876152419936e+00 -5.069680295446199469e-01 3.883224332679160007e+00
1.167897065828729986e+00 -7.832259440032001141e-01 3.984630300675290115e+00
1.721098617217697857e-01 -1.192080080320299995e+00 4.543508720665309752e+00
9.960525192393503424e-01 -1.574145891275600395e-01 4.617957833940749879e+00
1.196556496886589827e+00 -3.874873706853000366e-01 3.562604139914170354e+00
1.689925983436849855e+00 -3.772495269093000259e-01 3.825443320661950253e+00
1.170256166707340117e+00 -7.938504924902400894e-01 3.934002327891819917e+00
1.330169154331860115e+00 -4.596026037973600653e-01 4.132272110823379307e+00
8.793038057928399542e-01 -3.502737886997799865e-01 3.328333284506419965e+00
1.203562750897850364e+00 -6.295217520471600992e-01 4.091807633373250042e+00
1.172073124989420290e+00 -7.930654535116199444e-01 3.933627861736360032e+00
1.350454172018840104e+00 -5.051062766357800049e-01 3.661979908082420021e+00
1.169609159497329909e+00 -7.232992867335601428e-01 4.129477773684490316e+00
1.162439147277630092e+00 -7.121186189824599833e-01 4.240620027164689887e+00
1.025316971441530445e+00 -3.523975423625000936e-01 4.733899012415189844e+00
1.133929430476680045e+00 -4.836112433294800228e-01 3.704120116959439990e+00
5.239230243870403037e-01 -9.803801889071199760e-01 4.783517316164719979e+00
1.057863867928290125e+00 1.525252948655999030e-01 3.886232929578369522e+00
4.570271395921399193e-01 -8.265568875758999567e-01 3.045101480176719999e+00
4.996820796666801012e-01 -9.420134708454199757e-01 4.791869780236139853e+00
1.092380293635020205e+00 2.257593651797198953e-01 3.893967119014259737e+00
1.027702085027849987e+00 -9.360725607672010229e-02 4.564404915331449430e+00
1.175293875530298848e-01 -1.156102356139119935e+00 4.793194062232790209e+00
2.123770221543099801e-01 -1.188498434063580023e+00 4.740801997349530339e+00
1.869291044096996757e-01 -1.106997074746139953e+00 4.765267339294599225e+00
-1.915992527566903192e-01 -5.776176512924600104e-01 5.042507070668129643e+00
1.139977966592589986e+00 -8.293214599432799927e-01 4.001807500842669896e+00
1.363086602759680410e+00 -4.753160255239999854e-01 3.666680096441039982e+00
8.967060932745303248e-01 -3.587257625189599897e-01 4.853318904354690488e+00
9.964031130020101212e-01 -8.557343595978401662e-01 3.749455694630329905e+00
1.685516168025960049e+00 -3.893119939455200185e-01 3.818905758921480320e+00
1.342145051760089913e+00 -4.837417473953999902e-01 3.887017351697169776e+00
1.052959274317620153e+00 1.530869314456199670e-01 3.890560487566359527e+00
8.963065196229704767e-01 -8.058176551570401802e-01 4.502646805432410027e+00
1.083837428326369867e+00 2.212476020680200217e-01 3.891572406213909652e+00
8.795730113173398923e-01 -2.142966051467800892e-01 4.894290790519519874e+00
1.333363112754659907e+00 -5.206147439067601024e-01 3.743057458921180025e+00
6.439776040402100943e-01 -2.908516653611400438e-01 3.167772180502030022e+00
6.406438255178901198e-01 -5.542194397317999899e-01 3.351351768578569867e+00
9.904385659611500969e-01 -3.123184153261200358e-01 3.197431012849749621e+00
1.132061963423189876e+00 -7.742338467322600337e-01 3.845648689327969993e+00
6.430153282471202658e-01 -4.951482349901600299e-01 3.430919791956959841e+00
6.181224445231301434e-01 -5.739035033880800496e-01 3.405896468233289731e+00
1.329214161042850062e+00 -4.644857867116201078e-01 4.132651588107549401e+00
1.137688672804909817e+00 -7.811044444939398979e-01 4.029953960007929936e+00
1.166382861246879843e+00 -7.273955993090800431e-01 4.169779828415239642e+00
1.180743075181410084e+00 -7.855347265237999643e-01 4.156796619854730146e+00
1.687094711098779953e+00 -3.941657681630400534e-01 3.818819659676139899e+00
7.636455152882200004e-01 2.368516150005999799e-01 3.688411156744260122e+00
1.166530268785039848e+00 -6.909326559362399811e-01 3.897601306538319932e+00
1.140402464011150085e+00 -7.919106476909198999e-01 4.028372895962149869e+00
1.144487827567810090e+00 1.483338308775999925e-02 3.322853128167329917e+00
1.685914889991550147e+00 -3.753160733806800153e-01 3.828918980976550035e+00
1.394669849559309949e+00 -5.138454310896600763e-01 3.887808010893730071e+00
9.521968487404000037e-01 -9.610185818668799396e-01 4.357877047355200872e+00
7.216640547968802277e-01 -4.350205716908600584e-01 3.445282132826339883e+00
1.051992179370309755e+00 -6.083041975984599947e-01 3.848265815517529997e+00
1.290645833719120006e+00 -3.007997733779200766e-01 3.381616397156959941e+00
1.068009455256860196e+00 -9.263704201149201012e-01 3.966421046936579931e+00
1.095035791757070109e+00 -9.734413482432400233e-01 3.896831236649509922e+00
6.834918791170498942e-01 -2.702984071201999794e-01 3.098793591132450231e+00
1.248777329549789927e+00 -3.751753057594600094e-01 3.551945310386570132e+00
1.221095788173910179e+00 4.071180148299935464e-03 4.308085070621729962e+00
1.362389343993870128e+00 -1.048443027381800730e-01 3.501175195176809751e+00
9.616100434560299615e-01 -3.204106560495599831e-01 3.249095094939190354e+00
1.133786171506209861e+00 -1.014625101103580063e+00 3.837367928003430073e+00
1.182438590386089894e+00 -6.020384265937399615e-01 4.028196850454669686e+00
1.158123446945430013e+00 -3.635858522557000039e-01 3.516691533619489718e+00
8.905382600154796435e-01 -2.042184018659200240e-01 4.883745511211239787e+00
1.243560498627720001e+00 -3.728362671743400414e-01 3.551784121595860100e+00
1.034977862923340375e+00 -7.126105896478600599e-01 3.876506248371319963e+00
1.168630538855370160e+00 -7.842074196470000258e-01 3.985605592671809916e+00
1.684854806964330098e+00 -3.932874372632400028e-01 3.815576843921889783e+00
1.139325662924179916e+00 -7.138027761192600185e-01 3.858997770898839885e+00
1.154965987155810003e+00 -6.897257656743600585e-01 3.888599101948329917e+00
6.254563073701000508e-01 -4.636069192938599981e-01 3.458293072372000232e+00
6.966159711299801938e-01 -3.576050789384200290e-01 3.275111394784040009e+00
5.466060146600602021e-01 -5.560687591837399912e-01 3.444901222181280254e+00
5.674668623165801673e-01 -6.739434001482400571e-01 3.228300859032740000e+00
1.626086803314503726e-01 -4.731992670188600592e-01 4.982788336065150148e+00
4.081989541052202242e-01 -2.619693418523599826e-01 2.974642269464459865e+00
9.385111094300602197e-01 -1.382437023639000728e-01 4.663743715920880106e+00
5.406183051479094281e-01 -1.009998496731399964e+00 4.785382096814029929e+00
9.798220771496402026e-01 -9.495460728121598581e-01 3.738965235450919966e+00
1.056959309898250154e+00 2.014890425187199630e-01 3.591401198879450085e+00
1.240384045072530084e+00 -4.189627371118004318e-02 3.357017730173990078e+00
3.384773792307000928e-01 -8.601961371359199138e-01 3.237573911917099867e+00
4.913976419594601186e-01 -3.419546418963400614e-01 3.137646924309679619e+00
5.422547936373003363e-01 -3.550881063282800287e-01 3.160185421820699503e+00
1.087808794439420135e+00 -9.544219611618400823e-01 3.784077696275660152e+00
1.246104219519870160e+00 -2.859829707460200265e-01 3.363005538609610046e+00
1.151602867737190117e+00 -5.756247155066400722e-01 3.883417433706069843e+00
1.219996198166660273e+00 -9.939737261050001216e-01 4.048268137841179559e+00
1.158859018918750206e+00 -7.199522566053599970e-01 3.892973620175949723e+00
6.074272806931699797e-01 -5.722833299261800288e-01 3.406946873456509817e+00
2.707241591752100884e-01 -5.175140571896600372e-01 2.758756522929629806e+00
1.576738390146600111e+00 -3.364283812778799954e-01 3.724485245636000030e+00
1.136110525111680092e+00 -6.888515735106199855e-01 4.124758497050340367e+00
1.042762563823649957e+00 -7.562691597804198640e-01 3.817403573257950100e+00
1.170271042096770131e+00 -7.491391756899401511e-01 3.919056881434909823e+00
1.186824858042490050e+00 -9.957777477446598802e-01 4.058403270946469910e+00
1.067331089087339979e+00 -5.642717984558399680e-01 3.825025956053019982e+00
1.018673020980029875e+00 -9.713920934934399121e-01 4.333449523621790256e+00
1.276663088975090066e+00 4.257970447323999874e-02 3.408410098788569709e+00
1.379791740230599917e+00 -5.027077315801000701e-01 3.880542087965300091e+00
1.149434374408669912e+00 -7.343025815436799997e-01 4.112022299891309629e+00
1.010662712659849971e+00 -3.790950731831800868e-01 4.654984021515950587e+00
8.374369932625502777e-01 -8.082903107362200412e-01 4.511948873550250205e+00
1.107382092063080137e+00 2.759021115600798768e-01 3.552713125482439782e+00
1.040107431881409861e+00 -6.905987447693000547e-01 3.808394074549230179e+00
7.809709657696999319e-01 -7.125286794015600611e-01 3.722529611523100357e+00
8.028178461368200569e-01 -6.918250918791000181e-01 3.714535567717959896e+00
1.062915261566240277e+00 -5.987436924150999484e-01 3.850152370968019877e+00
1.407013402242279998e+00 -4.625456575344200072e-01 3.819774512705939706e+00
6.436138220128400089e-01 -4.676210858186200525e-01 3.408260910457819648e+00
1.175458590935010150e+00 -9.491379731475200199e-01 4.067730840648929203e+00
1.138049183847980039e+00 2.873791472978798889e-01 3.658718932109939814e+00
1.176011071847730127e+00 -7.925474009774799988e-01 3.896328598316090019e+00
7.140254726276100694e-01 -4.322122610325800363e-01 3.443656675293029767e+00
7.233284659946801476e-01 -4.364579407058000182e-01 3.434300071187039727e+00
6.321787651490002879e-01 -5.056398437340799967e-01 3.420170657564999939e+00
6.205360012490599431e-01 -5.735561200182999197e-01 3.561564354880280003e+00
1.055429753207260291e+00 -7.515606031357400241e-01 3.818828323050480034e+00
5.770250768709701550e-01 -5.457202439277200057e-01 3.504997788085410182e+00
6.051254612600600602e-01 -6.294820295695200407e-01 3.554714272069180225e+00
1.323940668243059893e+00 -4.158042331993999641e-01 3.720968284295580020e+00
1.143959909810909892e+00 -8.155996964463601007e-01 4.006356896939829326e+00
1.188625753454769951e+00 -9.279607068247399670e-01 4.066283104198110010e+00
1.148811037973020088e+00 -7.599799828774400634e-01 3.871547575815660114e+00
1.077060705140790109e+00 2.409905382462599888e-01 3.899324800751769793e+00
1.169797427165309989e+00 2.915153070974399463e-01 3.601148529919630192e+00
6.360453870559601430e-01 -5.529244885782800267e-01 3.349246070446080026e+00
6.580591020919202006e-01 -4.570504006619400261e-01 3.385750552108059974e+00
1.327578293026930201e+00 -4.244125580772200035e-01 3.467191908233790087e+00
9.265424479062196461e-01 -7.206011569069199485e-01 3.872132166538659881e+00
1.306428911962130179e+00 -3.141770258134000127e-01 3.398617414072489851e+00
1.148522144753099994e+00 -6.508541084418200118e-01 3.918095170650000014e+00
1.137699446963690075e+00 -8.996040497457200580e-01 3.835895190371970020e+00
1.190168276442690187e+00 -9.970573917183198631e-01 4.062557295417569492e+00
1.411226600932059982e+00 -2.492763949349000030e-01 3.253407922005480124e+00
1.323835471512230022e+00 -4.382303699933399743e-01 3.689218731774490223e+00
6.764243339900601892e-01 -5.147026867266200068e-01 3.369178994022480111e+00
1.163666941100420127e+00 -7.269199995007400439e-01 4.062717831821760051e+00
4.123852117024500163e-01 -6.779057204420400051e-01 3.378798906377050049e+00
5.048050889654100981e-01 -3.938003383216399644e-01 3.133852394670329833e+00
5.292355842609599570e-01 -5.662659177548600153e-01 3.468078559236179803e+00
1.196475162093250111e+00 -9.710777422599801145e-01 4.092504665929349805e+00
1.475621106761599854e-01 -1.125370112786819865e+00 4.764230080839579884e+00
6.190158494785300558e-01 -6.001864463707400343e-01 3.315260947419389925e+00
1.129768376562220400e+00 -7.708492385312599726e-01 4.150522595624160260e+00
1.095241898355580279e+00 -8.833740584902800563e-01 3.783337062779139615e+00
4.131626797009702035e-01 -2.649648225760600218e-01 2.970693859718509966e+00
-9.847472800499978973e-02 -6.979846961954601081e-01 2.730673199235300164e+00
9.601638111573100876e-01 -9.584778531084598985e-01 4.362669635007730307e+00
1.204123941186829860e+00 -9.697581135860000590e-01 4.089363083180190372e+00
1.402429923032229908e+00 -4.995790571489400200e-01 3.924367778224089776e+00
5.636154462434801449e-01 -2.444818773335999951e-01 3.072607561156839751e+00
1.085127015319450106e+00 -9.014088136632201209e-01 3.981549003049349889e+00
3.599054757853599185e-01 -8.467320546176000384e-01 3.145024390591680152e+00
3.678361347124901037e-01 -8.504984198204599277e-01 3.138042382893869942e+00
9.585579178288798907e-01 -1.267759914199799998e-01 4.612561625346340399e+00
1.192400607090279951e+00 -3.886214348834200472e-01 3.581921385805340030e+00
1.142294265074970117e+00 -7.880356607043400574e-01 3.905719111399910126e+00
9.876641869084501479e-01 -2.485043688656800309e-01 3.137153727504049971e+00
1.060155733714549964e+00 -6.457991465174599544e-01 3.844829688738450102e+00
1.370697675781290092e+00 -1.585277776913600056e-01 3.255591947258969832e+00
1.384136161081570116e+00 -1.672842464505000237e-01 3.261134562232510081e+00
8.230696248355802158e-01 -8.737589281346000991e-01 4.479826787288340384e+00
1.115179943270699914e+00 -6.821233700605999761e-01 4.293504161049299661e+00
1.314142421548079920e+00 8.634877044993999329e-02 3.372796158077939754e+00
7.826844282490299509e-01 -6.023703002601999978e-01 3.744396291773390395e+00
1.126038325195210188e+00 -6.930632394060800561e-01 4.120555582508730552e+00
1.268260116720440145e+00 1.519839407317996605e-02 3.331613594868019668e+00
1.245531219264350176e+00 3.570916565884002525e-02 3.325121964375749695e+00
4.481268371489499636e-01 -1.011510879526100082e+00 4.835807243810849698e+00
1.060945572239950341e+00 3.534292357003800400e-01 3.506998331845450068e+00
9.331768480667701482e-01 4.316603879081998829e-01 3.393654914154009994e+00
1.209689375028680125e+00 -6.842457784214400762e-01 4.098594370670440412e+00
7.109917535394498778e-01 -4.320236598212200407e-01 3.444105867093349982e+00
1.304367933881799946e+00 7.826952584991997419e-02 3.387193432989000108e+00
1.087026346275179911e+00 -7.869368595617000084e-01 4.308353832850440490e+00
1.174108282563540051e+00 -7.521295810509600610e-01 3.919216589912020154e+00
5.956595593186200244e-01 -5.359422278209200474e-01 3.635058187443459765e+00
1.322544867482519981e+00 -4.378601937119199761e-01 4.145763893122760280e+00
5.613601408070298948e-01 -5.457442635922999941e-01 3.510446490950489995e+00
1.328129157874359922e+00 -4.374504501204200535e-01 3.690747017876580216e+00
5.561445188812099705e-01 -5.135163155459199213e-01 3.489531511367930161e+00
1.261583395453020007e+00 -2.984974938262600075e-01 3.420192642278359951e+00
6.828367843115601410e-01 -2.710239949525199976e-01 3.096249676439680076e+00
3.769242594410600056e-01 -8.092860962457799623e-01 3.072800107992479823e+00
6.205702973525002442e-01 -6.949324059744399484e-01 3.533666662977499762e+00
4.334619071102598920e-01 -6.796834457296401233e-01 3.386180908756379893e+00
2.535266965743301348e-01 -1.202262415884599589e-01 2.935999697037789957e+00
9.847441768154001629e-01 -7.729525876843800214e-01 3.802083298379499876e+00
1.158670457212240157e+00 -7.912734889188999254e-01 3.894893014189819702e+00
7.436247347468900593e-01 -3.484589206795800087e-01 3.334390281366669928e+00
9.592876769767300082e-01 -8.899188387737999584e-01 3.843511273137490303e+00
6.864867967181702557e-01 -2.692628262622199786e-01 3.098977279348510194e+00
1.362071931124099855e+00 -1.532006572956200185e-01 3.255957613704000053e+00
3.006488347926099536e-01 -8.783341941035001099e-01 3.014719433098230095e+00
1.387822031537389922e+00 -2.631888069989400392e-01 3.633589549272369990e+00
1.398806610852440180e+00 -2.452894768499000455e-01 3.244134729927420135e+00
5.998636484917501122e-01 -5.546941528555400236e-01 3.506901082230450051e+00
4.413017652283901526e-01 -8.310023162385400397e-01 3.043102383480169593e+00
6.762970876563800804e-01 -4.325338538406200417e-01 3.400114619667840010e+00
6.462549043264600446e-01 -2.796609236474800197e-01 3.092893065138980102e+00
8.718233311512899597e-01 -9.247469533690999555e-01 4.357722603687870233e+00
8.540715535822900328e-01 2.484003143116199630e-01 3.663128996172070106e+00
7.735983532822101605e-01 -3.065618727885800476e-01 3.125050182739229854e+00
1.345946630696069679e+00 -4.722421374053800136e-01 3.666940095242209985e+00
9.461660699701199828e-01 -4.369787673089201019e-01 4.818997202833759985e+00
8.154709832021902471e-01 -7.229571508720000761e-01 3.803229240037069747e+00
4.890887225562998708e-01 -3.361313438154600042e-01 3.158429540504199995e+00
4.660853197594700958e-01 -3.071329674050600200e-01 3.113811658326810061e+00
3.387447118319402151e-01 -1.037523534101679967e+00 4.702299140617219209e+00
1.347125923729599606e-01 -1.288239933797599823e+00 4.541817448099680021e+00
1.819910518695899704e-01 -1.283300015903200197e+00 4.528044444390470602e+00
1.344813223231370092e+00 -4.713603072745200517e-01 3.665800807518610149e+00
1.730090506227304203e-01 -1.224678395829860156e+00 4.459654278422789275e+00
3.418398103121702558e-01 -8.386347589547999970e-01 3.132697668726009965e+00
3.284004670135900472e-01 -8.407282017800998819e-01 3.129245768885169809e+00
1.320015837186300001e+00 6.545299097415996359e-02 3.336309327650700318e+00
1.069861608642989959e+00 -7.828657586367600008e-01 4.070097566662870037e+00
4.074670526822501415e-01 -2.718930964295200314e-01 2.972004856439450116e+00
1.450437853644710007e+00 -1.596568358466200210e-01 3.606034133779529860e+00
1.028513576778700145e+00 -7.874019142507400204e-01 3.924877653151799706e+00
1.334541983060399950e-01 -4.693772685274200107e-01 4.993918867614219437e+00
9.932661628103023332e-02 -5.022260951189001510e-01 5.042513143438290157e+00
1.392324947580660055e+00 -5.288905097639000630e-01 3.902536050638280241e+00
1.067957127780069904e+00 -5.594837695249800236e-01 3.824794357563010117e+00
1.297308950987849929e+00 -4.163414903002800038e-01 3.464653221761649693e+00
1.045142093246880011e+00 -5.683744053011799968e-01 3.825931896820340405e+00
9.762003208381500041e-01 -9.489692745022999532e-01 4.284226611064649859e+00
9.369286763448503308e-01 -3.830200390676400390e-01 3.407997521964249987e+00
9.311572828657299628e-01 -4.887012636617799610e-01 4.816472931846590200e+00
1.190756899652889889e+00 -3.878534476028400180e-01 3.582771150890770251e+00
1.057951426617749879e+00 -8.133014873101398479e-01 3.810237501341849686e+00
7.703293016633299128e-01 -5.672856853407399758e-01 3.780264896959789844e+00
1.306410713508870058e+00 -1.019745877086009056e-02 3.341324927760009889e+00
1.085578748139900185e+00 -6.609193467881999684e-01 3.823573136962899799e+00
1.014546209307930047e+00 -3.889318113572400870e-01 4.644839091848290025e+00
1.309726134442210199e+00 -4.207112906877200631e-01 3.466908880483529742e+00
1.077822752918820237e+00 2.179160511832999858e-01 3.906966650619560166e+00
1.129895018644650140e+00 -9.668705927773000308e-01 4.221635084711749641e+00
9.597765322662299425e-01 -4.765157123155600027e-01 4.814357863024190110e+00
9.699508383733901340e-01 -4.812402188451400109e-01 4.802983762845769888e+00
9.165799381674202273e-01 4.465414897968200125e-01 3.389913814146559901e+00
9.693775953280900914e-01 -1.276616690542000387e-01 4.607567634243169508e+00
8.245295643231802529e-01 -4.248839251631200131e-01 3.407565687949340116e+00
9.237810838615201359e-01 4.297449468609799150e-01 3.356886744396260003e+00
6.972311247544100699e-01 -3.573999856109600359e-01 3.279656941238729750e+00
5.084287898694799246e-01 -4.876136100393799744e-01 3.081707677600740158e+00
1.013509528178669683e+00 -3.925899836077200167e-01 4.645972702461909520e+00
1.044435986140179962e+00 -9.340195505693800193e-01 3.917535676388240073e+00
1.007572159236060028e+00 -3.868014457493799685e-01 3.352615809023480331e+00
1.186974997885150040e+00 -9.245693761581199599e-01 4.069304600320950094e+00
9.754045927518300019e-01 -8.478056158815400201e-01 4.352990833423489470e+00
1.110991884841640243e+00 -7.201597296533199799e-01 3.848915154253520043e+00
1.188887422963329943e+00 -4.286921995224600712e-01 3.639261070879990179e+00
1.014663002694780047e+00 -3.277380375323200035e-01 3.360738496627339700e+00
1.165821493498449879e+00 2.972811153811399376e-01 3.605717317532150190e+00
3.310414178449199163e-01 -4.618498047339200108e-01 5.010912272402760159e+00
1.359666542425499891e+00 -1.065710193832600239e-01 3.507871614026000007e+00
9.075697354010401341e-01 -4.304524474372800058e-01 3.421561957603119986e+00
1.147021924272540128e+00 -9.284646694642000320e-01 3.828254662639219763e+00
1.123603598494740119e+00 -5.280916234363199901e-01 3.829574625746019922e+00
1.117872872527500006e+00 -5.309248121523000297e-01 3.827240088557199993e+00
1.282124727277630161e+00 -3.991658948140600627e-01 3.458304834919490034e+00
1.064185805404969987e+00 -7.255013868609599959e-01 4.121304976665610020e+00
1.026419197530780147e+00 -9.613844285730199779e-01 4.322333544563040419e+00
9.839501349158799037e-01 -9.239700323160000561e-01 4.320875812815639705e+00
1.148815241675420040e+00 -6.324230173615400519e-01 3.880606501536359776e+00
1.688186311321310029e+00 -3.772141965306200495e-01 3.826660597295730160e+00
9.896498045128998555e-01 -3.598623788796599943e-01 3.319723156079799953e+00
1.141096682883669944e+00 1.558533168654200884e-01 3.496629163087010106e+00
8.337474556943000881e-01 -4.104795383697199540e-01 3.395826264039300213e+00
7.646182416240701052e-01 -7.330286959950800263e-01 3.684687798934110248e+00
1.404251884539760020e+00 -2.441667026475000390e-01 3.251955534954579896e+00
8.020370913729601980e-01 -6.908701196238400399e-01 3.716102028488479814e+00
8.147368199585101056e-01 -6.167728126043600101e-01 3.790127532943829980e+00
7.939153852406799494e-01 -7.487255393565599437e-01 3.704796258055240266e+00
1.340298855315160020e+00 -4.645958958594600396e-01 3.669565151183380003e+00
1.045462763469279910e+00 -9.762434062111200461e-01 3.934163644288239947e+00
7.576473768099298844e-01 -5.952595325127600923e-01 3.725137020727090409e+00
6.249446766247099827e-01 -6.721848154443399448e-01 3.542763967770529820e+00
6.341312460746699742e-01 -6.356876624219800487e-01 3.569279770328209977e+00
1.168600645244100011e+00 -4.171017572471996671e-02 3.203808688980100072e+00
6.256702037315500231e-01 -4.950208839453199561e-01 3.355510930935750036e+00
6.239235159752700710e-01 -5.346661434738999574e-01 3.601509836263609987e+00
9.857854853792602512e-01 -3.306276256485000120e-01 3.257857068230680220e+00
9.776358999335699185e-01 -8.459436763399000858e-01 4.354396247183509594e+00
1.112870426454689810e+00 -8.033872038852201136e-01 3.802616752616669871e+00
9.898124263852499105e-01 -4.153245626308599836e-01 4.531266195978949973e+00
9.181067071646900057e-01 -3.785741385047800001e-01 3.405467394184070073e+00
8.051864871173601834e-01 -6.729075769770400672e-01 3.724333649647279643e+00
8.060636711016999634e-01 -8.593396381205600232e-01 4.502212434849299783e+00
7.611652063825502523e-01 -6.778732097517801147e-01 3.739755960689250092e+00
7.791067992728200053e-01 -6.391803834545399798e-01 3.762434121501160078e+00
9.533303430748500951e-01 -6.818404663287600531e-01 3.803158041615850138e+00
8.632639310713798864e-01 -6.612087904281800377e-01 3.788933625961440121e+00
7.828533342015600027e-01 -6.642181908682200930e-01 3.791561587941580047e+00
7.972298684206799990e-01 -6.148651821171400300e-01 3.777899733579139774e+00
7.668447268725002708e-01 -6.329946480468000569e-01 3.709127699137299672e+00
9.653069427897700283e-01 -7.085709015453200976e-01 3.790331507390609644e+00
1.111699286020140010e+00 -9.334085210559801560e-01 3.886381628844719938e+00
7.866059980923998385e-01 -5.772099487690001141e-01 3.764907926006600292e+00
8.265823510879299896e-01 -3.363296981714000156e-01 3.247330618488689868e+00
5.636330762223800139e-01 -7.140914829382800644e-01 2.978765911580739889e+00
5.806972282954900866e-01 -7.202719447129999342e-01 2.984921602733369816e+00
9.145673593870000673e-01 4.030039479058399876e-01 3.338719968361400170e+00
9.395106204093401914e-01 3.977592975146799215e-01 3.351385705213620003e+00
5.727912858200501223e-01 -7.171299476692799546e-01 2.984966162955250191e+00
5.923260352457102584e-01 -7.213948959552600737e-01 2.990142452277730012e+00
7.519795416973502622e-01 -9.023335004362400547e-01 4.511496570580949772e+00
7.378954794730803179e-01 -4.361736694185800456e-01 3.448904900861939904e+00
6.191139733190500483e-01 -6.306305370992399961e-01 3.565894250466850046e+00
7.728493126639501831e-01 -7.291399924159800428e-01 3.669699705023649727e+00
6.383402810757599077e-01 -5.635966025881000707e-01 3.588185843790379970e+00
9.455388971674403287e-01 -9.130827397253200584e-01 4.440421242760519860e+00
6.328868405605798664e-01 -9.469095434237198017e-01 4.547883488571740074e+00
5.488007443191702528e-01 -6.561314216219400475e-01 3.422957392860909831e+00
1.097032855719770161e+00 2.406066460139199559e-01 3.526885188278010119e+00
7.130553598792499503e-01 -3.515746671212600649e-01 3.273894759842550073e+00
7.282618038135100225e-01 -3.588564642194600474e-01 3.263494611977729942e+00
5.194322504954200781e-01 -8.387401721195399951e-01 3.061547183997159749e+00
7.121587306700898345e-01 -9.498611694727401300e-01 4.508768751489269810e+00
6.781441711285101093e-01 -3.087742351422799736e-01 3.171866288809829904e+00
6.022640828812901859e-01 -5.153841195576200906e-01 3.589108540454069907e+00
7.895370148834801594e-01 2.934771141648199744e-01 3.658318603260140023e+00
4.465698915385201140e-01 -7.837064232194801416e-01 3.018153973697359937e+00
8.846036180356600109e-01 3.894429063475799979e-01 3.356636474462680209e+00
6.684150143110401121e-01 -5.589019221834600204e-01 3.354265735110220081e+00
1.174076642459420228e+00 -1.018924074688180026e+00 3.847361847988759909e+00
1.185818827265479936e+00 -5.742637301125199656e-01 4.277353279553439691e+00
1.108729394614800023e+00 -5.693411153524399193e-01 3.899650201546200012e+00
1.014743751397900073e+00 -7.667983151337199876e-01 3.782990803787699807e+00
1.189655421191869955e+00 -9.290244026122800314e-01 4.065300970753510157e+00
7.876441611855100611e-01 -6.353161445561998910e-01 3.727675685318830201e+00
3.915452025325303342e-01 -9.160400142089999420e-01 3.044392221754089967e+00
9.873997713780600094e-01 3.157039512769200251e-01 3.374349055688980137e+00
5.114718329240099948e-01 -7.172770184996799525e-01 3.466701002451530123e+00
5.494060604008803583e-01 -6.906541683967799550e-01 3.243316430645140080e+00
5.059449033552800845e-01 -3.567333849966000114e-01 3.306535733768440011e+00
5.805801949226099268e-01 -9.795073905572400097e-01 4.616395822093929624e+00
5.834786017869399988e-01 -5.597979450253200984e-01 3.639978973811619944e+00
1.331423194086830186e+00 -3.056139197341400382e-01 3.494114098369889732e+00
4.305580866776501647e-01 -2.318519071523400255e-01 2.921354969692750103e+00
5.549280236054903170e-01 -6.387845196385200097e-01 3.325318365626169559e+00
9.923411416998817458e-04 -1.303152772053679964e+00 4.854764098017300356e+00
1.117365950055789980e+00 -6.402029331640000098e-01 4.033982972627869756e+00
1.100815949877040012e+00 -8.208033267220600226e-01 3.809444523045620201e+00
1.142245281304079985e+00 -6.439064252792600085e-01 4.086815120120339984e+00
1.754382049574401137e-01 -9.934791138390003384e-02 2.847243913568019646e+00
5.633864578661902378e-01 -9.775330426717998566e-01 4.618619975318069670e+00
5.947282240898901229e-01 -6.959050884878599241e-01 3.529589402166270151e+00
4.964344033749401586e-01 -2.251725023873600295e-01 2.962563168099419997e+00
2.490353688947701816e-01 -1.318227462445000220e-01 2.831379449281310023e+00
7.454043214878098844e-01 2.425539166946199532e-01 3.692325850242029972e+00
4.989930230179600024e-01 -2.090653481411000048e-01 2.921731629561180377e+00
5.375691267215099156e-01 -9.594495926650599138e-01 4.562075508065330354e+00
7.857642962940301068e-01 2.154590595220399751e-01 3.634397162690389926e+00
3.875098871713200666e-01 -1.975798508221000005e-01 2.849356663751060115e+00
5.039555272718099221e-01 -1.341266152558760139e+00 4.558448599139129698e+00
3.976959842559302238e-01 -2.593991305956200311e-01 2.970834869606790107e+00
4.945585734621198437e-01 -2.446239009012199928e-01 2.933628093922260316e+00
-1.526421983168604335e-01 -1.164982748346939934e+00 4.812948693315320270e+00
2.841474445064999799e-01 -3.021130057385800205e-01 2.813618412926000012e+00
2.033788928007402852e-01 -1.283011791624259823e+00 4.520524470253920235e+00
3.692646931226599705e-01 -8.900847938281999383e-01 2.938808393199179747e+00
3.296267826061201056e-01 5.726673088755198648e-01 2.853191632220359875e+00
3.413640464317100331e-01 5.626112482721201680e-01 2.858382793415430001e+00
3.652236327125502058e-01 -8.090493700563399226e-01 2.944968337746050047e+00
1.705768045301798708e-01 -4.613173913756800082e-01 5.038758122836339837e+00
2.116177397087399825e-01 -4.727572442888400284e-01 4.983009078043419748e+00
5.724285536552000675e-01 -5.189998037013600074e-01 3.556233185809599906e+00
1.724126375346002327e-01 -1.178682319807680123e+00 4.745762497743399422e+00
9.727686585643899875e-01 2.918117486207400524e-01 3.650930296502169714e+00
1.123410665682849974e+00 -7.879577774018200476e-01 3.850830272993750025e+00
5.398685347147702540e-01 -5.563961321323600551e-01 3.445715840627209925e+00
-2.261116709943999936e-02 -1.298899689516880063e+00 4.846603118422880385e+00
1.136944445860620156e+00 -8.289643059823998961e-01 3.970087471244460264e+00
1.107451794459620054e+00 -7.935907952701599655e-01 3.863757940482259734e+00
1.345953890945569942e+00 -4.566479636650600527e-01 3.760948698344510177e+00
8.012202268888399814e-01 -6.979775954084599388e-01 3.697642111607819970e+00
7.699810432019602580e-01 -6.629642752897200175e-01 3.687748557689679796e+00
1.070146236975419995e+00 -7.862563704939999898e-01 4.310566227540860496e+00
1.019067656377099951e+00 -7.655436845874399321e-01 3.782558166634700125e+00
1.123681502018649914e+00 -1.018897922782799892e+00 3.843630403993449907e+00
1.014062543431890173e+00 -3.823060088680400037e-01 3.353535450409769858e+00
1.143578355771790012e+00 -7.932494067588600206e-01 3.864186315261969540e+00
5.280582168947700605e-01 -4.813947430579200160e-01 4.981638290221809484e+00
1.039040886017940313e+00 -1.011610453825000921e-01 4.542019875375920002e+00
5.770402567033801056e-01 -5.237315176760199975e-01 3.446929679117840095e+00
1.170780561386969953e+00 -7.482201965749200046e-01 3.917124986337010117e+00
9.568322467503800333e-01 -1.346339760398400365e-01 4.615352639030139592e+00
7.644394080820300363e-01 -6.340389812040400086e-01 3.707960166543589953e+00
1.407864445745530046e+00 -5.004754207692000412e-01 3.922341578450890154e+00
1.070744136260160406e+00 -7.882783795561000284e-01 3.798842443779979927e+00
9.575901114796199209e-01 -2.015064554174400002e-01 4.823935789246659667e+00
1.178789552479100111e+00 -6.545768923140000695e-01 3.919199850678700248e+00
1.167518631101499782e+00 -7.015317390446400569e-01 4.225382846353900490e+00
1.177320884874110130e+00 -8.412448474709800506e-01 4.162847671187929421e+00
1.142871458168579935e+00 -6.930640790932800499e-01 4.118488091551539831e+00
1.061394864123349935e+00 1.509070539635199437e-01 3.892253799127350256e+00
1.169862979968020245e+00 -7.885709225805600520e-01 4.129476764767059827e+00
1.194498361898810090e+00 -9.679988337939200438e-01 4.093745323964729899e+00
1.157617690425240209e+00 -1.009203378646460036e+00 3.812076292817820011e+00
3.469655251941299312e-01 -8.738874256267199492e-01 3.120318118750690317e+00
4.354913649232998729e-01 -9.367804659686800317e-01 2.989964156601500278e+00
1.483812838460710104e+00 -3.030888823744199989e-01 3.647803597528930020e+00
6.575518781266402879e-01 -6.087236404535800727e-01 3.327613149150019822e+00
-3.306270701872016105e-02 -7.367365676620998283e-01 2.741527380811739967e+00
8.787230093107498696e-01 -3.674055047216799874e-01 3.391458101673949788e+00
-1.547244072935498593e-01 -1.410792131524599924e+00 4.888566762654649622e+00
4.528102058160499155e-01 -9.373504294653201008e-01 2.993955965506650330e+00
9.010380905303401189e-01 -3.536468120252600489e-01 3.278083003078919866e+00
3.406031972220702198e-01 -8.372755168355998645e-01 3.134962553922309603e+00
1.073049166866659743e+00 -7.291118598497600134e-01 3.825822954619380045e+00
4.752834286476099734e-01 -4.378123123733800304e-01 5.046234696179030088e+00
1.163333665883309997e+00 -6.854701827458200558e-01 4.189728454612129838e+00
4.630729193708900127e-01 -7.750241361448999555e-01 3.037124633871270074e+00
3.408755378353101051e-01 -8.620088960759599850e-01 3.231572773729830317e+00
9.231205796450803192e-01 -3.706582674292400181e-01 3.412842065048639739e+00
1.308422716610940117e+00 9.278444659189993837e-02 3.369608014572920140e+00
1.304974123793110063e+00 8.749976488782001960e-02 3.366499239691330025e+00
2.918022689863399854e-01 -8.041943864344999193e-01 2.931102975384719755e+00
1.397296808901230092e+00 -2.184127938250200462e-01 3.221060550961089675e+00
-3.019245040011860226e+00 -2.001254292211740005e+00 6.909060916618719794e+00
7.677045809010798472e-01 -6.330598098994200118e-01 3.710069325088540371e+00
-3.607021011869981919e-02 -6.612147904839200674e-01 2.649655933962900001e+00
-3.199062975796190145e+00 -2.024726082312199527e+00 6.999182914334729944e+00
-3.954360698346097713e-01 -5.496824214752400461e-01 5.113667730958869839e+00
-3.751609371656240199e+00 -2.126699721474599958e+00 7.293855925711479671e+00
1.084308390655519982e+00 3.329761541805399960e-01 3.533494232211660258e+00
-2.457384069227079415e+00 -1.899916414201499926e+00 6.579858460658859265e+00
1.262168161554340085e+00 8.666066273145994758e-02 3.304832275519320017e+00
6.950708133023602020e-01 -4.510242474389200007e-01 3.448476272295679657e+00
1.275151855558759983e+00 -5.336163303998200380e-01 3.754621419919580205e+00
1.186614971419350129e+00 -8.426224680608800366e-01 4.159953967109750295e+00
-3.233467983064949536e+00 -2.136629786014600185e+00 7.060770031730450036e+00
5.900049734312000638e-01 -6.089439747379200574e-01 3.385157027431600074e+00
