-8.630693941191398544e-01 -2.115692514897401511e-01 3.402829938394780207e+00
-9.550334059169700573e-01 -2.144423319784298787e-01 3.391824138456899895e+00
-9.748472769229796775e-01 -5.219913037945399514e-01 4.132720713798019752e+00
-7.945751691885103440e-01 -4.015195523525699750e-01 3.877271000350630104e+00
-9.838982551362400741e-01 -5.248631019655199959e-01 4.204092840009059806e+00
-9.164551729074097430e-01 -5.270948785342300935e-01 4.174927303338040296e+00
-9.339173315467199643e-01 -5.267693895707201701e-01 4.304208881069589765e+00
-1.067964757811359799e+00 2.124681629979199293e-01 4.145804092379989925e+00
-9.155202683779202211e-01 -5.058046558485599364e-01 4.309033945476479666e+00
-1.234207754984159688e+00 2.678911330508797484e-01 4.010706586161280285e+00
-2.300348333497601594e-01 -4.211472238331200879e-01 4.364882655569330083e+00
-4.747271162624402407e-01 -5.664992863972400094e-01 4.330912515464929946e+00
-7.564808541942902309e-01 -5.423214797164701562e-01 4.187792248063360034e+00
-6.211668450086196280e-01 -5.318336725377800223e-01 4.229618486919799913e+00
-1.184237479554640426e+00 -3.990954506132001756e-01 3.908511154376889785e+00
4.268382442340978855e-02 1.936157307742991662e-02 4.527898419390259832e+00
-2.410116012549501363e-01 -5.454491659062099540e-01 4.273692369064809427e+00
-3.939603999134098089e-01 -4.686831548779097911e-01 4.249879736682419917e+00
1.919744728081598240e-01 -5.276345673405600234e-01 4.210373893746149676e+00
3.397268494400895733e-01 -4.519729743698899238e-01 4.059666110823600071e+00
-1.041301058490660125e+00 -2.111897752869995593e-02 2.785420824677459883e+00
4.209280396039982719e-02 -5.029673280080082520e-03 4.530238309900430416e+00
-3.266772580509900159e-01 -1.953921336961700339e-01 4.465936822917259796e+00
4.292317156036995485e-02 -5.249946663865697749e-01 4.329473372217449878e+00
-3.876569953100501564e-01 -5.624720606647901633e-01 4.324503493044689506e+00
-3.887658635923796346e-01 -5.576821536327399853e-01 4.318022671817120184e+00
-5.641299461245705693e-01 -5.340104923465098796e-01 4.239332501657130159e+00
-1.001265564702699784e+00 1.885410433715799527e-01 4.138140082646470042e+00
-2.288680032807297593e-01 -4.297318945391500611e-01 4.361845233952429624e+00
-5.747324077504498696e-01 -5.375243394804699593e-01 4.255526921440720756e+00
-9.204461955631999537e-01 -5.228622739836001898e-01 4.172805479859800215e+00
2.722881128376499760e-01 -4.722995759993700027e-01 4.063429651454770308e+00
2.778766641705696649e-01 -4.682475781826898054e-01 4.053496390083119572e+00
-9.124443566346003287e-01 -5.109213951423601241e-01 4.302497849594260515e+00
-9.974737963268998087e-02 -5.483586110677499681e-01 4.191386414914589409e+00
5.698430655630097874e-01 1.883025175405499407e-01 4.175604544750390446e+00
-2.322629689187603041e-01 -5.841475487837199942e-01 4.299391257320279713e+00
-3.067955932039998501e-01 6.743636653335993714e-02 4.565110293811289743e+00
-1.067432059384809673e+00 2.038629276857297778e-01 4.152991046887779980e+00
-1.071420431286290054e+00 2.049735824243297255e-01 4.149879093082109449e+00
-1.042993579887680156e+00 2.680662343655999535e-01 4.160620504665529573e+00
-9.758402357278899153e-01 -5.363480558558301192e-01 4.199654515671169541e+00
3.174631926803699322e-01 -5.481936709243300232e-01 3.999888556490160063e+00
3.225155866836981744e-02 -5.386543354144899265e-01 4.340280262237019571e+00
-4.261374450833899097e-01 9.077768824775001022e-02 4.582972150127339717e+00
-1.266704036642880116e+00 1.925527375355999826e-01 3.998316184057079781e+00
-9.594007495874401492e-01 -3.955422611733601101e-01 4.225452149653150080e+00
7.868565889031500227e-01 3.231020638881700879e-01 3.918791659017379914e+00
7.815245038387197418e-01 3.126047675783201196e-01 3.925776831508559717e+00
-1.171193822920109540e+00 9.227425763806995640e-02 4.545314051130340260e+00
-5.472247830987702066e-01 -5.726718366110300495e-01 4.333004106038949921e+00
-7.429933872897303004e-01 -1.921829105761498901e-01 4.575002986959580298e+00
-3.896725230324502576e-01 -5.467648579285500077e-01 4.305895134216149778e+00
5.704802582706200997e-01 1.903309670986599311e-01 4.175403633170120088e+00
-1.964161107326294342e-01 -7.789087809331700640e-01 3.951926443251950083e+00
2.831064181956000070e-02 -4.165086589926800809e-01 4.376622542799969651e+00
-2.911896073235200610e-01 -5.607699803112800030e-01 4.335520298969050224e+00
2.988193090382300632e-01 -5.433678414556302183e-01 3.992136014722099890e+00
-3.064931038244700368e-01 6.571666660562991424e-02 4.563570004144489545e+00
5.290167747705702972e-01 1.259894268312298227e-01 3.875050452168149917e+00
-1.955054782664702451e-01 -8.156470241228500617e-01 3.978293405668120286e+00
4.963364266512195755e-01 -2.255284576354599224e-01 3.360109602447439947e+00
-3.005615121512099641e-01 -1.078986760125229871e+00 4.123107051053489513e+00
-2.316650347343598426e-01 -9.049185222047599897e-01 3.979700686412519950e+00
-1.178019223048099917e+00 9.701475142602022927e-02 4.544063862037679868e+00
-7.874726396947999696e-01 -4.166724759977599168e-01 3.885618644995959770e+00
-1.942073428842898686e-01 -8.156655399129499884e-01 3.978100057598539685e+00
1.137431672641397995e-01 -4.227011197155799982e-01 3.893121753674489760e+00
5.629220927028597554e-01 -1.898153529842200316e-01 3.392919162317860060e+00
5.876317835161499747e-01 -1.410134523152298813e-01 3.330480994124480176e+00
-1.154895173079429682e+00 3.420423531157901209e-01 3.860461663622340112e+00
-4.427228327994003898e-01 -5.012676415487600234e-01 4.336687281770410074e+00
5.789422931507599568e-01 1.513095366214798343e-01 2.498215640736260124e+00
5.746832587027899120e-01 1.404972769799699428e-01 2.518685647440639830e+00
-1.068886228137997385e-01 -8.471938826982000625e-01 3.963340115540599840e+00
-1.657817361197390316e+00 3.483577363099097379e-01 2.452809729478679923e+00
-1.269768152508290449e+00 -4.600602302500698126e-01 3.926345862805209919e+00
1.341378491564602093e-01 -3.990821538299800242e-01 3.948350189142869837e+00
4.491136727392701644e-01 -1.823922314983500437e-01 3.407826182801529935e+00
-1.204412443770209951e+00 -5.513231704751101470e-01 4.090219872003819646e+00
2.944220388963101342e-01 -4.842394751042700118e-01 4.085446860022310389e+00
-2.038988397080196968e-01 -7.882476462504601766e-01 3.981848014167779670e+00
-1.296631048835639621e+00 -6.552316965655602399e-01 3.760383215573899651e+00
-1.304790188897249514e+00 -5.745046462843900192e-01 3.841276992077239605e+00
2.972052191596703530e-01 -5.508789972406700208e-01 3.999259930168549637e+00
-3.897365078937697902e-01 -5.430362054341099087e-01 4.330640745770379496e+00
-6.325872952814903805e-01 -5.158141661055899441e-01 4.222397331407229615e+00
-2.693309128353393866e-01 -6.364404501209800502e-01 4.262446032970619747e+00
-3.007373056891897711e-01 -1.079637616620690022e+00 4.122861593099729660e+00
-1.230179287351780282e+00 -3.872131531315800013e-01 3.970051837274310103e+00
4.091943360314020950e-02 -1.775221395272199576e-01 4.450390174404880383e+00
3.155093624858098522e-01 -5.562801962886499973e-01 4.007046971162689708e+00
-1.010591362261803461e-01 -8.371962195049400535e-01 3.953269208918369859e+00
-1.257495136288429904e+00 1.517550469214978826e-02 4.413279593224629593e+00
-1.300596063468749897e+00 -2.276403040541699063e-01 3.625222164653119972e+00
5.797416455588897399e-01 2.303359415004300192e-01 4.217513621173179850e+00
-5.460397339294500441e-01 -5.665648820502700023e-01 4.331543082102669473e+00
3.921013588437300967e-01 -3.285763865866501154e-01 3.571209203293119749e+00
-8.889334467435983100e-02 -7.475053838983600762e-01 4.049239020546670176e+00
4.037694004214902321e-01 -2.206689358155301539e-01 3.536291524578790035e+00
-5.040711738006899978e-01 -4.163586541255899220e-01 3.727606277045180327e+00
-3.614707380055026675e-02 -4.624418512055699093e-01 3.112746095812170211e+00
2.610409172899696983e-01 -1.927582821108899669e-01 3.335785695853469957e+00
6.445341379172599972e-01 3.624531960370598327e-01 3.923805148422579769e+00
-1.344171906432989783e+00 2.524386998398964188e-02 3.228526927407100011e+00
5.021094510755801377e-01 -6.806649458990010615e-02 2.560908294837469956e+00
-4.410341143773002237e-01 -5.038301400531002283e-01 4.341057513437699633e+00
2.904640985913302664e-01 -1.115698781825699148e-01 3.181151261338539982e+00
5.384560143547498789e-01 2.242914006417702222e-01 3.922219142187979735e+00
-1.645874949713449720e+00 3.252660373928495385e-01 2.505745512178600087e+00
-7.971253858480009669e-02 -7.266375068156800676e-01 4.023541515510379973e+00
-1.349350302693097525e-01 4.375235827567003355e-02 4.573498192002739771e+00
-3.013548474211003025e-01 -1.082221537212499918e+00 4.127151593166850319e+00
-1.208741258679669972e+00 -4.806294149429300999e-01 4.116780935516999307e+00
-1.303010078172310404e+00 -2.310228159337300857e-01 3.643878619159689691e+00
2.623045029913098070e-01 1.954561991358501061e-01 4.165093000430090342e+00
-6.715587815506096625e-01 -5.307681851057501898e-01 4.313658145719210246e+00
5.740933789251903008e-01 1.919555027030899197e-01 4.177082540257620380e+00
5.420723064236598887e-01 2.251160922341000070e-01 3.920405421746540053e+00
-1.285739198043023279e-02 -4.809818602616898753e-01 4.034588355682870109e+00
-4.683244375886497224e-01 -1.861509245501900001e-01 4.585515249452639885e+00
-1.285494064661520497e+00 -4.844509828127999684e-01 3.918203764061070071e+00
-1.906480435139599194e-01 -6.360505972841998812e-01 4.255991901785160181e+00
-1.137951527781550176e+00 9.387397902767014024e-02 4.531872439661579932e+00
-5.883142903523985723e-02 -6.701223439149202044e-01 4.028549150953260494e+00
3.143252400751039843e-02 -4.158523431158701600e-01 4.370036695110860236e+00
3.253827774891795421e-01 -2.617514073479001446e-01 3.489940267585270206e+00
3.332977461198995961e-01 -2.351921428998200447e-01 3.460134245447269663e+00
2.712119172882010432e-02 -4.466574197416200986e-01 4.394426044720649571e+00
-4.112912407621296396e-01 -3.858691989964700975e-01 3.662556275953799734e+00
-5.573849526822600708e-01 -6.675606725323000035e-01 4.201649537347759811e+00
-1.362107957153790405e+00 1.433487693509503114e-01 4.339052415729190315e+00
-9.308179142829300368e-01 -5.304227310483098368e-01 4.303587897057740363e+00
2.845717346155698380e-01 -4.316775829614499793e-01 3.719729882685779643e+00
2.834280917990028570e-02 -4.128021648452601111e-01 4.372584753860709661e+00
-9.318639493602010049e-02 -7.629609031460602431e-01 4.076890127197930092e+00
5.365359402547800194e-01 2.240656642162599521e-01 3.925681255036010064e+00
2.705201490643993623e-02 -4.524112944781999435e-01 4.367853430948359872e+00
-1.303027645397340173e+00 -5.782579221957802051e-01 3.846246132173019916e+00
1.889290617697900743e-01 -2.919872237242299162e-01 3.741912917310839859e+00
2.902916809296400835e-01 2.214942300114000062e-01 4.155130460088559907e+00
2.948782985130060652e-02 -4.460802492645001838e-01 4.367412827177649781e+00
5.521176131613296789e-01 2.319357656548699520e-01 3.986165652535500037e+00
-1.624751362228950224e+00 5.323029127210987532e-02 2.364788794881739875e+00
-1.596155990600989227e-02 -4.385174327303501540e-01 4.028457478683909798e+00
-1.231149959720370113e+00 -4.153712875178299235e-01 3.988988857141650080e+00
1.197236497481100059e-01 -4.057582892486298887e-01 3.872153201320819971e+00
-7.300941685425201833e-01 -5.040179173533201329e-01 4.077034530125089873e+00
-7.986405444835802392e-01 -3.945326334346601627e-01 3.874123104723040001e+00
7.827411623125097861e-01 3.141652726416899188e-01 3.925770709082000209e+00
5.144087807168002957e-01 1.661231720074398677e-01 4.048419928089709963e+00
-6.608474155492896074e-01 -5.369011832520300675e-01 4.137092907601319425e+00
5.496382232010499358e-01 5.907921316830044844e-03 2.629205498311619760e+00
1.908752926328089794e+00 2.028513555560910397e+00 -1.808080949994450126e+00
-1.298518158731720273e+00 -6.496279615902800231e-01 3.752584481517599713e+00
5.357789139592297190e-01 -2.331958268302991577e-02 2.667716868393850138e+00
-2.458271593263803290e-01 -7.258573090193001232e-01 4.231212674842879551e+00
