-1.008893834274829704e+00 1.292270455181800948e-01 3.150287333685219959e+00
-8.471065296685997836e-01 1.401072192528201033e-01 3.044731358521300280e+00
-1.007404252684559687e+00 1.310176259559800993e-01 3.152996621281579870e+00
-8.559953958729300538e-01 1.353107683668699490e-01 3.054520738271990332e+00
-7.293034508513001057e-01 -6.056120636938902013e-01 3.908603057379069767e+00
-6.687953632030301243e-01 -5.219378788680298920e-01 3.683680132244850025e+00
-1.031381646202039981e+00 -5.886408892298011786e-02 3.592035167573739862e+00
-8.760342453641798421e-01 5.316099985093198921e-01 2.120535265970520111e+00
-1.274344615249819679e+00 -1.488819369001801451e-01 3.854420650709259988e+00
-1.294752810862360271e+00 -1.493038341486199183e-01 3.923467551992819935e+00
-1.224569070139289728e+00 -1.613976078403001058e-01 3.905242234870339946e+00
-1.147603698801619831e+00 7.418855288280299387e-01 2.113267608574989964e+00
-1.143205202922239483e+00 7.465824359316499681e-01 2.099283462461330352e+00
-1.261803797277179839e+00 -1.565402941729299169e-01 4.030177171202749875e+00
-1.397984890600339813e+00 6.673776389659600294e-01 3.697886235491079976e+00
-8.453830459568800748e-01 -4.362804822322396969e-01 3.960562230351600377e+00
-7.380237696976403861e-01 -3.990021446006999373e-01 3.851402825342740144e+00
-9.668238491131098122e-01 -1.968335368179399136e-01 4.098609935809900406e+00
-9.455935344223997951e-01 -2.214174034091700438e-01 3.984782293547230125e+00
-8.235272691998303252e-01 -2.580801679376100166e-01 4.128258566325429868e+00
-7.123210208259802556e-01 -5.329392309567397845e-01 3.850811341861899884e+00
-5.687386972194494739e-01 -1.812804922648899586e-01 4.190200978698790379e+00
-5.681216226481096143e-01 -1.785353397201400183e-01 4.190053008763060305e+00
-8.616938902828019664e-02 -3.408982582352697577e-01 4.167356103251369959e+00
-9.086556241651693178e-01 -2.217256463507402131e-01 4.044860169772780623e+00
-1.426767809278759902e+00 -1.626587661829992371e-03 3.600845027447290292e+00
-1.226995943761819863e+00 -1.681744394167398182e-01 3.904067116009899863e+00
-9.680768825692096513e-01 -2.019741692103098618e-01 4.103704187780169654e+00
-2.653096542047097550e-01 2.515353365662000851e-01 4.407694986380359836e+00
-1.279996564212909860e+00 -1.571718511416897446e-01 3.863473536994230351e+00
-6.862751270335198939e-01 -2.008487271020900078e-01 3.935783611942550220e+00
-1.038916372495310103e+00 -6.884400752285024794e-02 3.609824372955789951e+00
-8.924812460739097730e-01 -2.415065173331498727e-01 4.111612714547489666e+00
-9.536614318978302585e-01 3.567093966420009643e-02 3.338112714927240265e+00
-1.464897648027099208e-01 -3.160221609226698813e-01 4.114310133283890281e+00
-9.652694796962899559e-01 1.186657187230399924e-01 3.011309517194080243e+00
1.240629788650999821e-01 2.466161090116301136e-01 4.518778149653550180e+00
-8.920012696604695535e-01 -3.582084417560700285e-01 3.979913049359209865e+00
-7.284394359971999577e-01 -5.329495527835397262e-01 4.028850789176299685e+00
-2.696765686337001533e-01 2.275064012355900722e-01 4.409768074195270060e+00
-2.577219706018301082e-01 2.325957393360702508e-01 4.405704929526390146e+00
-6.468843828343100455e-01 8.944445409960000148e-02 4.287223841020960435e+00
-8.288194679551295074e-01 -3.097707260710598209e-01 4.003050500580299875e+00
-8.232804152546302490e-01 -5.973406236898792798e-04 3.494645068860069870e+00
-6.842680216413699057e-01 -1.992817603261096693e-01 3.931309799083410272e+00
-6.417282699715300964e-01 7.873564137458988199e-02 4.280819387449230184e+00
-9.752441938137494937e-01 -2.090946989985700277e-01 4.092636639221590045e+00
-5.659279844817102223e-01 -1.735135796663698216e-01 4.191308250180989958e+00
-5.657978938197900654e-01 -1.713809562665999930e-01 4.192875722455640108e+00
-3.111749383169795102e-01 -2.885739958426499774e-01 4.206954721065510050e+00
-7.286264663736394809e-01 -5.617964181344701213e-01 3.933858306852090259e+00
-6.432099907917798731e-01 7.358481984407982956e-02 4.276105180386400306e+00
-7.803667210112297248e-01 -2.562653640356199469e-01 4.017829553225020334e+00
-7.359160845675001283e-01 -2.677823754189900818e-01 4.135790817398690145e+00
1.279723958737104539e-01 2.513711658518702485e-01 4.522310621463629943e+00
8.893044247459513940e-03 -2.413993161927296960e-01 3.780964249413989897e+00
-7.871527032499598953e-01 -2.323451775940199582e-01 4.035721387407660288e+00
-7.353149284466700131e-01 -2.629904326389801428e-01 4.129244846931260149e+00
-5.890856801943402665e-01 3.033540961982799100e-01 2.649507728996519873e+00
4.961137812084202015e-01 -1.237110974632298355e-01 3.552871943963970214e+00
-8.866756098669594799e-01 -2.283965742499000084e-01 4.102910683107619860e+00
-5.812428090175396633e-01 -4.391605720056299678e-01 4.113889770729249662e+00
-1.376197264919989838e+00 7.115902042901023350e-02 3.410707127850370224e+00
-1.374741632458490237e+00 6.996334881943000461e-02 3.410086173200229887e+00
-7.723326562724497357e-01 3.461706001678699351e-01 2.521469194812270054e+00
-6.835494975663300998e-01 -4.263164149483998910e-01 4.088414150785279588e+00
-8.190010262512594785e-01 -1.119675571075995357e-02 3.522303674435160126e+00
-7.000445100705898760e-01 -6.904330062886998576e-02 3.566653270395049979e+00
-2.833117979639965256e-02 -1.943357010687500885e-01 3.815436826312129881e+00
-9.712934371946295720e-01 8.381790395686006256e-02 3.237066689181339996e+00
-7.854415179623095433e-01 -2.320311631859299784e-01 4.033105497285349728e+00
-8.911435190273304663e-01 -2.163612109226498159e-01 4.024134341294230310e+00
-1.201296570850399537e+00 5.583790737701501694e-01 3.859845531224709969e+00
-7.549017606543100278e-01 -2.630416400621797823e-01 3.510177308483100056e+00
-8.905556731175501284e-01 -2.483395450484500167e-01 4.115739743117790006e+00
3.768353027805799726e-01 3.166267637405002500e-01 4.182479764191540106e+00
-7.783970013661098974e-01 3.073979299319500313e-01 2.569263215886670171e+00
-6.309283812372998845e-01 1.295352091302701680e-01 2.744605828098749978e+00
-9.045339027619503369e-01 -2.180979298358199925e-01 4.038441680204419626e+00
-1.227545324507049784e+00 -1.566845239224998743e-01 3.902545183038300003e+00
-7.620285391434000744e-01 -2.726897242532199117e-01 3.521010506437580290e+00
-8.285164613805200418e-01 -1.674194762877001530e-02 3.519225899523310108e+00
-1.057472896312900090e+00 -1.797336790952900332e-01 3.986942769646949714e+00
-2.964799982536980849e-02 -2.717568620837799154e-01 3.973224577661260248e+00
-1.238318247480700407e+00 -1.438734683324998098e-01 4.031953618932780259e+00
-7.577128971102498056e-01 1.800994634972499231e-01 4.309918777892770336e+00
-4.316427346873599191e-01 -2.961432743480900687e-01 4.049624199563670146e+00
1.173407151444298968e-01 2.598497754794701908e-01 4.471609934947550435e+00
3.288641626664898787e-01 3.395251869003301781e-01 4.143565939199610249e+00
3.709452533793700102e-01 3.102563905406898748e-01 4.181742209962210133e+00
-5.831064866766904053e-01 -3.113335679344200191e-01 4.135264506900620418e+00
-6.060598575027498214e-01 3.485023104710300856e-01 4.389848768851029703e+00
-1.266157500329489594e+00 5.830226753410396867e-01 3.864212383521440142e+00
-1.269414565302210196e+00 5.846283251717698803e-01 3.860519371755049889e+00
-1.234445908395520153e+00 6.433031427995299367e-01 3.875966252343209906e+00
-9.616552266990692210e-01 2.964494516595994611e-02 3.342856754834760302e+00
-6.236026590930801028e-01 -3.021284561920998257e-01 4.115166959650539802e+00
-1.287792774928909978e+00 -1.618713272043301732e-01 3.920281549945030086e+00
-6.304803076829701425e-01 -1.099805607150499132e-01 3.494379423041510169e+00
1.012611044868898524e-01 -1.602252611459997755e-01 3.754291273911440019e+00
1.510809028246402619e-01 2.899625709975499621e-01 4.469242272071550559e+00
-8.243695686126399913e-01 1.163967678082500345e-01 3.175504477503930278e+00
3.020952656201498776e-01 3.084743626812802564e-01 4.196810997625839867e+00
3.183421574769398354e-01 3.744444869809602228e-01 4.073376406916319858e+00
6.112889902948097642e-01 3.766140070684704799e-01 3.932037022167510276e+00
-1.501834968098499701e+00 1.044892086894439798e+00 1.913201152310040287e+00
-1.488012620886020709e+00 9.503511193085201203e-01 2.026473979863160135e+00
-1.447513573114190155e+00 -1.077715026129897335e-01 3.773973915201250140e+00
-5.636186495077599723e-01 -3.334739732617397756e-01 4.120648192365059970e+00
-8.553849120658298943e-01 4.294121525867011790e-02 3.271354728596429950e+00
-9.057798439110000821e-01 -2.190059536665900364e-01 4.038024741956689923e+00
-8.591789860086103126e-01 1.023792674299899286e-01 2.988960336015990205e+00
-3.925863429081797307e-01 -2.488269993846200512e-01 4.167777119990260459e+00
-4.996404017995299540e-01 -2.024300947325099465e-01 4.174130056430610303e+00
-3.607215034304096513e-01 -2.213859935029298676e-01 4.150664747898109574e+00
-6.430844505506296827e-01 -2.793790019020099269e-01 4.161829840034469541e+00
-6.057647180374301499e-01 3.467324534206703834e-01 4.388364902595149886e+00
-1.403386588282280023e+00 4.911595460394013735e-02 3.469288929649779973e+00
-8.295518803274299913e-01 -3.017767150733985382e-02 3.538269233354260024e+00
-7.116167421634598256e-01 -5.350640739044398853e-01 3.850093578011160034e+00
-7.136753217510798386e-01 -3.330734292981798461e-01 3.461150448050140049e+00
-1.402101871102150010e+00 5.814273973604033863e-02 3.471209129750040034e+00
-6.118260659939500634e-01 2.664193412465398758e-01 4.357463871815819623e+00
-1.003242668253089942e+00 3.584914690173990337e-02 3.392851613225420060e+00
-6.731181563327597317e-01 -1.693245119919598585e-01 3.639085271835160285e+00
1.887936249600401517e-01 -1.575919478223899439e-01 3.721163759813290284e+00
-1.394158595450710081e+00 6.638324266546002939e-01 3.697887126044760109e+00
-1.286819475184320272e+00 7.196032560762404273e-01 3.573798346185680153e+00
1.538505413399100519e-01 -1.287377691245601419e-01 3.545901636407839952e+00
-8.330103187546598065e-01 1.798301655724798831e-01 2.987276075490000071e+00
4.801654949959601737e-01 -1.576621252566012821e-02 3.316462621661619981e+00
3.185033429616401790e-01 -1.173242161233400971e-01 3.430490228998180235e+00
3.693112902991699809e-01 3.124739044140600885e-01 4.185306729257339597e+00
-7.542588664060998482e-01 3.840458608863099865e-01 2.373862793428149764e+00
-1.491349605955519575e+00 8.785566591193794128e-01 2.223277817660500144e+00
-1.483904139283959811e+00 8.185307933146701576e-01 2.265000745988430264e+00
-8.616531264169897675e-01 -1.951064076429500638e-01 3.668664420376889890e+00
-1.001088914302310062e+00 -2.198025365534498343e-01 3.945767808144549971e+00
-7.777913115179000414e-01 -2.537633939900598712e-01 4.018293774690580022e+00
-7.263397658447399152e-01 -3.535236332892199851e-01 3.458467860045019826e+00
-9.284702954826102861e-01 -5.887388603428012068e-02 3.631157336301000349e+00
-9.489032743372303180e-01 -1.183128622238500682e-01 3.652244535588869745e+00
-3.421000037130497162e-01 -3.474696376861600156e-01 3.947329579270959954e+00
-8.339271296994597016e-01 -3.144054358664498672e-01 4.012901017300189999e+00
-7.371598044656200166e-01 -2.656065420837099289e-01 4.130191007124450309e+00
-8.984398150280599182e-01 -2.546271431428801524e-01 4.121358445334319498e+00
-8.920822725897097349e-01 -3.488284563237801228e-01 3.984677947881180238e+00
-6.808586527208899675e-01 -4.234545326889498362e-01 4.085206061932090016e+00
-8.779254985163902347e-01 -2.605623162905098544e-01 3.983279608672929850e+00
-1.477936386457890272e+00 1.770570438033500782e-01 3.321847462508390247e+00
3.407323130104000786e-01 3.622578179409201571e-01 4.127547936512920401e+00
4.091384982392600733e-01 -1.075478376706007211e-02 3.249240271494540089e+00
-8.908278968843399426e-01 -2.490160802164798071e-01 4.116616680989600319e+00
-1.200874626306839499e+00 5.514338275594201644e-01 3.863797767696859786e+00
7.469833320216501260e-01 1.275903113506500208e-01 2.849458025037209907e+00
-1.148629693787479589e+00 7.329017114966200896e-01 2.111466522498940179e+00
-3.200697086875301522e-01 -2.040448901693299177e-01 4.248851330864909848e+00
-5.818826156035101782e-01 -3.065255162702797964e-01 4.132641726149079986e+00
-7.305644664114998577e-01 -5.579772922088799270e-01 3.943024525308239880e+00
-5.813890501481995265e-01 -4.320691005952900232e-01 4.044287793401510456e+00
-6.036067373122997459e-01 -4.501010249386898643e-01 4.064656397590989734e+00
