-9.972549515374797835e-01 -1.062393270088000108e-01 3.430934522944159681e+00
-8.524680422069899066e-01 -3.006904937226599905e-01 3.918406430684159947e+00
-9.841964860901395440e-01 -4.211435539722800936e-01 4.213976804255420205e+00
-1.003575683714129863e+00 -4.201972822135801033e-01 4.342981876904699945e+00
-6.750949476150598372e-01 -4.530494499549998499e-01 4.304255253511869661e+00
1.918545786464500580e-01 -4.891739053260998338e-01 4.309652041320550353e+00
-6.902560789045000256e-01 -4.388524554541198830e-01 4.273088694238610152e+00
-1.248146842633699904e+00 -4.218543375270801254e-01 4.337015164650839694e+00
-9.861014600476600833e-01 -4.281225572637199495e-01 4.213049093706230153e+00
-7.520033247959467815e-03 8.245280415807987318e-02 4.582276649537380564e+00
-8.522400471687698875e-01 -3.103097034407001908e-01 3.896788890697040042e+00
-4.608377726782597605e-01 -3.857215310367596572e-01 4.296871568579350154e+00
1.224892433188902174e-01 -4.701985516100999352e-01 4.266067304626870005e+00
-2.607559227806204305e-01 -5.838056445156398766e-01 4.309634772108560163e+00
-2.626049177988396544e-01 -5.647503297278402279e-01 4.301173883988349544e+00
-1.065833221641840467e+00 9.134072115368008227e-02 2.823645368264390054e+00
-9.211930130410106443e-03 5.810817726858008569e-02 4.584564429756979642e+00
-3.849389908057596621e-01 -1.158730883951201163e-01 4.514395948580579798e+00
-3.834966673811401883e-01 -1.180263091020400390e-01 4.512803588303249569e+00
-7.397531283989402517e-01 -4.341055671647597869e-01 4.356428462780160160e+00
-2.933465578358402936e-01 -3.673446698040798708e-01 4.405403573870970035e+00
-9.173192732425197171e-01 -2.849717694957600855e-01 3.923777872825970015e+00
-4.605670080504600250e-01 -4.749376681554799973e-01 4.364927958254409823e+00
-1.229139884831479623e+00 -1.976321005485601745e-01 3.731594976094389615e+00
-3.992579357065397794e-01 -6.294766184966801292e-01 4.310510596451670118e+00
-6.445108444039804318e-01 -4.465970442625198933e-01 4.299681598199519783e+00
2.132617067461399785e-01 -4.144522719446798176e-01 4.110602635266559446e+00
-9.814071065810598959e-01 -4.053016854074800168e-01 4.341621487460259665e+00
-1.695400790722101370e-01 -4.781234713311799389e-01 4.242663750822210034e+00
5.383383026768306934e-01 2.485851948904198583e-01 4.237754885532729610e+00
5.317738607354498548e-01 2.285655079823798452e-01 4.238238749451859633e+00
5.814793573298899787e-01 2.034678051496598972e-01 4.269613537228139855e+00
-3.051073914521400532e-01 -5.082017646143597300e-01 4.348602772878809475e+00
-3.550853808968499337e-01 1.457248651188201016e-01 4.614319673819389678e+00
-1.106617219416150100e+00 3.170289888585400284e-01 4.187893380915779673e+00
2.501197643919002012e-01 -4.959939912874001822e-01 4.057454710451000146e+00
-4.735486614629995650e-01 1.742435047508799073e-01 4.630428055019759626e+00
-1.233657667034079530e+00 -1.903571368779999329e-01 3.719523178991409829e+00
-9.833084074361941873e-02 -4.040356560056401758e-01 4.336712709444459968e+00
-2.573426575270798544e-01 -7.753303351163199908e-01 4.010085983369769735e+00
-1.297246929323330189e+00 3.095123961120198608e-01 4.033099192451899739e+00
5.159679906984799835e-01 1.949419820381601554e-01 4.294233366741860181e+00
-1.022107618716289856e+00 -2.878944113687800233e-01 4.264082545817320380e+00
-4.464577704474401720e-01 -3.067643621172799762e-01 4.430666496331619797e+00
7.583212401372800837e-01 3.540282777503200862e-01 3.984952299920979879e+00
7.524306328323797644e-01 3.437665231762800921e-01 3.991838092783449810e+00
-8.055993361639295358e-01 -4.865128616758200852e-01 4.369695993455869676e+00
-1.354316471347560391e+00 -3.065319786991200779e-01 3.920218151055079758e+00
-2.858549561827401497e-01 -5.283041983297198652e-01 4.331028764500989503e+00
-1.217174638760159855e+00 2.083649222747998575e-01 4.581585950473919588e+00
-6.197376333257498260e-01 -4.829993880968200815e-01 4.377501177661960341e+00
-6.621818067874998270e-01 9.096183033484006586e-02 4.622110812649279588e+00
-8.023145406025404824e-01 -9.457982617347970855e-02 4.617202104554469777e+00
-4.608125502220699055e-01 -4.639777949464198858e-01 4.352807420839599928e+00
-1.188180453599794184e-01 -4.274591266656398991e-01 4.354845491814879566e+00
-1.637493867256902824e-01 -4.741670132501399904e-01 4.235923091736800039e+00
-9.250490142836964580e-02 -3.970036995402198565e-01 4.333838456191399402e+00
-3.634940230489300816e-01 -4.823092979430999572e-01 4.383883766204709431e+00
-3.548351563517302409e-01 1.439952814420202287e-01 4.612781074603099718e+00
-1.242645994306900370e+00 -2.282127317015599788e-01 3.811076670607929984e+00
-7.514436716848900133e-01 1.890819254674003247e-02 3.119052709488309816e+00
-1.641480870461469621e+00 4.532262522210199762e-01 2.534618318656329805e+00
-5.682656650258000042e-01 -5.250353133581597831e-01 4.251689034020929903e+00
-1.318703888441730143e+00 -3.446179140435798871e-01 4.038747430493449642e+00
-1.263854262311169929e+00 -3.177315443850999843e-01 4.063718226955439938e+00
-3.213110350705998819e-01 9.255534545831989313e-02 4.570140838242990000e+00
-2.519000407063995972e-01 -6.062721592155200234e-01 4.254079207769960291e+00
-6.082892985642995853e-02 -3.566073171811398046e-01 4.402472125650829682e+00
-1.223766659710940008e+00 2.134007626314002870e-01 4.580241735447129869e+00
-8.461613980875397623e-01 -3.161487440499599622e-01 3.926833110214709599e+00
-2.723668190225794206e-01 -7.408080398014000867e-01 4.027512120435810417e+00
-3.481538470145499886e-01 1.319532322049401518e-01 4.569496551784880012e+00
5.371367980949015575e-02 -3.615942038500999933e-01 3.947861248744319873e+00
-3.231591963632798326e-01 8.775589260111993362e-02 4.564030076420499960e+00
-1.323344067192409934e+00 -1.278879543221398407e-01 3.675985708527540030e+00
-9.906835498463495426e-01 -1.000751634088198339e-01 3.238985967015009848e+00
-1.660522323495179808e+00 4.877936783741199100e-01 2.482462920777599891e+00
4.065497627823102533e-01 -1.356473718367799952e-01 3.468081865779419903e+00
2.286084209881895646e-01 -4.311877068182198292e-01 4.142769795784229991e+00
-1.360924726434329823e+00 -5.259489044695000448e-01 3.792107439510759903e+00
-1.363314397829520352e+00 -5.320735835453599405e-01 3.793544088348069998e+00
-1.369156099078260080e+00 -4.511562167680400748e-01 3.874448257719639521e+00
-3.977301723731097027e-01 -6.279312569072199590e-01 4.310900642012230222e+00
-1.228480265483300027e+00 -2.018277437806801355e-01 3.738747482633389740e+00
5.801630205530203810e-01 2.055079897674800815e-01 4.273407994195419946e+00
-7.912467359641297548e-01 1.707056630476997405e-01 2.640347740830309764e+00
-5.190818868707798295e-01 -4.696773955086800401e-01 4.261256067293899719e+00
-6.231941549304393924e-01 -4.825243412560800138e-01 4.380313726496270377e+00
-6.272952391004600337e-01 -5.753784080068400364e-01 4.242628705785989496e+00
-9.179566296491898925e-01 -2.911476809360998841e-01 3.931690520570430003e+00
-4.654196019625000957e-02 -5.142851426429400075e-01 4.101859167835120168e+00
-1.228137724968360267e+00 2.185800317919202040e-01 4.577892173756359817e+00
-7.689660903261597014e-01 -4.882515979463202260e-01 4.207609151965529648e+00
-1.288380226354550295e+00 -2.674491637332998550e-01 4.004658959713849775e+00
-1.671987550764031383e-02 -1.140797479541600934e-01 4.504403959748960240e+00
2.369146022279200459e-01 -4.773510581001599862e-01 4.029933338818839417e+00
-1.252691349354170036e+00 -2.792524323718198476e-01 3.929350278862400181e+00
2.515312695753495476e-01 -3.573488393652598516e-01 3.896061093627579908e+00
6.601272098505983621e-02 -3.527336886769198987e-01 3.702143614173389885e+00
8.050919370707010359e-02 -3.448925739973400795e-01 3.683605728411129654e+00
-1.373036769691739600e+00 1.504163401153197910e-01 3.262233237436169997e+00
5.058153656851398505e-01 2.661721357218800321e-01 3.984474291007229940e+00
-1.650400523061399838e+00 4.641433995131998280e-01 2.535531348879449531e+00
-1.273261747572399738e+00 -3.618754230867198274e-01 4.151528721558209511e+00
-1.349385900090089851e+00 -1.078633491831798574e-01 3.677704252936520035e+00
-3.572944948122995790e-01 -9.180306384280402243e-01 4.161677754001470220e+00
-1.901386046755404458e-01 -6.206539623418800833e-01 4.150115814384220059e+00
-2.930690516772695986e-01 -6.765621170772999626e-01 4.216202338771339875e+00
5.361570182112000982e-01 2.320274796572001641e-01 4.239786851467699513e+00
-1.186149138154280358e+00 4.720471492184803441e-01 3.888991171402719882e+00
-2.891525064619493435e-01 -7.581632366354600361e-01 4.114785717547030153e+00
-2.727553134219693476e-01 -7.391212121022199266e-01 4.095651526934400266e+00
-6.169104814087202904e-01 -4.761873548774400167e-01 4.374633259142259867e+00
5.094911954473202442e-01 2.668398813151999782e-01 3.982716548479709573e+00
-7.743281726340978111e-02 -4.144383680199801301e-01 4.087307427770809909e+00
-5.278342832075200164e-01 -1.005777472207999290e-01 4.631849392351290007e+00
-2.651512330616596635e-01 -5.618272602164400276e-01 4.305742023106089889e+00
2.782436674496899798e-01 -2.096098244336199734e-01 3.548188291919530002e+00
2.877607188338302535e-01 -1.833892681256599211e-01 3.518551349346219936e+00
-6.018998924641296711e-01 3.624228938100200192e-01 4.266079128715249524e+00
8.502239071712969221e-02 -3.448553417804998134e-01 3.689913666661190028e+00
-4.656714578069798272e-01 -3.015810485099599259e-01 3.709500870899639757e+00
-1.035431656628339692e+00 2.906780882418000811e-01 4.180922637652179752e+00
-5.280707190028901543e-01 -1.056152829225399659e-01 4.633058933118999967e+00
-1.482107233321299233e-01 -4.392967093162200021e-01 4.208784210741569609e+00
-1.402540896757870303e+00 2.679676077880603913e-01 4.372570300414159838e+00
-5.106591598366803098e-01 -4.256140320753598605e-01 4.389798000118339871e+00
-7.222614595148701966e-01 -1.907681885576197889e-01 3.618060655405200166e+00
-1.169839617341399851e+00 -4.138842266709599205e-01 4.347709416414979877e+00
-1.000629914392200170e+00 -4.239819927209599326e-01 4.342401082663180034e+00
-1.325318249359409783e+00 2.351588808495399530e-01 3.999262265455899801e+00
-3.839432387185004458e-02 -3.484986551786199982e-01 4.426004090440660121e+00
-1.192009521945600170e+00 -4.034255812339999636e-01 4.328408884704949777e+00
5.038352590123102992e-01 2.660267701512200045e-01 3.987906770056469874e+00
1.076677102265604091e-01 -2.808670793132802546e-01 3.862078547435319642e+00
-4.868665401587399799e-01 -4.051594913165996736e-01 3.724858100600330069e+00
-8.087173159077001294e-01 -4.564420576306797983e-01 4.344927968062139989e+00
-1.290866364777190078e+00 -2.955587759874600540e-01 4.023529632429910130e+00
6.074465550296004324e-02 -3.449060189663198939e-01 3.927014768899140140e+00
-8.561761695917398107e-01 -2.935289942741998725e-01 3.915210139667129940e+00
4.773476646719705396e-01 2.089720864126998201e-01 4.110196977778109328e+00
-3.130336700332003730e-01 -8.090714406085599553e-01 4.186992154329829852e+00
1.064355014055600179e+00 1.183375760561600210e-01 2.801601406196269739e+00
-7.287201618017000726e-01 -4.420776388526801437e-01 4.179968761978639868e+00
5.891146666454802894e-01 5.165435162551990089e-02 2.978172957949579924e+00
1.119217120260979970e+00 4.353992418576400070e-01 2.848717594058969738e+00
8.528950822595799952e-01 2.820173554847600350e-01 2.360800702727759770e+00
