-1.011232026042430121e+00 2.372405161015500585e-01 3.076976884741890128e+00
-8.402308571274796911e-01 2.463628802655801753e-01 2.986916035677840142e+00
-1.009909327998240069e+00 2.387635676771600046e-01 3.079925792114059924e+00
-8.044016244113998404e-01 -4.819663685745201320e-01 3.746493796113480101e+00
-8.501878704506897755e-01 2.414128001928002032e-01 2.995530235665590180e+00
-8.368788008383400978e-01 -5.604993669954698721e-01 3.802520882782439937e+00
-7.523461769681905054e-01 -4.654277476097300470e-01 3.590227336731699914e+00
-7.236150042889901712e-01 -4.074503948871097680e-01 3.623278329966820088e+00
-1.095279570112269951e+00 2.550124632537400515e-01 3.047759716630159765e+00
-7.667004391429399490e-01 6.995260446648097208e-01 2.093895218202070030e+00
-1.065700929877610115e+00 1.027181731324250391e+00 2.136505818647940202e+00
-1.352268661571820019e+00 -7.237911420973985877e-02 3.733819496470439869e+00
-1.559330841101279841e+00 8.296604328007983753e-02 3.641446444944230088e+00
-1.095911980582250145e+00 1.953036503202998375e-02 3.538627467379659830e+00
-1.005582799370630553e+00 -2.531086706179630497e-03 3.532682157960730152e+00
-8.051625103837403152e-01 2.837182510060800578e-01 2.854456383049730039e+00
-7.569083916462204797e-01 7.053511617015200130e-01 2.083208943278189729e+00
-1.307948128925730202e+00 -9.092361333310017280e-02 3.787753456664420426e+00
-1.026108235658459655e+00 9.241918935115600586e-01 2.078038766025089856e+00
-1.020243626330279874e+00 9.295648653504799963e-01 2.064859175634110144e+00
-1.356047701714139908e+00 -9.239027255983001119e-02 3.909009544937600111e+00
-1.307074196401819766e+00 6.645570810507301918e-01 3.789991567938559847e+00
-9.940815622015004571e-01 -7.528098222649992621e-03 3.559580347685419977e+00
-8.092343047185694971e-01 -5.565254518309000753e-01 3.749319082415980109e+00
-6.812837697514400048e-01 -1.339583445201897316e-01 4.139777023041499859e+00
-7.478306192725696633e-01 -4.230442044493698539e-01 3.615114838244649853e+00
-9.769000356135202345e-01 -1.783961215964200431e-01 3.597826906634489674e+00
-7.551344856615505030e-01 -4.635994292856198129e-01 3.590150657999410022e+00
-1.070733024936709743e+00 -1.530385925485300280e-01 3.999767814106890196e+00
-1.040503469095319655e+00 -1.711001818455200052e-01 3.886755515686290074e+00
-9.338043071336699086e-01 -2.237804591944397847e-01 4.037320613488470045e+00
-8.115091746276901219e-01 -4.848983732054199525e-01 3.752356915918849900e+00
-9.329758536273002889e-01 -2.252717638237697884e-01 4.037461532484120319e+00
-7.727363440454602106e-01 -4.481384364002098941e-01 3.673917497201180105e+00
-6.822705811856897284e-01 -1.651623994694801922e-01 4.126466377634910643e+00
-6.815117814493101278e-01 -1.624508694822099919e-01 4.126568192549250114e+00
-7.996657112856198069e-01 2.465398179503974774e-02 3.230776828670600231e+00
-7.959040497789504620e-01 -4.781384069223399980e-01 3.735479255958269906e+00
-9.861084259573198452e-01 -3.104390491503601357e-01 3.885271744176820086e+00
-1.473912130697800027e+00 9.945849184028987544e-02 3.479079885129300109e+00
-1.044963452234449974e+00 -1.749025634065701773e-01 3.829894216372149884e+00
-1.067159207401270127e+00 -1.766356324060001093e-01 3.793338084150789769e+00
-6.802264224281895366e-01 -1.612930803470400409e-01 4.125423142331209547e+00
-1.041803621926419954e+00 -1.739203659268100388e-01 3.951706928805860386e+00
-1.072686376015730136e+00 -1.584317514849700181e-01 4.004355390382619895e+00
-9.325761520476802957e-01 9.437487121034005000e-02 3.288831126840659813e+00
-3.793466718838702789e-01 2.351726793966000262e-01 4.399726829944579976e+00
-3.915039833038895800e-01 2.068606720109198438e-01 4.398364002511460313e+00
-7.771309409796800516e-01 -1.613635898599501406e-01 3.862055694578359955e+00
-1.092129863646069676e+00 1.092331625420972507e-02 3.516913103490660220e+00
-7.988235548464999169e-01 -3.963102258560898816e-01 3.993415766301009917e+00
-9.762699696191701193e-01 1.298023955270699581e-01 3.261760448578630012e+00
-9.743921454708299734e-01 5.731301206065799736e-01 2.453499159649309647e+00
-2.618365327335903103e-01 -3.171813220393198129e-01 4.078151376852970245e+00
-8.864690532743302320e-01 1.171747352473599957e-01 3.224488297886559884e+00
-4.168844280867900487e-01 2.717480417341999743e-01 4.428860455672220198e+00
-1.385053372474870592e+00 -9.627556300190986960e-02 3.781807918731449725e+00
-6.633654662175199057e-01 5.531498047665499573e-01 2.315447495418749835e+00
-8.434056620782399705e-01 -4.961582321967599185e-01 3.927251488198220120e+00
-7.646330652279895723e-01 -2.581700978460602647e-01 4.074654755320000099e+00
-3.850298807970600201e-01 2.113303291046499943e-01 4.399698438904199982e+00
-3.725267897037900511e-01 2.160251898958498451e-01 4.397061413427939769e+00
-1.353062938211300192e+00 -8.541618371047987601e-02 3.920253439118440042e+00
-1.011785539031990311e+00 -3.526628683850985269e-02 3.570907514170579944e+00
-9.939436572676600967e-01 9.552531308850031877e-03 3.557401134222839989e+00
-1.044278512801359859e+00 -1.523198384761201840e-01 3.786068902091759725e+00
-4.426917779978603029e-01 -3.563910071666898105e-01 4.163198548456660042e+00
-1.075747811145729482e+00 -1.341818660906297644e-01 3.851113022233819905e+00
-7.746548608804499914e-01 -1.596130063361098639e-01 3.857895965520279802e+00
-1.079156978896069763e+00 -1.644016197117998956e-01 3.992228771106150376e+00
-1.107222375474310017e+00 -1.485554498697199133e-01 3.979066761403640129e+00
-6.791124537760304669e-01 -1.556364277869499713e-01 4.130083763434369892e+00
-9.447571309440396803e-01 -3.894294586752400367e-01 3.849505905961869701e+00
-8.363879416369996989e-01 -5.185634451566298875e-01 3.830791613589580091e+00
-8.408489892445394354e-01 -5.612565458119999073e-01 3.811682344870599870e+00
-8.330002822177200450e-01 -3.501287802143198125e-01 3.775686971151229976e+00
-1.154368358634139557e+00 -1.796081886867499922e-01 3.837825640745919920e+00
-9.223709881838049185e-02 -1.718210293306199343e-01 3.799752269738870147e+00
1.503241897989671116e-03 2.061161016075101493e-01 4.547769320247399882e+00
-7.356042501926030042e-02 -2.290371561358698349e-01 3.765718034460159735e+00
-1.322483029528700449e-01 -2.615834292979801745e-01 3.797519981354239960e+00
-8.699665589119995879e-01 2.008305342017799866e-01 3.083258479451919776e+00
-8.299980043963599563e-01 1.971621366262299446e-01 2.985729360090350060e+00
-9.397252858990698954e-01 -3.885390870616296510e-01 3.847904188786320123e+00
3.687294920004100529e-01 -3.235549503698300633e-01 3.582346786515219872e+00
-5.600409371421100069e-01 2.878881094264200691e-01 2.644229166169919765e+00
-5.400139434141002504e-01 4.213760463064799566e-01 2.628215276176959936e+00
4.373623873994598732e-01 -1.229342186152899696e-01 3.589761516058719959e+00
5.336245566930999384e-01 -8.681764238217004603e-02 3.548824024709389846e+00
-8.621494462301404482e-01 -2.441716084002798492e-01 3.482323796353830048e+00
-6.924669537360004234e-01 5.035740014085103855e-01 2.459631762695940083e+00
-1.437369908249780170e+00 1.435861037612198299e-01 3.383016300778479923e+00
-1.402931119039069863e+00 1.819026681711497506e-01 3.299713767265620046e+00
-1.401484310876649708e+00 1.806740573504999059e-01 3.299138143628369768e+00
-8.246984709215801068e-01 -2.059234709467501201e-01 3.929808574950119926e+00
-7.086732039379302073e-01 4.824669138718697958e-01 2.488113423386559830e+00
-7.990239069910103353e-01 -3.963109521041999761e-01 3.997921895086339994e+00
-7.972999155167799223e-01 -3.933672389642501876e-01 3.994249867274469956e+00
-8.626941810763799623e-01 6.229706510405996767e-02 3.453149164677459915e+00
-7.171387303340099884e-01 2.702428997065999816e-01 4.317340073796500199e+00
-1.114493472230000393e-01 -1.824300169826400531e-01 3.800086471365230256e+00
-8.823798562376596877e-01 -3.539064901018997844e-01 3.837648911154489806e+00
-1.027063973572680311e+00 -3.449402663879899134e-01 3.895855165622939875e+00
-8.865613108612100390e-01 1.000337009019001133e-01 3.291751921586420160e+00
-9.992799175212052631e-02 -2.410459887408497037e-01 3.780259677891149916e+00
-1.284152197823310360e+00 8.696145412460898338e-01 3.495919738010389910e+00
-6.962442599222602446e-01 -1.725351573813498351e-01 4.086653584025860653e+00
-1.246191927314800107e+00 6.279653854757700771e-01 3.795858721124160340e+00
-8.099073204161499895e-01 -1.912775725042901165e-01 3.428755359765609967e+00
-8.660432324944697946e-01 1.411027189717102281e-01 3.196902064828799794e+00
-9.988824304391501485e-01 -2.096185357556199502e-01 4.019751185396890136e+00
3.570409529251301617e-01 -1.632806113654201585e-01 3.615007040660270121e+00
4.073632484339300142e-01 -1.474206748497000063e-01 3.605778229874430085e+00
2.829060318470602020e-01 2.803057464673399668e-01 4.236346084035879755e+00
-5.985651104101799014e-01 2.441274557406301060e-01 2.706714724506340097e+00
-8.270197836176698125e-01 -2.052466756584498953e-01 3.931303630769639845e+00
-1.310439051819849876e+00 -8.588741058624971281e-02 3.785150131460650158e+00
-8.346614949565300812e-01 -5.178678010257300457e-01 3.828989367793649734e+00
-8.184384081451199222e-01 -2.012261719197698806e-01 3.438214778389789839e+00
-8.721472810293602329e-01 5.749165793830002258e-02 3.448869876710309867e+00
-1.149992872681139922e+00 -1.236656368016098018e-01 3.882148442633019947e+00
-1.549652416126300114e+00 -6.390875826949993233e-02 3.860440660636220045e+00
-1.307331371347704163e-01 -2.700012670572399243e-01 3.951255777816840009e+00
-1.249166507438399520e-01 -2.732495991237298139e-01 3.949056133005339753e+00
-1.110726234608598872e-01 -3.406218634983999571e-01 3.911989652888370195e+00
-7.602504895836399434e-01 -2.557895022465801471e-01 4.074090974826949818e+00
-1.060108979531020346e+00 -2.031629688422800228e-01 3.909812428912600168e+00
-6.969176343539400520e-01 2.030663997699100332e-01 3.141959093986200102e+00
-7.874359807695401337e-01 -1.646742122277098375e-01 3.860515180914430022e+00
-5.386930442091597548e-01 -2.776528746227397981e-01 3.990517939089309962e+00
-8.157526924892901654e-01 1.447501294120601134e-01 4.236382984867270274e+00
-8.513445305675895192e-01 2.068775917217602345e-01 4.253764050235590233e+00
-7.173068407297504834e-01 -5.662587836739700897e-01 3.889701815164880117e+00
2.491339033956401217e-01 3.270305115223399728e-01 4.197660475465109897e+00
-1.056111138150899631e+00 -1.837690018126203473e-01 3.834202391188779924e+00
-8.300446617798802329e-01 -1.301873317916799611e-01 3.475643196510629807e+00
-8.169746429136002241e-01 -1.097668098029700445e-01 3.460951665510939801e+00
-7.120473632950696796e-01 3.513918695121800440e-01 4.359290235891689846e+00
-1.312755093318250577e+00 6.577555507026102699e-01 3.792478060219759861e+00
-6.197333079400704214e-01 1.200141518309403299e-01 3.251355145696550153e+00
-1.534821397293302248e-01 -3.599811525839998749e-01 3.899712031968100234e+00
-1.276553658398559943e+00 7.132951619730498738e-01 3.815038082620060056e+00
-9.864214654476297639e-01 1.226490475493700050e-01 3.265349646648370019e+00
-7.958228807514995395e-01 -3.959967939482001986e-01 3.995516454884060042e+00
-1.372222171408949976e+00 -8.897908422982969689e-02 3.797171957722739855e+00
-6.781857683259597813e-01 -3.124405479854097667e-01 4.046973476468349595e+00
-6.949188063480900013e-01 -4.226742660259996676e-02 3.448202927042610000e+00
-8.490071974935302634e-01 2.131402132061701593e-01 2.927765550016539819e+00
-6.960252494013801083e-01 2.083341080525800137e-01 2.931941022997329949e+00
4.693856933632798434e-01 3.111318348560700997e-01 4.077723455165950028e+00
-6.907777487871800126e-01 -3.542693460637003078e-02 3.439180093341990041e+00
-8.755426652701499002e-01 4.289338641565021426e-02 3.466747270439789919e+00
-1.032012380918690297e+00 1.277496405800697676e-01 3.311857129471130090e+00
-1.310831384220879858e+00 2.543211001771801261e-01 3.079413327032550107e+00
-8.191110279337401323e-01 2.890031564816499809e-01 2.933873739064630115e+00
2.287948862271398376e-01 -1.218251514033599214e-01 3.453342428722519841e+00
4.109246174624596737e-01 -2.622994935802003269e-02 3.379457669970519884e+00
2.749669048142497907e-01 2.763867058642599517e-01 4.238206222040020066e+00
-1.051344962942959871e+00 1.060097002608300309e+00 2.027009852624719777e+00
-9.573473448561697907e-01 -1.578901142773501132e-01 3.615958831202879864e+00
-9.378578610014502992e-01 -1.355894375329997903e-01 3.592483270511150018e+00
-7.438939360554899238e-01 9.004430430411014541e-02 4.230665152548819918e+00
-9.271679192100301670e-01 -1.283747623334998700e-01 3.581799164526069834e+00
-1.008794870057109883e+00 -4.605404397066981126e-02 3.563365808213979857e+00
-1.369687560381460223e+00 6.885232587850902419e-01 3.750844714562600046e+00
-7.670432448174704376e-01 2.844476129885000759e-01 3.117366457842190020e+00
-6.301790161010396574e-01 -2.878012608638003123e-02 3.349035845015849944e+00
-1.007534475240900118e+00 -2.158308724635498166e-01 4.024202296428629921e+00
-9.933710271487501409e-01 -3.009276376104300654e-01 3.882238204817590077e+00
2.541452118383198400e-01 3.313781378058200389e-01 4.181870853562860368e+00
-9.992649231022601164e-01 -2.103362537146997724e-01 4.020550814077219925e+00
-1.353628051203410010e+00 -9.656646127043999606e-02 3.908800612264939911e+00
-7.879657215878999033e-01 6.619931525078597279e-01 2.111553050510510232e+00
-6.035310860346401185e-01 -2.893922766021999049e-01 4.028430472516509653e+00
-1.532258267891620118e+00 6.784212974957992692e-02 3.568311007109460142e+00
1.065882616825039930e+00 1.760232279298901137e-01 2.906802860372870168e+00
-8.389612526015803873e-01 -5.152639716339397769e-01 3.840003165237579896e+00
