-1.758799979010600145e-01 5.202079361567599758e-01 1.378655249087540113e+00
3.331059187718700132e-01 4.891238364890500012e-01 1.400372301088760096e+00
-1.899509585017500335e-01 5.825141670616799106e-01 1.270056177392359986e+00
-5.341795241604000571e-02 3.692313521705399837e-01 1.431125802399799918e+00
-3.894084798619400489e-01 5.208806303169799534e-01 1.378319401925119925e+00
1.334636643044000148e-02 4.984844658697200059e-01 1.398150132563299897e+00
-1.981218753076700312e-01 4.286994050839800230e-01 1.285438803706099975e+00
1.906746052706400352e-01 5.052590805264099982e-01 1.348016511554900099e+00
6.096871271744000453e-02 3.961329932759299899e-01 1.611446318701700076e+00
-4.963376719267199588e-01 4.205096941234299779e-01 1.632829094660180003e+00
-3.983312468888099422e-01 2.792820717590500101e-01 1.656503324031859847e+00
-6.126467662144000625e-01 3.364704153076700233e-01 1.641968486268799987e+00
-2.261238722759500164e-01 4.827570499215700361e-01 1.296165846781579978e+00
-2.115896913263000390e-02 5.611045057315399154e-01 1.320707791056559888e+00
8.850678808200000691e-02 5.428015456809599515e-01 1.302130258671319929e+00
-3.661130512123700331e-01 2.536267324825899894e-01 1.684844860277419976e+00
7.471371662115000589e-02 4.994504055161499978e-01 1.365362137799299935e+00
-1.929504734959100187e-01 4.907280843918699342e-01 1.344545683008199877e+00
1.791472878678700142e-01 5.543108605949799150e-01 1.305841239847280066e+00
-3.788633804575800568e-01 2.296277058515400205e-01 1.949189268417799825e+00
-3.719023031458800199e-01 2.323416212083400101e-01 1.925324096010559982e+00
2.301697967365999853e-01 5.380590134176199690e-01 1.309087877447300041e+00
-2.801207217370700331e-01 3.809284260428900670e-01 1.312993544698579873e+00
-4.210504120557599927e-01 2.347101517827499539e-01 1.688710366277179631e+00
-7.968146490540001237e-02 1.616044373592399608e-01 2.041002738846259934e+00
-2.400478329133500510e-01 4.000342854362200495e-01 1.299600556410980046e+00
1.406730494453200253e-01 5.679543053102199535e-01 1.271578651538360027e+00
-2.883660764606400528e-01 4.217624321889200112e-01 1.313673956244560070e+00
1.970158154258200012e-01 5.061131096315499844e-01 1.365940354617560137e+00
-2.448270307267699786e-01 1.517541903430099648e-01 2.065376940271999917e+00
1.802955345520800001e-01 5.561983533249600375e-01 1.311859026047540011e+00
-1.853663195786900142e-01 5.918065219117499831e-01 1.270017042769159943e+00
2.197464236779900215e-01 3.034346188919200271e-01 1.497575799961460064e+00
1.102066356203000239e-02 4.552963706406700228e-01 1.499774937367039929e+00
-1.197579855150600198e-01 4.615486812379100412e-01 1.404789770616679867e+00
8.451655026884999367e-02 5.195985498084699783e-01 1.332742577897060077e+00
-1.955803766279800016e-01 4.459023247177800187e-01 1.290872398607000093e+00
-1.958852744396400170e-01 4.257597777187200339e-01 1.279017988110199955e+00
-1.492587552478699953e-01 3.239230377523200088e-01 1.590553956000019920e+00
-3.786794011903800161e-01 5.050769474817999871e-01 1.394422315313599947e+00
-1.233651786784199927e-01 4.128631205474600496e-01 1.419176475999919917e+00
-3.205919170447401045e-01 5.665923518430999728e-01 1.301209167384679954e+00
1.362811030203300022e-01 5.578378711485799668e-01 1.279281762614659979e+00
-2.178998688532199912e-01 2.414221921830499995e-01 1.805626319441720140e+00
6.040194569066999197e-02 3.944139862665000384e-01 1.615839985292599978e+00
-1.907485755067399869e-01 5.831932775860899643e-01 1.274470292989160036e+00
-2.270340945221000217e-01 5.368323074235399339e-01 1.329502422055820032e+00
3.519506852820699638e-01 3.501495694921800128e-01 1.648114508162180192e+00
-7.729576221650700241e-01 3.198525851535399811e-01 1.770140497463360107e+00
-1.973583281288600055e-01 4.273933667521900293e-01 1.284783775205420087e+00
-1.750226757890300244e-01 4.333240568297400119e-01 1.321537600709540072e+00
3.211048990211500254e-01 4.657373150345500146e-01 1.426449705250339983e+00
1.563268552418899948e-01 4.884226573093999879e-01 1.384697045007500016e+00
1.563268552418899948e-01 4.884226573093999879e-01 1.384697045007500016e+00
-3.976238688912400177e-01 4.834004029054400076e-01 1.443148623789019869e+00
-3.851546836756500891e-01 5.432851492113699443e-01 1.341421810147999993e+00
-1.430808003375199922e-01 2.428248619777400030e-01 1.853623682876119894e+00
-1.307390453394099983e-01 1.427206958550099603e-01 2.090167288457960293e+00
1.027303394367700129e-01 5.126590936143899935e-01 1.328511335654299907e+00
3.729314944235999352e-02 5.040152861412600105e-01 1.355258168321540113e+00
-2.407024628533399879e-01 3.978362061473399991e-01 1.298489696784019820e+00
8.550413066305000143e-02 5.657448487595299058e-01 1.254585024718399833e+00
-1.474366130639200023e-01 3.210708395629000012e-01 1.587849954860179880e+00
3.220155025733000276e-01 4.664775924327400070e-01 1.428240595202239893e+00
-5.262664105242801371e-01 1.781296346517499685e-01 1.994884301241499847e+00
-2.225980031463199726e-01 2.427336184711099687e-01 1.817078097564380101e+00
-3.499398353435000386e-01 5.369490987386900116e-01 1.345776757914380006e+00
-4.010129986801499458e-01 4.832777749294200342e-01 1.442208427331719944e+00
-4.287824088763300123e-01 4.674409500853000110e-01 1.456863688530440015e+00
-3.846530684309700243e-01 2.078729778135700035e-01 1.932859157865979949e+00
5.920164668506001926e-02 3.902387455489200185e-01 1.614077942223499873e+00
-3.921061467587400040e-01 1.349401212808500339e-01 2.101490020633519862e+00
3.216412990869300659e-01 4.666609614038200182e-01 1.424613891601579807e+00
1.559407901612600289e-01 4.878244976457700166e-01 1.380716121154039744e+00
-9.973258846189000937e-02 1.846171107057299476e-01 1.896031110035239831e+00
-2.275623493343600090e-01 1.906438838421100068e-01 1.958507318064199865e+00
3.425713160777200672e-01 3.989793112254800267e-01 1.606009281018679902e+00
3.592823774470800258e-01 3.524390650029300409e-01 1.662734847887419987e+00
7.922506937499999846e-02 5.128863247252000157e-01 1.387788748003219830e+00
-1.824319768409899956e-01 3.872654711598200739e-01 1.452319442528599902e+00
-1.128424260255099926e-01 3.122185502204999907e-01 1.714772951025560044e+00
-2.296912549340200116e-01 5.313262853068200231e-01 1.324799387776339987e+00
-2.031707825001800027e-01 9.748341517733992434e-02 2.191941986241559892e+00
2.866172003164900728e-01 5.427825618792300189e-01 1.320246561345440162e+00
-1.208384563120400018e-01 4.618940312916500202e-01 1.410361956452299781e+00
3.346292097472499671e-01 4.909379289560500403e-01 1.402026121951400084e+00
-1.445739508985000032e-01 3.750358654128300162e-01 1.436905933259180035e+00
1.955161177596000388e-01 5.468120536938100296e-01 1.305364459115059939e+00
1.016229120969300015e-01 5.631788270103199601e-01 1.265997900046339941e+00
-2.329901075476400185e-01 2.395868415028899467e-01 1.813172893825399701e+00
-2.423861860014099867e-01 1.514759891735499298e-01 2.072867732020580167e+00
-1.293314892481099987e-01 1.455931373923100014e-01 2.084457876689179923e+00
7.090528325315999247e-02 5.765751428856099592e-01 1.259114056741700072e+00
-5.965434321554000802e-02 5.524651505522599759e-01 1.338769384388960093e+00
3.662471784641999073e-02 5.046115002422899565e-01 1.356545982827419783e+00
-2.915123816036899740e-01 2.525152341449499738e-01 1.702926720077059919e+00
-2.258204115783800092e-01 3.547128655065399649e-01 1.652963710542800113e+00
-1.336740000066399814e-01 5.844890437862799715e-01 1.279570319838139847e+00
-1.100354341480599962e-01 3.064854618400900121e-01 1.760930936252719903e+00
2.428757536659700011e-01 5.406715060514900584e-01 1.281366479545879900e+00
-2.730853522665400712e-01 2.081158418528399889e-01 1.846902657263779890e+00
-1.754821709456000078e-01 1.888900904822699567e-01 1.943940939579379856e+00
-2.931840901266999921e-01 4.092005810042400049e-01 1.307150292234019906e+00
-4.763222314766299981e-01 5.139349001588200405e-01 1.332017883299720040e+00
-1.372053195166000050e-01 5.678373955927499273e-01 1.292737431893299815e+00
-3.983570307960100365e-01 2.767971382062200392e-01 1.657329225356479974e+00
-2.346554655238000109e-01 1.952398954567899358e-01 1.971644100310760095e+00
-2.931233563635899930e-01 4.085913620989300443e-01 1.305236402018300046e+00
-2.325230222769300026e-01 3.622282044576199955e-01 1.550413727050039991e+00
-1.814632381485500046e-01 3.806036167761299716e-01 1.438645657735099670e+00
-1.489385169223900185e-01 3.177469947096199787e-01 1.454058191918239817e+00
7.628995820123998794e-02 5.054261566275399797e-01 1.377477267290599938e+00
-1.826423242455500195e-01 5.252360723387499153e-01 1.336416819324799832e+00
4.852559617200000175e-02 5.289333483615800136e-01 1.330866737390180132e+00
-8.866855843793999825e-02 3.954114990167899579e-01 1.638822517738399709e+00
-2.164523065695099779e-01 4.333417578641900469e-01 1.488942930233299933e+00
-4.097480540577800312e-01 4.317765571119200341e-01 1.521892911316580221e+00
2.876593725384799516e-01 5.433643492696299537e-01 1.319223360474679918e+00
-1.364645140617199992e-01 3.394427694380099947e-01 1.602764705992399952e+00
-1.411345542994399960e-01 3.448324532588100122e-01 1.626866751353419849e+00
-1.411345542994399960e-01 3.448324532588100122e-01 1.626866751353419849e+00
2.859948371222800212e-01 5.410139281240199383e-01 1.313443056519319807e+00
-1.401385607232200070e-01 6.015415210992799411e-01 1.247221826326039951e+00
-2.864551842178200136e-01 3.077880046838200045e-01 1.639621061577380079e+00
-2.875968474379000384e-01 3.075516707578300202e-01 1.642107314129959805e+00
-8.395518420097000667e-02 4.529438988600499871e-01 1.495908169791920095e+00
-2.811528164561900578e-01 3.819820646731100222e-01 1.315143572604440036e+00
-1.763192599896500345e-01 4.131241285699600030e-01 1.309453923660020003e+00
-4.465607950252000607e-02 3.257261881407100268e-01 1.470149808502519972e+00
-2.215735272382599874e-01 4.337100061459799871e-01 1.497164768129299661e+00
-2.144170466986000112e-01 4.290279666665400282e-01 1.481503697159360033e+00
-1.840546897885999844e-01 3.886168978357599779e-01 1.461990303959839865e+00
1.019296648855199938e-01 5.627703793855699521e-01 1.266428664719720043e+00
-1.155882964915600081e-01 4.845375060113600307e-01 1.421852900547980081e+00
2.173442656251200200e-01 3.033144909778900389e-01 1.493548327829779865e+00
3.006380753229099811e-01 4.704551619819299924e-01 1.709101426159939763e+00
-1.825066855910900121e-01 3.814669737648500036e-01 1.440378193832179798e+00
-1.803136769541700268e-01 3.788602286253400231e-01 1.433653380023599988e+00
-3.222670878794899885e-01 3.600292011367000056e-01 1.474243291468159800e+00
2.568865562700799465e-01 3.018970322110699489e-01 1.505134816985719937e+00
-6.441041024092999945e-02 3.775124603030600157e-01 1.512156404772079910e+00
-3.944482515702899539e-01 4.837114183565900394e-01 1.441934028372379828e+00
6.609920241132999363e-02 5.216313749669599931e-01 1.327853855038580111e+00
-3.865699398221499328e-01 3.342078162653100426e-01 1.595406444787640154e+00
-4.400536166148000250e-01 3.969289501415699806e-01 1.572440756374039905e+00
-2.103884116203399712e-01 3.420351723661800292e-01 1.589576149442719855e+00
8.617428002020001421e-02 5.661179698405499616e-01 1.251187840441999821e+00
8.630878969444999438e-02 5.449132337893799471e-01 1.293349514155820001e+00
-1.946166743905900220e-01 4.430273021711699788e-01 1.292051447597720060e+00
1.954820675498999960e-01 5.040012917523799540e-01 1.361151960746060041e+00
-3.504193290229700164e-01 1.959814672980299544e-01 1.986432763749020003e+00
-1.101094059043700030e-01 4.196744162455900429e-01 1.404183564935600037e+00
-1.557500927925000167e-01 4.593500081431100002e-01 1.393835976573019719e+00
-1.519640879609999995e-01 4.214991488822600330e-01 1.426748267084120059e+00
3.195620007482899982e-01 4.648202448227199968e-01 1.423059963862880029e+00
-1.865268035288800419e-01 4.837224345841299455e-01 1.329985870932499870e+00
1.437702845421799935e-01 5.044964334903799807e-01 1.268559423587360069e+00
2.238558493460700294e-01 5.353136719907499730e-01 1.309560486670579893e+00
-5.276276296444000480e-02 2.878787425330300298e-01 1.771689458964260000e+00
2.963189798922499785e-01 5.123216339721800017e-01 1.347279060021860042e+00
1.216891312005400350e-01 5.148685915742199359e-01 1.341714617216300143e+00
-2.385681639472700399e-01 4.021708746651599942e-01 1.297476250700600131e+00
3.615096230533200172e-01 4.588995154936700294e-01 1.434356833343059856e+00
-2.445043002332400184e-01 5.247039884798500031e-01 1.330620291050299997e+00
-1.281657158049899770e-01 4.488974109856200267e-01 1.386961610782339926e+00
-1.311037034402799950e-01 3.371590783327799712e-01 1.431482340635899853e+00
-2.852753311724399721e-01 3.068099976653800298e-01 1.635804300468500116e+00
-1.459437665976399956e-01 2.641925241270299818e-01 1.837915279375699873e+00
-1.774457538419599856e-01 4.634677796476699974e-01 1.451765526471320067e+00
-9.705212176393999968e-02 5.674072388760599273e-01 1.305360881728999889e+00
1.366137884765999955e-02 4.982866464926500316e-01 1.402505969508260231e+00
-1.304166630439200225e-01 3.325709582261999753e-01 1.573580886282619939e+00
-3.952262578118600489e-01 4.831290198598599539e-01 1.449796772651779753e+00
-4.283190881909900716e-01 3.890691149469100441e-01 1.549383149314159880e+00
2.390166497305599991e-01 4.772142434231900210e-01 1.405498424523379697e+00
-1.105607117150600172e-01 3.149705852343799850e-01 1.754131014545419864e+00
3.452209730298499979e-01 3.446495899679999919e-01 1.643105763710239753e+00
-1.032088112003800018e-01 3.157106490675999910e-01 1.701921383455459624e+00
7.141372409478999317e-02 5.760052961938199045e-01 1.251962777087959999e+00
1.767560354297399994e-01 5.222511131008900076e-01 1.266354860258539938e+00
7.143223959762999564e-02 5.377951734935100259e-01 1.317296893363880006e+00
-3.508785893789799770e-01 1.940117444277900116e-01 1.984739589035120044e+00
-3.681175738120200380e-01 2.528490369727000031e-01 1.690792108888639733e+00
-2.250972270395599772e-01 2.405496455137999257e-01 1.794836965900579839e+00
-2.340634159229100231e-01 4.421762092827399848e-01 1.280257154959759891e+00
-2.237420423140400183e-01 3.537219766219300010e-01 1.655109170421979803e+00
-1.442099605638200166e-01 2.690135246340499831e-01 1.847379030549199719e+00
-1.767835739414600205e-01 4.322664391243200011e-01 1.318263773022619878e+00
-1.427202720645100176e-01 2.669620547636199492e-01 1.833424670912959797e+00
-3.831685911433501124e-01 2.045189509699699704e-01 1.954357784504839879e+00
-3.534673862350399265e-01 5.428219661490299996e-01 1.358697203092939620e+00
-1.032019591995300134e-01 1.863201384925400328e-01 1.951671998513540007e+00
-1.092100348741800037e-01 2.033154088641399571e-01 1.986488676261439768e+00
-3.488301488576300846e-01 5.398499110710199833e-01 1.352164632308359815e+00
1.579742213385000038e-01 4.917703648319999843e-01 1.390144001941879814e+00
1.223099218230699892e-01 5.153753367550000242e-01 1.343353136448739882e+00
1.346682161304199876e-01 3.994259363341400304e-01 1.590272363612240003e+00
-5.770660185601000219e-02 1.344713854165500155e-01 1.943023916627719672e+00
-5.158783060761999717e-02 2.510717018680499457e-01 1.782279115829779714e+00
-1.435866326819499883e-01 3.422229433813999688e-01 1.608644682098000045e+00
-1.883222756034099721e-01 3.781451090914100255e-01 1.479966087714319922e+00
3.236658723153099659e-01 4.683078527559499937e-01 1.431743854177399911e+00
