2.346051342571960241e+00 1.064807097373998701e-02 3.582703704751499796e+00
2.424088736920190001e+00 -9.655214064961997744e-02 3.548906684719840499e+00
2.332133676411439982e+00 -2.166019703845000755e-01 3.571646510785539963e+00
2.311772450060970208e+00 -3.928969187246000860e-02 3.618506838143479953e+00
2.136346589508249849e+00 -7.902719082388001692e-02 3.742795008224220066e+00
2.077223955854409887e+00 -1.951118890895799929e-01 3.721884495341280186e+00
2.121623169021590094e+00 -2.311496306646000920e-01 3.710428012780059959e+00
2.234032261000200137e+00 -9.881971983547999105e-02 3.740803984092200274e+00
2.270305243516389737e+00 2.273414507231399928e-01 3.311020655204880203e+00
2.247041772538819870e+00 5.224934851897999888e-02 3.632811251877580361e+00
2.295437237401749986e+00 4.180895985911997625e-02 3.595748494744739787e+00
2.257847943543840330e+00 3.096398520737991822e-02 3.615125541044419855e+00
2.299282381523130248e+00 1.803755185854005738e-02 3.621773270735240136e+00
2.186742635224510067e+00 -6.816883895136005567e-02 3.737567869273379806e+00
2.391322087466809965e+00 -1.917508764678200750e-01 3.539564085297279838e+00
2.379397563910210067e+00 -2.658110449764200522e-01 3.520259318919600311e+00
2.109709631085670001e+00 -1.833487238396000474e-01 3.732673097659620076e+00
2.358386974882700216e+00 -2.708507633614000709e-01 3.498100282935040273e+00
2.653429770111890296e+00 8.382091654715995155e-02 3.714135262569340235e+00
2.301377264728570182e+00 -2.734354504179969947e-03 3.617737764512760190e+00
2.311914350263619689e+00 6.450097509185998002e-02 3.572485804020860023e+00
2.030312551938199928e+00 -8.341175423528005006e-02 3.812174561974720266e+00
2.247452010263599753e+00 2.019293310292999966e-01 3.335171449617220230e+00
2.180706380168859759e+00 -7.127000290252002990e-02 3.736598650359119755e+00
2.452559412322750099e+00 2.323902060034999661e-01 3.382179177815160198e+00
2.427989773394719997e+00 -1.184746046428999944e-01 3.559010928580059741e+00
2.286851299746980093e+00 1.066600054244399853e-01 3.578490866064280240e+00
2.413061252247409971e+00 -4.252873336972001761e-02 3.554319816142780475e+00
2.512309120601050161e+00 4.103868620150800117e-01 3.111779889940260002e+00
2.037534355246319873e+00 2.448144994130999619e-01 3.182188382776700131e+00
2.351094142615940186e+00 -1.155022617862799805e-01 3.591540870831279708e+00
2.464243199310620192e+00 2.310609347327200469e-01 3.377071340309200753e+00
2.692548321160430191e+00 1.919090949507995525e-02 3.704244200768620487e+00
2.491275266986320069e+00 1.337546493649199864e-01 3.626730890609840330e+00
2.401868014597849932e+00 -3.717185686786000920e-02 3.550778337830080122e+00
2.334427504740149928e+00 -1.469613536498200201e-01 3.661049678361679938e+00
2.263098182635870259e+00 2.370359219340399948e-01 3.332854048251420398e+00
2.251262734513959973e+00 2.062443818258399286e-01 3.312292437344280138e+00
2.082395958832959693e+00 1.706386387563799678e-01 3.350569490416019924e+00
2.480785917148610409e+00 -3.894881004648004241e-02 3.559374138366940166e+00
2.473859058251830056e+00 -8.683103355033999771e-02 3.554735240032679933e+00
2.421553634736469895e+00 -1.150150205761000244e-01 3.547401424637199874e+00
2.080838773307560174e+00 -5.374404561216003517e-02 3.796725551065080140e+00
2.452841104956130280e+00 2.361284276714199493e-01 3.392727885857039993e+00
2.039277487171549996e+00 1.646298529919600351e-01 3.272385493573899851e+00
2.353328394061390050e+00 -8.444699973850000596e-02 3.582652690621920488e+00
2.036946345145140391e+00 2.462383182651800007e-01 3.178490538115460229e+00
2.040476188001389968e+00 1.618121029848000325e-01 3.268518445250020221e+00
2.278740772629140210e+00 -3.936606066294004447e-02 3.668300068651060286e+00
2.271599282838380418e+00 -4.679043659448001158e-02 3.634767210474880272e+00
2.197776672887500116e+00 -6.608066567402004488e-02 3.740324358807180172e+00
2.434465019386429674e+00 2.232740200265599939e-01 3.343752547718020551e+00
2.134727032621070109e+00 -7.969645978158004795e-02 3.766053037854999896e+00
2.435706155146210250e+00 2.317650983550599841e-01 3.368321111735399942e+00
2.634079475794050218e+00 1.106901936031199907e-01 3.736681721318300120e+00
2.202588846118669785e+00 -8.855006876028001517e-02 3.755335856484100177e+00
2.085085267454149793e+00 -1.263565346259800104e-01 3.747705490041400189e+00
2.080206326785860149e+00 1.691580712917399865e-01 3.354257766588499834e+00
2.298791897100640025e+00 2.430554713639799802e-01 3.319478544275340059e+00
2.135661909768550082e+00 1.053064863598000001e-01 3.391761227810940138e+00
2.281521207029870268e+00 2.420786649098400356e-01 3.327418548877540516e+00
2.377180013827119964e+00 -8.221385774088002529e-02 3.559327273432440375e+00
2.484882665939079693e+00 2.582024197737399218e-01 3.364487910952620009e+00
2.404574286101520020e+00 -4.246874202608008630e-02 3.596423217698600183e+00
2.243890436458209958e+00 -1.171231918383000281e-01 3.690927182673839901e+00
2.334236159574770042e+00 -2.195634981278400399e-01 3.578762875150900413e+00
2.351983444351559704e+00 -3.660515654200002800e-03 3.580448391045440548e+00
2.100674272644240226e+00 -1.876302847541000407e-01 3.715841828127619983e+00
2.686666951264240044e+00 2.014180313273994383e-02 3.719792345673900158e+00
2.189098729943240063e+00 -5.198684056481997495e-02 3.740969397540580221e+00
2.060592942465840238e+00 -1.702194980970801463e-01 3.735591593475799943e+00
2.175884711809479732e+00 -1.120987053513000375e-01 3.760489887468299930e+00
2.150908267400540197e+00 -3.862520770852007068e-02 3.765550088037759924e+00
2.173175296382190425e+00 1.465764462062399964e-01 3.397921596954620149e+00
2.364997874957309953e+00 -2.390324259029400489e-01 3.528389964558079850e+00
2.512651159530659761e+00 -2.364153618888599762e-01 3.533340561179179939e+00
2.156997838414199897e+00 -1.003689266379199641e-01 3.750394545462800266e+00
2.330117855264740356e+00 -1.170158257844000627e-01 3.599684318002799532e+00
2.359649849729920312e+00 -4.426691902671997525e-02 3.584858262570720377e+00
2.319961397996979979e+00 -1.010336798206400433e-01 3.590304833667120388e+00
2.337291717774630406e+00 -6.934437404674004268e-02 3.592665816487280228e+00
2.276525814089300326e+00 -2.533307533633799569e-01 3.638820751637140472e+00
2.276987180031680325e+00 -2.656136237334400518e-01 3.652513339027359862e+00
2.360163760275709954e+00 -2.706505075796400983e-01 3.567747302797419806e+00
2.277903951655220194e+00 4.922853573178004316e-02 3.618495292059100255e+00
2.439218916039419760e+00 -1.014445887007199842e-01 3.563100709270639932e+00
2.261066365130090183e+00 -5.699434631621996816e-02 3.701723537348440285e+00
2.264007334442579733e+00 -9.283567824614002983e-02 3.647855878125979778e+00
2.276095815812739787e+00 -3.416098882636001144e-02 3.665819290421520105e+00
2.108847298126599767e+00 -2.363980107815200071e-01 3.716081484645120003e+00
2.101781408581549826e+00 -1.848522087781200862e-01 3.719956475599180301e+00
2.096667821495110218e+00 -2.446898081712400308e-01 3.714290087896980008e+00
2.666547435053150394e+00 -1.174969653137999948e-01 3.648792541796379574e+00
2.129053531162400148e+00 1.282513928090599498e-01 3.414844582794819949e+00
2.372362446802950053e+00 -5.921707638431999987e-02 3.550913344290020035e+00
2.521707457897850002e+00 -3.996100355957998840e-02 3.605406812177440301e+00
2.329323811630669816e+00 -4.164561608506006651e-02 3.624138236542480129e+00
2.463234415093530139e+00 -5.448428707990005115e-02 3.558093292248440509e+00
2.275102685512780276e+00 1.219816973922800418e-01 3.284795821481159894e+00
2.323760864575730167e+00 -7.451086232280007549e-02 3.588290318675739776e+00
2.384188047924269860e+00 -5.327691103062004441e-02 3.561610865864599962e+00
2.380062165461490409e+00 -7.222890787157998371e-02 3.563032266861919872e+00
2.363952908430779765e+00 -3.126138506060999744e-01 3.537823078268900190e+00
2.139229174657959920e+00 1.343510196057999817e-01 3.409423512495239894e+00
2.134694711046390303e+00 1.049630225999400035e-01 3.394451138054960015e+00
2.447320141149740280e+00 2.373436688358600000e-01 3.388146867447579869e+00
1.944246535326469960e+00 1.324155151307199740e-01 3.247287672796060232e+00
2.325996409563329870e+00 -6.991427837118002753e-02 3.596893383788960286e+00
2.325113489261680044e+00 -5.470765351522000053e-02 3.587491568964179756e+00
2.522187466222649999e+00 -9.503832674209999887e-02 3.585098572282640284e+00
2.474257387456670010e+00 -1.920355067366003032e-02 3.622168343037880156e+00
2.325449175499120003e+00 -2.603093953386004245e-02 3.615520501381740193e+00
2.344361057916610314e+00 4.610740524319978384e-03 3.577613531185019902e+00
2.323751678105740126e+00 -2.759173084423999223e-02 3.566503452639120386e+00
2.312321426008580261e+00 -3.504082905863997732e-02 3.598129088118160013e+00
2.048625652684670229e+00 2.141356454901800488e-01 3.225803136410320349e+00
2.275560090745109676e+00 5.916120677489994373e-02 3.595190259674840405e+00
2.304554777618929684e+00 2.155320329641996491e-02 3.608401417239520015e+00
2.274863441280429832e+00 -1.705840510070600335e-01 3.651575062750799905e+00
2.349738988082989977e+00 6.873263098169996033e-02 3.590553194712279961e+00
2.263119929885820003e+00 -1.364825559021000390e-01 3.644876204204539949e+00
2.287442702032549846e+00 1.077617981952999626e-01 3.578536552059760290e+00
2.303270225313919894e+00 1.668316412943999794e-01 3.260125711805320403e+00
2.035806209179980009e+00 2.504996992989200200e-01 3.185666831444120106e+00
2.194365187645010096e+00 9.565667495876001292e-02 3.498055479779620391e+00
2.316254176893850047e+00 -7.139797942154002541e-02 3.601684585670279937e+00
2.160582239357269785e+00 7.158961969644001000e-02 3.462415484474140381e+00
2.256630780701150307e+00 -2.556437981040600715e-01 3.699655924681360286e+00
2.475702102680740424e+00 -3.729493265005995317e-02 3.560840883908700238e+00
2.058247325548600237e+00 -1.395050249276200693e-01 3.753675029643420036e+00
2.251853828935390212e+00 -2.711196368432999271e-01 3.690763920499800399e+00
2.170718567350990114e+00 -1.048831475902600174e-01 3.753838285497360427e+00
2.180695837216730215e+00 -3.232949324957998249e-02 3.731044673103520282e+00
2.107307474141740133e+00 -2.509714672526000001e-01 3.716910064000679803e+00
2.512260060648860538e+00 4.045560708922800730e-01 3.108114841707759979e+00
2.181171985309100059e+00 -1.110082395027799929e-01 3.725969870460580147e+00
2.088559141212749992e+00 -4.953549233786000427e-02 3.796218663707240371e+00
2.250643861301210080e+00 -1.471945306870600656e-01 3.707076169223320505e+00
2.158524219990559878e+00 -9.556804780494010387e-02 3.752425628334580043e+00
2.133149568913740080e+00 1.391108959339799611e-01 3.443773025069420068e+00
3.286301485043850334e+00 9.486302849374600443e-01 4.000096699891160235e+00
2.253315807317229691e+00 2.109441415221599558e-01 3.329649815296380044e+00
2.361891956415870020e+00 -2.195612905422000272e-01 3.559894256101220122e+00
2.318908176194709903e+00 -1.077507679888600189e-01 3.602080331663400248e+00
2.402889650018470213e+00 -3.602238944581998004e-02 3.556963094618040166e+00
2.333978499420839903e+00 -2.197984368324399918e-01 3.583848851012000125e+00
2.320426011636279817e+00 -2.961951835970200730e-01 3.592623768717059907e+00
2.256558440840759960e+00 -2.556189367431599413e-01 3.695063580164000161e+00
2.240915851350730126e+00 -1.013768770764000293e-01 3.730781945228100138e+00
2.415552469614650200e+00 -3.015219374418601217e-01 3.492267021413560268e+00
2.269466893167759736e+00 1.330780029212599858e-01 3.316778829699900122e+00
2.175551294351490306e+00 -8.826472620336001107e-02 3.744908193105859873e+00
2.083495426650940008e+00 -1.259552762727000064e-01 3.749320562543219992e+00
2.152754907188249689e+00 -3.638963169544001675e-02 3.766769664710539978e+00
2.048708458427149992e+00 -1.024347389097199912e-01 3.765573967736260297e+00
2.072392161449020165e+00 -2.287292370742000647e-01 3.711284023139279853e+00
2.469837096033379975e+00 3.024199483355999307e-01 3.337006358594920119e+00
2.516481183884230255e+00 4.104502407302600409e-01 3.112418407155120192e+00
2.266196060009839641e+00 -2.426762092619800248e-01 3.658636098023740235e+00
2.282638864656480138e+00 -2.330925902040800191e-01 3.640018039204039990e+00
2.618198385190590116e+00 2.269230936825799017e-01 3.534354996831199802e+00
2.430207034307950487e+00 -2.434661681532800381e-01 3.528400408379100295e+00
2.318990716763200233e+00 -3.814499892036005146e-02 3.603196049372999976e+00
2.348372603697160166e+00 -2.270670668735599862e-01 3.542485286217720297e+00
2.368508095739169761e+00 -7.929615913706000718e-02 3.566173135181760045e+00
2.126530183512219896e+00 1.274542479919400506e-01 3.409056354199860195e+00
2.339941643554249939e+00 -6.950424080872008581e-02 3.599263324254819985e+00
2.161197195407440041e+00 1.695970062409799528e-01 3.419884547208419612e+00
2.366493236921149990e+00 -3.999559419862003251e-02 3.595138727309680426e+00
2.308368166457509751e+00 -1.674150414870399783e-01 3.576232972319259851e+00
2.365423060594940008e+00 -5.059696038890004743e-02 3.569362184034940100e+00
2.347366797839310237e+00 -8.448801556622004272e-02 3.578339490275240120e+00
2.369678797741380016e+00 -1.663090166104200796e-01 3.573522038045299887e+00
2.438881319945120474e+00 -9.276842198952006679e-02 3.550795111453480146e+00
2.435973236015380294e+00 -7.645010659022005717e-02 3.547284341968739874e+00
2.433164990112290038e+00 -2.810847331021998352e-02 3.550169185481080181e+00
2.163470313172649817e+00 -3.094741661684002887e-02 3.753315005306300467e+00
2.246360420344330144e+00 -9.711075243382005784e-02 3.735328539324360264e+00
2.356762868681459899e+00 -2.722165906521400447e-01 3.546062848759580000e+00
2.572681677661460053e+00 7.705338399298000684e-02 3.668676278885020015e+00
2.726783859928230136e+00 -3.520940379678000332e-02 3.743477385225080223e+00
2.536963566793620117e+00 1.731618671378799545e-01 3.576841580524280140e+00
2.065760953592730154e+00 -2.368745188079399155e-01 3.743372296686800382e+00
2.093628167722410005e+00 -2.433062134826999290e-01 3.724757881048280428e+00
2.450650021878040263e+00 2.492582668855800043e-01 3.358467505789139995e+00
2.226038856546610045e+00 -1.239927331308000868e-01 3.837204678733740160e+00
2.378781387362820077e+00 -8.241819514344000952e-02 3.553743667488079794e+00
2.331346883592139818e+00 -1.398229719150600181e-01 3.591743522386300125e+00
2.313322683416750181e+00 -1.910540557994800381e-01 3.595863669461619949e+00
2.359394377044379709e+00 -7.210306178588005155e-02 3.604529188801600004e+00
2.472698147492989662e+00 -8.666698484984008966e-02 3.554121364295140140e+00
2.272722322312279886e+00 -2.925824232597999952e-01 3.632538148745199980e+00
2.520090526331180136e+00 2.611931117741199682e-01 3.384088137740200342e+00
2.187078749805349887e+00 1.558541873274799650e-01 3.392029777373140043e+00
2.450864556621399792e+00 2.505402824735999401e-01 3.373764476294400350e+00
2.191162152859820189e+00 1.317444457153600368e-01 3.483284274540999981e+00
2.295778072297349759e+00 4.290303511979992601e-02 3.657158332685780167e+00
2.085775534065089865e+00 -2.340043083645199640e-01 3.722431915653980017e+00
2.240180785503830041e+00 5.413593872299993226e-02 3.655344448663300216e+00
2.312140998962360250e+00 -1.379867553074004549e-02 3.701682088353940081e+00
2.021981579164069842e+00 2.796112291367399694e-01 3.184113032714319669e+00
2.093422847294079681e+00 -1.750208537993800384e-01 3.724352908375740068e+00
2.046860751449059990e+00 -1.446066232940200480e-01 3.760657130728779940e+00
2.343932111877840008e+00 -1.264168082095599721e-01 3.600882245732480502e+00
2.256292291504560232e+00 -2.746938030709400458e-01 3.675731195776219984e+00
2.311249764220850267e+00 -1.813081159856000379e-02 3.606911384440660395e+00
2.291757458292269956e+00 4.405708834279997710e-02 3.603148512587900587e+00
2.282999213782059833e+00 1.176664716497999308e-02 3.637193842050780113e+00
2.184998073462810275e+00 -7.584877419758007111e-02 3.738941154542479772e+00
2.684441090780110173e+00 2.101533670501998241e-02 3.697460973838799791e+00
2.653592484901330373e+00 1.189094011027599929e-01 3.769296333646619868e+00
2.486469744681159888e+00 -3.156493364382600975e-01 3.514776471386459988e+00
2.451918989926129999e+00 2.480948336493999928e-01 3.371210601095739889e+00
2.442020045624469837e+00 2.278403344752000237e-01 3.377515215839820062e+00
2.393878902962960353e+00 -1.938380644117400076e-01 3.540333014380420362e+00
2.493768151203290095e+00 3.087782708614400518e-01 3.303627982490140447e+00
2.450770833617060163e+00 2.464852003180600382e-01 3.365630471703340287e+00
2.259188247499490210e+00 2.703493805236001357e-02 3.640313360810019994e+00
2.125897371562819771e+00 -2.231736366921600601e-01 3.712141777969359957e+00
2.116783610139970406e+00 -2.459201233871199932e-01 3.706580103817620042e+00
2.207629643082490212e+00 -7.364066452711998112e-02 3.731913219437939855e+00
2.213870351270630366e+00 -8.040248649452008678e-02 3.753553340170660224e+00
2.213722896446530086e+00 -8.021531718233995689e-02 3.725482674355680146e+00
2.156261455470030342e+00 -7.913287912562005921e-02 3.734704370172440058e+00
2.214195283450830054e+00 -8.049138045144002551e-02 3.724201940034500335e+00
2.275838728037870240e+00 4.801806662093999201e-02 3.609924828364960092e+00
2.348139549583180496e+00 1.633153383152002869e-02 3.586575447467400313e+00
2.329808410000370422e+00 -1.230019082480399706e-01 3.594280540928140422e+00
2.324834860135269743e+00 -1.261086028950000049e-01 3.620532977549580256e+00
2.530037493976889706e+00 -2.064178207737600301e-01 3.567906651028220022e+00
2.283475344191380429e+00 -2.349415031970199519e-01 3.639332360081460216e+00
2.318817150750870137e+00 -5.284542642540002166e-02 3.587986072756580214e+00
2.353597796722190161e+00 -3.864188340740093430e-03 3.568111961311120073e+00
2.483390889423870096e+00 2.629499650271199807e-01 3.386926958864300286e+00
2.466513786537710029e+00 -6.066425294188004802e-02 3.555506680669060060e+00
2.137039320236049811e+00 1.051895964861000454e-01 3.394934877436680321e+00
2.322390854351380263e+00 -1.468714100050000360e-02 3.635165002054979944e+00
2.264515256202979998e+00 -5.318428724157997500e-02 3.685364948918140371e+00
2.287790166577070128e+00 1.080167829122999912e-01 3.587282732619880399e+00
2.271114985236819983e+00 -4.359689625500068333e-03 3.671295042340020132e+00
2.029083134170700298e+00 -6.707859313186004258e-02 3.790971999789340074e+00
2.683397709919550067e+00 -1.423272798853399967e-01 3.659967169225600170e+00
2.282338950140339939e+00 2.421134219469199822e-01 3.315800231017640431e+00
2.038840876620179987e+00 1.784908754687599686e-01 3.282490016980160075e+00
2.272449358023040045e+00 -3.072844441425999773e-01 3.626678247098159780e+00
2.276835741918290079e+00 1.061136691729399617e-01 3.596434962174519967e+00
2.276230197342230088e+00 3.930234072309990445e-02 3.609389805270879936e+00
2.178870446736549837e+00 -7.192465860988001003e-02 3.738293676520380249e+00
2.171645612187740326e+00 -2.268332595746003211e-02 3.753943923386140025e+00
2.223509103470109771e+00 -9.158731159536007138e-02 3.752170026163979877e+00
2.212255239104620408e+00 -3.131933675049999866e-02 3.758477250729420405e+00
2.072944896677410220e+00 -1.938217724673600983e-01 3.720256464177659872e+00
2.299168452279820141e+00 5.480400047689998333e-02 3.590387936641860289e+00
2.317863503686790061e+00 6.633763315271995475e-02 3.582609546716500226e+00
2.109454142262480403e+00 -2.343558442662200259e-01 3.708241858890739984e+00
2.275866146411379631e+00 -3.083006833670001723e-02 3.675545964596460102e+00
2.358023207317339942e+00 -1.456658785253400201e-01 3.564021566889939763e+00
2.095522591463330198e+00 -2.426343186512400774e-01 3.708651929239779932e+00
2.674432320840270272e+00 9.007940497427996407e-02 3.740593899786019971e+00
2.370637662643730437e+00 -1.673450831400800642e-01 3.562918474962220028e+00
2.029222652735199972e+00 -1.129464078229000523e-01 3.778738924407780253e+00
2.710926454144829911e+00 -4.329424367100043192e-03 3.745700788482200227e+00
5.219518906046060280e+00 6.839901535288999135e-01 5.790301474140219895e+00
2.010696173565239775e+00 4.393214270190800574e-01 3.258389096059640000e+00
2.409552667077250021e+00 -2.582878456404200107e-01 3.508712817703920184e+00
2.390023941797279949e+00 5.017681377681998400e-02 3.590188486262779755e+00
2.122714992057439964e+00 -2.388658997225799330e-01 3.742951364007700121e+00
2.488713541933309958e+00 2.927235222941400039e-01 3.317873817607840170e+00
