2.354743302929539706e+00 -9.267927101879985807e-03 3.574883507557370166e+00
2.338849271425029741e+00 -2.361563811405699986e-01 3.559798498722100302e+00
2.204504671309339692e+00 -9.254901498278003680e-02 3.716774589181960131e+00
2.564259874500429692e+00 -3.106282544885300423e-01 3.491966575539440232e+00
2.281918943066319816e+00 -3.119257169297400267e-01 3.623573127983099607e+00
2.139308623829510037e+00 -9.917257815494998074e-02 3.727041379412660227e+00
2.124032782367080152e+00 -2.506066471318800781e-01 3.691827590862090336e+00
2.236801829445060008e+00 -1.199765800237399260e-01 3.727725182213520227e+00
2.289607521434150250e+00 2.124249142910300814e-01 3.304486013509470244e+00
2.254670220714579898e+00 3.260647746720005125e-02 3.622593468821250440e+00
2.304073260417559776e+00 2.222640051704002917e-02 3.586867225481550125e+00
2.265796935497819575e+00 1.148436910508002229e-02 3.604910789058590304e+00
2.306873003007780198e+00 -1.986853233999968937e-03 3.612616670367860383e+00
2.028769150950480160e+00 -1.361088491990399552e-01 3.750241856588710121e+00
2.399247300547959760e+00 -2.114443235431000268e-01 3.529940176803820329e+00
2.355842910104270160e+00 -5.120710843437001336e-02 3.615541714780340143e+00
2.261673851881190078e+00 -3.485557110794099689e-01 3.616354489147250106e+00
2.268018033192370275e+00 -8.282753578272997186e-02 3.640530257862220509e+00
2.448536493531509706e+00 -4.593233200966997942e-02 3.549220999979610269e+00
2.286165139423840031e+00 -1.108016081907999550e-01 3.618852258852249815e+00
2.307870321047299722e+00 1.097973969152599982e-01 3.281910971748809747e+00
2.308878485939000136e+00 -2.271469907801995647e-02 3.608317785116600618e+00
2.031151892500959733e+00 -1.035004465444000210e-01 3.793066794853360069e+00
2.265763761469900217e+00 1.868862741200400801e-01 3.327519903477390351e+00
2.053572321921019572e+00 -1.224767292100199800e-01 3.740455740219109870e+00
2.183914984446559959e+00 -9.179535355811999087e-02 3.722328732790399997e+00
2.663455498547770084e+00 -6.397905389302996348e-02 3.668040806048840530e+00
2.350605604424719886e+00 1.411270458218799317e-01 3.336090452262909789e+00
2.548959108047919919e+00 -7.086204799873993543e-02 3.607113577920290304e+00
2.195137950799200155e+00 9.402218137588005953e-02 3.457117022356590130e+00
2.106474142292099838e+00 9.182836515016004619e-02 3.395645397185639958e+00
2.422047124874709745e+00 -6.271114690455001361e-02 3.547721699177220245e+00
2.529105550035579686e+00 7.281508799068012183e-02 3.672128891121380079e+00
2.539483020420139958e+00 3.959463335050600330e-01 3.115672576526050008e+00
2.061099400211339638e+00 2.343917351287999884e-01 3.168887895665210230e+00
2.446394889259620342e+00 -9.675844064389996224e-02 3.591665763501449948e+00
2.446238515818669690e+00 -9.499128116489005680e-02 3.543009441177620289e+00
2.318234803927249565e+00 2.191616544931100086e-01 3.316442267871420047e+00
2.542552226042139818e+00 3.921356377555800243e-01 3.114217615008330053e+00
2.494813853834549899e+00 -2.994937389720300214e-01 3.495018663415329740e+00
2.564143288812579691e+00 -7.031756297379995746e-02 3.649621089133809893e+00
2.481450461068150037e+00 2.130394571072100895e-01 3.376488574130730669e+00
2.697408037641399581e+00 -6.327784349719950407e-03 3.707085885644210599e+00
2.305942532104950260e+00 4.136525272410013221e-03 3.607725610192690446e+00
2.104770576164529672e+00 1.776460392903900509e-01 3.275605708207590450e+00
2.100655479939530057e+00 1.779563406701699935e-01 3.279565772196799678e+00
2.547005319829120040e+00 -6.831258018117999931e-02 3.600759280573960108e+00
2.411023449404769536e+00 -5.718027192427002636e-02 3.543925019169250401e+00
2.448161478717639561e+00 -4.505754809370002278e-02 3.550819414777049765e+00
2.485975161550530110e+00 -5.859608490293008454e-02 3.557839428952830119e+00
2.113034599189069773e+00 -1.954268342875299103e-01 3.707266353195119990e+00
2.680113949730129619e+00 -1.625680747141300120e-01 3.631930983361970178e+00
2.038228401429150072e+00 2.527887225411100669e-01 3.124838134468529649e+00
2.270320180267789922e+00 1.915157202025300209e-01 3.304839563814430115e+00
2.380671923444429794e+00 2.697516694825300432e-01 3.267024255288029977e+00
2.722466545932269888e+00 -1.895669347733500432e-01 3.641182023245150390e+00
2.330170290137339784e+00 -1.111350014818399956e-01 3.575520601886820415e+00
2.100000927837709863e+00 1.571289442516300150e-01 3.337363282534899778e+00
2.479115324377629825e+00 -1.065983866236299982e-01 3.568896301144260264e+00
2.391409879520169923e+00 -7.876556276870991247e-02 3.558245125857510072e+00
2.080920886126079949e+00 -1.129643027284200352e-01 3.745578464868040136e+00
2.046966698836899745e+00 -9.042973826795994152e-02 3.756327090922260137e+00
2.489617393735179984e+00 -5.993567037505995176e-02 3.554901384874430192e+00
2.273415697265689595e+00 1.941153368528099887e-01 3.302594693256080571e+00
2.197927044238880079e+00 8.241586977188000707e-02 3.465625748077740376e+00
2.303514779288200032e+00 6.427888995200470301e-04 3.612594042134350758e+00
2.442028710863179963e+00 -5.501929135221997336e-02 3.589397022224160239e+00
2.469624703666069898e+00 2.179845394581899909e-01 3.391867530195590064e+00
2.472790198126519901e+00 2.170383021480000452e-01 3.389109290679470199e+00
2.499896268457149962e+00 -2.640717923751699781e-01 3.645037301794149975e+00
2.679697796244980168e+00 -1.591111718166000333e-01 3.635282430031370193e+00
2.321503356760600045e+00 -7.104235520657989356e-02 3.626017158534090346e+00
2.357806661282789928e+00 -1.034091688250900753e-01 3.570079302001650134e+00
2.060639973750419962e+00 2.358791300479600450e-01 3.165196871861070349e+00
2.060536147146279973e+00 1.500294539698400487e-01 3.253938599852110425e+00
2.541896511867600239e+00 3.917995318368200364e-01 3.124072897224499545e+00
2.278141427321269674e+00 5.336716550086997857e-02 3.592026118619759956e+00
2.108456183337669820e+00 6.757123600195005797e-02 3.415170579542390339e+00
2.034145909930340057e+00 2.424018923337600551e-01 3.118149984669020380e+00
2.314420678325340042e+00 -8.728558694814000929e-02 3.590980102365939786e+00
2.274894167728609862e+00 -7.037866033580994496e-02 3.673388261659999987e+00
2.529347028356339955e+00 2.455858117636200710e-01 3.280572005835399985e+00
2.543685544204399740e+00 -8.844632332933996532e-02 3.609545193909790228e+00
2.259691105302779945e+00 3.705118096298007369e-02 3.608414858389040081e+00
2.455249473271569727e+00 2.159707997136900148e-01 3.373866565757849934e+00
2.296137351741419863e+00 9.249433237573997935e-02 3.544413915878569910e+00
2.292631793806349627e+00 8.734020430655001221e-02 3.547145997375740212e+00
2.090166700708939729e+00 -2.542498724716799607e-01 3.715312800900230528e+00
2.488487584208519898e+00 -2.635240605642199530e-01 3.639520535937839973e+00
2.475617765149779714e+00 -8.522355444959997528e-02 3.548609057712900583e+00
2.376431273610239536e+00 1.901079498691800318e-01 3.376232662339420099e+00
2.350095839206789883e+00 8.173147919867099764e-01 3.728670996466490362e+00
2.184567911247859762e+00 9.562998708037998008e-02 3.461292324801000131e+00
2.087439261820959846e+00 -1.460209960463399181e-01 3.729629417540520464e+00
2.053997075028269670e+00 2.240043992505900416e-01 3.155037404255649935e+00
2.514860957856659862e+00 2.468223657022600437e-01 3.333124567296150254e+00
2.151467977213130212e+00 8.992649530462995533e-02 3.379589937014550127e+00
2.097683885061839781e+00 1.556147016306199948e-01 3.340958881688569804e+00
2.317979797339519976e+00 2.276995144494200207e-01 3.314059744470030378e+00
2.546989711114159505e+00 -6.819934636901994751e-02 3.601643283708050092e+00
2.670069114274439936e+00 -1.394288426855598562e-01 3.641361667526880730e+00
2.300464020102459983e+00 2.267842736027000650e-01 3.321451256556730236e+00
2.426296872298109975e+00 -3.445630908626499123e-01 3.499650898909879793e+00
2.469854324166339765e+00 -3.128638696890400084e-01 3.478026854434450144e+00
2.325071150425519928e+00 1.518790928221800673e-01 3.253662086804660181e+00
2.519907073210009951e+00 2.501904067698300649e-01 3.367621569433760342e+00
2.699703487673100089e+00 -2.118842649376799503e-01 3.624632788777180092e+00
2.415727843018069976e+00 2.361873134083300185e-01 3.394017193227610196e+00
2.434453983515600051e+00 -5.799803646381992972e-02 3.600657416713650250e+00
2.539277976960519823e+00 -1.234377178340798908e-01 3.612986581639240136e+00
2.108353334093799880e+00 1.728681963381999698e-01 3.285393812973799843e+00
2.290282767833129896e+00 -2.589253287964500272e-01 3.622829577730239947e+00
2.433322704025959737e+00 -1.367285579148799501e-01 3.567998758673660120e+00
2.562302709785989840e+00 -1.176724585377899868e-01 3.630489784461380154e+00
2.454090431999190081e+00 -3.322887284900100102e-01 3.481925784461710194e+00
2.535222388048179898e+00 -6.412742828770004455e-02 3.587350596252490309e+00
2.340701525903470248e+00 -2.392506149704699270e-01 3.566927916790520570e+00
2.361588918966839756e+00 -3.052531620444001725e-02 3.574059684630279676e+00
2.254708962001849670e+00 -2.894349797968500670e-01 3.683319406660400031e+00
2.186557559931579853e+00 6.894899011105995457e-02 3.420976653824589597e+00
2.340525575653309875e+00 2.060330936531700463e-01 3.333719806225639903e+00
2.634481212325719746e+00 -3.889026998141995040e-02 3.715371470317559766e+00
2.364620791024230062e+00 -1.640878919057099650e-01 3.553291210070440354e+00
2.103373403493030036e+00 -2.069549816524100250e-01 3.697288496477459940e+00
2.282317705684179909e+00 -3.451788209613999570e-01 3.591347996057500325e+00
2.691061344944449818e+00 -5.555994374430023308e-03 3.722459999091260130e+00
2.192365693967170071e+00 -7.267349540335002467e-02 3.727259795527960495e+00
2.510605466947439801e+00 -2.761720067492999808e-01 3.516917033238100121e+00
2.432705704550960135e+00 2.132001893709000451e-01 3.366125596533080522e+00
2.159829495415239720e+00 -9.925730367290000467e-02 3.723509532006380685e+00
2.177943660763159706e+00 -1.329368638199000252e-01 3.745409945473990199e+00
2.159521800061050101e+00 -1.176535726328899745e-01 3.734773358875139948e+00
2.567890787035119970e+00 -3.150356414734000188e-01 3.511150453981149777e+00
2.153576014534119842e+00 -5.928776121904003049e-02 3.750869919455919632e+00
2.311067560350870131e+00 -1.415011887837299420e-01 3.587845912611340449e+00
2.437921593877730331e+00 2.098777243374500834e-01 3.345943950878579987e+00
2.189030372841149763e+00 1.313622737612100411e-01 3.387081857362900017e+00
2.379861426641269873e+00 -2.808677789643500011e-01 3.519461268834880308e+00
2.323156236678619813e+00 -3.362428377508000499e-02 3.604760886709710288e+00
2.405172611763910062e+00 -2.188652659752900742e-01 3.525275823560579891e+00
2.372797071009749903e+00 -2.582617163844099784e-01 3.517216685866550563e+00
2.453700816502430104e+00 -1.244534763945099598e-01 3.540805313345369854e+00
2.386868109660559956e+00 -2.454088912142000367e-01 3.540622741305460064e+00
2.520247321862339795e+00 -2.573031583335200212e-01 3.526722221624130515e+00
2.534463321999149699e+00 -2.578608818452701179e-01 3.560174831840790421e+00
2.010907632008319901e+00 2.213434049090400035e-01 3.148878896103449954e+00
2.347337171479779716e+00 -1.474038083562400347e-01 3.584629384477540093e+00
2.426449942747389787e+00 -1.341461591339699611e-01 3.544864674215640221e+00
2.159497099382039931e+00 -1.208498728079599738e-01 3.734929167281280549e+00
2.628690821864899885e+00 2.169689909774800418e-01 3.500393560774390345e+00
2.109215375328480135e+00 6.287177973252003338e-02 3.426321607824819981e+00
2.110059931101999631e+00 6.826539648326004905e-02 3.423801903384940282e+00
2.393046410760679699e+00 -9.203659985667986265e-02 3.558298353475500164e+00
2.370559077701739792e+00 -2.899941569564200572e-01 3.528830233434220531e+00
2.449139105561199958e+00 -8.617288138595999292e-02 3.610073839403130425e+00
2.561669407678259791e+00 -1.151085783257998763e-01 3.626126134779910082e+00
2.336990593571329988e+00 -1.370026443836499797e-01 3.589339397420669986e+00
2.571920472966460203e+00 1.873618101868600172e-01 3.521465520519289960e+00
1.999845427833229827e+00 2.383769848434899863e-01 3.218602494819860382e+00
2.311425967298259998e+00 -1.391347904207798913e-01 3.567384516012340523e+00
2.367706887241279645e+00 -6.435225365871991010e-02 3.576580690228080339e+00
2.459624397367969895e+00 -2.975504780304299990e-01 3.466434469314770173e+00
2.548870209343290227e+00 -1.232269223354899579e-01 3.598216770422909772e+00
2.315453720423359840e+00 -1.184847200216999352e-01 3.582768446371760174e+00
2.349297643560409821e+00 -4.260593024136996587e-02 3.579656781410190280e+00
2.365655506403749886e+00 1.908589516006900799e-01 3.376885742564499804e+00
2.354851439947649894e+00 -5.569391873077003674e-02 3.575595596060299641e+00
2.343628657936069892e+00 -5.425224544858994746e-02 3.582686907623770178e+00
2.441556144624310143e+00 -2.886190465688899254e-01 3.512573668194379550e+00
2.327762201695340316e+00 -9.630039546159999131e-02 3.594727663801170259e+00
2.341813041514369864e+00 -3.386220311850998699e-02 3.588589108618889689e+00
2.280829316839660059e+00 -2.733283331101599156e-01 3.624648695134750298e+00
2.280743770918840063e+00 -2.858269925422000091e-01 3.638152211596120011e+00
2.366431876985799931e+00 -2.904347481886799809e-01 3.555900694308929744e+00
2.276371797354739712e+00 3.680748459324015287e-02 3.581887875465470383e+00
2.285925544016079947e+00 2.947848139834011172e-02 3.609182035229390184e+00
2.447318586613830060e+00 -1.220332013074299782e-01 3.556361899353770006e+00
2.286157577911549943e+00 6.210241186347006948e-02 3.602042960240089631e+00
2.281831182973530048e+00 1.770442558478999007e-02 3.595074469095730141e+00
2.265451210468570231e+00 -7.784009365722990847e-02 3.690159028918629680e+00
2.269680679191839801e+00 -1.128684118148599869e-01 3.635844172615710246e+00
2.655315755408460099e+00 -2.860754320641992199e-02 3.687623631586820050e+00
2.281810369669699856e+00 -5.461311288254003249e-02 3.655098409391499992e+00
2.174388286195339859e+00 7.813619306628002970e-02 3.406234220152880354e+00
2.267130686654899918e+00 8.201071521420050248e-03 3.607041258372410297e+00
2.536466078614400210e+00 4.058657658243799427e-01 3.108020224329389958e+00
2.111036100458839826e+00 -2.558052530949199710e-01 3.697003581424120000e+00
2.722594442832209971e+00 -1.925821034716899971e-01 3.642038495857700120e+00
2.721873444356869953e+00 -1.922575795334499904e-01 3.635025508156980223e+00
2.104381831377339918e+00 -2.042532746075000072e-01 3.701478679309790021e+00
2.104888301299060238e+00 -2.040333255594999062e-01 3.705425189174500034e+00
2.114317797818549671e+00 -1.977017240547699617e-01 3.713293875126140620e+00
2.678661180232749572e+00 -1.550245038207299364e-01 3.642772123786200300e+00
2.671728374866599864e+00 -1.418501178228399329e-01 3.648701296054809973e+00
2.303001221767029705e+00 -2.434428806928899125e-01 3.580678195007790166e+00
2.433278866010500252e+00 -1.343311663464399064e-01 3.559152566447380206e+00
2.349395588461529627e+00 -9.549449925216987878e-02 3.556545680583349966e+00
2.144223988505079781e+00 1.132496268134200179e-01 3.402354225373250607e+00
2.381303807962139807e+00 -7.890772636602003121e-02 3.542807375492170063e+00
2.529091498147660211e+00 -6.210206572415985504e-02 3.602142321973800243e+00
2.494093945231899756e+00 -2.456242441707399971e-01 3.536964657217990471e+00
2.194165433325490078e+00 1.598530447785299902e-01 3.377122780649880252e+00
2.336215647138459861e+00 -6.201784554372000158e-02 3.614951363773559745e+00
2.385475350324779864e+00 -1.019557778802000214e-01 3.548228484017740048e+00
2.359162192133489988e+00 -1.365743919800100070e-01 3.566949245532220036e+00
2.457565233011219874e+00 -8.425978922099994217e-02 3.671069482832439945e+00
2.394684035793050114e+00 -8.269297884322993064e-02 3.554147039877880498e+00
2.339442554886529635e+00 -2.394352833212900211e-01 3.575914252913349856e+00
2.294131569696050033e+00 1.074406063331099503e-01 3.276750410158490556e+00
2.353035284306959962e+00 -2.503013712732002349e-02 3.566874343637900235e+00
2.323476008820789751e+00 1.516620600854300116e-01 3.253687568371030014e+00
2.186691890239189640e+00 1.413843801022699742e-01 3.427005438875939891e+00
2.331421956101260129e+00 -9.425991654161999800e-02 3.578432692043069796e+00
2.449156975103960132e+00 -1.352518021223600153e-01 3.542476803356410020e+00
2.392854968680979688e+00 -7.326168424235993126e-02 3.553954584665139915e+00
2.411140966545699982e+00 -3.370846207937998606e-01 3.488139034912740133e+00
2.378746081243799715e+00 -3.270550154803200105e-01 3.505220424082720498e+00
2.388117569946190066e+00 -2.635209118141299545e-01 3.513170593825390320e+00
2.414097220548310219e+00 -3.282679863867700165e-01 3.483529252034140100e+00
2.388493752202439868e+00 -9.218823815669993649e-02 3.554947988163580153e+00
2.370710173174860103e+00 -3.319655972876000005e-01 3.525443777144789959e+00
2.154623366244619920e+00 1.193235540035799958e-01 3.397344481882360157e+00
2.120770195451980200e+00 9.492582869578006233e-02 3.365810554680380484e+00
2.150251211631750259e+00 9.022230240639009247e-02 3.381775629518830595e+00
1.964709335505249843e+00 1.219988224230299789e-01 3.229310218570800028e+00
2.695086443867229953e+00 5.836930883887006538e-02 3.746398874440790561e+00
2.469661470923719904e+00 8.274008865646199640e-01 3.790446652938979977e+00
2.474459822824139899e+00 8.355825465570400068e-01 3.854971421962320122e+00
2.046602713078450098e+00 2.326562625148500263e-01 3.080933473684980051e+00
2.284705420726639957e+00 1.297830011031199937e-01 3.292057550898209950e+00
3.250138411339590139e+00 8.760436055464101424e-01 4.069971230028679443e+00
2.333438767769219879e+00 -8.982194250531996826e-02 3.587172018817279984e+00
2.241251044267420056e+00 2.196377538901600202e-01 3.293400602740310212e+00
2.333000927637649546e+00 -7.446229515814992150e-02 3.577990260428080216e+00
2.333308791039189867e+00 1.163267326192100326e-01 3.412911975253240193e+00
2.529632588023349893e+00 -1.168587359143699878e-01 3.580986212527830226e+00
2.481363153097659868e+00 -4.110102587872002666e-02 3.617772148163260315e+00
2.353148704978280215e+00 -1.520688529919997367e-02 3.569648784930289587e+00
2.535464787195440106e+00 -1.195220425375398687e-01 3.643922841988210592e+00
2.472972663861059850e+00 -4.371221099947988908e-02 3.586375705035570238e+00
2.320089558947290076e+00 -5.482751187545001348e-02 3.588542490108470151e+00
2.316618389415229906e+00 -5.329495032960998580e-02 3.607122573617970396e+00
2.284401153221219616e+00 3.979707516708000381e-02 3.585976882643860275e+00
2.276717391955859870e+00 -1.779380251816800318e-01 3.625046452380549677e+00
2.358781558179579907e+00 4.864466042816009694e-02 3.583763499542379716e+00
2.294192750000680014e+00 -2.201967760085799808e-01 3.615335497892079974e+00
2.534446381137730242e+00 -8.155910164624988190e-02 3.549772155976040011e+00
2.416538532275190221e+00 -3.444211463740700641e-01 3.528088317068760027e+00
2.268439067931089959e+00 -1.564516438084699590e-01 3.632146022908140370e+00
2.430115124370050061e+00 -3.627968638859500050e-01 3.570410037746640342e+00
2.527308936191819733e+00 -6.263490091669995929e-02 3.589508197464629902e+00
2.206609155040600179e+00 7.866673319292008526e-02 3.486995806470630122e+00
2.392108720087859908e+00 -7.115912955964001640e-02 3.552502076028110078e+00
2.405812574427190320e+00 -8.120936932086988969e-02 3.554247288536350524e+00
2.173693855447059953e+00 5.552021799270004387e-02 3.449961472219230441e+00
2.189383731838530078e+00 1.326220398720700244e-01 3.390526113917430084e+00
2.433842140073219973e+00 2.123181848023600049e-01 3.361178328685409777e+00
2.151788936215859760e+00 9.757639731004005834e-02 3.378739367729940213e+00
2.207625679456880263e+00 -9.492571817861997219e-02 3.732086967942229716e+00
2.060297394023539841e+00 -1.589726497401200145e-01 3.734565714768370182e+00
2.359648465922999705e+00 -1.322696586506598992e-01 3.588356082192779795e+00
2.254391041744430169e+00 -2.916580363378498131e-01 3.675523874698970239e+00
2.076100885641800176e+00 1.073111754691599418e-01 3.407507668508619858e+00
2.083703343227459648e+00 -1.120285048411200080e-01 3.732162635319100197e+00
2.184473421766719881e+00 -5.277526254329992228e-02 3.717396098632500312e+00
2.109322586542429878e+00 -2.703725144371899036e-01 3.697553146305629923e+00
2.538172406702879691e+00 4.063726371618798794e-01 3.113717911219129775e+00
2.539487071738060209e+00 3.901741310504599491e-01 3.111915613174180528e+00
2.184300863958910099e+00 -1.313661186043299789e-01 3.711089474148580258e+00
2.712629668599499944e+00 -5.467605800334005006e-02 3.739660501009429705e+00
2.410081995246609932e+00 -7.423790111908992739e-02 3.542002349625500202e+00
2.188604446008949989e+00 9.016308008926995909e-02 3.563579966455889814e+00
2.253947251214440062e+00 -1.679958723539399512e-01 3.693757326217560255e+00
2.187806950131220063e+00 -1.489449815470599570e-01 3.768374907290830578e+00
2.540185807292609788e+00 4.100140745742500981e-01 3.121009503315680167e+00
1.984630803161709922e+00 7.137762781688100633e-01 3.691634969951040013e+00
2.147539311952169960e+00 1.236132444721300405e-01 3.431563216816139850e+00
2.284247570647710113e+00 1.171806686347499904e-01 3.320279189396139863e+00
2.281204265516190155e+00 2.190064815000500598e-01 3.324382951492729887e+00
3.291255126864029990e+00 9.119850700339501293e-01 4.035683257380130229e+00
2.271886458765290051e+00 1.959225993625899609e-01 3.322324060230759546e+00
2.540684183297959642e+00 4.098274967819799386e-01 3.157071459266859836e+00
2.186771909175969864e+00 7.094490705123004948e-02 3.435752654116080329e+00
2.368923065383589766e+00 -2.392509634391099815e-01 3.548916458513199590e+00
2.338743198864090100e+00 -1.290231060733899870e-01 3.565737073120759604e+00
2.325807858522740190e+00 -1.276564889058799668e-01 3.591538240503819868e+00
2.411866108816879795e+00 -5.613817578017996079e-02 3.550155604460120351e+00
2.411695333491589821e+00 -4.906535441416995380e-02 3.554326448038870545e+00
2.394724244695050075e+00 -5.265259332673002945e-02 3.537990049755829869e+00
2.510727487514429868e+00 -2.753546529812900268e-01 3.516991458524009850e+00
2.360721874578209700e+00 -2.891760056017699254e-01 3.554789760214919880e+00
2.419827161107559910e+00 -2.298756318147200106e-01 3.513772516129320511e+00
2.325688798880900077e+00 -3.159364187222399867e-01 3.579141267305990137e+00
2.319873471824089872e+00 -1.145230444528500258e-01 3.609499468978610182e+00
2.340886858232819723e+00 -3.511428406712005512e-02 3.588991691758620206e+00
2.316579409230519637e+00 6.067291696380003319e-02 3.574238780477700494e+00
2.056250224567099938e+00 2.506258610638599782e-01 3.105036039414399873e+00
2.420259981680379813e+00 1.925404735451400617e-01 3.369512305387619922e+00
2.282780202642199718e+00 -2.810345714669599815e-01 3.620741946495820152e+00
2.527782169495119913e+00 -3.229211855200599945e-01 3.483172580826130016e+00
2.205439527951369882e+00 1.447995318089300432e-01 3.374445992975140474e+00
2.180053050809710236e+00 5.964872529216994068e-02 3.429161547876589999e+00
2.280997879284679897e+00 -2.714802870528799650e-01 3.617606853041949844e+00
2.259119459526689688e+00 -2.762773729783299936e-01 3.680211029411869728e+00
2.291206453452159675e+00 -2.268265492290599539e-01 3.635310288008609891e+00
2.243963853310610101e+00 -1.224510577778499532e-01 3.717879040333740281e+00
2.290678864551909832e+00 -2.291684694008699619e-01 3.624721835917170232e+00
2.423796986217819693e+00 -3.207193755447600436e-01 3.481669212118260415e+00
2.283930087811659959e+00 1.194228044499400510e-01 3.293600848202780096e+00
2.280653592252789963e+00 -3.992994886896997220e-02 3.655444230393610106e+00
2.173399870675090106e+00 8.830563122985005120e-02 3.282237867767520356e+00
2.182266092158749782e+00 1.326607968258699810e-01 3.402920055862250326e+00
2.287628662262299883e+00 1.180976636432799209e-01 3.308718242614089533e+00
2.483982873713899586e+00 2.369192560317200658e-01 3.361768433016480095e+00
2.183307219070499627e+00 1.060246049940400115e-01 3.420909205990080526e+00
2.207167096053959998e+00 -1.016268313719399796e-01 3.718654510021159876e+00
2.214576599665559975e+00 -1.111153107093800496e-01 3.700413616579409926e+00
2.178333295441049700e+00 -1.088611334642099748e-01 3.730205786783379995e+00
2.424619235760579805e+00 -3.384999456946399254e-01 3.473822037241970140e+00
2.174547328262510071e+00 -1.218517323349899983e-01 3.734123067246239991e+00
2.609280351558859845e+00 6.462782299304012379e-02 3.739287055692360084e+00
2.155407039566579641e+00 -5.709133206294000895e-02 3.752180755910590193e+00
2.050776677742189857e+00 -1.219919685725900094e-01 3.746754483687800619e+00
2.340044343329550358e+00 2.090586987075100101e-01 3.328456481841630676e+00
2.270666694672939911e+00 -1.131419806443999254e-01 3.642133050744670086e+00
2.419684651711799805e+00 2.097868517114399867e-01 3.380516303735080275e+00
2.074826058358040015e+00 -2.476728570486400327e-01 3.691215682357319672e+00
2.199659552146949970e+00 -1.415680263742899736e-01 3.712417042239499754e+00
2.352548414743909966e+00 -5.700479457769000446e-02 3.578444044703160021e+00
2.543633904803690005e+00 3.959550935567700547e-01 3.116439333213290475e+00
2.307618746038299751e+00 6.462153353159996727e-02 3.611477144672549766e+00
2.270004574816989695e+00 -2.628733838548099611e-01 3.644305502747720027e+00
2.288779186088259809e+00 -2.519496435807400125e-01 3.604780707365379921e+00
2.021724177716509807e+00 4.429322313103499775e-01 3.188285584792189820e+00
2.287109279472269829e+00 -2.531778635613100015e-01 3.626353630856390176e+00
2.283153649866710211e+00 4.388806473983000722e-02 3.426977869536630195e+00
2.630445699680369565e+00 2.048067261832899610e-01 3.538322172482250227e+00
2.280708791221440102e+00 4.955879675190008604e-02 3.591855410908149970e+00
2.711986032744169606e+00 -2.030754821611100158e-01 3.632945532857950077e+00
2.288817283377859724e+00 5.856373310748000383e-02 3.587056435467710358e+00
2.437926322132909718e+00 -2.633930648775900663e-01 3.519151291536020132e+00
2.596994539603829644e+00 1.879230278451701486e-01 3.537414159187920237e+00
2.449729210718209593e+00 -3.615360784198500266e-01 3.586452299715769509e+00
2.282644823591209793e+00 -5.304973415916994228e-02 3.659092235800919912e+00
2.277060137922649830e+00 -1.978524691624300169e-01 3.673703959264109642e+00
2.303150334920569975e+00 -1.407024220787499724e-01 3.615562557584700354e+00
2.349888641907599940e+00 -2.440532553511989833e-02 3.544180267104720006e+00
2.353522692636009772e+00 -1.379784401724995502e-02 3.569202064054960211e+00
2.010986021092789677e+00 2.220906586573300479e-01 3.156195444699100072e+00
2.326567786833019902e+00 -5.808137586697995070e-02 3.593761143841240013e+00
2.517266876856670166e+00 -9.236130715872994945e-02 3.563229957895900135e+00
2.181012783788010001e+00 5.794671729641001634e-02 3.428272245566299947e+00
2.355869423666840046e+00 -2.463397796346400159e-01 3.530985118883460228e+00
2.376776898534409987e+00 -9.917938053510996776e-02 3.557621356117770084e+00
2.486486816680289813e+00 2.370731189962699548e-01 3.355967411667590383e+00
2.141871814240009719e+00 1.125697007180900544e-01 3.396479594145120018e+00
2.403126698541999673e+00 -8.082834185237999791e-02 3.549641131518840087e+00
2.424363390750889913e+00 -5.789329215836994114e-02 3.547096065819740129e+00
2.449520412847210338e+00 2.239737660850700529e-01 3.385605037349650015e+00
2.464796868721370160e+00 -7.331234041764997378e-02 3.561051254412630040e+00
2.176618553305820214e+00 1.541652695258800831e-01 3.409030944070989833e+00
2.374274211758289788e+00 -6.031491795374990805e-02 3.587132196819089902e+00
2.373888873047830028e+00 -7.050188403696996953e-02 3.561169884288999832e+00
2.348353634981900306e+00 -2.738312754435992535e-02 3.587413817186129616e+00
2.178369251832459774e+00 8.867577597164003067e-02 3.481511395444420121e+00
2.182153423250249524e+00 9.676858784232997279e-02 3.473476221591659918e+00
2.355219477876659973e+00 -1.043332313822798729e-01 3.569051382510140424e+00
2.374520538914639989e+00 -2.915065697342199558e-01 3.528131641329709911e+00
2.376831258175499784e+00 -1.863035957605599091e-01 3.563619957949069939e+00
2.447448305082430053e+00 -1.131635074247499817e-01 3.544191060722949871e+00
2.444816571528949822e+00 -9.676234035093003727e-02 3.540852557275099954e+00
2.497897352701429874e+00 -1.114681988334700613e-01 3.564177473610630198e+00
2.446141572170789757e+00 -4.147963230357001874e-02 3.551017159846180604e+00
2.442415395055570038e+00 -4.844414293054991050e-02 3.544417444425710606e+00
2.485782715696200018e+00 -7.040203120541996262e-02 3.551314301214220315e+00
2.516686991873389623e+00 -8.198485571690997120e-02 3.570260245367989693e+00
2.166586222243830129e+00 -5.155548640927001824e-02 3.739148265805460447e+00
2.081870698574720180e+00 -2.551545759189999263e-01 3.680554298904870514e+00
2.249309368644349938e+00 -1.183147315342900352e-01 3.722657213625689909e+00
2.363683596338700177e+00 -2.916267537987600189e-01 3.534100228064050331e+00
2.232132290969209620e+00 -1.363325621607900662e-01 3.755927987067889884e+00
2.360120198680029979e+00 1.431091993683100971e-01 3.269242662752510409e+00
2.012901327415189900e+00 1.541512959665500004e-01 3.354154593990430477e+00
2.890495107118120188e+00 4.172544988554799383e-01 4.356900830268219948e+00
2.706645985305780044e+00 -2.241121219113000052e-01 3.615934622564440204e+00
2.726265482395609840e+00 -2.116686539007900103e-01 3.616235939043079828e+00
2.535736939734599904e+00 1.030590991004800838e-01 3.648840723024029842e+00
2.758294326096959903e+00 -1.719763535289800804e-01 3.699123347339789980e+00
2.640226124125559792e+00 -1.811254155993999304e-02 3.700518137681719999e+00
2.579289797231259840e+00 5.336124892468005476e-02 3.668791532761249918e+00
2.674406589532670075e+00 -1.457712318466299617e-01 3.647474086872750210e+00
2.256768253983169714e+00 -1.320326970800099475e-01 3.680415612840979733e+00
2.729862838297020033e+00 -6.169539597767995098e-02 3.746479074282219823e+00
1.992350655446579966e+00 7.008105724501800804e-01 3.663763150155219694e+00
2.162039853087209806e+00 1.146903287265101101e-01 3.379959750448140454e+00
2.547397279718129681e+00 1.512638804305499740e-01 3.577445044996450552e+00
2.073755399769240171e+00 -2.132613892607000128e-01 3.703418003900009747e+00
2.114660780285710029e+00 -2.650059756830699387e-01 3.707452297797150464e+00
2.067128269672290131e+00 -2.562449348486699474e-01 3.722952718491850277e+00
2.016248427064999849e+00 2.218196879382800246e-01 3.148870128815790537e+00
2.256756294518649675e+00 -3.511245136449100412e-01 3.633043210465749961e+00
2.547702670993380103e+00 1.371740726861799542e-01 3.611315852639340296e+00
2.095487509419870165e+00 -2.626842570546900069e-01 3.705099610419490208e+00
2.549354564462099848e+00 -3.013780146705200558e-01 3.488553107688720178e+00
2.225590715837119760e+00 -1.465593870237199836e-01 3.823424373916210151e+00
2.574232385856479510e+00 3.237423263377999794e-01 3.247602287740189553e+00
2.728123710070639696e+00 -6.460679729290011442e-02 3.749143779404970012e+00
2.502623064156839661e+00 -2.862111781415400680e-01 3.499640195997880010e+00
2.523606067262360142e+00 -3.249228596962799864e-01 3.488998721100800449e+00
2.338229960526850171e+00 -1.596953344290299726e-01 3.581078739266460254e+00
2.319564670600209766e+00 -2.107883902144499222e-01 3.583831588606859686e+00
2.366561996622819741e+00 -9.248675158574001798e-02 3.595790085661460189e+00
2.481207471148660026e+00 -1.074770081737399796e-01 3.548646593992609954e+00
2.276819663806509908e+00 -3.124345274173500053e-01 3.617630178009690223e+00
2.330108681234809964e+00 -1.375636962499300064e-01 3.528990699674459552e+00
2.476474002403500130e+00 -7.447162956923999988e-02 3.557692275739840149e+00
2.351615433170950009e+00 3.507659604102899564e-01 3.111421553279699825e+00
2.354281614355639984e+00 -2.596209228991600559e-01 3.473919572269020151e+00
2.301968843636629902e+00 -2.534155961793900236e-01 3.619280761526540324e+00
2.203202576192889950e+00 1.405811568300699699e-01 3.381766135752260372e+00
2.468379720433099944e+00 2.327100349820999392e-01 3.373083784936099949e+00
2.547596610029420283e+00 -1.227107315911400154e-01 3.606165849967420289e+00
2.302536633805050137e+00 2.236117153951003300e-02 3.648268383453059815e+00
2.149096697912689979e+00 1.016211813754900606e-01 3.386474821732150087e+00
2.285621064289840021e+00 6.094482114468005585e-02 3.604527610889549649e+00
2.297679348030420066e+00 6.869664239797998451e-02 3.599202218919709928e+00
2.247139189534509640e+00 3.421560790925001760e-02 3.644933379628839898e+00
2.316941982110349851e+00 -3.519836863148997907e-02 3.692365779216419952e+00
2.554150301863439942e+00 -1.255000218284599567e-01 3.624732908973720580e+00
2.045851414282509939e+00 2.693188474025099977e-01 3.170888248343190163e+00
2.556503706330659931e+00 -1.362474393984800247e-01 3.611585131954710093e+00
2.698065830107200025e+00 -1.985018898861199144e-01 3.623976428196570065e+00
2.268956694410880104e+00 -7.508080424255988983e-02 3.679714463630290311e+00
2.248024052420089625e+00 -3.493789171389899417e-01 3.670454195469590175e+00
2.350664627695949971e+00 -1.465685062528699067e-01 3.590809869495570350e+00
2.728618640516179639e+00 -2.239147537927199394e-01 3.631390905871610286e+00
2.300190837249089792e+00 2.439839479255009880e-02 3.594185992646159900e+00
2.055300006458570028e+00 1.538003859293900211e-01 3.267211653872640564e+00
2.490978872602509941e+00 -3.397920580021499548e-01 3.537291526165830202e+00
2.421751986523879907e+00 1.929189811940400789e-01 3.372253044141110045e+00
2.721282015825780221e+00 -2.210571604037000204e-01 3.608731199132190426e+00
2.689532318059580263e+00 -4.311334959239937481e-03 3.700087680966200221e+00
2.450988817393250141e+00 2.182161205577700935e-01 3.395675640465380063e+00
2.459192398220989784e+00 2.100504819752899988e-01 3.376201296389100381e+00
2.469569751737549446e+00 2.150312371409699719e-01 3.394821461915950245e+00
2.107190337335999697e+00 1.790367312193400229e-01 3.269972668606430322e+00
2.468494718297649992e+00 2.287832343832099935e-01 3.364887351617619871e+00
2.504012844639730062e+00 2.377548161003099902e-01 3.302291110492350246e+00
2.266450162464769935e+00 -8.880965172314994605e-02 3.697602136981849696e+00
2.266321786141960004e+00 7.149780478920036986e-03 3.630062250640470278e+00
2.538351308129739969e+00 -6.490370250685997822e-02 3.603872762681030295e+00
2.266899243565969613e+00 -9.076792912796996515e-02 3.677419837549579906e+00
2.455671956956730018e+00 -3.479832099157499359e-01 3.546711985886000118e+00
2.730003193985469867e+00 -1.989521504306901167e-01 3.665746798749440316e+00
2.128333595487910124e+00 -2.427045060787100528e-01 3.693797731490570335e+00
2.649055887582839830e+00 2.227542115475600604e-01 3.561879761509189724e+00
2.559663162242439949e+00 -6.550563884183988050e-02 3.631809354174900140e+00
2.708042806335860142e+00 -2.008996903393599209e-01 3.629591489159190054e+00
2.119163062898929972e+00 -2.652628170453699141e-01 3.687599386357379938e+00
2.494207320784769699e+00 6.086238201306995443e-02 3.613749720007199961e+00
2.210943951286670206e+00 -9.438097689742999674e-02 3.718431950612679504e+00
2.216446764741849762e+00 -1.015451090672899459e-01 3.740142727101740228e+00
2.217164527800889573e+00 -1.009196501003099822e-01 3.712087197868010335e+00
2.280110357695099843e+00 -3.238981457277799736e-01 3.599326217929600169e+00
2.365571622721649891e+00 -1.103072012722899620e-01 3.558106178825149790e+00
2.201904535105949634e+00 8.162859265419000754e-02 3.501572308150899815e+00
2.159460751531049993e+00 -9.936560816423004039e-02 3.719563011899549743e+00
2.427400843725129764e+00 1.082519769181700398e-01 3.596054533681990684e+00
2.110190915729369898e+00 7.271059772406998634e-02 3.419355091923149903e+00
2.283792742311489654e+00 1.300572870543500736e-01 3.290801341718859963e+00
2.635631525867330183e+00 -3.717288623069006648e-02 3.713560848534100067e+00
2.356769464895120070e+00 -3.668076941439918359e-03 3.578907075160860707e+00
2.330976260616139939e+00 -1.463616105169399939e-01 3.609869688379870212e+00
2.486253152894319918e+00 -9.264406924579995928e-02 3.552528862524740205e+00
2.314346721628600001e+00 -9.121115705824003883e-02 3.596572415416180224e+00
2.348779142943699938e+00 -3.790011284839997496e-02 3.576848735684179825e+00
2.523349783205460106e+00 -1.146623280255600619e-01 3.576762108376420723e+00
2.317470157201360070e+00 6.140558192340003774e-02 3.560818710639809925e+00
2.475249643718230086e+00 -8.143424746206998077e-02 3.550254841727920052e+00
2.346132503979790229e+00 -4.957898493747006641e-02 3.618854078022390119e+00
2.267743185226949620e+00 7.735793229190018883e-03 3.615180121073850561e+00
2.280964867274329677e+00 1.968837513324991906e-02 3.593687804226790128e+00
2.299753775618219809e+00 -3.544497710808006130e-02 3.640552869237639655e+00
2.030742151608369905e+00 -8.682714894814999584e-02 3.772098589722620243e+00
2.701903262647090020e+00 -2.000197404071499541e-01 3.647837007535000176e+00
2.570555981435409976e+00 1.887533864053300980e-01 3.520176796398290620e+00
2.687972260114629641e+00 -1.670302936361699186e-01 3.659990390901509905e+00
2.301638974557690176e+00 2.269910347321899835e-01 3.309865404769170016e+00
2.422169112038419669e+00 -6.269303715227994567e-02 3.541426559002819552e+00
2.328939892951900070e+00 -4.105666583482001086e-02 3.593731850399500161e+00
2.182021195966759919e+00 -9.245660652227996601e-02 3.723956199959930213e+00
2.054799956249730108e+00 -1.232115901317500095e-01 3.740575504111680161e+00
2.312443507668239917e+00 1.111575290127200522e-01 3.332740460198389876e+00
2.365685030163609870e+00 -1.653915201483900643e-01 3.554096425073760113e+00
2.483271765833429789e+00 -6.985713066513002389e-02 3.551755413106630233e+00
4.801626715457549821e+00 -6.688888654762897845e-01 8.531427033862369669e+00
4.991503963170459635e+00 5.959893025311201464e-01 5.605555969798269977e+00
2.579537146926019986e+00 5.603866749526001390e-02 3.686471837848779742e+00
2.097883097239539918e+00 -2.617821785110600041e-01 3.689071840843210381e+00
2.691184135958409662e+00 -5.413729156350985394e-02 3.707112764126230253e+00
2.532222748532059864e+00 7.206905652447995192e-02 3.664483298300650116e+00
2.694166312508199823e+00 -1.986549308611799958e-01 3.619122239178719891e+00
2.378105105134720176e+00 -1.871847666154000389e-01 3.553035570257649933e+00
2.030788774046149658e+00 -1.324979465520899902e-01 3.759148678166660318e+00
5.312456140264529836e+00 8.390794343325699289e-01 5.821810610029229949e+00
2.714261145395459707e+00 -3.068572187700005505e-02 3.748706487901540374e+00
5.078393779769839966e+00 8.043543946975600933e-01 5.482961309158029373e+00
5.256210905525600552e+00 6.192763090045401153e-01 6.003313859678550024e+00
6.258889941497839615e+00 5.735429221098596875e-01 8.922308785209171589e+00
6.097369089407580489e+00 5.500220298929402452e-01 8.685101522113001238e+00
2.016809330333690031e+00 2.604185634173300512e-01 3.178833627396600470e+00
5.221083971888919706e+00 5.135859695822401205e-01 6.077058809991060073e+00
5.205521833840469625e+00 7.844852546685502359e-01 5.706664038488599822e+00
2.166037602746540003e+00 1.153793602495400139e-01 3.360681424892820068e+00
4.743934331082670042e+00 4.771561964101301845e-01 5.356263603920901062e+00
4.647077428454069903e+00 5.253276661345100962e-01 5.120664219753799706e+00
4.869288639255179518e+00 7.578379750713598595e-01 5.181963877201060775e+00
2.402139465870809509e+00 9.241788087429699816e-01 3.440493713482140059e+00
2.489124374236250326e+00 5.695837454913008080e-02 3.603837821881219927e+00
2.033920894028519832e+00 4.279657614883199956e-01 3.247311160837779820e+00
4.925471151532009983e+00 3.893555254107901042e-01 6.515173071936439797e+00
2.417736677995189876e+00 -2.776846261187698728e-01 3.498608268701270063e+00
2.398866828769169679e+00 2.966647106477007800e-02 3.584336555265620117e+00
2.124044975435289917e+00 -2.588392532485899178e-01 3.724242485841640082e+00
2.386561845590789765e+00 -3.312585883474100656e-01 3.510202483123230355e+00
2.332089942226289736e+00 1.125870852304100833e-01 3.380343582002090397e+00
2.651286598902979907e+00 -2.968328461282002118e-02 3.690609155419259935e+00
2.615819765227000104e+00 6.879602623764005664e-02 3.685590214393620556e+00
4.269278378682900055e+00 -8.671457058552797248e-01 8.118960824439749757e+00
