-6.135694143042598192e-01 -5.913874212722800561e-01 3.859442290290679978e+00
-7.069412612745296087e-01 -6.166369275701499841e-01 3.878049072413369824e+00
-4.035882214005503954e-01 -7.401494880862398151e-01 4.306258395060090116e+00
-4.284166116388798962e-01 -8.667710856336698910e-01 4.626529661164640039e+00
-7.078444229323497261e-01 -1.648705407356300112e-01 4.622984021699569901e+00
2.545348091200301255e-01 -6.392197658486498124e-01 4.643220471715569175e+00
2.595621887013703777e-01 -6.709040188930499582e-01 4.632144659337740222e+00
-2.697528166285199092e-01 -8.548466517260300268e-01 4.600592295449160041e+00
-7.693444882975302157e-01 -7.997600408337299793e-01 4.430707067463489857e+00
2.895335365562798913e-01 -1.120985655204080000e+00 4.446481540730490067e+00
2.030454200515499075e-01 -7.810533525304799163e-01 4.625337572700029654e+00
7.888291595335994444e-02 -7.194372834445698084e-01 4.572027138988270067e+00
6.401755058677098820e-01 -6.838430717473498177e-01 4.393031797767859459e+00
6.470703444241798774e-01 -6.774196065058799565e-01 4.382434770717289929e+00
-2.379152073718495686e-01 -8.384887346574301237e-01 4.651865346627719333e+00
1.483466681222802563e-01 -4.288339466307099501e-01 4.759092668381889268e+00
-1.592690811039205734e-01 -8.204154457179499982e-01 4.701521698736859989e+00
2.601782545775197519e-01 -6.603818391369199459e-01 4.633790130759189552e+00
1.186674817795703163e-01 -8.065116513831999123e-01 4.644415256911139878e+00
1.152545297094200727e-01 -8.023459705315799662e-01 4.638318314892329930e+00
4.280465614290003273e-01 -7.001506642279200499e-01 4.275238822149029616e+00
2.564176875767301134e-01 -6.476569472141399109e-01 4.640129721336869295e+00
-4.334639046131001372e-01 -8.633770493483998720e-01 4.625367468673049487e+00
5.042248413182501832e-01 -5.989775165470599960e-01 4.592054964950639473e+00
6.728494963707098986e-01 -6.245932818502999417e-01 4.230161536180769843e+00
6.751569624499198508e-01 -6.202552653619299861e-01 4.219108144256580317e+00
7.005352934594699654e-01 -6.864836486597799547e-01 4.175687250156959962e+00
8.698194067660500739e-01 8.111874624095993802e-02 4.256442613033869726e+00
1.439119093719298803e-01 -1.591621860813698941e-01 4.848170601812399561e+00
-7.088966626351100864e-01 -1.725845142244999408e-01 4.627893548304669480e+00
-6.900702649820900092e-01 -1.051806069472500660e-01 4.630428660160649912e+00
4.030215135096071322e-02 -4.388767614524199390e-01 4.912012341215429956e+00
7.142004321069601591e-01 -6.955730989595698688e-01 4.158816333400939591e+00
2.994315755770049492e-02 -1.546886663621899194e-01 4.893968547469119912e+00
-8.368351129443998282e-01 -7.229917429232400883e-01 4.211199084942910176e+00
-9.292084113012202273e-01 -2.254398882846397889e-01 4.528242540474869848e+00
1.088953401242798158e-01 -6.311597882279399441e-01 4.697120871396380792e+00
-6.917871870604996865e-01 -2.773213680582300444e-01 5.037481286071719744e+00
-6.744509855445799396e-01 -2.545092427782498223e-01 4.990743214880920320e+00
1.096480744955301567e-01 -7.924351302132599528e-01 4.626595284360529803e+00
2.132329926467302350e-01 -7.884156646426498938e-01 4.631761266799479415e+00
6.937105966379200073e-01 -6.943149236293300053e-01 4.155723021128469696e+00
1.441354970741102193e-01 -1.608943140374199388e-01 4.846630763741529790e+00
2.437212639096499878e-01 -1.312452499977079912e+00 4.436283059364820147e+00
-3.945620931059767855e-03 -8.803720650534498926e-01 4.556862299511870162e+00
-7.521706849354696800e-01 -8.325071320978698619e-01 4.552438912377709812e+00
5.803335853763025298e-02 -1.874079344223600341e-01 4.879378416510780525e+00
-6.994279053749798969e-01 -2.738412939930597867e-01 5.037841636135610202e+00
-3.922143683220196131e-01 -7.534335480051999046e-01 4.312884813897110092e+00
2.658556670795202415e-01 -1.043992799149729755e+00 4.265649654547489789e+00
4.725582646289501199e-01 -6.114255951072299355e-01 4.102445749642369854e+00
3.034604303557997262e-01 -9.409972963925299361e-01 4.404002492922919565e+00
4.541236682909097766e-01 -3.440308716492199714e-01 3.388882860378100048e+00
-8.251752375117593630e-01 -9.433200719046008764e-02 4.310589516654559361e+00
-1.693987938237799806e+00 -2.242942328034499555e-01 3.120781744506939681e+00
-2.786761481596000678e-02 -8.379680641955999931e-01 4.690704839859510145e+00
1.478231022104403714e-01 -6.987238075747600474e-01 3.365355441234930023e+00
-8.364283186306695761e-01 -8.727831305258799688e-01 4.469664287865559693e+00
-3.815910884016302518e-01 -8.511135841414099179e-01 4.759482892132989917e+00
6.376046994489101838e-01 -3.475803729805999609e-01 3.546677034751649860e+00
-8.669139002485897194e-01 -1.072490745372410181e+00 4.316236809099150307e+00
6.951402976869300865e-01 -7.015696236364199478e-01 4.163145837193829912e+00
-8.464127284902596138e-01 -7.346418343175799004e-01 4.221318045855449341e+00
6.467689582968199069e-01 -4.915505327904098887e-01 3.721327627352329692e+00
3.706929051575795775e-01 -9.349760061767798947e-01 4.280631972883119474e+00
3.999503096978704875e-01 -8.058125006539600399e-01 4.350848141382549272e+00
2.602959873591599305e-01 -1.061350369178970077e+00 4.356090097956769824e+00
1.804541656400302507e-01 -1.020281615562729893e+00 4.234866185212809775e+00
-7.296811074469400360e-01 -8.721738236996098292e-01 4.640009673510709476e+00
3.483092021773397384e-01 -9.022082597613599875e-01 4.362234893085919829e+00
8.736019546168201089e-01 8.549655783951015664e-02 4.256790511166180124e+00
3.799479652486015269e-02 -4.341840295776298597e-01 4.911091159354429969e+00
3.036698367895400708e-01 -8.506417588628399917e-01 4.531513408047770142e+00
-1.400430330333599649e-01 -8.455245014837400319e-01 4.577141329168419759e+00
5.482600874899699051e-01 -4.155503784309699800e-01 3.626269185633129943e+00
-5.444760876142051842e-02 -9.448085796580197870e-01 4.567933777758510061e+00
-2.570538886998985362e-02 -8.411027232048300384e-01 4.692488311554120273e+00
5.915996650666703882e-01 -5.718780140321799710e-01 4.085024280495310300e+00
3.970451661068401528e-01 -4.837380712758999057e-01 3.682569370507939865e+00
5.020320502111701444e-01 -5.882682317775298486e-01 4.588111263670450413e+00
7.729586984968903618e-01 9.661267485529001497e-02 4.021436324022319653e+00
-6.072581805188299597e-01 -8.417067695638000835e-01 4.790075708835799695e+00
4.195489941422301250e-01 -6.510523312840700294e-01 4.222145848967179482e+00
5.918941556344599064e-01 6.687961351512017316e-02 4.303608879927089959e+00
2.373772500039503797e-01 -8.744484229411200182e-01 4.561270157939960157e+00
1.665597152228803779e-01 -1.059444730242030008e+00 4.198313529432730284e+00
4.027424867097901817e-01 -5.400471009456999649e-01 3.766972059236529891e+00
1.751377132514400081e-01 -1.052959321422630046e+00 4.223059595246819953e+00
4.047948966767900281e-01 -5.414600726489200433e-01 3.767481671117479891e+00
-1.067226314995660008e+00 -2.682750136186701218e-01 4.502422318023819869e+00
4.537801610477303349e-01 -3.491995069908898630e-01 3.395742991562909818e+00
-2.488368413125963130e-02 -8.408594708103700466e-01 4.692693928418579574e+00
-7.980489220814499518e-01 -1.338270947135898892e-01 4.349698890277600150e+00
6.758455845252901995e-01 3.250271727171898384e-01 3.730907811244219996e+00
-2.333856058579799608e-01 -8.948738948119500103e-01 4.617627508391880298e+00
-9.500239815257494058e-01 -2.077945959613899385e-01 4.492843164754399155e+00
2.894183663574496634e-01 -7.991764553125698667e-01 4.508562120607139789e+00
-7.640579874199637800e-04 -8.810955091401999617e-01 4.562804465835689882e+00
6.258003818697011056e-02 -8.505291492110400586e-01 4.692520752764459679e+00
3.479116744298100805e-01 -1.008518855533329983e+00 4.281829315663760127e+00
-7.924602327544296720e-01 -8.188714232952798433e-01 4.520388508145019912e+00
-8.555641795363597701e-01 -9.604119801103701004e-01 4.569173863551940329e+00
-9.441444212746596953e-01 -9.455155790702600704e-01 4.565643162189440218e+00
3.850354814132899151e-01 -7.029389424143699383e-01 4.216777265974679167e+00
-6.458614689516899432e-01 -9.302984114052098574e-01 4.813388633253259385e+00
1.710478724753050628e-02 -7.919293925371098108e-01 4.557391230308690311e+00
4.704177530264201934e-01 -5.949581345976500124e-01 4.080383411188580389e+00
-4.511551080075997255e-01 -7.574418449411000065e-01 4.348492090555510003e+00
3.671913258837800065e-01 -9.467144303100798464e-01 4.231240907329249623e+00
3.318604149005701665e-01 -9.828228364802299444e-01 4.244006393973389635e+00
-3.758457439301996494e-01 -8.701985581555897742e-01 4.760107168317899706e+00
3.372603580268398460e-01 -9.935112852436499553e-01 4.258705015255990212e+00
1.423059930669001716e-02 -7.583211201019900427e-01 4.481054073303409879e+00
4.399867258240002243e-01 -4.046351986069399720e-01 3.615604319696589908e+00
-3.883600371468975965e-02 -8.310073622457301301e-01 4.632933831173259520e+00
2.941923147356302337e-01 -4.133057353031499570e-01 3.572061205588189736e+00
5.386011700823005732e-01 2.337057777188999985e-02 4.278300894488859640e+00
3.902062735147500128e-01 -8.712274217825100031e-01 4.282691635722049917e+00
-4.216059435674397449e-01 -8.211203765820299649e-01 4.733805513964160383e+00
3.475264655452896534e-01 -1.009902553956719906e+00 4.150299402661340231e+00
2.262212493567505867e-01 -8.606074711946199995e-01 4.556664001201539804e+00
4.065945687013039489e-02 -4.420814803325199271e-01 4.912365292439210052e+00
-4.511667925591700268e-01 -8.564340441440300156e-01 4.620327920874379934e+00
-4.578370166447953693e-02 -8.755032895847799645e-01 4.432987424061949788e+00
-8.537563041809699271e-01 -8.627123868608800317e-01 4.469367050017579501e+00
8.363438228987405409e-01 2.107976783020992784e-02 4.257276824613549948e+00
-1.184347431533899542e+00 -3.060623907966899537e-01 4.765454711320310288e+00
-1.444710150368360146e+00 -1.011283258536400664e-01 4.669240484816489456e+00
5.067719295351800213e-01 -6.270599535591199203e-01 4.582762116017930154e+00
-7.104821736753974548e-02 -8.067583875588699716e-01 3.259050360899349741e+00
-8.731089513802499091e-01 -1.094024927213590015e+00 4.391110692102739854e+00
-9.558009644358804735e-01 -8.690629251708699154e-01 4.630722712561979648e+00
-1.010089841399979704e+00 -9.596349946871799430e-01 4.610735728470698902e+00
6.639786532100622196e-03 -1.770435376574498454e-01 4.871845912023369252e+00
2.932347898362901439e-01 -9.141721809934899579e-01 4.477553048707939354e+00
-1.292756533752199566e-01 -7.564030121624700786e-01 4.325053403267619778e+00
4.746059348561297853e-01 -6.112478969053699585e-01 4.104588886610040177e+00
1.731615537948001382e-01 -1.009454065198509998e+00 4.208839681827820201e+00
-9.744523188841913708e-02 -8.899768526752599440e-01 4.502411484802520292e+00
6.576953988625200420e-01 1.013303154380500448e-01 4.075582802348979961e+00
3.208754721980198177e-01 -5.046608026704199057e-01 3.718025054878220104e+00
4.726798163531502617e-01 1.186283808758401559e-01 3.998502002170980063e+00
1.796988334941902465e-01 -1.020221451450850081e+00 4.226530854198530029e+00
-3.481058547520010649e-03 -4.040676894905198546e-01 5.021837024604900890e+00
3.325223849123402076e-01 -1.113624839241529996e+00 4.216393448436350333e+00
-1.515054275917999682e-01 -3.508885007580300197e-01 5.056137835729449748e+00
6.530076295026803201e-01 -6.958659786893200971e-01 4.377499494044729822e+00
-6.972918258231999289e-01 -6.545289597786798641e-01 4.890455138170589855e+00
-1.353772010049998364e-01 -1.105264059976529989e+00 4.131116227440129407e+00
-9.121255679792801274e-01 -9.019049262952699708e-01 4.619146378951339393e+00
3.447866389766902628e-01 -1.894159129887699189e-01 2.689822764759060014e+00
3.438858251507901365e-01 -1.860546908145299660e-01 2.681967177547010195e+00
-7.998342933421498380e-01 -1.124397420631729982e+00 4.557899104543289504e+00
-6.933095974830396635e-01 -1.680655394371299849e-01 4.647873917267450139e+00
-6.308862162109396543e-01 -5.758888017965597683e-01 3.835193340448699750e+00
-1.323217643441529923e+00 -1.906778758693898901e-01 4.715186936239319948e+00
2.617247331673402400e-01 -2.450038080710700283e-01 3.098957457792030024e+00
4.555597075976902666e-01 -9.208568373359798942e-01 4.473218676702320096e+00
-2.188219307186298757e-01 -7.363553527371800023e-01 4.144090771789150196e+00
-1.052661989339499282e+00 -2.820075137151101252e-01 4.505193341353459502e+00
3.958351239001105526e-01 -8.502149257305099406e-01 4.272637307800089879e+00
4.566110763684401164e-01 -6.848225962882004136e-02 2.812598332988189842e+00
6.588353254905900958e-01 -7.000408962971099713e-01 4.381368192026809716e+00
2.593490427888704986e-01 -2.167667683163899683e-01 2.975040105821759706e+00
-9.904121277297894821e-01 -2.625061468538301135e-01 4.593864272234998936e+00
-8.622828884592999010e-01 -9.501739155837498618e-01 4.557162638805369426e+00
4.930716143274200824e-01 -5.645893351535002935e-02 2.639895330901020021e+00
-8.542075522695697920e-01 -7.835777624896700377e-01 4.404714210797630258e+00
2.619635892056706439e-01 -9.482701581186999684e-01 4.521221484467039531e+00
-4.484903029626909898e+00 1.570546854184829755e+00 -1.016586006040439916e+00
2.268271980752203376e-01 -2.394151052119299905e-01 2.760049268855009785e+00
-2.994504612457102866e-01 1.899910665779720009e+00 -2.370645855851480022e+00
4.628619238017002147e-01 1.728451398039301257e-01 3.962503626060219553e+00
-4.659885773495709316e+00 1.695232440570079824e+00 -1.243831218510930370e+00
