2.485987042603639896e+00 6.078952445060997745e-02 3.529670398115679841e+00
2.397693480842089997e+00 1.735945947302300341e-01 3.575921517662309590e+00
2.410199093303190043e+00 -5.398098528540989927e-02 3.572528346661449916e+00
2.379874984436839647e+00 -7.018729599283984877e-02 3.632868998363479651e+00
2.299432787316929794e+00 2.754948947818300353e-01 3.351309456389550245e+00
2.613129323127449943e+00 4.065215755310300216e-01 3.451747146522869958e+00
2.353354295263679674e+00 3.212867037163500972e-01 3.302146269871879980e+00
2.347908946658459950e+00 1.779202249979501826e-01 3.608922191685659531e+00
2.339293981129090039e+00 2.743401616649900343e-01 3.573763801515150274e+00
2.302478673549709587e+00 2.053441883700300452e-01 3.638932878799729931e+00
2.346024721871160068e+00 1.991187333391900016e-01 3.595461552616719736e+00
2.313179105164949956e+00 1.847554801137299418e-01 3.620379434634169780e+00
2.272838428262319965e+00 8.315201862615007045e-02 3.754262869838519645e+00
2.455331713948429861e+00 -9.940292410695988901e-02 3.515995648507689975e+00
2.400534221898139808e+00 1.284812968591600435e-01 3.575872288347379691e+00
2.375812560610259805e+00 -1.374220805590398720e-01 3.649112012741499989e+00
2.430295730423679856e+00 -8.247287598848990209e-02 3.544174530895720210e+00
2.423902607616160054e+00 -5.694983006595993880e-02 3.542595902904320138e+00
2.489826852214420239e+00 1.475558778840200813e-01 3.535505775189100142e+00
2.356133270990869999e+00 2.225983042860700256e-01 3.569498065353450489e+00
2.131642615510439764e+00 5.278384016935999679e-02 3.851270046071479936e+00
2.267149999433899499e+00 7.932647950832005801e-02 3.754261379326979675e+00
2.231725705932419590e+00 3.572647247221701350e-01 3.364090192163299964e+00
2.565757734184019867e+00 1.102922922000801331e-01 3.541440667060539838e+00
2.327219694585919818e+00 2.617392888062401446e-01 3.578076511276480076e+00
2.465976004549760070e+00 1.275103516469101028e-01 3.539349868905800278e+00
2.573377396383849991e+00 2.827872606384398968e-01 3.637635347746909886e+00
2.445271959793539729e+00 5.701138286987099679e-01 3.076210791118580090e+00
2.734704068225999762e+00 1.676476574008600173e-01 3.662936184560640296e+00
2.448534164411720226e+00 5.666390728591499393e-01 3.074382559357919931e+00
2.471863037909640237e+00 -1.190695829394399774e-01 3.491637450795479491e+00
2.754283604581899692e+00 2.277817332012100349e-01 3.645293352892540195e+00
2.531570583093959659e+00 3.146139372187801153e-01 3.595262532283880041e+00
2.074179922011529786e+00 3.089226175552701181e-01 3.323233194901509702e+00
2.445228525029579991e+00 2.252284143192500587e-01 3.568139844188380039e+00
2.453823604733069708e+00 1.313649440400800894e-01 3.537352857672489748e+00
2.489614797642229593e+00 1.484721971238900373e-01 3.537110831198489791e+00
2.529546338405739725e+00 1.402640779686200045e-01 3.537849638592019730e+00
2.446516084766909849e+00 5.624318942452302128e-01 3.073562131881729442e+00
2.242271064457419971e+00 3.452867108472000290e-01 3.317598570350820175e+00
2.086182228977949915e+00 2.917419683204700021e-01 3.380987248464129902e+00
2.531202513515600216e+00 9.254408255487012180e-02 3.551763367512279945e+00
2.440024035098749877e+00 1.083919987995000667e-01 3.555723976416650167e+00
2.639954154451359614e+00 2.884038596619000194e-01 3.600005730554160177e+00
2.456058576286119788e+00 4.621401162466200474e-01 3.265671034510600368e+00
2.450809890790880186e+00 4.012303378156701350e-01 3.363737042538760047e+00
2.745376208918449912e+00 6.989334581903011712e-02 3.583616226203069743e+00
2.489063032243749696e+00 1.129029272469200817e-01 3.578865342400530558e+00
2.034421963213920215e+00 2.746488936223100974e-01 3.306179161404360300e+00
2.492654684218150063e+00 3.131033030697301656e-01 3.578798234648170151e+00
2.196275607016850095e+00 2.332195953278500267e-01 3.469961829835150002e+00
2.371588634473519974e+00 9.224226803116009066e-02 3.601846514704559521e+00
2.483703431799499928e+00 4.300115324225800006e-01 3.245908204336020120e+00
2.429024700048169727e+00 3.943080171164400904e-01 3.365609769252829953e+00
2.319319944701729863e+00 2.597257444243500912e-01 3.555937695262830101e+00
2.145875798969469894e+00 3.520676808583006467e-02 3.808593108177889874e+00
2.358464442167199859e+00 1.068924614265500672e-01 3.655472566425800096e+00
2.439509111476879877e+00 2.520871794333601756e-01 3.592028366788719840e+00
2.307888887794370181e+00 1.000817626169060004e+00 3.696538191739509926e+00
2.181527062238870052e+00 1.391348067588010773e-02 3.780550859944290298e+00
2.084736316080090024e+00 2.901696648675299861e-01 3.384990640609510049e+00
2.152336122983339983e+00 2.348824540884100753e-01 3.415526634556380170e+00
2.608711958251140217e+00 8.747894781602005843e-02 3.585832518617019904e+00
2.269767787385279956e+00 3.850219647805100398e-01 3.327268624352520021e+00
2.478224411713759956e+00 1.011061652536001110e-01 3.518469883008159993e+00
2.534509065303389708e+00 -1.183959463702898840e-01 3.471876926392930329e+00
2.292352820414089720e+00 3.098255650125801286e-01 3.259099081887310234e+00
2.436611474444029923e+00 -5.800980634039992756e-02 3.552837838350329847e+00
2.472827062854409785e+00 4.264211534493498879e-01 3.333828329538309987e+00
2.376584058855139681e+00 -7.880741873656998964e-02 3.643968704853460139e+00
2.413637295511060099e+00 -5.637642721367003285e-02 3.579330871762580468e+00
2.301631353929789903e+00 2.094599316592301030e-01 3.638197592620609822e+00
2.750599901819089865e+00 2.286828596012900339e-01 3.661506243913549952e+00
2.161102784419219880e+00 -3.298609735333996040e-02 3.773212027065259822e+00
2.270794370145849950e+00 3.924481378011013266e-02 3.779583336476789679e+00
2.238007959250739809e+00 1.094274843592399904e-01 3.786455587963900360e+00
2.375091115652689933e+00 3.794725378711011343e-02 3.601419786942429813e+00
2.410394035277670266e+00 3.871110598297300975e-01 3.327715602702889797e+00
2.330738408919519777e+00 2.762877986377499373e-01 3.544346925248520019e+00
2.449398093267099785e+00 -9.553861601942986725e-02 3.527311093678380249e+00
2.381620626724689771e+00 7.906605607670036395e-03 3.582632279575070022e+00
2.466736359925190136e+00 -3.060077978997000070e-02 3.526198155834010084e+00
2.455057782499539876e+00 -5.825547085013987880e-02 3.545536604313579865e+00
2.584495107031869576e+00 -5.405871288684988007e-02 3.508752406261570034e+00
2.215560349439719801e+00 2.387066202664101522e-01 3.512888126167759584e+00
2.479418014135789772e+00 5.716075684064997331e-02 3.538480796416290097e+00
2.249375030303680134e+00 4.824720125252002223e-02 3.772074241203360323e+00
2.443419688031879922e+00 9.546145167322012126e-02 3.555992277649160371e+00
2.418062705970000170e+00 1.207917914898400946e-01 3.577396849498160059e+00
2.400272162615689986e+00 9.361170238221994122e-02 3.588992627409070213e+00
2.520486356110549941e+00 -1.052304954486398825e-01 3.461700029082690033e+00
2.429386868890039963e+00 -1.006185684000999170e-01 3.532473925491640188e+00
2.394235908672039947e+00 1.281278600423400582e-01 3.587272222266600252e+00
2.369607211356810073e+00 -9.414973043610991299e-02 3.647976262787670176e+00
2.325742438207849982e+00 2.372673843217400491e-01 3.612035035426509832e+00
2.338997330347989845e+00 6.400463537506995149e-02 3.654850063621769785e+00
2.712887321968739940e+00 1.992265138153201387e-01 3.634436367257420031e+00
2.346260161690659984e+00 1.243892292349200734e-01 3.669426996843340394e+00
2.181162451899169685e+00 2.271086179985000730e-01 3.438587813845269903e+00
2.201126547592059612e+00 -4.332426270610989505e-02 3.752086601295020252e+00
2.211952568699010246e+00 -3.486384678368992240e-02 3.761702405531950344e+00
2.737552869279779699e+00 8.679728847557005578e-02 3.597565194757859963e+00
2.324548478371749827e+00 2.786993709663501684e-01 3.324716366187450589e+00
2.146323587911029840e+00 2.578350659985700344e-01 3.438764701089209730e+00
2.427551576409799683e+00 1.060354518863500517e-01 3.542331387515999630e+00
2.559133511562839747e+00 -4.516882878462996631e-02 3.523002425711520225e+00
2.184498724189969820e+00 3.087390259321500241e-01 3.403351455272670023e+00
2.419485534933259796e+00 1.185282508761300591e-01 3.582967721141980366e+00
2.473081114269730207e+00 -6.420434980945993741e-02 3.534495259516790000e+00
2.413962145459120023e+00 -5.617015039469991367e-02 3.588398686598719856e+00
2.120896069329009759e+00 2.088901747662600950e-01 3.456968316993349610e+00
2.482181396796830253e+00 -1.491660391439997846e-01 3.493117820917530203e+00
2.452113022290620226e+00 -1.422793826452399268e-01 3.515259687194260074e+00
2.454048539775929960e+00 -7.770510045591977333e-02 3.519005110447150475e+00
2.483094282941729958e+00 -1.403445654643298846e-01 3.487726084944909655e+00
2.448313091630709870e+00 1.042290158046019988e+00 3.798091014147089606e+00
2.389847278948229903e+00 9.189722796198002142e-02 3.594837580791650389e+00
2.385787067739309819e+00 1.064903954791500684e-01 3.585299798569810292e+00
2.386598579730530023e+00 1.361508423175101234e-01 3.612275472896270045e+00
2.396046926767039675e+00 1.671939264563299665e-01 3.571280764287959819e+00
2.378155689713580045e+00 1.323614652037000683e-01 3.564084738969779842e+00
2.378536214820579975e+00 1.081573336049900802e-01 3.595696307885940080e+00
2.519702432314329776e+00 1.551012425127501482e-01 3.567646782486230350e+00
2.372331893765619704e+00 1.249466232657401310e-01 3.597212131374380117e+00
2.029967711843249756e+00 3.257423434198400414e-01 3.261475873197909880e+00
2.324301480664789921e+00 2.139809076440800095e-01 3.597392782571010361e+00
2.359252269000789770e+00 1.806171466112201363e-01 3.607133955814770143e+00
2.395338975907229884e+00 2.319868735628000667e-01 3.581737673168730041e+00
2.121529336649299768e+00 2.344499647578899837e-01 3.445738439035059386e+00
2.495236147389279679e+00 -1.533137815055500286e-01 3.531734825213080242e+00
2.327672582337209750e+00 2.629037929012399410e-01 3.578008583984269908e+00
2.289672775616919953e+00 2.693987449038700022e-01 3.329223092073999801e+00
2.016204959167720023e+00 3.596845538296699618e-01 3.224594045999199743e+00
2.226284013915980076e+00 2.366215677765901026e-01 3.512306516517739841e+00
2.438703673771049907e+00 1.156614117783300033e-01 3.549662532504469947e+00
2.451198225279930032e+00 1.087477582604500781e-01 3.538673873918630086e+00
2.370838843822820063e+00 -9.343249159948979754e-02 3.649548356828660189e+00
2.364081767804580014e+00 4.442153935944004317e-02 3.607525103648939524e+00
2.081936010640859980e+00 2.927398839620300453e-01 3.381628058625179900e+00
2.381139645181289843e+00 8.948173630756012242e-02 3.601035209064029630e+00
2.190973084383980307e+00 2.072941261736100382e-01 3.482578430486619858e+00
2.358992509652849900e+00 -9.624490359279985752e-02 3.711103272182549873e+00
2.527795164627590019e+00 1.403236178507901166e-01 3.536520655517049860e+00
2.157618260339650096e+00 -2.032529352449963245e-03 3.790694195491150165e+00
2.173728640426849879e+00 4.725409968172006314e-02 3.782408678369030497e+00
2.454877046907879556e+00 1.142395435423300687e-01 3.536277391530000092e+00
2.406975248107309895e+00 -1.336617601141799061e-01 3.599113259219290040e+00
2.438121538274719668e+00 -5.391574769302992509e-02 3.556629884431799837e+00
2.396663123372909876e+00 5.244466180010998180e-02 3.574310417224850323e+00
2.388241712341390155e+00 5.373955783068007364e-02 3.601920089270410408e+00
2.455565736065270066e+00 1.328829196581200467e-01 3.543292298517249694e+00
2.575980258622990071e+00 -7.372611435369996746e-02 3.501550870864889919e+00
2.062044656988349711e+00 3.191828568951800560e-01 3.316186229840969890e+00
2.411398608726589732e+00 -1.334548068136300336e-01 3.596914160206769573e+00
2.197077958401750131e+00 2.950925799227301360e-01 3.399299785274970453e+00
2.193085245620320034e+00 2.109157430883999429e-01 3.460840366157920123e+00
2.329142708145300222e+00 5.627486960640998293e-02 3.740442345369940025e+00
2.602206935334550053e+00 3.313054009452301440e-01 3.604928212149770328e+00
2.348652387748679793e+00 -1.498603234411698959e-01 3.689803730456799880e+00
2.182837779919629906e+00 2.991592490758400724e-01 3.475113404928490191e+00
2.454403815789329979e+00 4.206598592667399328e-01 3.334112252801189946e+00
2.145412898926239986e+00 3.412596320521005255e-02 3.802956883236279673e+00
2.341066683977369944e+00 6.424155205349013631e-02 3.660871583082630387e+00
2.060970147194860047e+00 3.227965202480999607e-01 3.318458740257459905e+00
2.347957366686050040e+00 2.430434733142499693e-01 3.617426251783550040e+00
2.371105151294039981e+00 -7.319058690352003849e-02 3.626217214753159723e+00
2.347543453475939845e+00 1.262859365910700138e-01 3.673148122725619746e+00
2.445967037180089676e+00 4.054997899822800345e-01 3.327419619519309979e+00
2.389771523981919721e+00 1.561222089929600876e-01 3.547157724227360198e+00
2.379982193386540157e+00 1.228600348032599654e-01 3.601324121887379714e+00
2.378595650471449829e+00 1.281901817541800659e-01 3.592262937231870179e+00
2.428385863650149634e+00 8.629597377544007131e-02 3.558472757925809749e+00
2.467481094463339630e+00 1.325346759468500335e-01 3.538141937494140077e+00
2.426563783338839819e+00 4.049490674918000965e-01 3.364137812140840289e+00
2.403832280661699627e+00 9.403873936105006104e-02 3.595134123041699770e+00
2.425724354387809534e+00 1.262608948298400424e-01 3.586460632012069993e+00
2.409981938034869930e+00 7.917109506420011433e-02 3.573719451983170092e+00
2.444028280244859630e+00 4.577959822614399710e-01 3.273475157327220053e+00
2.441204854687530013e+00 4.033914225300416767e-04 3.567678886805749627e+00
2.496972368662859765e+00 8.054368232348002588e-02 3.533309718978180136e+00
2.491624320126769820e+00 9.624768075119005672e-02 3.529866942052029888e+00
2.426899070468659936e+00 2.039865606928009667e-02 3.580450665962779500e+00
2.529839894677070156e+00 1.281524271754600486e-01 3.531915294698010133e+00
2.247671259667559873e+00 1.180096419165900801e-01 3.772334046445119604e+00
2.334616079922089860e+00 6.133589491821994644e-02 3.744039967606669794e+00
2.437547075911189687e+00 -1.073392493773698830e-01 3.544976746567209958e+00
2.271414435470089810e+00 2.706510455524700487e-01 3.307374139091270315e+00
2.794678348952089664e+00 2.256574057522992005e-02 3.558656179722709645e+00
2.571811249995640036e+00 3.121495027435101099e-01 3.612407978144080101e+00
2.624419810794549779e+00 2.696507977968701231e-01 3.626226861208329932e+00
2.333591368832200086e+00 5.012317850206500225e-01 3.132100082767600213e+00
2.045984405360480096e+00 3.206158390197701435e-01 3.279411072669560223e+00
2.729236332530619702e+00 3.305062422421399249e-01 3.684995435789379936e+00
2.468406347716120219e+00 -6.747051175050006178e-02 3.525569871887319628e+00
2.461982644463040160e+00 4.610703556591501662e-01 3.292317251530440192e+00
2.465802135293960085e+00 4.125754387918099675e-01 3.361259614817999619e+00
2.488001871907770113e+00 5.393881098655012307e-02 3.523667824854870290e+00
2.409091135763089753e+00 8.941730568035016757e-02 3.563249005782589851e+00
2.435156929767409828e+00 4.275437854835800189e-01 3.298958438849830088e+00
2.381979756781329893e+00 -3.642404018858996784e-02 3.653427844146670100e+00
2.395830162941110064e+00 9.527652359304999985e-02 3.587016697454009861e+00
2.432272919481099915e+00 1.156893944481001135e-01 3.542249141822099823e+00
2.498711016448500022e+00 -1.516884873568297709e-01 3.540783510863379835e+00
2.159710293357459676e+00 2.601430293845301001e-01 3.413536490966580406e+00
2.175837735792959915e+00 3.013478815001000011e-01 3.419138036992559915e+00
2.564547967854559740e+00 3.569965184132800062e-01 3.538293223890080164e+00
2.260116577646199776e+00 3.806036699314600535e-01 3.311414830183640134e+00
2.249618112032130135e+00 1.110982193451499622e-01 3.760771871727629723e+00
2.030893282649319787e+00 2.781942254918499668e-01 3.316687324419920202e+00
2.753099968133490005e+00 1.979188757592101333e-01 3.624522082947630341e+00
2.437092022824340010e+00 8.388571699070002108e-02 3.544755150176139846e+00
2.392043341945639945e+00 -2.982991226799003304e-02 3.598607353867279812e+00
2.497515092866049891e+00 -4.375137262307987607e-02 3.514395052080230286e+00
2.383133954918160047e+00 4.065888680725004978e-02 3.540019755070759722e+00
2.522386900849490132e+00 1.233378439232201140e-01 3.539987778948070041e+00
2.386644924874099960e+00 -7.209458209464986167e-02 3.638203949076100230e+00
2.196708456543519983e+00 2.910799945471301275e-01 3.407055154682039788e+00
2.441536657065380034e+00 4.185946882010301295e-01 3.345607128919699580e+00
2.566956573521159690e+00 -6.475597799415994116e-02 3.527166214197720251e+00
2.366825274185849981e+00 -1.127714611503899955e-01 3.651935264248390212e+00
2.344436269752800062e+00 -1.519824049583599623e-01 3.689244707804159695e+00
2.444657584109390047e+00 4.121007787499400554e-01 3.336373229055450196e+00
2.341109714336999659e+00 -1.506917680942599369e-01 3.676889433114760131e+00
2.459267800136800020e+00 4.203071924718299601e-01 3.381630740429319992e+00
2.451120802967349910e+00 4.125175888960900816e-01 3.377060486468409728e+00
2.401285038254859838e+00 4.927079883451002118e-02 3.581265606736300011e+00
2.389937082882979791e+00 6.058223641259008474e-02 3.583484180023539523e+00
2.145597421540609950e+00 2.560587599610601450e-01 3.413686171850550011e+00
2.325797504428159801e+00 2.362050346147500091e-01 3.614617617932359916e+00
2.298711127301400037e+00 2.073497426800099963e-01 3.662174236025440344e+00
2.339714781205459726e+00 9.788164292938006383e-02 3.690616195567980373e+00
2.340660352819579959e+00 1.040031441954101243e-01 3.696687648467820164e+00
2.148048525247709950e+00 -8.139425641989994631e-03 3.799386496889649578e+00
2.414931414728320291e+00 3.810444215906005905e-02 3.597531832954159903e+00
2.439641904786309823e+00 4.153625856505900882e-01 3.334348741132569849e+00
2.151855732273780131e+00 2.359156990434801426e-01 3.423935421192700446e+00
2.577606413594349721e+00 -9.325701797631996692e-02 3.516877039749769729e+00
2.377920544477210019e+00 1.414122997402600945e-01 3.651818426983550303e+00
2.343187255086099707e+00 2.012259041921900526e-01 3.603263073993860033e+00
2.031060545553660113e+00 2.785315466261500394e-01 3.320015235196059677e+00
2.047785020403960043e+00 3.194856316137800190e-01 3.279222569165080259e+00
2.272257678613749832e+00 7.538436239162010777e-02 3.756062054550930007e+00
2.280314853178509793e+00 1.206019563979900955e-01 3.781178812186769989e+00
2.026470881564450099e+00 2.877495135417201255e-01 3.338288036207429421e+00
2.745133186717969576e+00 2.283583616567000374e-01 3.639725118977669815e+00
2.027573502688039930e+00 3.266382148435401089e-01 3.254844821778600128e+00
2.446754766192609676e+00 4.606589310988198904e-01 3.279697423573590065e+00
2.349661021559729779e+00 -1.709298475405698903e-01 3.641724044231550383e+00
2.430486750476629876e+00 4.000473906446900263e-01 3.374002274655290012e+00
2.438400321634929924e+00 3.803988072737701231e-01 3.283890705201709892e+00
2.213518394627469910e+00 2.357563888495400328e-01 3.499812475578330417e+00
2.046200628023640000e+00 3.160676053691001131e-01 3.284672834193240298e+00
2.466730583873879556e+00 4.751111172912499403e-01 3.271115329646080205e+00
2.446110389501479965e+00 -5.860506868360987331e-02 3.526080940228639715e+00
2.440912442033549734e+00 4.108409140675700066e-01 3.340225892696929932e+00
1.954589919827109945e+00 2.273801065766100638e-01 3.375338204553450350e+00
2.318554980595580073e+00 1.820633181679501278e-01 3.645188955414779830e+00
2.340376365681680060e+00 8.807131138193002862e-02 3.695391363091399928e+00
2.805036220883830200e+00 3.864694478149016676e-02 3.606207356120090246e+00
2.008918957103400071e+00 2.605628981640100705e-01 3.353554062957840198e+00
2.445076534305480109e+00 2.544641193690801440e-01 3.592248963233400261e+00
2.343416512193960077e+00 3.038702892527100352e-01 3.333178536791199686e+00
2.293220055587020134e+00 7.993755023841009333e-02 3.745751730449660144e+00
2.303251264052439851e+00 7.486176516396997327e-02 3.766405416771520187e+00
2.299094317343989946e+00 7.386102059072013892e-02 3.738661275838370379e+00
2.215297119677499982e+00 2.506442862363600921e-01 3.559606395845140270e+00
2.243828876097069713e+00 6.857816691194001946e-02 3.756149868294329952e+00
2.231275498833130033e+00 8.250008528799995799e-02 3.763178530376830366e+00
2.026495737088079618e+00 3.337327017171501375e-01 3.226699200529079992e+00
2.605344930311099816e+00 3.933943843714900468e-01 3.436596647706859908e+00
2.378702218866159956e+00 -1.644082227321898571e-01 3.587040911140999544e+00
2.322993421075409959e+00 4.264254643777010134e-02 3.772023452570189672e+00
2.018057222421710151e+00 3.588087727053901888e-01 3.237505827233969846e+00
2.848062563414189619e+00 5.204848160888003727e-02 3.643916917484810281e+00
2.121459620963859649e+00 2.144401806170599945e-01 3.463041426246699750e+00
2.727618501891769576e+00 2.213949763503200718e-01 3.622210567768749723e+00
2.349174563344119893e+00 5.278339702169998482e-02 3.712161022440919833e+00
2.699240036099319617e+00 1.898445294820500506e-01 3.663750240549920267e+00
2.253079214438849842e+00 3.156969378594700060e-01 3.336857713334030251e+00
2.141345314495939789e+00 2.589635427733100737e-01 3.436779784908180702e+00
2.184303087280220268e+00 2.910572845627401040e-01 3.446670077302979696e+00
2.420818761162450095e+00 1.223849089010000113e-01 3.581615267088150478e+00
2.406938788660120121e+00 1.222920114773300981e-01 3.572838641775040180e+00
2.395156193957469704e+00 1.499554020560500689e-01 3.573461865589969477e+00
2.388882922735009906e+00 1.549954345917599619e-01 3.593843068469349422e+00
2.190918481796409800e+00 -3.673647584328987303e-02 3.792992989600150189e+00
2.359521479819770118e+00 1.192753008513801616e-01 3.588538815322590558e+00
2.484572351940409707e+00 1.522438935882199917e-01 3.534390183848189704e+00
2.328029803775849782e+00 2.035708382191401822e-01 3.612194296403310023e+00
2.377720989091359538e+00 1.560655584063699863e-01 3.617638096543639659e+00
2.356366779147289758e+00 2.227443533972600087e-01 3.570774367550429762e+00
2.353329239224720038e+00 -9.603219022015979656e-02 3.701650141976879915e+00
2.452913099687129783e+00 1.404883919192800867e-01 3.539352649582350629e+00
2.341038120391599975e+00 3.014640101862800514e-01 3.389671457137520605e+00
2.371218701480419799e+00 1.219575306545301330e-01 3.614124263287139538e+00
2.556129961651719906e+00 1.483947298387400249e-01 3.656475935012680090e+00
2.399702669646200270e+00 3.956092305879010951e-02 3.592983540034960122e+00
2.398927393426180110e+00 3.698836299141011752e-02 3.619748425279620374e+00
2.309828184242240123e+00 3.110570357109099793e-01 3.267996220470280377e+00
2.150174946437020118e+00 2.335235217583701561e-01 3.416404097548299656e+00
2.442489098305529627e+00 9.253263362924002422e-02 3.559581544803790187e+00
2.376148282739300122e+00 3.480162011714005299e-02 3.601692631431260061e+00
2.269377183847139712e+00 2.957378639463700831e-01 3.336212573758819744e+00
2.429051216826660031e+00 1.066626844283001252e-01 3.575399887052860048e+00
2.462017484306839865e+00 1.097763745188601869e-01 3.533744235565080327e+00
2.186271566880239714e+00 3.133714962232200807e-01 3.407141154011519735e+00
2.357011694603559970e+00 -1.023367701758700066e-01 3.659968070056879963e+00
2.434534112660259986e+00 1.320303936759700258e-01 3.541772570389539521e+00
2.017732269588230043e+00 3.569586065626400573e-01 3.233586866844690100e+00
2.371158142331709850e+00 6.557338206529000901e-02 3.585574040253969752e+00
2.531237523090569930e+00 1.000469011422900900e-01 3.529156108556629867e+00
2.379445126798279908e+00 1.076200922490101464e-01 3.586663569639119586e+00
2.287583451161949721e+00 3.042409567178501750e-01 3.284891793235250379e+00
1.947180243273550104e+00 2.196643905624600657e-01 3.369891145877690342e+00
2.372997111031620143e+00 8.868704249222009173e-02 3.607509208167900105e+00
2.396065839300609568e+00 1.446123648111999893e-01 3.579997853626309734e+00
2.576807591130350072e+00 9.061791135784003082e-02 3.551991263921610464e+00
2.404804597849329983e+00 1.594727633671000344e-01 3.560739965326629619e+00
1.948032677686720060e+00 2.216427943456301120e-01 3.364595371487240083e+00
2.137706112573189987e+00 2.559713236172101447e-01 3.438295655173929877e+00
2.042277273281409844e+00 2.701395952817600699e-01 3.155125686663749818e+00
2.358884134292599910e+00 -9.515211454327981988e-02 3.599956358375079990e+00
2.473970924671019755e+00 4.318913637686700446e-01 3.356122809345100322e+00
2.426273256840029813e+00 3.945947566421399988e-01 3.361253284522089935e+00
2.201618215592179961e+00 2.358397623034201307e-01 3.473671689092460380e+00
2.384867565317519755e+00 -7.199246852410995379e-02 3.636281824448679867e+00
2.384568629066849965e+00 5.019151350811001944e-02 3.579362936510189996e+00
2.534420706345769769e+00 1.271593111664200970e-01 3.541409336202349767e+00
2.520864996792479662e+00 1.158360020324901152e-01 3.533154134168440041e+00
2.386720679061439920e+00 1.385644182964000382e-01 3.611724090029440060e+00
2.317331488842489851e+00 1.819154441757800389e-01 3.630278463950110002e+00
2.385001064148529970e+00 1.478658251405300383e-01 3.631875182671949975e+00
2.377544273953020149e+00 1.363516456330801097e-01 3.600410015531540164e+00
2.362928994536809935e+00 1.181165242671400883e-01 3.743459499807470170e+00
2.346056945261149718e+00 1.103510226202000233e-01 3.674853825201849666e+00
2.576665370902529784e+00 8.927966673295001376e-02 3.546897092806829743e+00
2.446319655471769661e+00 -1.505111030016998419e-01 3.575722887658269844e+00
2.327417822858429908e+00 1.937246857526200849e-01 3.605316065128009839e+00
2.037383299178039842e+00 3.315395311439401360e-01 3.268217968843799781e+00
2.324969926534089737e+00 1.941072454987800566e-01 3.606349172091309896e+00
2.339985238622710018e+00 1.049694487553501365e-01 3.690910142566409924e+00
2.089667129613990149e+00 2.595766922105600671e-01 3.471244017223729550e+00
2.174135238831579997e+00 3.263076540675008408e-02 3.762154774853980310e+00
2.079415996324289750e+00 2.267847980448700063e-01 3.498683698759470051e+00
2.338506860596969883e+00 1.536024649978700585e-01 3.674847626422149904e+00
2.265370505904579890e+00 7.729293775443013548e-02 3.751306741182100168e+00
2.125427430917230076e+00 6.796262430697003198e-02 3.830084949747809553e+00
2.150017516800129869e+00 2.630913207039899393e-01 3.424123789935789919e+00
2.265015040055069928e+00 1.160805762420800136e-01 3.774333245403290515e+00
2.572357009673829964e+00 3.935453951687200580e-01 3.476449557164210002e+00
2.408203643985209919e+00 4.244560426152700905e-01 3.230861180131990196e+00
2.622443398367179768e+00 -1.711137193394002276e-02 3.579885580941620127e+00
2.777747332858789608e+00 8.112125620457005803e-02 3.645572275602570134e+00
2.146245838528509697e+00 2.276523383403600831e-01 3.456909321271450342e+00
2.077883453192349794e+00 2.321029914001700445e-01 3.502190530158129533e+00
2.339472310398860166e+00 3.273707809661202117e-01 3.294705879595140274e+00
2.443508698827939973e+00 3.956670375946200191e-01 3.305736634305019628e+00
2.440205269353959761e+00 3.960937036548899948e-01 3.367081824176719529e+00
2.443915599080729972e+00 3.937997335233301421e-01 3.325034269684549848e+00
2.440948314180349854e+00 3.978980219370800708e-01 3.368812090142170312e+00
2.428843757614399745e+00 3.798692854154600007e-01 3.337783104075439766e+00
2.352459176360460091e+00 -8.283441852103007319e-02 3.647425143138939507e+00
2.228635308909800106e+00 2.460392759289601883e-01 3.549634440966840110e+00
2.206832643705300079e+00 -8.599866515331988648e-02 3.744465201310620106e+00
2.356749915788820093e+00 -1.070167622658699247e-01 3.704415719477939906e+00
2.368134368835180137e+00 4.403969978963012677e-02 3.615308519228299655e+00
2.437363909482939572e+00 1.131319675922800028e-01 3.521438962603859579e+00
2.406647992937649860e+00 3.724479590236599580e-01 3.292832010247590091e+00
2.446502878694949867e+00 4.047657357298200531e-01 3.341734525816129953e+00
2.384623797827480018e+00 4.226295080868014420e-02 3.593242912069800177e+00
2.465021607027949813e+00 1.271598499013599781e-01 3.533136152630089732e+00
2.309462474471359883e+00 2.456777447849400331e-01 3.581735882850320074e+00
2.152108435361079763e+00 3.017804086903003169e-02 3.798422920878799847e+00
2.355721662926840043e+00 1.493537571710400469e-01 3.681387280359400105e+00
2.265667404137899688e+00 7.853213659445001937e-02 3.756221805339900133e+00
2.343471986536910023e+00 1.475546905730200087e-01 3.679607022005690009e+00
2.254782073547230148e+00 1.271947100990500346e-01 3.771561329910130045e+00
2.756150142315670237e+00 9.116978758507005010e-02 3.612453751610249508e+00
2.665479777786599946e+00 1.753987199868101698e-01 3.691379735325840183e+00
2.652025657887210119e+00 2.856271522866201118e-01 3.685089041896589812e+00
3.322293442112589368e+00 1.294575515934780041e+00 3.902371899889210294e+00
2.378485953877810033e+00 1.271785668619800913e-01 3.595631815952229804e+00
2.539114087646259676e+00 9.183415013309009778e-02 3.540646932840019634e+00
2.347341295224810054e+00 2.122271376394300746e-01 3.589299976526629798e+00
2.363191532964719954e+00 2.255402469043100155e-01 3.578596515954360235e+00
2.308579502326949751e+00 2.563617830414999799e-01 3.612994819878849739e+00
2.347367677727279833e+00 1.362687166485601065e-01 3.677791874938320049e+00
2.374551804974669889e+00 1.592668598734200969e-01 3.568719556723450204e+00
2.333742595003200027e+00 1.618820969235900686e-01 3.706611696003560219e+00
2.131606418291870142e+00 5.049328702593003371e-02 3.856279352634290003e+00
2.585936836655780002e+00 3.632790488585000976e-01 3.518632558287580370e+00
2.298970149739379742e+00 2.727344076258300665e-01 3.340656109684100095e+00
2.170528809645530188e+00 9.252500915341999033e-02 3.817928074737309885e+00
2.335244082353159722e+00 5.852971563535003252e-02 3.749310844293760159e+00
2.693678180066099603e+00 1.882897839655500172e-01 3.741132668392099792e+00
2.368789455134489685e+00 -1.098929210168698156e-01 3.661873723102309519e+00
2.396262137362360267e+00 5.081670449002007039e-02 3.569883121561239658e+00
2.488012089991280096e+00 9.574494146046003129e-02 3.523240468053919550e+00
2.387240908304160136e+00 1.065445696773301143e-01 3.588295090305880120e+00
2.781099778443949955e+00 2.083270387249600009e-01 3.684178031737289860e+00
2.524868406511969976e+00 2.578808858716100105e-01 3.578136192776510072e+00
2.482393235202349668e+00 -8.888158567959997258e-02 3.499988588874249906e+00
2.441176119422639790e+00 3.946838670657500381e-01 3.375328567611640018e+00
5.008594693346169358e+00 1.630020162827759744e+00 4.405032475590509478e+00
4.741874848880569537e+00 1.559464350736429861e+00 4.150992523766390718e+00
2.437124402429849734e+00 2.182861464482100389e-01 3.575941377568390145e+00
4.937733058391789775e+00 1.587906484383150296e+00 4.356913586198289501e+00
2.055847877475899921e+00 3.166489416632500276e-01 3.315205568886699705e+00
4.581980257284770097e+00 1.602119910419030235e+00 3.897067008200590266e+00
2.153036169332089855e+00 1.073853081191999959e-02 3.788153559647470026e+00
4.699774850862159958e+00 1.579218381800439941e+00 4.073172591906319973e+00
5.107682488765359352e+00 1.192098177411780258e+00 4.968538938666879901e+00
2.231552607099870134e+00 -9.350426782428983286e-02 3.773079003768609940e+00
2.738683500497749890e+00 1.957936676133001375e-01 3.615318739441649942e+00
2.465750383311929639e+00 4.591816316377400065e-01 3.286331721622589797e+00
2.660856021345079814e+00 2.905646300731801746e-01 3.635707397257399887e+00
2.369158187778659830e+00 1.472380056879299959e-01 3.624420648120580069e+00
