1.898513949602260054e+00 -1.393785167086997179e-02 3.912443322597350281e+00
1.843101053219420082e+00 -6.067249292001997141e-02 3.909246740230799766e+00
1.918368140262239896e+00 -1.704324894406799573e-01 3.877441583791620516e+00
1.823606599160260133e+00 -2.876961605597299076e-01 3.903020450565169774e+00
1.573148517901979959e+00 -1.551430701936299394e-01 4.089024567777089558e+00
1.617090778926919992e+00 -1.205380760009799324e-01 4.076551372041399723e+00
1.807758414037479833e+00 -1.089966384479900685e-01 3.946211076053789846e+00
1.352627506614380026e+00 -1.794813092599000237e-01 4.127009359105639597e+00
1.748557655400639899e+00 -3.098300100727990891e-02 3.983088894425319992e+00
1.744882270022420023e+00 -2.295593467990600378e-01 4.032864536795879751e+00
1.790236326688299906e+00 -4.926662010971005756e-02 3.934966039898889711e+00
1.631912663278940023e+00 -1.418224928303500332e-01 4.071915447816209621e+00
1.306895159618239877e+00 -6.261676527459958397e-03 3.631781289660439782e+00
1.613358356636779956e+00 -2.941840970945800438e-01 4.042806718869580429e+00
1.586136858939840133e+00 -3.212452936133098902e-01 4.099137333162369501e+00
1.800469337426260141e+00 4.739197635847003376e-02 3.900914097993809726e+00
1.745334788912219937e+00 -1.562320530653993345e-02 3.958811319012239593e+00
1.978130726142740103e+00 -1.364199414720999592e-01 3.930185797542280035e+00
1.815249344292120037e+00 -1.667127775192799310e-01 3.931041399249480151e+00
1.793313554355860040e+00 -2.801736331089998977e-02 3.921808700803619985e+00
2.187479157703320354e+00 1.958798492010005443e-02 4.095060927045819810e+00
1.347225627421340111e+00 -1.853214110005599879e-01 4.132067280968239942e+00
1.923635919478039913e+00 -1.870547111345199909e-01 3.876067209373020184e+00
1.849963966750020061e+00 -1.230538637476200070e-01 3.901061799324379464e+00
1.602701700960980080e+00 -2.456508594291399450e-01 4.064082606436260292e+00
1.557702201911099982e+00 -1.945200406048500086e-01 4.073749030073429367e+00
2.152691987347419733e+00 7.701702833469936671e-03 4.038042898696669880e+00
1.935433098966080179e+00 -9.962753482428998719e-02 3.881727585845389683e+00
1.567817704881099949e+00 -1.159100024670499662e-01 4.112385087757529867e+00
1.135855817551420177e+00 -7.069508282362996221e-02 3.763299381767150287e+00
1.526080348600640013e+00 -1.421598898779999343e-01 4.141739314552959961e+00
1.546388589347419851e+00 -1.633516831409199677e-01 4.089116306011919555e+00
1.113471311174579981e+00 -9.412120908557997101e-02 3.806416295265999672e+00
1.801904789734679824e+00 -2.116085049619800262e-01 3.924184600100459441e+00
1.676423269891279988e+00 -1.352834042597200193e-01 4.065403435208160055e+00
1.698364788939120018e+00 -1.654482109081799601e-01 4.044694664055019651e+00
1.748022625599900071e+00 -3.219848822795998711e-01 4.026331963810539705e+00
1.202017401675560038e+00 -1.520504931037899299e-01 3.963662247720430187e+00
1.932252740973859906e+00 -1.488389911189299530e-01 3.877396021389129643e+00
1.897608457305520080e+00 -1.105006251942499684e-01 3.878140861266289541e+00
1.935126095441859873e+00 -9.869021455951992872e-02 3.883304922903019651e+00
1.603657550620140260e+00 -2.383262357336100035e-01 4.056587889984289319e+00
2.093237390992199742e+00 1.829546553743999215e-02 3.969639952274000017e+00
1.244694601692919900e+00 -1.253893280968299551e-01 3.970263449297649849e+00
1.577252521873000024e+00 -1.140661468306699566e-01 4.125494480908690420e+00
1.848058668691840101e+00 -1.558972321245799542e-01 3.911170776115960201e+00
1.329908230243559863e+00 -7.629747575732992448e-02 3.793740684615669601e+00
1.617437800197019993e+00 -2.950870207627598885e-01 4.056293141391079438e+00
1.356277995905740053e+00 -1.886864615171299220e-01 4.132851839817670125e+00
1.812701579761619941e+00 -6.996799752938998029e-02 3.959067820835789675e+00
1.579533323195319916e+00 -1.877714656601000009e-01 4.077998203000400501e+00
1.197791287536380089e+00 -2.451624820549003214e-02 3.640122821067449443e+00
1.593497759708740080e+00 -2.500618540805299439e-01 4.047376569225809462e+00
1.203584291632320058e+00 -1.492830792876299328e-01 3.959448850438270107e+00
1.574186736813260046e+00 -3.024862999579600586e-01 4.054142583098999886e+00
1.670703394198139957e+00 -1.754727233409599241e-01 4.090164783466099685e+00
1.888912005032419961e+00 -2.726481235491700073e-01 3.865626011264529538e+00
1.832434726868080066e+00 -1.402007298113599476e-01 3.920919583506539574e+00
1.842602853060339996e+00 -1.070391033116899759e-01 3.911651021886629387e+00
1.772405992575279976e+00 -1.020076399593800032e-01 3.993528664156659858e+00
1.600481010817599969e+00 -2.989990673461999648e-01 4.048613625468759913e+00
1.594688629556860082e+00 -2.472261042739999359e-01 4.051428004874240152e+00
1.934603208423659959e+00 -1.891314454708198922e-01 3.878235054122299630e+00
1.313570571188920066e+00 -6.401285830282998912e-02 3.778685701539949982e+00
1.254274092749400049e+00 -2.416185945864299800e-01 4.002986318922330256e+00
1.820596235346099823e+00 -1.253822833735099840e-01 3.915480883968189829e+00
1.552406962048299865e+00 -2.001321075256999316e-01 4.084336065414159833e+00
1.742497155576520074e+00 -3.377285134730299010e-01 4.023536048917749852e+00
1.881174873268160130e+00 -1.059482584002700012e-01 3.872609036485009426e+00
1.747595131631919818e+00 -3.222607919578699409e-01 4.027492359295049340e+00
1.667065737961620053e+00 -1.647525222033900394e-01 4.078603921137410104e+00
1.754163271101140120e+00 -2.349678716272299295e-01 4.053050088148349772e+00
1.625801414179859794e+00 5.780220668481006463e-02 3.733943460801829595e+00
1.842080716552199959e+00 -1.558828387939199533e-01 3.906880101047620180e+00
1.673910204517180089e+00 -1.678734638484499220e-01 4.090089359456990259e+00
1.922076775789899994e+00 -1.920209957469199979e-01 3.867846679297899826e+00
1.183729562515700051e+00 -6.669992107305999784e-02 3.729043538340919284e+00
1.263203841198380140e+00 -6.766646940966991597e-02 3.736224900124669901e+00
1.873579137126599958e+00 -1.229312663651999649e-01 3.879623948013319890e+00
1.293159749374120038e+00 -1.011702335980698975e-01 3.828800543123069389e+00
1.805520242650739959e+00 -2.611944843118499948e-01 3.926759974661909958e+00
1.788596027747100026e+00 -3.022497633529498406e-01 3.964328184313970382e+00
1.727339205571360115e+00 -3.735212396234900423e-01 3.994585722682310269e+00
1.738611577688740084e+00 -1.309796012290992406e-02 3.981323512576850021e+00
1.789719136620059992e+00 -2.552547022928991494e-02 3.929172514144750217e+00
1.281497398598060000e+00 -1.257173660010996175e-02 3.661160796494369762e+00
1.709422125490980049e+00 -1.448667045746100390e-01 4.082431315758029200e+00
1.310459636756399870e+00 -9.829573395428992111e-02 3.798748832810430187e+00
1.271918556622559926e+00 -6.074455144772999970e-02 3.737682375488510012e+00
1.723396626813580079e+00 -1.795787457992299996e-01 4.090124205741549446e+00
1.295797649900680026e+00 -1.032687538374799652e-01 3.828211718195479563e+00
1.204040543030699961e+00 -4.976835787643996145e-02 3.687018712646739971e+00
1.088192640914219966e+00 -4.106015663654993819e-02 3.671533434585770195e+00
1.280214892430939999e+00 -8.689058547329930882e-03 3.664036598541230205e+00
1.157255273136220008e+00 -1.241058319318399383e-01 3.939151121215820339e+00
1.096191498114099883e+00 -6.677413665655995700e-02 3.788642184044759276e+00
1.243736266443439931e+00 -6.238688432271988216e-02 3.716622419173980063e+00
1.309933970089659949e+00 -6.233634447520997046e-02 3.771867613306890021e+00
1.132592357963599916e+00 -3.515575134652004774e-02 3.656945585834559864e+00
1.201950146414159981e+00 6.479084163210024894e-03 3.603536753837649265e+00
1.199471066999440172e+00 -4.023556764316998935e-02 3.772087283414969683e+00
1.147087954536759824e+00 -3.220177427062997921e-02 3.641675827839550017e+00
1.312746181288860114e+00 -4.487202395174993974e-02 3.719333939259890087e+00
1.183855811184419959e+00 -8.002304506739998935e-03 3.655200262942620348e+00
1.201559578508440085e+00 -6.727751496832989897e-02 3.734106279183449395e+00
1.233125033191480036e+00 5.876659400829997715e-02 3.596105660707039853e+00
1.132762173671200134e+00 -3.832537630519994298e-02 3.689576616992460423e+00
1.339066757130739971e+00 -9.856633107282999906e-02 3.868092796530070210e+00
1.154461437181060202e+00 -1.413329530461499561e-01 3.935028189308169999e+00
1.155892563030920028e+00 -1.256588253633700025e-01 3.928674920043309982e+00
1.170029320477000034e+00 -1.329127374727399891e-01 3.936757332727339964e+00
1.159221940612820134e+00 -1.298999706354099504e-01 3.924019507274629781e+00
1.150881904299239977e+00 -1.450519177631999501e-01 3.938827265120659504e+00
1.131826339561500028e+00 -1.450086561751799397e-01 3.964769206879779517e+00
1.142051141283820126e+00 -1.572415879852999687e-01 3.969049457552680238e+00
1.743516608941159785e+00 -3.211709524719098541e-01 4.021931984713329911e+00
1.804402422520819949e+00 -1.079883167390499610e-01 3.942267626765789679e+00
1.836820516037799944e+00 -8.912344833835994518e-02 3.912461292069139951e+00
1.787143713508460019e+00 -3.018945106237600484e-01 3.962176771638840300e+00
1.822282231646199957e+00 -9.377036244928993458e-02 3.942419732435070046e+00
1.768174598160179967e+00 -7.198535248268994602e-02 3.998393593445209504e+00
1.674813759683019931e+00 -1.370415864889099056e-01 4.062186286031289839e+00
1.525164847394780088e+00 -1.262491992323500067e-01 4.120202275882870246e+00
1.273626686111960060e+00 -2.531476659624987136e-02 3.655402076841470560e+00
1.143838311001440289e+00 -3.686432633054997909e-02 3.638903353000849883e+00
1.258827906410540098e+00 -9.250028021355999330e-02 3.806810194338159370e+00
1.146744140111399801e+00 -3.078827921663995770e-02 3.639196346374600211e+00
1.215643263030339982e+00 -5.748328985327000318e-02 3.705453576969089724e+00
1.148014179740399987e+00 -3.352771815905997155e-02 3.638565122041200084e+00
1.150951851442520102e+00 -4.036981927395993930e-02 3.661671412191600083e+00
1.580932951944759912e+00 -2.939315935301899385e-01 4.041264531731290077e+00
1.567859770525960039e+00 -2.999510658155000176e-01 4.033659821584580030e+00
1.783502976447560062e+00 -7.865299648182999537e-02 4.007211268436770446e+00
1.245230770178880064e+00 -7.551742750850998220e-02 3.734248902120070213e+00
1.191775885198020024e+00 -2.286994554498000820e-02 3.644951800882838988e+00
1.801195517850400218e+00 -2.624781309810500507e-01 3.916814516287729475e+00
1.179731859221899937e+00 -1.609113628346200142e-01 3.984360616026619617e+00
1.174818801877779872e+00 -1.605442503200599780e-01 3.986599113764399682e+00
1.708226459375259854e+00 2.582109826105005723e-02 3.856372122087609711e+00
1.217819634202800039e+00 -6.039568009367995982e-02 3.670518722016599789e+00
1.584000104968519951e+00 2.855502264178999550e-02 3.778611179868009984e+00
1.248327924473680017e+00 -6.456544944919995199e-02 3.726098705382000276e+00
1.137288827928040202e+00 -6.775349376733996731e-02 3.770529015436079767e+00
1.286146705563699921e+00 -6.619355184901998257e-02 3.733495253585240370e+00
1.134241985578599898e+00 -4.033262844958995785e-02 3.683108753683590031e+00
1.189473151174120114e+00 -7.539674972374998951e-02 3.731541399314269647e+00
1.372446920269899895e+00 -1.794983120693899314e-01 4.118363545489569510e+00
1.573798790087240107e+00 -1.109272300511200404e-01 4.111583010665340154e+00
1.199707256714980019e+00 -2.598323417464998286e-02 3.640088396842329210e+00
1.395949429450840107e+00 -2.173360880218999647e-01 4.125565373245179579e+00
1.205492407434340052e+00 -8.018811343901000033e-02 3.766756195739350055e+00
1.811924131456299936e+00 6.990423376741006223e-02 3.671569408525350298e+00
1.086171075710419931e+00 -1.200651743698299412e-01 3.895482510256869979e+00
1.079725075814999879e+00 -1.174999160590800007e-01 3.917270866936020113e+00
1.729296306193800037e+00 -2.182176806030399763e-01 3.880952946877940235e+00
1.188053628892000058e+00 -5.143040653045993782e-02 3.700842112470019707e+00
1.819430561794679990e+00 -7.154222251268993471e-02 3.898558131313690112e+00
1.164847482796520062e+00 -3.586750845517000519e-02 3.645264201356249956e+00
1.601106213832260039e+00 -2.971369824507600343e-01 4.040730720322420311e+00
1.123432556631660084e+00 -6.496721331338994876e-02 3.758280395543770247e+00
1.299216098901899930e+00 3.649994170698006579e-02 3.663658787731559840e+00
1.752301546817000011e+00 1.924359315077006638e-02 3.859562148749189348e+00
1.159687165832580025e+00 -2.776076533418997405e-02 3.625130432411370229e+00
1.354908864024040094e+00 -1.808709927665899664e-01 4.120192607627109815e+00
1.096216520321439791e+00 -6.794274115067000519e-02 3.785455731607109797e+00
1.084507567606240119e+00 -3.416272495129996090e-02 3.685784294541520012e+00
1.260237711067800026e+00 -5.577303548228995655e-02 3.720089227827489964e+00
1.309564939848979925e+00 -2.441120377917699313e-01 4.037608257352389707e+00
1.124258380397780144e+00 -4.297653019332992042e-02 3.646657292111110671e+00
1.129279958112739957e+00 -4.287521366808999534e-02 3.644495094063930019e+00
1.151850590800999941e+00 -3.957880044828998578e-02 3.661473797276909359e+00
1.155942703813179984e+00 -2.004575949872299812e-01 4.043654450184510196e+00
1.183124778826559975e+00 -2.986411570395899329e-01 4.030340270714590112e+00
1.203179778567559977e+00 -1.612033977836498932e-01 3.986403549801890378e+00
1.206457814960540054e+00 -1.616923515689799862e-01 3.981414836191839335e+00
1.091951695151020196e+00 -4.470240471511993663e-02 3.660681235594560157e+00
1.247995761972459761e+00 -2.379155818162399516e-01 3.989328523988879383e+00
1.280350269971380017e+00 -3.982767631786099383e-01 4.077281797597909652e+00
1.687107426644719910e+00 5.220468252842003221e-02 3.779683767989079790e+00
1.216003558113500027e+00 -7.976147255689003401e-02 3.704090458932469687e+00
1.134878225958019904e+00 -7.129732517817999327e-02 3.761923199212700020e+00
1.764348070208880070e+00 -3.608963881158899767e-01 3.975961055821970014e+00
1.124398158650380175e+00 -9.270531333020001763e-02 3.811510809117259591e+00
1.374013088418839956e+00 -3.315280683533999850e-01 4.068114424929699879e+00
1.380459782971259930e+00 -3.102858076606800353e-01 4.148263724360480076e+00
1.381548453011860023e+00 -3.070658659647799715e-01 4.077898351168439461e+00
1.370224320076500080e+00 -3.141040293714599252e-01 4.121251708121779878e+00
1.370926063257579930e+00 -2.982648013649000229e-01 4.084464970612420309e+00
1.358041267617879910e+00 -2.929567713053899403e-01 4.167311932764490301e+00
1.264908707535560062e+00 -6.518864417937997313e-02 3.742239781677179522e+00
1.113024674380119983e+00 -9.204319947794001311e-02 3.813207425569279607e+00
1.365159206133920167e+00 -2.795731781881599654e-01 4.087274929189979922e+00
1.584634078634680199e+00 -3.229933614653299756e-01 4.100021360684549698e+00
1.720507871883899975e+00 -1.640199344558699868e-01 4.093068176082350185e+00
1.720552410813440014e+00 -1.794064931523098316e-01 4.088521692329909918e+00
1.703098109678999883e+00 1.722472080549003470e-02 3.837377183473350328e+00
1.771331118544019922e+00 3.696961441137008864e-02 3.931849216632530286e+00
1.352610922200579990e+00 -2.389777076277199708e-01 4.098106097004199810e+00
1.582815266017880029e+00 -3.242090274382599668e-01 4.097708782521779725e+00
1.320770255586380060e+00 -1.816213156634800541e-01 4.130349479977939886e+00
1.795781229500460041e+00 -2.629554108218999930e-01 3.910669767657820373e+00
1.744300851464039903e+00 -2.921129010314993391e-02 3.963713460026148994e+00
1.791500662205759875e+00 -2.133654820306198352e-01 3.910451881535260021e+00
1.314519152896479914e+00 -1.967571002428099569e-01 4.157619757346809664e+00
1.310338166962980111e+00 -9.140212370330996761e-02 3.807163738003089826e+00
1.305412929388840126e+00 5.711070466007939217e-05 3.630192084883160142e+00
1.184605338619019843e+00 -6.954366064280992354e-02 3.725245276553009965e+00
1.614391332386740263e+00 -3.012418992944299045e-01 4.075481198018150231e+00
1.347236287349039996e+00 -2.351571034090499390e-01 4.090049570379810540e+00
