-2.393079033116496390e-01 -7.117132683046000219e-01 4.650823535241619844e+00
-2.181889097794598165e-01 -7.065490013930699753e-01 4.779455088097409821e+00
-5.106450310104997392e-01 -6.699508794349773311e-03 4.660236443730369160e+00
4.496784155937905147e-01 -5.208749481266199410e-01 4.616000766523000287e+00
6.790717896708500234e-01 -6.350714332499896031e-03 4.697654544966479939e+00
4.292478303193405509e-01 -6.214827034354699631e-01 4.544960107174569330e+00
8.799824912758602569e-01 -4.752817124527298764e-01 4.189119596793510425e+00
4.960339378270499644e-01 -7.246768836857998553e-01 4.516362035639660100e+00
6.831537989476199613e-01 -3.037144337230990310e-02 4.700318958864809993e+00
4.506524759397101398e-01 -5.153519803442299096e-01 4.616392917180710320e+00
3.505034679658800556e-01 -2.930703882801398708e-01 4.737972972101980318e+00
3.048315647127499695e-01 -6.534294860684999318e-01 4.631251116430560089e+00
-2.443752743007499006e-01 -7.082663443375000201e-01 4.649937079550399588e+00
-5.591211137786000762e-02 -6.757035738694698868e-01 4.649558749066370567e+00
8.418391879729500982e-01 -4.792460150465999158e-01 4.179955359252259584e+00
1.048000942454460294e+00 2.408452214392700075e-01 4.200621396257469442e+00
1.046118872141170275e+00 2.200015903628900205e-01 4.203094194859589905e+00
4.512572938120098520e-01 -6.568468637259798903e-01 4.567309513937200194e+00
-5.115006660278500483e-01 -1.438305363274994253e-02 4.665231148643830039e+00
-2.865976909841094766e-01 -7.284313946209698409e-01 4.692149338624050259e+00
2.497063179960905543e-01 -2.881353167227200807e-01 4.907217630346460524e+00
2.414988102250701374e-01 -3.915583277060097345e-03 4.888575216580839822e+00
-6.965693577013603033e-01 -6.895246813941200426e-01 4.486999346103639930e+00
2.986746625844500791e-01 -6.434984106251498970e-01 4.619825144343149503e+00
4.155076990696202621e-01 -8.637166702286099840e-01 4.226904502882069536e+00
6.922123809848403919e-01 -4.473745754343699255e-01 4.562011179286149520e+00
4.024238222220302141e-01 -6.406377996143899356e-01 4.619046591889830466e+00
3.813832640186203271e-01 -5.809248956525991936e-02 4.783784949651219698e+00
-4.797334084919295805e-01 -1.142440562458599818e-01 5.074399397477760587e+00
3.787778711106000173e-01 -6.352874338499980844e-02 4.778545586173400750e+00
5.116714381698206360e-01 -8.724422923317600720e-01 4.188775823131079434e+00
-1.847846824416192746e-01 -6.961038962121900431e-01 4.780815509874850378e+00
-6.976334581156891090e-01 -9.199373184526796754e-01 4.369079106036060089e+00
8.576826231518703825e-01 -5.609859688939098366e-01 4.123292288007869288e+00
-4.855713472269398423e-01 -1.101670705576798248e-01 5.073534447382200163e+00
-8.101059196551201325e-01 -5.064761899093396247e-01 4.236721708453339730e+00
9.369224448529200888e-01 2.360513932750403221e-01 3.970064054094759598e+00
-1.551260523093299426e+00 -7.829307369810012407e-02 3.264353539449500019e+00
-5.393500228315200040e-01 -7.136420293555399974e-01 4.681518696253379908e+00
-7.082168739224599108e-01 1.034246900884802089e-01 4.406150939101479480e+00
1.625943399506599718e-01 -6.843842845028798028e-01 4.689125158811000560e+00
9.396701534953701973e-01 2.373093362308400511e-01 3.967250703360739816e+00
2.474024799852596601e-01 -2.834200542639799814e-01 4.906409654629380057e+00
6.835371721096801245e-01 -2.752770015117897984e-01 3.594462355250089836e+00
9.361566479687701836e-01 2.357377013948902533e-01 3.973942071460749847e+00
5.864960311740698984e-01 -5.071243710200098453e-01 4.197725610408370223e+00
7.712042409631301165e-01 2.090947182788602809e-01 4.266124610425560348e+00
5.469882123676601537e-01 -3.990316070573299290e-01 3.744180953506549780e+00
4.661307647888004446e-01 -6.614860664672499446e-01 4.474243611834829437e+00
1.838146174178496572e-01 -7.311302624818999396e-01 4.562828694925760153e+00
-6.082691868175200689e-01 -6.600664160983898965e-01 4.565452380868329385e+00
-6.700528877159697139e-01 -8.007015468402398639e-01 4.618371019168780123e+00
-6.814361578916598994e-01 -7.925105282014699437e-01 4.613821386751130404e+00
5.867235448258001362e-01 -6.748545766253499778e-01 4.272257172921570145e+00
-1.833948222404195860e-01 -6.968057621808398938e-01 4.781936644556480154e+00
2.023368248096200084e-01 -6.421933682087099804e-01 4.556020498152729914e+00
6.297966825651903910e-01 -4.521297750068199450e-01 4.053048632153799957e+00
5.288660815019805561e-01 -7.762822905537898333e-01 4.191166410217570082e+00
4.764093917026102076e-01 -8.030034721267800268e-01 4.337895269067360005e+00
2.119881976200002072e-01 -6.543366852751999474e-01 4.656106394907240542e+00
1.503755835923703543e-01 -6.803569803922098203e-01 4.634803192862369414e+00
7.160698930296904852e-01 1.661021842073802102e-01 4.244090148215399871e+00
8.698844015131301788e-01 -4.896050710316399712e-01 4.198592506526619417e+00
6.813390051009799997e-01 -4.682946235018899395e-01 4.074045324369349963e+00
-2.622589334918101756e-01 -7.011410027943699719e-01 4.645887535680490288e+00
1.612206317617603801e-01 -5.920731196922298656e-01 4.513352843572969952e+00
8.253412000402500226e-01 -5.551638685859499045e-01 4.341659702631430306e+00
6.944596096179702638e-01 -4.828090008114599430e-01 4.552662494495320011e+00
8.242380027424902611e-01 2.419627918012801082e-01 4.034565417250900232e+00
-2.486784239559001186e-01 -6.603381041893499059e-01 4.754350808403650319e+00
-2.574479222045398252e-01 -6.591531085085798880e-01 4.749109966865019850e+00
2.493501771674901946e-01 -2.873824237014699357e-01 4.907064300158630488e+00
-1.673223351496697653e-01 -7.073916252242399283e-01 4.780450441360899916e+00
8.279426869219701501e-01 -5.540214922099599981e-01 4.339676709681619116e+00
-5.566267501858295219e-01 -7.135833234090099841e-01 4.679269172586890235e+00
4.980649855625802758e-01 -9.954877531670899282e-01 4.213115606185549922e+00
4.993207670772301654e-01 -9.968101627791398078e-01 4.217323649093920324e+00
-8.465373331515597677e-01 -4.901603566412198187e-01 4.223514946149579785e+00
4.293784674175697980e-01 -5.026357661370983720e-02 2.670209977496389886e+00
4.280674109100406355e-01 -4.692102525936991952e-02 2.662404337594109993e+00
1.052527185479479988e+00 1.976426704745102292e-01 4.223488372082309539e+00
-4.563913973566697813e-01 -7.668629517451899247e-01 4.846827786534389837e+00
2.044711727357304554e-01 -6.953844020203400200e-01 4.544433081230799587e+00
6.423840117895303070e-01 -4.773031821435899102e-01 4.086749814319030172e+00
1.403141075788298942e-01 2.111232350516012435e-02 4.989876757229819937e+00
5.134862978093499564e-01 -7.987069874307999306e-01 4.315616784489540336e+00
2.493535283205501329e-01 -2.885840555795498030e-01 4.905067245668030651e+00
4.853953109050399561e-01 -6.933009768322199173e-01 4.480853762416860064e+00
3.561245284881402462e-01 -7.151286763531983226e-02 2.957380297161799731e+00
9.768583803705066515e-02 -1.881626856969997874e-02 5.066477135868879600e+00
3.382581019343304796e-01 -9.218596812375899896e-01 4.203590806744710306e+00
8.528918429768994613e-02 -6.470840485001994047e-02 5.085431354193680420e+00
1.288628941319700516e-01 -1.966431078014100331e-01 4.781694134027690168e+00
5.493809189821305949e-01 6.983847301396006735e-02 2.785874998930579771e+00
2.139088351102014229e-02 -6.335036073254100009e-01 4.687096853154550047e+00
-3.001678271318102276e-01 -7.345345877255698985e-01 4.685099004790250099e+00
8.339352059536999651e-01 -5.582482345348499519e-01 4.343223984961469775e+00
3.724169469241100927e-01 -1.135973342063798519e-01 3.105892360387999762e+00
2.549699965233402921e-01 -5.095543608501199584e-01 2.831545726163479770e+00
6.105486728843034783e-02 -6.584940778032899455e-01 4.713560907305850201e+00
5.856897050416964845e-02 -6.659032424526599714e-01 4.714754158988640143e+00
2.732638184753000132e-01 -1.444601449149973682e-02 4.862615995200739505e+00
3.514288585445299873e-01 -7.729384851239862186e-03 4.827283605428219992e+00
2.869304179033096425e-01 -3.875088635557977224e-02 4.864175820279520224e+00
1.108447117280380034e+00 2.184750275045101997e-01 4.208488319584270165e+00
-5.276831550917400193e-01 -7.282473162564299107e-01 4.822605691632409375e+00
5.456573848813399685e-01 -2.173387281450699371e-01 3.527254073403049972e+00
7.660595195248103284e-01 2.214408599093200536e-01 4.205506898914539882e+00
7.759496538155201684e-01 -3.680775140424598080e-01 3.670261316042739974e+00
5.504146393169704332e-01 -3.983033986415098204e-01 3.741478112581670068e+00
6.252860061880201048e-01 3.211589858554402266e-01 3.924644085531159732e+00
6.415481382302501423e-01 2.969253634306501244e-01 3.962771183968269995e+00
6.360739241435702240e-01 2.996987071615899723e-01 3.951869278913129779e+00
3.659800080806001610e-01 -5.409135520234999994e-01 3.545318841837219459e+00
5.224653394459903843e-01 -1.012196788783670032e+00 4.230570356511350383e+00
5.650692729192503538e-01 -7.922844588030999446e-01 4.287890241910759848e+00
5.393138185954100550e-01 -7.714744603720798954e-01 4.212050316243660220e+00
3.192005005630100811e-01 -6.588929429385799175e-01 4.627471936043559886e+00
-7.954855751317495560e-01 -1.012225621295499423e-01 4.647729515507589504e+00
-7.628789102965898294e-01 -9.015339914089799400e-01 4.660882509950639907e+00
-6.773329893501598420e-01 -7.904316796406197776e-01 4.606719475031260558e+00
-6.390217353581295612e-01 -8.110549799680099037e-01 4.508850454799329555e+00
-5.901715818734198926e-01 -6.755121152833397646e-01 4.510415558705020089e+00
4.225662254979103416e-01 -3.381423703567799643e-01 3.681005149098520057e+00
4.269748529307699769e-01 -3.426656247709597425e-01 3.683465657936819682e+00
4.190671615869505651e-01 -3.305482644398998748e-01 3.665976585328319715e+00
1.902342684472002610e-01 -6.422030533268999752e-01 3.224450867351019934e+00
2.319711418296401817e-01 -6.417366129622700255e-01 3.204917276013289573e+00
-5.675168843661899665e-01 -1.443661062879297852e-01 4.930211370595490195e+00
5.685796084781802318e-01 -1.971461294273398890e-01 3.346611379030419720e+00
8.554993626305200660e-01 2.217188520841899546e-01 3.979168094284790236e+00
-5.286767964199099445e-01 6.166715618713014546e-02 4.658510856688550028e+00
3.551594679944201083e-01 -4.322308935390098972e-01 3.544926243424349810e+00
3.180330087234097824e-01 -2.294634951849298110e-01 2.975467749086170066e+00
-7.769201334524304947e-01 -1.242311767770096775e-01 4.652233526155890253e+00
-6.526231534219695263e-01 -2.628892781373981524e-02 4.594523932974359681e+00
4.717176455228400123e-01 -7.983331297238699387e-01 4.331380897895329873e+00
-6.237835485278195868e-01 -1.378657639089400089e-01 4.891146898452140235e+00
6.240657668857303442e-01 3.152744341664599492e-01 3.932497664728799691e+00
-7.929777506823194599e-01 -1.932363499311900989e-01 4.572564421363809473e+00
1.053550991590350039e+00 1.618383117073001198e-01 4.241467363857479356e+00
