2.363679637829280367e+00 -4.198533293202999506e-02 3.558902235154249638e+00
2.440364837172160239e+00 -1.505992176307099917e-01 3.526554685217230478e+00
2.343499097376190221e+00 -2.682101886579599803e-01 3.539573289308240334e+00
2.207200908178980292e+00 -1.242325883575400303e-01 3.694512925753859811e+00
2.126588385916980073e+00 -1.084635615477700377e-01 3.707306251851970380e+00
2.141581333580009794e+00 -1.296066786819700112e-01 3.702574804906369366e+00
2.124262361105319741e+00 -2.800992462473800848e-01 3.664395237447000575e+00
2.263019673374279783e+00 1.282971770109941900e-03 3.604065862985390112e+00
2.313323826476239908e+00 -9.596400329439980226e-03 3.569774433301979855e+00
2.274265107574879874e+00 -1.979244844028998918e-02 3.586402589556870524e+00
2.029593803825999743e+00 -1.645068738994199253e-01 3.721608861988280559e+00
2.392389011506789842e+00 -3.173423300064799335e-01 3.489654752119420777e+00
2.364736129728109759e+00 -2.980808522354699841e-01 3.513566880994550168e+00
2.362576826169430433e+00 -8.457625910183991236e-02 3.598877106357719846e+00
2.273341164878710075e+00 -1.146818619713699805e-01 3.620513589729290160e+00
2.457460295520569993e+00 -8.025842975778996191e-02 3.535656506509770480e+00
2.291586573116640047e+00 -1.426953737756199714e-01 3.598969449151720568e+00
2.316482588405460064e+00 -5.496450461796992260e-02 3.590623325974250157e+00
2.331934210417119679e+00 1.324637385643001597e-02 3.548339953436670413e+00
2.031275812900560140e+00 -1.326389728973200177e-01 3.765020474628519409e+00
2.286916202857680158e+00 1.599342522160300817e-01 3.312085656127909949e+00
2.186462631418920388e+00 -1.231219108638999526e-01 3.699416190503179713e+00
2.209599049720980091e+00 -1.523651125160599973e-01 3.678686011438020209e+00
2.370451645379479721e+00 1.122217083034799390e-01 3.322613834384900322e+00
2.555406986926339830e+00 -1.082658170520099938e-01 3.596317646182069616e+00
2.707311800827259862e+00 -2.644553664255399617e-01 3.610864015477160294e+00
2.431356496274190260e+00 2.005268706969400294e-01 3.338166653190979716e+00
2.430685275528809974e+00 -9.643484051080991604e-02 3.533032530685610517e+00
2.350731465717830204e+00 8.533586618997995865e-02 3.308293610959379905e+00
2.571702597220659747e+00 3.663522066340399452e-01 3.112596392651020061e+00
2.088544516243640015e+00 2.143561013064899656e-01 3.147783149724210361e+00
2.370782354280819959e+00 1.105686061662199959e-01 3.315601207943540629e+00
2.472353692358209898e+00 -3.318643202714999796e-01 3.454709736473899895e+00
2.452873337162020384e+00 -1.316912777964600045e-01 3.577166255871760292e+00
2.563868882472290167e+00 -9.946078486951004383e-02 3.642798726820470456e+00
2.454330149014189999e+00 -1.291518580601800359e-01 3.528565704343340492e+00
2.340387747558070330e+00 1.912388799610299506e-01 3.303229088543930381e+00
2.410621344263510046e+00 -3.381440856400700357e-01 3.467558308259969913e+00
2.535961459123750039e+00 -9.952841586286997888e-02 3.583580463192710397e+00
2.314134518154969733e+00 -2.805007751315002906e-02 3.590380608520410632e+00
2.544503558319360259e+00 -2.715426065991800031e-01 3.645379160408240615e+00
2.509541187462530409e+00 7.488298284315003661e-02 3.615909397176990225e+00
2.570465909647199787e+00 -3.583883381944996671e-02 3.638373118052950161e+00
2.553714238179260576e+00 -1.055745302021300347e-01 3.589946952551850146e+00
2.342261690984590139e+00 -2.014592471783799854e-01 3.631174504686679683e+00
2.457052250979139707e+00 -7.940113170687007615e-02 3.537256304041569877e+00
2.113936588977310294e+00 -2.249456327436199499e-01 3.680382245550740450e+00
2.705964662204920046e+00 1.762840872132992454e-02 3.810846160990389642e+00
2.067505347092270185e+00 2.339375934912399924e-01 3.103332826072220385e+00
2.292301415563650302e+00 1.648222283698900226e-01 3.289642447515090495e+00
2.405446019410689917e+00 2.412424788407699916e-01 3.256678635354609774e+00
2.725176973485770038e+00 -2.312179562264100041e-01 3.633964192050510356e+00
2.399391393575250220e+00 -1.119875824244599971e-01 3.542302524398600383e+00
2.048544422175280211e+00 -1.193338048022499764e-01 3.729027075513689837e+00
2.498031087877260248e+00 -9.523470519402005285e-02 3.542418355166160104e+00
2.295522168962610188e+00 1.673894937453200282e-01 3.287541121301240210e+00
2.294728585707519919e+00 -7.493725627822994673e-02 3.610543260640790564e+00
2.460759217655120068e+00 -1.436589428873699670e-01 3.542492962268730672e+00
2.119588704402779911e+00 1.340227369001900093e-01 3.317936258785050718e+00
2.311477198950240286e+00 -3.156707050168000572e-02 3.595110430753900133e+00
2.369616900028850282e+00 -4.482233836438997976e-02 3.550906649996989906e+00
2.683273808107680125e+00 -1.997552033676699978e-01 3.627200722378369768e+00
2.327505188205139852e+00 -1.038276764967899779e-01 3.607918126349410670e+00
2.719366076732910198e+00 -2.212213527379199296e-01 3.648061316205859939e+00
2.325364490847859678e+00 -2.006493071985899213e-01 3.574625163873930589e+00
2.030184511256839741e+00 2.067702290356900341e-01 3.143686215089969593e+00
2.442628191874270271e+00 -1.164668800831200057e-01 3.575031868529980450e+00
2.088236351962640125e+00 2.159112694233699670e-01 3.144104351394890529e+00
2.083447341216559945e+00 1.286911668211599968e-01 3.231368257555380374e+00
2.573754742317739819e+00 3.620218623560699789e-01 3.121000147545450076e+00
2.287901308068509998e+00 2.201221959851995535e-02 3.574613035848999587e+00
2.319986271391179855e+00 -1.217095297009599397e-01 3.582478376281859944e+00
2.199703033182600187e+00 5.402160283748999592e-02 3.420171917438450393e+00
2.063423365802360188e+00 2.237485243992100026e-01 3.096346795896550042e+00
2.321219810836660180e+00 -1.193578387944199681e-01 3.572408830764779886e+00
2.291591297024729634e+00 1.947965290416997508e-02 3.582317717314890793e+00
2.279410669580590021e+00 -1.029057668709899565e-01 3.653776010411429631e+00
2.559976195344309868e+00 -3.740584163786300764e-01 3.514284454708709760e+00
2.129811495656769971e+00 4.576087407410994734e-02 3.381846005773930131e+00
2.256144173636950079e+00 -3.130688693110099674e-01 3.660734099533650365e+00
2.549687617553419994e+00 -1.257682306771499836e-01 3.598288509063410245e+00
2.268589769892740193e+00 5.841773083980039694e-03 3.590130692120100164e+00
2.202693133026640382e+00 9.320979278996005535e-02 3.423493688480180097e+00
2.368023573189550035e+00 -3.610369800836200072e-01 3.492648475416619824e+00
2.475372965771650335e+00 1.841788786092800057e-01 3.364953457606260301e+00
2.219475378320160175e+00 8.662990475676995983e-02 3.419644378223810399e+00
2.395792165349230007e+00 -2.959714193832199691e-01 3.489712434640800609e+00
2.500479859594189946e+00 1.914937434125099092e-01 3.374312428464490310e+00
2.312934006272969967e+00 -1.143231046749004776e-02 3.581045149699449759e+00
2.468171947207109973e+00 -3.354058031503500126e-01 3.477266167287090148e+00
2.448392469363779966e+00 -2.965315157651400302e-01 3.488580676869839969e+00
2.332437646409379894e+00 1.910699620019399858e-01 3.284005856049660110e+00
2.483712176209880163e+00 -1.201113435333899804e-01 3.535264216928590386e+00
2.371494458221309998e+00 7.819690694243799367e-01 3.726082501955080950e+00
2.429682064870860358e+00 -3.715360887705000947e-01 3.458959780139180040e+00
2.199523330788220044e+00 6.835042760829995734e-02 3.441663521124980640e+00
2.206570064123170027e+00 -1.416772974270099628e-01 3.718907591225370624e+00
2.081676906938150218e+00 2.043450867723799469e-01 3.133542666053560133e+00
2.536910287617780035e+00 2.143749846183799490e-01 3.326657089528080036e+00
2.633186963389920088e+00 1.618383055519199698e-01 3.552288538893100700e+00
2.168973812959190006e+00 6.465671409239001632e-02 3.358859549668590461e+00
2.117866918010579802e+00 1.320950654622699560e-01 3.319614410537949922e+00
2.168839386172860095e+00 6.533811530675998069e-02 3.358398091215220482e+00
2.543817812900929898e+00 4.206069410487989213e-02 3.683380449524700673e+00
2.673870699918119875e+00 -1.799679198447999284e-01 3.633292329815040134e+00
2.469212603449379984e+00 -3.769821891129798708e-01 3.517669329575480397e+00
2.327907559526740222e+00 1.200723199164500099e-01 3.295511011070329843e+00
2.430542111271310368e+00 -3.775172710668999176e-01 3.480477550978100076e+00
2.483164730440180268e+00 1.870638473822600623e-01 3.365352948323740101e+00
2.475436126455160313e+00 -3.464290990550099592e-01 3.460786321119470266e+00
2.081429482530559927e+00 -1.126180972832500071e-01 3.762464436102709975e+00
2.347832647356380420e+00 1.248255529516300033e-01 3.239598336398049838e+00
2.702496034331639763e+00 -2.527734346978500191e-01 3.616328049889370178e+00
2.435654801082729914e+00 2.049238653203299676e-01 3.384158336541250200e+00
2.372577137107899858e+00 -2.753906433437900425e-01 3.525273985971510093e+00
2.523629704161200138e+00 2.074641396046899011e-01 3.357988399845369898e+00
2.441467923790459960e+00 -9.282883777027001182e-02 3.586409158796250551e+00
2.544433636951759947e+00 -1.607062091543000060e-01 3.601008954010620045e+00
2.439734104331599873e+00 -1.709901458197000124e-01 3.552436135698619601e+00
2.566995941626210254e+00 -1.557176067006300624e-01 3.619333659613589660e+00
2.459147914365869880e+00 -3.655678520890199845e-01 3.463857050823560435e+00
2.370098326926759924e+00 -6.337006026068003894e-02 3.557947461765240682e+00
2.202254236821699962e+00 4.227359424815999023e-02 3.400997463422299916e+00
2.435997626662249615e+00 -1.090334490289400216e-01 3.534340477880180131e+00
2.638033687488380075e+00 -7.986653681067001909e-02 3.707773031737749747e+00
2.104362533049310091e+00 -2.361029762192399795e-01 3.669911064627280339e+00
2.695045262774890205e+00 -4.787953100892000657e-02 3.717219958015440362e+00
2.195150764627970208e+00 -1.042675954864999976e-01 3.704930395796099951e+00
2.453038287493260139e+00 1.820190601035500122e-01 3.356449475171450203e+00
2.063664555521659949e+00 -2.180014952213200075e-01 3.687679374320679493e+00
2.178880251009660096e+00 -1.644846010448899887e-01 3.721612095484589489e+00
2.161139082272470091e+00 -1.486403123635500201e-01 3.710644400968510226e+00
2.155907847589840109e+00 -9.042147416837997831e-02 3.727503242784139914e+00
2.316826852904310119e+00 -1.734319279328999652e-01 3.568274487067819578e+00
2.458833784471329942e+00 1.789042038591400208e-01 3.336393231423859795e+00
2.287190662858570089e+00 -1.085812657669993353e-02 3.593939522055859648e+00
2.384843639899170142e+00 -3.131542368050299063e-01 3.499838428017630676e+00
2.316188511474130074e+00 -1.724242686505899624e-01 3.571362580835850231e+00
2.288956212154370284e+00 -9.703318542210015440e-03 3.585992267387270616e+00
2.411255739764829986e+00 -2.518131311628400426e-01 3.507483459131999659e+00
2.391907868589560060e+00 -2.781942242248200414e-01 3.521795849314219851e+00
2.525386647252600092e+00 -2.927478977646099656e-01 3.511981626719790306e+00
2.364437870055370094e+00 -1.634012831656899700e-01 3.549855595834849886e+00
2.038762970389599971e+00 2.027139932319800275e-01 3.125963627711159987e+00
2.353048997345799975e+00 -1.800656691657899766e-01 3.566124738057950161e+00
2.433670183576549739e+00 -1.678942197593999985e-01 3.529139494497880669e+00
2.161041917978919980e+00 -1.518373957865999935e-01 3.710746566146440273e+00
2.644608062898559986e+00 1.794260355365700499e-01 3.496971892055210418e+00
2.125707850409219724e+00 4.319936020804998611e-02 3.401358557865310495e+00
2.400744983584120362e+00 -1.252900794195199730e-01 3.542189132738840840e+00
2.375052268953900203e+00 -3.222244061399200388e-01 3.508752632588199916e+00
2.343911850774270000e+00 -1.813147157509999441e-01 3.571200310697700608e+00
2.346133498504829884e+00 -1.801744785407299876e-01 3.570301049671970262e+00
2.342777057882430292e+00 -1.695190456919699606e-01 3.570671835844869690e+00
2.025810339917810232e+00 2.188779153237099262e-01 3.195568595643729637e+00
2.317897581882499836e+00 -1.707505241889200054e-01 3.547876923925440629e+00
2.375416391955039952e+00 -9.735699416647997095e-02 3.560104585925359721e+00
2.333732975287730049e+00 -1.529320525363099814e-01 3.561204333435730618e+00
2.351846384427719983e+00 -1.219155485402699801e-01 3.565677282881510202e+00
2.554501484246510135e+00 -1.604692742265500516e-01 3.586559560844809980e+00
2.328738652942649701e+00 -1.535215439336500287e-01 3.564741302590509697e+00
2.321859779481860286e+00 -1.504382404726700151e-01 3.563720711070070379e+00
2.357380089854469674e+00 -7.526913504520998943e-02 3.562947726536989990e+00
2.385218355886130404e+00 1.609652172162900352e-01 3.364685582563549993e+00
2.362785129246109950e+00 -8.840826555747000048e-02 3.558851128308750056e+00
2.349823493163450294e+00 -9.138154977704998627e-02 3.643022831757929403e+00
2.351371490862689928e+00 -8.683663623892995398e-02 3.565602039045390192e+00
2.341276945035669854e+00 -1.070147210417000117e-01 3.559922153102260900e+00
2.334239800139640053e+00 -1.287171107341500420e-01 3.576432651724450018e+00
2.349796274790249662e+00 -6.650800364858000524e-02 3.571778740938920116e+00
2.282637999138439788e+00 -3.051400979999899232e-01 3.601908874404330163e+00
2.281851493250440122e+00 -3.178459852158000976e-01 3.615194602156999615e+00
2.370042152176839778e+00 -3.230037407617000200e-01 3.535665993501720727e+00
2.286111958992719906e+00 5.657077404890076266e-03 3.564151385418649731e+00
2.342595523950420144e+00 -1.617664991662800533e-01 3.555269008467019987e+00
2.320533126635380139e+00 -2.962015957928992860e-02 3.572732053697090571e+00
2.185375389946770053e+00 2.708273092560001261e-02 3.425037804898780180e+00
2.279688304296859869e+00 -1.490948760264000361e-01 3.611118101663980617e+00
2.269274207729210069e+00 -1.104256107917599983e-01 3.670110180441180425e+00
2.274520524837820190e+00 -1.446737914910700140e-01 3.615388038285010097e+00
2.513226613645629826e+00 -3.625040059911100454e-01 3.465730837359449978e+00
2.287246662915619844e+00 -8.700613802424000953e-02 3.635979831489800418e+00
2.257843704873890189e+00 2.554363868039977170e-03 3.609281177532880136e+00
2.273167819783630250e+00 -2.368964598861994508e-02 3.611343714308620889e+00
2.778040836516519896e+00 -2.431564202266000563e-01 3.727266302705760204e+00
2.569145020871860030e+00 3.764543268234699647e-01 3.105016054626710265e+00
2.110998080327000093e+00 -2.850968723323200060e-01 3.669065646035599926e+00
2.081264086974119909e+00 -2.994256606817299882e-01 3.715914873277450070e+00
2.105291505083940251e+00 -2.334903086800800276e-01 3.674175423415979580e+00
2.114975625286710237e+00 -2.273427745953799928e-01 3.686409421477660153e+00
2.081637221669160098e+00 -2.835037062597300372e-01 3.655801926757130005e+00
2.675239934801719954e+00 -1.825402759383800144e-01 3.640640393138640185e+00
2.373115184597339944e+00 1.137016623184899378e-01 3.297373535010289736e+00
2.357110586551990128e+00 -1.277753352018099475e-01 3.538981927961990515e+00
2.360729512635850291e+00 8.576083344797996721e-02 3.307558961574100564e+00
2.389789841775099788e+00 -1.116670601550199815e-01 3.526548653569200553e+00
2.389359722376430017e+00 1.539412645008799707e-01 3.377547849697520199e+00
2.499167505876619622e+00 -2.806697534591000021e-01 3.521572178859960545e+00
2.375298858110379996e+00 -1.000919827795599959e-01 3.565644323216340617e+00
2.410785382437540036e+00 -2.863684573996500005e-01 3.514117155905970513e+00
2.365666251752470028e+00 -1.692161663716100217e-01 3.549013694170650268e+00
2.494681025156149978e+00 -2.768614847701200143e-01 3.511103910685219986e+00
2.343500833555750340e+00 -2.717556157312300824e-01 3.555643467013090309e+00
2.125997647694410020e+00 4.262931683767998137e-02 3.390497693786859834e+00
2.601362462668269870e+00 3.325865745363499326e-01 3.259651915284130119e+00
2.315230877242470342e+00 8.070674397005001000e-02 3.260946934938410813e+00
2.554141871888000015e+00 -1.180351196595600394e-01 3.583589316391759816e+00
2.346233293497950179e+00 1.246426803381400217e-01 3.239569110126240936e+00
2.338467599394220109e+00 -1.264987742729800635e-01 3.560299204733760270e+00
2.386059699280520086e+00 -2.733894991534599472e-01 3.508850283663480063e+00
2.401090478151759910e+00 -1.064490639442099984e-01 3.538151906818050030e+00
2.383215866447760067e+00 -3.590755646756999542e-01 3.484808843330180039e+00
2.370465159949840306e+00 -3.239934156221600525e-01 3.508747607295400250e+00
2.393663330659030031e+00 -2.958925942038598822e-01 3.494102659542080325e+00
2.396301032751339655e+00 -1.252902527375899799e-01 3.538692571526790509e+00
2.374427405121959822e+00 -3.641304949123899681e-01 3.504680536846890071e+00
2.172172068952780144e+00 9.369421511467995733e-02 3.377188816821400152e+00
2.138850706500740273e+00 7.053583151822001573e-02 3.344188049849660338e+00
2.167693411722430241e+00 6.494415285922000569e-02 3.361009717795320206e+00
2.488463845325619594e+00 -3.367502457085699841e-01 3.479521553821290247e+00
2.492060557621720296e+00 7.955441760405899121e-01 3.856587051516250142e+00
2.076870540279049937e+00 2.143256786728799934e-01 3.059392754365720002e+00
2.340477413047250099e+00 -1.067353952056199762e-01 3.560234384593220724e+00
2.524828274267609807e+00 -1.307919746603300459e-01 3.559728009022130379e+00
2.535970624639509730e+00 -1.534149699512399878e-01 3.568828910614420202e+00
2.323610229220910206e+00 -8.568220875747994958e-02 3.589172197859820557e+00
2.280528825304600105e+00 -2.097014135206099472e-01 3.603748910662230465e+00
2.297414041927219763e+00 -2.521692178556899089e-01 3.593906766158609933e+00
2.400436188212480282e+00 -1.043081587721099712e-01 3.536711131471170333e+00
2.188178119548460199e+00 2.866933689020001452e-02 3.429329662088099973e+00
2.492917834060640381e+00 -9.346079352796998752e-02 3.543618228822190019e+00
2.601838562974859936e+00 3.137769365908700259e-01 3.253481821322409928e+00
2.454315487443440524e+00 1.811910459684099584e-01 3.351527277937250027e+00
2.397396864407210337e+00 3.058482405994999431e-01 3.127364951065319865e+00
2.335458423235859726e+00 8.319413527064001279e-02 3.324085065916740689e+00
2.169483477546239936e+00 7.231038434974995655e-02 3.358146067987290095e+00
2.209773533051340166e+00 -1.269180812500299571e-01 3.709876129681010326e+00
2.061123790800799771e+00 -1.877961543968700298e-01 3.706575757652450065e+00
2.254185112669629731e+00 -3.236962626469199189e-01 3.651601388134620763e+00
2.174371057456180090e+00 -1.569027359897299245e-01 3.714890515867970144e+00
2.093125680743720185e+00 8.322298472387995583e-02 3.384631236436880464e+00
2.085580511031320139e+00 -1.413368601641499800e-01 3.705698931519430417e+00
2.108960706194250356e+00 -2.996305538116499911e-01 3.669319538927109825e+00
2.570676242542839773e+00 3.768340167501200155e-01 3.110773076358859690e+00
2.571706535739980204e+00 3.606414052465600206e-01 3.108746738058600911e+00
2.186377347030750151e+00 -1.625090672189800078e-01 3.687543537612699929e+00
2.418671120600030200e+00 -1.076083322784699425e-01 3.526743293115830014e+00
2.091432749184569673e+00 -1.002173502217399426e-01 3.753847352026840056e+00
2.200128817920190105e+00 6.118050826305995726e-02 3.543923806516160013e+00
2.280198617072190181e+00 -5.338566672058997487e-02 3.623221301172330655e+00
2.187654684372700054e+00 -1.810634058770400068e-01 3.744613969441580537e+00
2.572528820588610099e+00 3.803153013523000170e-01 3.118184538127300343e+00
2.143261238913840128e+00 -1.327423583253900530e-01 3.695556082969230438e+00
2.162583538129180027e+00 -1.471537627935100567e-01 3.713024847269249307e+00
2.497554992572509569e+00 1.825724394919999716e-01 3.353142733431241140e+00
2.493052710829109841e+00 7.499204681635600611e-01 3.843368805737459759e+00
2.171650853458749975e+00 7.483221219377006461e-02 3.366742158038910304e+00
2.304150037603510004e+00 8.996857258275997582e-02 3.304291485609840429e+00
2.125661715675660091e+00 4.205313939736998741e-02 3.404149149058049773e+00
3.304004919362629522e+00 8.514030392275397929e-01 4.064613073204959903e+00
2.361621429566460151e+00 1.796488119969499864e-01 3.309213685629809554e+00
2.293393247444670102e+00 1.689171426478300320e-01 3.307238496783809545e+00
2.571854984504819974e+00 3.795476859525099278e-01 3.154235950358369678e+00
2.508589101615720018e+00 -3.239526308341799665e-01 3.493091452918419826e+00
2.368182696359509620e+00 -3.174577729742999455e-01 3.526605604591339649e+00
2.345461092460009667e+00 -1.612069825154999747e-01 3.547272694234860246e+00
2.457970854840709762e+00 -1.479307391127299698e-01 3.530964456892210279e+00
2.420571720434419927e+00 -8.968261821514994514e-02 3.535247125448470307e+00
2.387030458887769768e+00 -1.120914449790700318e-01 3.519865400397230282e+00
2.364398952510869734e+00 -3.216044359891298554e-01 3.534393602639010368e+00
2.426039586222319855e+00 -2.629544337099800622e-01 3.496275457469660175e+00
2.328038811690119836e+00 -3.479829955508500494e-01 3.557165158062709942e+00
2.328777325655360109e+00 -3.473194428324399841e-01 3.551831490877459530e+00
2.509603748012350088e+00 -3.037173331458898895e-01 3.545319166060850513e+00
2.194706380356840292e+00 6.772642932095995771e-02 3.504778120011920350e+00
2.327040765847320003e+00 2.876567364603999089e-02 3.558189407042960717e+00
2.086109381896819936e+00 2.316990714978599541e-01 3.084085335037100251e+00
2.411159929961000259e+00 -3.472853314920700263e-01 3.453169151191270103e+00
2.224229345023130300e+00 1.184246070064600143e-01 3.356353838684220214e+00
2.195293293621849884e+00 3.298784061042997484e-02 3.408815141826790018e+00
2.259082702535029963e+00 -3.084974702214299813e-01 3.656690835765449954e+00
2.578248737319880135e+00 7.966125572711002523e-02 3.640768318476069965e+00
2.245548225887030291e+00 -3.588356622402699148e-01 3.634056143885429968e+00
2.194007966410290056e+00 6.410193864789998086e-02 3.262246702222100225e+00
2.199894959235989766e+00 1.063408869334199203e-01 3.383866573025399838e+00
2.307922362627560009e+00 9.099498268736999629e-02 3.292861517342210220e+00
2.209608935008979813e+00 -1.333944376684100264e-01 3.696327114053170604e+00
2.095662956135539989e+00 2.194496763030099884e-01 3.147549425184010374e+00
2.217403462265699954e+00 -1.427512128467500196e-01 3.678178884742170140e+00
2.176085869411330087e+00 -1.531515168761300449e-01 3.710406675446090041e+00
2.157741392213700315e+00 -8.828614918734001282e-02 3.728908143843800538e+00
2.364124270387629956e+00 -2.992153972401699891e-01 3.530676584804130158e+00
2.361578743207470410e+00 1.804780423180400439e-01 3.315767553194819861e+00
2.275296359977640126e+00 -1.450680391677500181e-01 3.621699907688250342e+00
2.439488891878079713e+00 1.786608552076199286e-01 3.370357295284219568e+00
2.511726368803439691e+00 2.529739853288400231e-01 3.331081904288399897e+00
2.202356747878809973e+00 7.838855836733998883e-02 3.393434729007980266e+00
2.320771604582110292e+00 -2.221054767873300029e-01 3.557347767025309970e+00
2.360363918014430240e+00 -8.971393113976006140e-02 3.561602301299520157e+00
2.575825732440329752e+00 3.662590994104399367e-01 3.113495792915180083e+00
2.316964104740999897e+00 3.231765782125001207e-02 3.595181634586849917e+00
2.271405320453870225e+00 -2.947657590046598997e-01 3.621378621470899617e+00
2.297297848009350218e+00 6.838754002920000019e-03 3.579026104426080046e+00
2.035374512921440004e+00 2.316245052122399839e-01 3.173888776721880411e+00
2.291676423870780077e+00 -2.836267293075400153e-01 3.582661342091499890e+00
2.289283190794050071e+00 -2.851595889788299809e-01 3.604146472572370641e+00
2.644876671159649639e+00 1.666303443668800122e-01 3.534731363982260177e+00
2.264352815190810109e+00 -2.226986929841199836e-01 3.687140591921480137e+00
2.611123699715570012e+00 1.504902428636500367e-01 3.532473499829270835e+00
2.718873769909199822e+00 -2.306969879247400823e-01 3.601031299361640237e+00
2.454274705744099894e+00 1.841187138777100052e-01 3.362547094765529820e+00
2.287984133559070266e+00 -8.552452378552999335e-02 3.640023600649009872e+00
2.308034764387770110e+00 -1.729006326576599251e-01 3.595732631057860118e+00
2.381388766234930010e+00 -5.198517882890996145e-02 3.543835401130589702e+00
2.359503588974960042e+00 -5.652676660039995804e-02 3.527813576700080667e+00
2.117905013613250009e+00 1.354386345855100315e-01 3.319766062527910400e+00
2.353727738144700155e+00 8.699489154550005265e-02 3.382259567506360476e+00
2.038620112688850128e+00 2.033435708412099641e-01 3.133290266102069843e+00
2.333883930608459778e+00 -9.047069723119999241e-02 3.576059242503119684e+00
2.196245201152930093e+00 3.127975951087999529e-02 3.407929078583480376e+00
2.487257801225490006e+00 -7.814529414719001421e-02 3.658367103166250800e+00
2.361224830853760004e+00 -2.783021986112999557e-01 3.511155906745660360e+00
2.335211203555830117e+00 -8.454374782810003541e-02 3.567367427710520289e+00
2.384358854611890344e+00 -1.320678608488199957e-01 3.540873406927960154e+00
2.507611869288429940e+00 2.048813884151899356e-01 3.348415065478429931e+00
2.159315562047889880e+00 8.723213854768002706e-02 3.375804459340160157e+00
2.411334585378940076e+00 -1.141668517132899963e-01 3.534045492608610672e+00
2.472747717288670266e+00 -1.081672442936299494e-01 3.547548197960930239e+00
2.322370871303470086e+00 -1.621057273302098922e-01 3.560193409235270501e+00
2.351361155132240199e+00 -1.238470306399599985e-01 3.560463386989160206e+00
2.194507438056479742e+00 1.278630916029100395e-01 3.390147441202469913e+00
2.381722268035890266e+00 -9.362996074988005901e-02 3.570926288582779939e+00
2.321016688382750104e+00 -2.184342898390899679e-01 3.544273338513289850e+00
2.381963106986190404e+00 -1.033943394733600196e-01 3.544800377746240017e+00
2.356506740334079808e+00 -6.015406593492994558e-02 3.570920706661469879e+00
2.362338633098399754e+00 -1.369345832905699556e-01 3.551520234082090610e+00
2.512952632481989745e+00 2.459733829649899950e-01 3.295865190060830230e+00
2.661520511137499767e+00 1.928745012978999029e-01 3.527110185373199869e+00
2.382380742005480112e+00 -2.192568587487899734e-01 3.545431986749130182e+00
2.455117365727730316e+00 -1.473624057101899920e-01 3.529485410861490813e+00
2.452941754077589742e+00 -1.308574291053800076e-01 3.526335432973900730e+00
2.347225434618040119e+00 1.251190049964699957e-01 3.239557683304270519e+00
2.368772199348530449e+00 -1.979071563154300439e-01 3.556682859805690100e+00
2.504917202348689642e+00 -1.470744504331299995e-01 3.551103238212510504e+00
2.451446344545970213e+00 -8.256103820840005048e-02 3.530618494000300700e+00
2.124016114882310013e+00 1.441915170373200272e-01 3.316776864986460183e+00
2.425957192852339794e+00 -1.105229170443899900e-01 3.535377766900910323e+00
2.494094625726460013e+00 -1.055576780847500284e-01 3.538538003649629893e+00
2.222281619374590456e+00 2.485677485738399528e-01 3.145499548548440494e+00
2.524117848361170147e+00 -1.181040991735898826e-01 3.558270672808729884e+00
2.169451087792889865e+00 -8.278785924365000826e-02 3.716333672547730060e+00
2.082400927448520012e+00 -2.835557538908399233e-01 3.651703310821540427e+00
2.251238000732469935e+00 -1.510507243373000463e-01 3.701402073662359626e+00
2.232616107752929846e+00 -1.692169266693800411e-01 3.733803502770039806e+00
2.500119598431270074e+00 7.733839847360599595e-01 3.880895061967840398e+00
2.882703506969880536e+00 3.604338407242400621e-01 4.364616439099240353e+00
2.336756780615369955e+00 8.019103141730993256e-02 3.330057392492450141e+00
2.683086408002069767e+00 -1.945179565795600030e-01 3.639761757658259711e+00
2.586338390956719913e+00 1.428173428915002763e-02 3.660977475000430026e+00
2.677873164269610307e+00 -1.864984744314900911e-01 3.639435080641510112e+00
3.272058296894170049e+00 8.279121519794998552e-01 4.121252993336520731e+00
2.417422882878970114e+00 -1.066242413755599805e-01 3.528920024811060152e+00
2.559493620161029881e+00 1.142833890070100167e-01 3.570284233912090599e+00
2.130571070945550094e+00 -2.805670905108499369e-01 3.662698277685150217e+00
2.066273394333849822e+00 -2.849975493205399446e-01 3.693583827580320111e+00
2.044110107120760134e+00 2.030747817742200034e-01 3.126133849327360714e+00
2.558404573534740045e+00 9.965635821067997391e-02 3.603910284489600713e+00
2.489588630007109948e+00 1.998364682374398904e-01 3.349553887142279862e+00
2.554778386426160175e+00 -3.368325508050499795e-01 3.474042536075329757e+00
2.347455563097680109e+00 1.256367844357900165e-01 3.244873486502310556e+00
2.223677714338680111e+00 -1.803661348665200337e-01 3.800877654522300197e+00
2.670185551737689789e+00 -1.083812358685899979e-01 3.709538490554669998e+00
2.729969887864339917e+00 -1.081324052840500483e-01 3.744099350825550232e+00
2.705324050894000187e+00 -8.618881509111997463e-02 3.674214397103599872e+00
2.492997795104390235e+00 1.990240756950900081e-01 3.339603596465930302e+00
2.528537945439399692e+00 -3.598193401059600061e-01 3.473274284649479959e+00
2.323985788999709978e+00 -2.428144782448699579e-01 3.563391534509269931e+00
2.306097196343050104e+00 9.091924950168001063e-02 3.276391999053919868e+00
2.373056654814339694e+00 -1.257604476094399959e-01 3.578800494757000017e+00
2.488826982630579998e+00 -1.424782492928600153e-01 3.535113564122320362e+00
2.323504181267869839e+00 -2.350504719957799971e-01 3.563967370578719596e+00
2.278033575377610198e+00 -3.440345758706899737e-01 3.594121051588190063e+00
2.276616308755440077e+00 -3.469862463438799227e-01 3.604203514453920398e+00
2.318768978304500017e+00 -1.777075008142000034e-01 3.569822211306179938e+00
2.484500450202720145e+00 -1.095254413195499432e-01 3.544546412977910954e+00
2.304355697374850021e+00 -2.856066246209900128e-01 3.597550386520750543e+00
2.331902058026059876e+00 -1.235804947995300385e-01 3.562787429946509654e+00
2.221667994600229790e+00 1.141403360032099967e-01 3.363527932878709770e+00
2.488871919481300043e+00 2.006406255489000534e-01 3.364868145887700557e+00
2.386089401328300053e+00 1.557075263498899353e-01 3.359630364897550514e+00
2.321997535586330041e+00 9.459684321490025027e-03 3.583406140317290323e+00
2.299654408882210177e+00 -2.536412391799300337e-01 3.594378343583470858e+00
2.552982288268940358e+00 -1.600514518348800097e-01 3.594471187138040591e+00
2.309802652416870217e+00 -1.039953442063001887e-02 3.631088682819989977e+00
2.324997479365690012e+00 -4.335071344155000395e-02 3.569367515950969683e+00
2.307515647338379772e+00 3.680031501827993323e-02 3.582663473831700252e+00
2.087654684383470016e+00 -2.821438669119499254e-01 3.674038546213750145e+00
2.254804718725809565e+00 2.701025498309972406e-03 3.626176514454290789e+00
2.321554696560469644e+00 -6.894726205511997330e-02 3.674669040415480481e+00
2.073980038919829738e+00 2.495686898418200128e-01 3.149870070620639950e+00
2.701163200941560483e+00 -2.393500766186000273e-01 3.615840501890779990e+00
2.273173545999759959e+00 -1.075779124604599457e-01 3.659830258413600212e+00
2.301786719238430035e+00 -6.362272777742999930e-02 3.622064891990349977e+00
2.246769263389210014e+00 -3.811786059991199571e-01 3.645378396256380604e+00
2.615500927943940290e+00 1.319947463961000378e-01 3.567801853362480458e+00
2.139041051773450164e+00 -1.143920927332899296e-01 3.721656287265090235e+00
2.730916890338840108e+00 -2.655316028022499109e-01 3.623809690570630515e+00
2.274736365602950006e+00 -1.987935989282500482e-01 3.619510543742510578e+00
2.309253103832389797e+00 -7.457000009809977570e-03 3.576999895018010633e+00
2.077864811624750008e+00 1.323640282474699559e-01 3.244527151291770828e+00
2.325985513343689970e+00 -6.528259552202997362e-02 3.603200595452769939e+00
2.466961712386749994e+00 1.136364726054899799e-01 3.522634910020870258e+00
2.637870916068740357e+00 1.613259944957600722e-01 3.501846841981300251e+00
2.565088024864009775e+00 -1.012381062370199536e-01 3.607406294899679899e+00
2.724379895692379705e+00 -2.621580550720000180e-01 3.600976798043100224e+00
2.694268188836399958e+00 -4.624843764523001166e-02 3.694833727586390282e+00
2.095098854744640082e+00 1.835988849940399792e-01 3.184098924500239569e+00
2.412786399168120433e+00 -2.524514146630000844e-01 3.509966164900539809e+00
2.459180391863309723e+00 1.829831452490099930e-01 3.372119608353870035e+00
2.393114063446449613e+00 -2.427807401406400500e-01 3.523147041079940145e+00
2.479112423878969906e+00 1.781385189829698956e-01 3.367315298478870567e+00
2.489169432991170439e+00 1.968423767943800473e-01 3.356615916703179714e+00
2.526877545074150078e+00 2.060328531797699925e-01 3.295346439481689593e+00
2.458298965594529761e+00 -3.823155052530399223e-01 3.528392811833840348e+00
2.663088674825559998e+00 1.837964874837799689e-01 3.559166127544280300e+00
2.281672741406540084e+00 -3.552757396456799888e-01 3.575745230111600392e+00
2.161956524395090007e+00 -1.301170342147800474e-01 3.695743799353000014e+00
2.643148893196419991e+00 -6.412664249389005144e-02 3.700644207240610051e+00
2.331544077158060002e+00 -1.048065686557700382e-01 3.570545740255050227e+00
2.529875656797040406e+00 -1.510167172807699854e-01 3.564442494504210579e+00
2.399496978906100253e+00 3.043374355014000221e-02 3.637370421970480550e+00
2.483370976878489955e+00 -1.163414663928899473e-01 3.536959673979170660e+00
2.470821252978949722e+00 -8.110680652284002479e-02 3.537161848021379562e+00
2.289958262228330099e+00 -1.174180582860007149e-02 3.575808284372899770e+00
2.324182503529070409e+00 1.995282497986900494e-01 3.296253970269050093e+00
2.408768499571830368e+00 -2.464397912569900595e-01 3.506593128144150029e+00
2.328381767578130201e+00 -1.702806665178899226e-01 3.562537584082630104e+00
2.431011428154159937e+00 -9.631981503597003558e-02 3.526745688483090113e+00
2.184503599684199937e+00 -1.237677237473799319e-01 3.700971008773400683e+00
2.217775742030370090e+00 -8.491776102957998562e-02 3.724515818874020390e+00
2.076231487077119908e+00 -2.415143314156400489e-01 3.672381561669180172e+00
2.317785962316429860e+00 3.427697105980065384e-03 3.565084990143740029e+00
2.345763559080969785e+00 -1.625283259744099706e-01 3.542736777102549972e+00
2.371992478797730008e+00 -1.979606999929600653e-01 3.535902634439519687e+00
2.491582762735870205e+00 -1.049656653439399734e-01 3.538907369158559746e+00
2.647281461563539828e+00 4.372386484851004118e-02 3.743890320952550255e+00
2.345664450766999920e+00 8.326252586869992145e-02 3.359374111142080288e+00
2.586069449714139878e+00 1.667322559837991491e-02 3.678698403925180216e+00
2.695582129022040085e+00 2.758044939799009221e-02 3.757179571320070188e+00
2.097985681182620077e+00 -2.906618565561200906e-01 3.660618987058859908e+00
2.539840740472119940e+00 3.406850402645006382e-02 3.655472725603930328e+00
2.697420576272940185e+00 -2.393419889089099528e-01 3.610861998091429825e+00
2.683675686794690485e+00 2.175023127867004025e-02 3.739492993032810020e+00
2.383977832176119804e+00 -2.199978574855600000e-01 3.534880749152859991e+00
5.040665730808759903e+00 6.822858507313200871e-01 5.566435568112740206e+00
5.197593025568179925e+00 4.852004350733900018e-01 6.089092921568551198e+00
2.077859680947939935e+00 3.997778395296300302e-01 3.187721085200830196e+00
2.044514558106250046e+00 2.411737996342599444e-01 3.156732871143019814e+00
5.157874163552400582e+00 3.791411286495400268e-01 6.159920187041299400e+00
5.160034743858270545e+00 6.561375454548401542e-01 5.793738295647160363e+00
2.184681931315620051e+00 9.008450990214000864e-02 3.340850209848699848e+00
4.703656163984130778e+00 3.644394726260700712e-01 5.423703917394810503e+00
4.615518094404790439e+00 4.184136713741000713e-01 5.185949265448460466e+00
4.840483543969000380e+00 6.450671113492298936e-01 5.258166157618531678e+00
2.703780649696470029e+00 -7.561127041063003817e-02 3.685769421145690394e+00
5.110719060401400782e+00 4.686810253823501804e-01 5.962376152997390655e+00
2.423433092966150060e+00 -3.104612521383200430e-01 3.480265061141500027e+00
2.408285489588009920e+00 -4.168311131119983859e-03 3.570405447882039951e+00
2.108366769612500136e+00 1.662605814924799641e-01 3.247864048201500431e+00
2.704745830201050083e+00 -7.544695104746995673e-02 3.706531796441650428e+00
2.064038433392770155e+00 -1.852108802660399900e-01 3.705632414926820495e+00
2.529905742108249811e+00 -3.594543812951099260e-01 3.470306951875310020e+00
2.390775753667270020e+00 -3.635253903186000946e-01 3.489968713400739553e+00
2.349914495736210363e+00 8.339240121868002342e-02 3.365773940993980418e+00
2.531470671516739657e+00 2.432555496814298723e-01 3.312858032357370419e+00
2.322117773951429598e+00 -6.586527450580997867e-02 3.598442823439090610e+00
2.321226607796759822e+00 -1.429867408450399835e-01 3.647352193292979550e+00
