3.560494617632899983e-01 -1.889943827311200419e-01 3.815398384786279351e+00
1.505174368262409912e+00 -7.351567659767993534e-02 3.918189958914839899e+00
1.519589559596800088e+00 -2.304842399072299930e-01 3.882651852259520808e+00
1.288155075801139970e+00 -1.871717234979400346e-01 4.049483164613999264e+00
7.832471704392200973e-01 4.107148807249993983e-03 3.509698500846959668e+00
6.643676616172200511e-01 -3.726641857067400365e-01 4.023798595598079508e+00
9.384802224610400145e-01 -2.133959605577900320e-01 4.093479478280079853e+00
1.350115210325600223e+00 -8.365475740838002050e-02 3.978373645131520142e+00
1.222377660203090022e+00 -1.893038765292900383e-01 4.057764972163159456e+00
5.428586907730600375e-01 -1.131711109140799976e-01 3.750570702529279821e+00
1.198324832395839978e+00 -3.402704355140200865e-01 4.025574913841680313e+00
1.166042407619030108e+00 -3.664431880182900114e-01 4.079605353896599951e+00
6.694672953981499752e-01 -2.354930385883699517e-01 4.041625647751720507e+00
1.577248717866000183e+00 -1.999965735998500138e-01 3.939715811339119966e+00
7.177714445522100917e-01 -5.348283664773200163e-01 3.848922362808120390e+00
1.359573881146439955e+00 -9.016765810297000527e-02 3.937310261685199819e+00
1.154543157031850065e+00 -3.620104402716101122e-01 4.092016130822999642e+00
9.324656548181400328e-01 -2.190033776798000487e-01 4.098089413719359086e+00
1.108989771011479997e+00 -2.184172856462199830e-01 4.078188489707279984e+00
9.104019814119799214e-01 -4.151733021525005896e-02 3.623031849005600158e+00
1.248337227697960072e+00 -2.406197318349599934e-01 4.065611779065840814e+00
1.188664465383640012e+00 -2.914593143728799740e-01 4.046690188547279909e+00
1.362604488062669983e+00 -2.675555447871199588e-01 3.937147594304040155e+00
1.442084849925840073e+00 -1.621897891519399892e-01 3.909322072263360148e+00
1.425972039717450013e+00 -1.133869562755300264e-01 3.918885688585159954e+00
5.239676902164600580e-01 -1.444554993635100149e-01 3.763999927521520128e+00
7.958043740203000205e-01 -3.703812934214900099e-01 3.907215198006559476e+00
3.943599382579200396e-01 -2.590054514306600053e-01 3.895687888278719591e+00
1.263481944557500070e+00 -1.424594213367200157e-01 4.076781011822720124e+00
1.539806400068330250e+00 -1.606671798520700190e-01 3.888959145334119683e+00
1.371450867125720174e+00 -2.131256006547400661e-01 3.954727807479599733e+00
1.157047452456789971e+00 -1.605764120634400327e-01 4.094153277566440430e+00
1.306042098186480205e+00 -2.294542370653800956e-01 4.076750043679120417e+00
7.352722855016800008e-01 -5.353820041527099782e-01 3.893534274705279685e+00
1.418576986305400078e+00 -6.125255978769006404e-02 3.897957960389040188e+00
7.525080236040100345e-01 -9.055572290004001990e-02 3.717402369561719766e+00
4.377647297994300413e-01 -1.563729608648500025e-01 3.780415914487400109e+00
1.351500416652450021e+00 -1.919704163163000188e-01 4.041295152827079740e+00
1.135723679914210082e+00 -2.933294210442999872e-01 4.064992712764840199e+00
6.907746080826999702e-01 -2.698652320772500501e-01 4.001695408884399896e+00
1.134924301381460054e+00 -2.066685810157800618e-01 4.068905814914719699e+00
7.584308316313599363e-01 -2.699202516795799478e-01 3.952497757884559704e+00
3.626485193082300551e-01 -1.846898490247600444e-01 3.812996225189960064e+00
8.008304934880701165e-01 -1.769520729661599734e-01 3.920729573614200270e+00
1.598875700778930042e+00 -4.940457848169987898e-03 3.962998397922440574e+00
1.501820419152250174e+00 -1.695946886204999227e-01 3.882701606846760356e+00
1.539439929842220112e+00 -1.597300415217900449e-01 3.890523844669599995e+00
9.068694885606101153e-01 -2.140084656889500447e-01 4.107487139787959762e+00
1.162664314944819921e+00 -1.988192718666300651e-01 4.074698264449200025e+00
8.442285931577100389e-01 -1.525281081736899746e-01 3.930517908336919497e+00
1.165651606191790091e+00 -1.593280218598099873e-01 4.107889428046040514e+00
9.435354356869298798e-01 -1.061693372042100125e-01 3.760751381990759867e+00
1.375027968458630179e+00 -4.950845116532004431e-02 3.923872630825000485e+00
1.564697575649970362e+00 1.131410817100053645e-03 3.938857339083480014e+00
1.167497748655380141e+00 -2.326190726994299962e-01 4.059737725576240130e+00
8.248587310629098557e-01 -4.642372891830004455e-02 3.599255451817799489e+00
1.552407891915280169e+00 -1.623364544308000257e-01 3.888115753895439397e+00
1.180407173684470123e+00 -2.952503181418000833e-01 4.029349296991240337e+00
8.028143535454701496e-01 -1.742285267933999793e-01 3.916665950044280642e+00
1.258129955980820114e+00 -2.250238075573300356e-01 4.078160001548639890e+00
1.444908634122390012e+00 -1.636818142474300575e-01 3.912477697181959257e+00
1.369658330593380047e+00 -1.558791807509599670e-01 3.989506087066319928e+00
1.184861107865879948e+00 -3.444856234932799910e-01 4.030442193686879726e+00
1.181459502968059905e+00 -2.925149570709600355e-01 4.033506721912639925e+00
1.172229478260869984e+00 -3.518664308699900323e-01 4.027938543326279763e+00
1.251279713773500113e+00 1.412108567524994474e-02 3.728596244923039649e+00
7.480930976979101032e-01 -1.726496138457600249e-01 3.930453002541959506e+00
9.596861225094601711e-01 -2.690614229648400357e-01 4.042019323583200041e+00
1.534788577320560066e+00 -2.499810513317800020e-01 3.884301775327439366e+00
8.458065839774699946e-01 -2.693850563439500467e-01 3.962357519695320462e+00
1.262205087208060128e+00 1.938167196251994184e-02 3.723790039555920472e+00
1.409892292204790065e+00 -1.602432702328499547e-01 3.924258749165720594e+00
1.455403895355000143e+00 -5.964359225693000033e-02 3.918359693908800345e+00
1.139426006549880022e+00 -2.436596646380300712e-01 4.064082365922479845e+00
1.333245006080659989e+00 -2.662138069331300150e-01 4.029840383736880582e+00
1.266205452506260265e+00 -2.410536759588000066e-01 4.101798179268960176e+00
9.485875997402100079e-01 -3.191098869846700770e-01 4.050403699788919454e+00
1.424349541878210168e+00 -2.360402035691799849e-01 3.903793055874680284e+00
1.486044961036390166e+00 -1.641729037450100903e-01 3.876134493845719398e+00
1.315267161306689969e+00 4.093320655197996150e-02 3.701981880154200155e+00
1.667776258867840422e+00 -2.238872081969933703e-03 3.987634542243600144e+00
7.982298331567601046e-01 -2.042539712343999225e-02 3.545594233284639962e+00
1.255819072020250005e+00 -2.140296212968900713e-01 4.066515409774360101e+00
1.370468739815589920e+00 -1.542730887776500026e-01 3.993487898250280388e+00
1.464489003658369981e+00 -2.089327813322600091e-01 3.896237512611399723e+00
1.252323860457889904e+00 -1.432615159296899976e-01 4.069654362692119776e+00
1.522867544379020277e+00 -2.521433733884900219e-01 3.873059325713919421e+00
8.813918901524500082e-01 -9.367703591761999959e-02 3.698992515910039636e+00
1.477160404155559936e+00 -1.808164196476600427e-01 3.882410223653759651e+00
8.210314859454301839e-01 -6.910838428952004175e-02 3.631030765029479745e+00
9.033096901341099993e-01 -1.294844451065799706e-01 3.792947553349719669e+00
1.399306900538390019e+00 -3.159126248405900173e-01 3.923133471076360124e+00
1.354733348708200058e+00 -1.748468968133399803e-01 4.014154901638320005e+00
1.395056111934030119e+00 -7.977930168176999848e-02 3.927419508095559841e+00
9.074344495590100923e-01 -3.888838819676998515e-02 3.626022019895640547e+00
9.118807036743701300e-01 -3.514594801886999909e-02 3.649896302694360273e+00
1.188816983580079922e+00 1.049170963724398997e-01 3.527309198392159395e+00
1.311782110318040040e+00 1.215336117994003651e-02 3.777766054805679730e+00
1.294405983422050044e+00 -1.893741025698300051e-01 4.051391812622520128e+00
3.793744387471000290e-01 -1.515198005671199999e-01 3.718401843095760384e+00
9.053871625865899109e-01 -3.736597532259000598e-02 3.624901433795719718e+00
1.192048025896449870e+00 1.433217891595400251e-01 3.490575147314199711e+00
1.763748663751889989e+00 -1.343544461696799530e-01 4.025605816654279856e+00
8.839658575765600990e-01 -9.506531026740000501e-02 3.701167685005680497e+00
9.058743889490401546e-01 -1.317072859381200056e-01 3.792511296674079269e+00
4.912975664863200032e-01 -4.473892706926500540e-01 3.800052981228639659e+00
8.266580121060600472e-01 -7.238396466615001912e-02 3.646146559567360335e+00
7.126991429632900665e-01 -5.773061290968994896e-02 3.623016127315000112e+00
9.061536046758300600e-01 -3.497259029011001719e-02 3.628853311562600048e+00
7.592700626165800326e-01 -1.465734695858699477e-01 3.893614654609439896e+00
7.114597496951400313e-01 -8.487971252230003261e-02 3.740067574154239516e+00
8.635828718533200554e-01 -8.724846854859003020e-02 3.678192752110239994e+00
8.670844597274900423e-01 3.685098112062001885e-02 3.561072961843639639e+00
7.582231483214000312e-01 -5.392977409041999071e-02 3.611521764429599379e+00
8.677297112006401303e-01 -6.292958596784004044e-02 3.647599902209999634e+00
7.906556036825900247e-01 -4.815546344777005272e-02 3.589149153990519814e+00
7.562848231663600318e-01 -5.558490380475999970e-02 3.604288333626640473e+00
6.747389320968401050e-01 -3.509254242247999978e-02 3.582026696097440066e+00
8.330161266556299626e-01 -1.534416273986999313e-02 3.563421602571960278e+00
7.738487788926700084e-01 -5.156816568709998716e-02 3.597299379330200608e+00
9.330320116420098842e-01 -7.324531842690995553e-02 3.685757071566840182e+00
8.107673232986800649e-01 -2.936913351061998245e-02 3.613566639562639793e+00
7.907440190507799560e-01 -5.889370366660998113e-02 3.602581590501920061e+00
8.201279031454900004e-01 -9.017483361292003008e-02 3.692738485437160101e+00
7.920900103048100771e-01 -5.031119212921003614e-02 3.573189670229879766e+00
7.893565655776899614e-01 -4.579755107989003093e-02 3.583239197121879549e+00
7.560237315518800738e-01 -5.740112429202998134e-02 3.644048244659679803e+00
1.405987275917019996e+00 -3.461521732363300741e-01 3.889891538107120184e+00
9.465202304780500064e-01 -1.295464210193800481e-01 3.835267290630519632e+00
3.373444365085500607e-01 -1.771421539813099744e-01 3.825340964528040288e+00
1.270995576040370167e+00 -1.251673188552998583e-02 3.748865032498200023e+00
7.890363232785500003e-01 -2.814803386221800263e-01 3.928547650132840019e+00
7.559133525720500568e-01 -1.636003428234500123e-01 3.889098473729079686e+00
8.472744796291900027e-01 -1.012964962690199588e-01 3.674684722370760603e+00
1.220813052831620116e+00 -3.675621020647001913e-02 3.769083114257999689e+00
7.484508920764600948e-01 -2.861998377184800102e-01 3.966969156731519952e+00
7.592952576252900432e-01 -1.500836100587100430e-01 3.883092997593159623e+00
7.717256514608600293e-01 -1.559883326205000198e-01 3.891975523044560070e+00
7.619688382180300756e-01 -1.523209099478899653e-01 3.878578394804839569e+00
7.519049610402400718e-01 -1.671693938452899764e-01 3.892601529700960405e+00
7.311603183397199501e-01 -1.664060062736999746e-01 3.917201889931120284e+00
5.316271052798500207e-01 -5.077183797965799661e-01 3.774105942693160465e+00
7.404537856649200389e-01 -1.791752784187700120e-01 3.922006983400879498e+00
1.535882936593820025e+00 -1.550496729970501364e-01 3.886988900429360072e+00
8.262571885281702055e-01 -1.022659722688199768e-01 3.725450080867320324e+00
1.416660194184260035e+00 -1.307903438639400062e-01 3.946650068333600103e+00
1.328103966109590139e+00 -3.735656899733499348e-01 4.013164601993720382e+00
1.439978024077880114e+00 -1.455066083181900116e-01 3.913120868679679454e+00
7.961934422282401780e-01 -1.993266044373992463e-02 3.550676890099279781e+00
1.242757942696619988e+00 1.395954170772994996e-02 3.726292389846239672e+00
9.047462279682800812e-01 -1.309054591677300539e-01 3.791249785784479798e+00
1.339920338245590203e+00 -3.791380950727399335e-01 3.987555204128040209e+00
1.419118337623459958e+00 -1.402685581385700320e-01 3.961718271619520060e+00
1.416376271296110101e+00 -1.500670450902099606e-01 3.928935539564120560e+00
1.366597247659590009e+00 -1.257279085553800191e-01 3.994449833763080271e+00
1.266023415633810156e+00 -1.865941165918700295e-01 4.051003122064919637e+00
1.113503701747529995e+00 -1.688322637805800275e-01 4.098954943568120513e+00
9.358092473883599105e-01 -6.168893248944998242e-02 3.679806950349200356e+00
8.493110491794300110e-01 -8.920069465428004385e-02 3.738127031956839375e+00
8.993514686406500758e-01 -5.116725309364994478e-02 3.619588462047880206e+00
7.705678767917101268e-01 -5.603625636691000889e-02 3.594256677105080122e+00
8.710184047377000915e-01 -1.189020026542600139e-01 3.768808295061919722e+00
7.124693551646199552e-01 -8.954752787819006410e-02 3.741794841327439336e+00
7.559753005698800488e-01 -5.887595150697000346e-02 3.639873140281280506e+00
8.365885887920501141e-01 -8.083926441306998889e-02 3.665222175448120012e+00
8.208408934925899292e-01 -8.410654433486997039e-02 3.694445741097080571e+00
7.039345882854199932e-01 -2.175140045609996742e-02 3.596691288932239772e+00
7.749169989656600199e-01 -5.291053376387000462e-02 3.594241689886960245e+00
8.679384450139500107e-01 3.984913958117003441e-02 3.566668334495719961e+00
3.891328715082400524e-01 -1.493928503212400005e-01 3.722187768354320525e+00
9.994532864473699707e-01 1.125802560726300028e-01 3.496421123938519671e+00
7.991947009877100605e-01 -8.395924394313999950e-02 3.699501020278040286e+00
3.951823902736300020e-01 -1.474298515606199955e-01 3.738407359267320373e+00
7.759396229970400016e-01 -6.010173205409996555e-02 3.617406013173599888e+00
8.323897150267400846e-01 -1.654281592112000210e-02 3.566969960601039880e+00
1.166130821926349981e+00 -3.383765017667900166e-01 4.021859065904279440e+00
8.058369020925300052e-01 -8.561958261889998645e-02 3.684327805518360144e+00
7.842533504684600087e-01 -1.064604893394299756e-01 3.759478789452799674e+00
1.512653628771039926e+00 -1.758779610114499792e-01 3.880696430699360100e+00
1.153321451254979868e+00 -3.436625881951800854e-01 4.013317928754159603e+00
1.378854418466959997e+00 -8.329028949127004200e-02 3.932695421713919615e+00
1.380944033678230376e+00 -1.332366764445099272e-01 4.004194380893560279e+00
1.265513459021119891e+00 -1.854445554940200025e-01 4.055922478789519836e+00
9.600655933047701485e-01 -3.079695772585999691e-02 3.623194103112679976e+00
8.385647767267201402e-01 -1.022600263675600418e-01 3.728725260285200349e+00
8.649493535417500656e-01 -9.212736511506003367e-02 3.700413600277559389e+00
8.259616912962499669e-01 -1.049916639685500308e-01 3.716519410236439391e+00
8.186186614120800620e-01 -4.452160679001004873e-02 3.603689172558639520e+00
9.634172457613299212e-01 -4.702612485745005788e-02 3.618640456390600058e+00
3.346416504599700192e-01 -1.815906792524200342e-01 3.761191713680359427e+00
3.954536856056300453e-01 -1.477219388130799893e-01 3.739752504354999729e+00
1.395608065668090036e+00 -3.168868838357400408e-01 3.912904464225639423e+00
1.430638816988790030e+00 -2.971401142793900774e-01 3.870393759109079568e+00
8.468009682786099557e-01 -1.520280790106500191e-01 3.935229253956279649e+00
7.984740560931600228e-01 -7.994177513885000752e-02 3.654079702392239781e+00
7.767822211258801346e-01 -1.848713026982000684e-01 3.939770297053679649e+00
5.244902452700599405e-01 -1.144878872315599760e-01 3.729720172740400130e+00
5.307641682356400992e-01 -5.141387727783499617e-01 3.769816817891039840e+00
8.441894214396401530e-01 -1.709446822558600143e-01 3.945908222445519975e+00
5.271482862201999353e-01 -1.164111746266600356e-01 3.714467725644159835e+00
1.321325539828970053e+00 -2.374544392396993331e-02 3.849950582025400081e+00
8.388581495029201474e-01 -1.806899513304899840e-01 3.928874316645279308e+00
5.392974208442600226e-01 -1.084668265111599916e-01 3.711080612461439721e+00
5.726913958662001036e-01 -1.173511379890099793e-01 3.745761148220399406e+00
1.321786454702510216e+00 -3.154930365760000299e-02 3.823985953420200090e+00
8.409812116728800913e-01 -8.353879212625997530e-02 3.630479116286079666e+00
6.734818958021500102e-01 -2.345624235969600568e-01 4.043991471232439849e+00
3.809934045282800108e-01 -1.499159714039000058e-01 3.801383355028479905e+00
6.691481186661201175e-01 -2.322461830086800516e-01 4.048562273007520140e+00
9.197899980571000444e-01 -1.187639397740099800e-01 3.784602923178960410e+00
8.760219328545799655e-01 -1.365225587896000126e-01 3.681273679308239899e+00
1.211687300941409973e+00 6.189116836082997342e-02 3.665416845280599745e+00
5.464396475320700830e-01 -1.361440735621000375e-01 3.752521824042839960e+00
5.099070404345600327e-01 -3.935826201733700347e-01 3.817258821368559651e+00
5.271606373929700329e-01 -1.362611245341500132e-01 3.761164980744199582e+00
5.391560874361001066e-01 -1.320296036497800307e-01 3.748879954770959699e+00
3.495246661265900556e-01 -1.870618998270799915e-01 3.786481812579640227e+00
1.203170049973190103e+00 -1.499252122842004153e-02 3.762908981220199678e+00
8.674082311891200270e-01 -8.974103731311999788e-02 3.687928418893759996e+00
7.954852379912700222e-01 -5.779572927276999117e-02 3.602189672607079451e+00
8.373076236865799604e-01 -8.031283879716000218e-02 3.668414166048879821e+00
7.535914463749400216e-01 -8.775577470013001813e-02 3.724748154393359378e+00
9.045117187908400247e-01 -9.333286189670994548e-02 3.697830423079440543e+00
3.243880236641700221e-01 -1.294651884100999628e-01 3.678751512547560054e+00
7.578374417921099893e-01 -5.942111276860001512e-02 3.637669979822359956e+00
1.189419263715620012e+00 1.392979595186299435e-01 3.498066387507599906e+00
8.183729684288501005e-01 -3.518492383501997667e-02 3.605740390474760027e+00
8.078563185645899480e-01 -9.765340374893999309e-02 3.689265521550999516e+00
1.174416571977230150e+00 -3.675527742321401670e-01 4.047525496705079995e+00
1.291264948869770057e+00 -2.023777971642299889e-01 4.029765698623640091e+00
8.212229070019601007e-01 -8.599323011108001014e-02 3.695682076500560242e+00
8.311636396474200161e-01 -4.892266629594999028e-02 3.602436225018559313e+00
9.737793250033000003e-01 -2.713762649520400361e-01 4.079305676258079494e+00
8.266977066325100765e-01 -4.798466962556002802e-02 3.599331634911399291e+00
1.183026579399349965e+00 1.340225096015799644e-01 3.475112152638520691e+00
3.022249730967000447e-01 -1.985349124888999561e-01 3.810302986069199704e+00
8.102183978556600774e-01 -1.038323573962499913e-01 3.727691510225199956e+00
8.211950786946700109e-01 -1.035635418557299958e-01 3.725415258716839872e+00
5.082396779740701032e-01 -3.919338291194699453e-01 3.824341859086040074e+00
3.417256588633300618e-01 -1.831531609832599550e-01 3.790165416691880118e+00
8.702419953542701592e-01 -8.320408707464002629e-02 3.672478079030760512e+00
6.112548140189800749e-01 -1.291612344028399972e-01 3.775397070704480385e+00
3.691849456758100612e-01 -1.795882864324500061e-01 3.781761737462040252e+00
5.693457670438100138e-01 -1.374342446487200331e-01 3.777088892186919900e+00
5.110091310140100207e-01 -3.917440854265500372e-01 3.810296749514200165e+00
5.999184348370800723e-01 -1.357441782082700055e-01 3.786510319337279995e+00
5.861546441022100762e-01 -1.299048893974800167e-01 3.730771884038279751e+00
5.994747659032999554e-01 -1.390410585196200366e-01 3.775071590126239940e+00
3.762239790108200532e-01 -1.670811894224899785e-01 3.777115984113759595e+00
1.393106644845490294e+00 9.861760974921995881e-02 3.671262995174119581e+00
3.912293671084100533e-01 -1.480081835473600615e-01 3.739479073080599569e+00
4.403060724960999872e-01 -1.544010118516400132e-01 3.784281091479440029e+00
4.714255205410600169e-01 -1.509696466036200280e-01 3.774604297637280226e+00
3.806770492992700428e-01 -1.566441320727400277e-01 3.763299736763559444e+00
3.579316258938000095e-01 -1.532033525395000151e-01 3.865931412845599269e+00
7.787990308154901786e-01 -8.642036136952999104e-02 3.680535368661160156e+00
3.839899310541300403e-01 -1.810695643614799732e-01 3.781558431393480468e+00
1.221826511401580051e+00 6.487648265022993854e-02 3.673678132161760423e+00
5.651197362058200113e-01 -1.406569914663999832e-01 3.762815196618559455e+00
5.673157739050900261e-01 -1.429722344235699882e-01 3.755084520555640459e+00
5.704450887054499653e-01 -1.478933760361700323e-01 3.749645021301399872e+00
4.935566207764600088e-01 -2.805806393204399729e-01 3.878565708435360193e+00
6.929870999315700386e-01 -1.382414661325099825e-01 3.845113544663400162e+00
6.898900892262800344e-01 -1.383829672806999866e-01 3.841808504299919491e+00
6.924544774692200644e-01 -1.380179470723799928e-01 3.845733005819360173e+00
7.912831111912699278e-01 -5.806981453613002664e-02 3.602533457402439687e+00
7.942465325873699911e-01 -1.654946492020004101e-02 3.548413106038520226e+00
6.915964740453700577e-01 -1.385718525489999797e-01 3.845318723659480575e+00
3.272239869268300239e-01 -1.968932074751000294e-01 3.809972866494919508e+00
7.871915991956599523e-01 -2.806446732009800216e-01 3.916537426084719442e+00
8.097082722694199930e-01 -7.336728618017995807e-02 3.658841816735919572e+00
1.346354161507069991e+00 -2.667913105695300380e-01 3.956092977271880251e+00
1.424461519323530156e+00 -1.269486447124200112e-01 3.898300340402119701e+00
8.696759741278001776e-01 -8.195039159271000351e-02 3.661057159419599749e+00
9.894412745181400126e-01 4.407203978466001093e-02 3.596586815505359525e+00
7.407521317390900473e-01 -8.416595123283004964e-02 3.711631238599319538e+00
1.377266899632220154e+00 -1.820684020237994805e-02 3.935230558986320126e+00
9.273488176316000420e-01 9.207172926129991719e-03 3.630318168893200692e+00
7.877447406161699472e-01 -4.761464281391003528e-02 3.581695384129560011e+00
7.115030541469500314e-01 -1.021488499808499706e-01 3.742158717806120194e+00
3.939538591187800032e-01 -1.469269589649599972e-01 3.741927955316879384e+00
7.214975309532500880e-01 -5.377248612423990437e-02 3.634433616263879507e+00
7.116428630849100934e-01 -8.601901686598004138e-02 3.736875678618679864e+00
8.727451834607600212e-01 -1.195562471439799712e-01 3.769185226373919839e+00
7.919195706461400475e-01 -5.667495927951005097e-02 3.606872968880079355e+00
7.503207355354999386e-01 -8.971797893495003784e-02 3.718580891301279223e+00
1.045596829793630000e+00 9.194709127325001452e-02 3.581648651782200155e+00
7.084023008514199748e-01 -5.078702964526993213e-02 3.637071914017839802e+00
1.163462020419540055e+00 -1.974231100208299616e-01 4.072678215897360232e+00
7.608277360113699928e-01 -5.810122726900995849e-02 3.603572097526039464e+00
1.209693233956170122e+00 6.504797410410001479e-02 3.660177471142359806e+00
7.623282704029900048e-01 -5.480473268226992989e-02 3.611813140372599484e+00
1.036049460520990007e+00 9.327532277525996118e-02 3.525636437099159970e+00
8.236918512343101018e-01 -7.541674537140052870e-03 3.552196656052279522e+00
8.252286241867301531e-01 -4.919281201269942727e-03 3.592280242202919638e+00
3.732930064108000434e-01 -1.453604891339799754e-01 3.735624667877440075e+00
1.163956490222820106e+00 -1.534318463199700333e-01 4.097349330804560097e+00
7.707609564344800601e-01 -4.938254378699996616e-02 3.577333973949359702e+00
7.799922817619400206e-01 -1.154126231568997074e-02 3.521523731142080393e+00
1.260070657950500106e+00 -2.468459292211100387e-01 4.079444679433599674e+00
7.502290604124299822e-01 -6.122826992220997688e-02 3.600599527430119906e+00
8.325166458267301284e-01 -4.448758506305000582e-02 3.614177321259960607e+00
7.553844991297899991e-01 -6.135945945347998087e-02 3.598781329339559854e+00
7.570282465783699788e-01 -1.013008389476999227e-02 3.506947327372039958e+00
3.433488709977200459e-01 -1.844333933137800308e-01 3.801466993905680880e+00
7.460100078486899822e-01 -1.842869945512499719e-01 3.919198644630999873e+00
7.909290580177400498e-01 -2.318431929671399550e-01 3.936171209323279463e+00
8.352624148462701736e-01 -4.149011963442000850e-02 3.612241011245240330e+00
7.544464182482800707e-01 -1.887247302292300866e-01 3.937477522062639679e+00
7.572141083695000940e-01 -7.945137326520024246e-03 3.509258147665439864e+00
7.471015637151300348e-01 -2.237121309955599768e-01 3.996831982606519951e+00
7.702332814133500127e-01 -3.230110164269399675e-01 3.984151265782680085e+00
5.294961869408300048e-01 -1.143799838139500369e-01 3.722725646681560363e+00
7.813491597943700295e-01 -3.104449515795799641e-01 3.949510596174760302e+00
7.814346896028400158e-01 -3.083818873951699735e-01 3.940273952053040318e+00
7.820994201555799830e-01 -3.120606687635900656e-01 3.956840994604479356e+00
7.999945132812100734e-01 -1.863586227197600032e-01 3.943381540957640041e+00
3.762975063536100340e-01 -1.473173187769400150e-01 3.751234651209959914e+00
1.255677007125020062e+00 -1.288083207341000902e-02 3.708441237208719876e+00
4.915299457982399978e-01 -2.754774712296700345e-01 3.869801966432000029e+00
4.930683823422900569e-01 -2.764395901848000214e-01 3.868779429902439837e+00
1.246263480092570042e+00 -6.308097519630018191e-03 3.688789682592440222e+00
9.125467685385399985e-01 -1.231096580387199546e-01 3.770298450690880543e+00
7.201357494947200344e-01 -1.154051958055000715e-01 3.746735259424239572e+00
8.076665031900500669e-01 -2.027003935752899610e-01 3.980381429057720410e+00
5.300630439344600209e-01 -1.150204362244899858e-01 3.723984559191840127e+00
8.406593489862199675e-01 -2.652472555027600154e-01 3.948355744660799971e+00
1.137290890946420108e+00 -3.033424928399400811e-01 4.060651137270800071e+00
8.052045078931899802e-01 -7.799699119134004266e-02 3.649442849460600158e+00
8.170837570518700854e-01 -2.127323187509900237e-01 3.989874162839480043e+00
3.387025847155200609e-01 -1.464100755473000115e-01 3.716408341775999880e+00
1.157286823194550118e+00 -3.488425599596400306e-01 4.037618456703479630e+00
1.130859871390160087e+00 -2.760039274490900252e-01 3.977776962091599700e+00
7.547614568767300192e-01 -6.641180247222000510e-02 3.642512994863880138e+00
5.546050228542200866e-01 -1.130020770264699992e-01 3.770406545338079951e+00
5.757558472847700282e-01 -1.022470550077000107e-01 3.800384233642519760e+00
8.129646223175599484e-01 -3.734714039541003894e-02 3.608097821370079394e+00
9.534650593338500624e-01 -2.411344568620100715e-01 4.078984745789799859e+00
3.633016934756500005e-01 -1.649528686012800283e-01 3.760437639357719242e+00
3.357400982137800360e-01 -1.412058488964300362e-01 3.693394511139040048e+00
4.142353733671300109e-01 -1.590921817916200187e-01 3.762351224659240323e+00
4.114955948769200011e-01 -1.591050090743200418e-01 3.765387377543279790e+00
8.235082671991900138e-01 -1.036859661343599859e-01 3.663689803827639757e+00
3.273092317762100190e-01 -1.944926697499300139e-01 3.810090523239479943e+00
5.251710494360499748e-01 -1.298265339845100230e-01 3.732964717727879744e+00
3.395271768254000122e-01 -1.832754975338000136e-01 3.802919406303999494e+00
3.854456699135699882e-01 -1.753155403304300086e-01 3.766397887121160082e+00
7.918527609990300142e-01 -4.065133573773999087e-02 3.592916960540600613e+00
3.781287145336399980e-01 -1.677175821809600842e-01 3.775983314474559371e+00
8.086677000313000629e-01 -1.721901417479300145e-01 3.912868213814240548e+00
7.512001286234200048e-01 -8.969785772152999437e-02 3.718829916067999619e+00
1.292647386051190228e+00 6.138610243390019150e-03 3.749087145103159990e+00
7.936077368833600598e-01 -8.638150949602999007e-02 3.680292479977760323e+00
8.177887021014200730e-01 -2.107265669512899953e-01 3.984306287658720080e+00
7.515973704363601016e-01 -9.109556780594002534e-02 3.715956154551119717e+00
7.510267493559600327e-01 -7.055856990630998693e-02 3.642821820752000228e+00
1.034105356682780030e+00 8.608270295905001701e-02 3.517509818068480065e+00
1.180682165693609953e+00 1.353861460397599581e-01 3.490615277804119287e+00
5.239959051720600725e-01 -1.306507304353899945e-01 3.739056932950879819e+00
1.354886532753950101e+00 -3.733101633641600636e-01 3.947238401696679944e+00
1.424584187466010121e+00 -2.375519393090899656e-01 3.899312924455400342e+00
8.735787603890299291e-01 9.269755670510027024e-03 3.626633261561160282e+00
9.588581306836199136e-01 -3.947064264584699833e-01 4.040430314518240529e+00
8.064346585241799481e-01 -1.922769977890200210e-01 4.062498951904800037e+00
9.562609908219601440e-01 -3.657816002675100542e-01 4.034262619377280146e+00
1.400544554558259991e+00 -2.185265965078500017e-01 3.921812064422399935e+00
9.585944036699101112e-01 -3.651049999183500483e-01 4.036441404071319461e+00
1.302576782842230108e+00 -3.526825138829997597e-02 3.804947893183959984e+00
8.322543170948200064e-01 -1.847000540803200308e-01 3.969628007667600045e+00
9.606133165662700257e-01 -3.656520191131999997e-01 4.040943307726999834e+00
7.124654626121900147e-01 -8.606030925032998047e-02 3.740095807121959659e+00
9.621133232659200285e-01 -3.461881682102700419e-01 4.087321081039839932e+00
9.643166910016400806e-01 -3.418186673142700194e-01 4.044835690205519363e+00
9.667329522426300059e-01 -3.415623195602900397e-01 4.048850661307800358e+00
7.879369197492700483e-01 -4.910061184520997379e-02 3.592587558127560143e+00
9.537220334876801431e-01 -3.325556697342800239e-01 4.050782495787919935e+00
9.453849945852799141e-01 -3.177250605474299383e-01 4.048472078938639918e+00
9.481414544506701070e-01 -3.171150591398200214e-01 4.049962589944439806e+00
8.828056083332600501e-01 -9.134282575553998029e-02 3.705138884929040088e+00
1.594335317059100143e+00 -2.157213573222300784e-01 3.891599596659199634e+00
7.253184263946599319e-01 -1.111847032717500072e-01 3.765391816103919709e+00
1.323459818996360227e+00 -3.729666035343199848e-01 4.004962052974240017e+00
9.609465230340399344e-01 -2.922676729365499826e-01 4.067457161783360142e+00
3.961721425940700203e-01 -2.577134501545900180e-01 3.886986320688680330e+00
3.942094000285100153e-01 -2.565742551820799910e-01 3.897164034558920243e+00
3.362219742921200294e-01 -2.417916015562300291e-01 3.887062741211759764e+00
3.233810570163800358e-01 -1.303509858156000067e-01 3.677513138710639673e+00
4.742298790895500549e-01 -1.961488432321400188e-01 3.900662944966760470e+00
1.243833132688630050e+00 -4.178176648867998333e-02 3.769488751918760094e+00
7.891045219926799970e-01 1.272071263465002211e-02 3.511884056211520111e+00
7.504585415111899582e-01 -1.808073962526900724e-01 3.890321739389239752e+00
7.509961523174899511e-01 -2.814914860727399937e-01 3.963206509440200698e+00
7.878073084006000926e-01 -1.736205113690099944e-01 3.917754346639680030e+00
7.520080396703900938e-01 -2.633883479045300846e-01 3.975835420225959815e+00
1.398075724810940113e+00 -3.144308717736200576e-01 3.917507993171920333e+00
7.895215722611600428e-01 -2.136485384616600425e-01 3.985168508044400149e+00
7.712147418404000643e-01 -2.072134900534999824e-01 3.943313727818319236e+00
7.404359066848300586e-01 -2.341188496883500059e-01 3.989976179012439950e+00
7.410884441810701162e-01 -2.316901488589999669e-01 3.990366839976839941e+00
6.609152708782299879e-01 -3.706479112419199806e-01 4.010565503234840179e+00
5.874115862014699374e-01 -2.239651350049200462e-01 3.993884775570680112e+00
1.385038104220620125e+00 -2.311129088830199962e-01 3.906136509314800165e+00
1.320443779992640065e+00 -3.221814846215997896e-02 3.836994998422559533e+00
1.371495990827870104e+00 -2.168545807598199482e-01 3.946077118975320097e+00
1.371458757752370028e+00 -2.061686766612499944e-01 3.952045753325879929e+00
6.419649803067200011e-01 -2.349664844334200531e-01 4.022591335513119759e+00
8.064333199337401226e-01 -1.849361246045100327e-01 3.993466257897040350e+00
6.430298988849501018e-01 -2.411042753791999838e-01 4.021441797355960190e+00
1.169261639616860027e+00 -3.080189950712000635e-01 4.018968077345439482e+00
1.148281704164169970e+00 -3.436380606168200624e-01 4.054308112304359391e+00
6.936921136494800244e-01 -2.297185914614900404e-01 4.006604266190799457e+00
9.487096890514801206e-01 -3.136245039945900204e-01 4.053431400151840336e+00
1.326561416867520160e+00 -3.095936032265700910e-01 4.020444902463759185e+00
7.449458464761300469e-01 -3.850340620988400020e-01 4.004921000308599766e+00
9.267406234191200021e-01 -2.580767038096800636e-01 4.072807097995039705e+00
1.348343864566720285e+00 -1.812919767491200096e-01 4.023839850275679808e+00
1.348221578879019944e+00 -1.911035412568699576e-01 4.038323558589439699e+00
1.140165002535239891e+00 -2.387125604001000267e-01 4.119630828608800144e+00
1.164398531834850203e+00 -3.681215972299300976e-01 4.080364438216039780e+00
7.116915296062700236e-01 -2.617884320523000685e-02 3.598292418235880419e+00
1.127917033352200171e+00 -2.358542135354200209e-01 4.117985616659679771e+00
1.357082002908789997e+00 -1.179372936420999829e-01 4.037693389427560398e+00
1.115439930075930119e+00 -2.100675761612100234e-01 4.092937474621240135e+00
9.727515960737300738e-01 -3.884265445971300523e-01 4.038090656980520166e+00
9.802990669812901015e-01 -3.916852186303600991e-01 4.078943125611080411e+00
9.724269723074099314e-01 -3.906884093701900040e-01 4.124241917157799975e+00
5.580297022335800605e-01 -3.191439266431799759e-01 4.139020389309919778e+00
7.759540210402600113e-01 -7.747487960799714912e-04 3.490279703655279953e+00
1.119526037933050056e+00 -2.277764386060099899e-01 4.098988698395720220e+00
1.781326471981890203e+00 -3.030798801996004155e-02 4.107727031471799961e+00
4.102693537108300093e-01 -1.599077555504800352e-01 3.765264344281240128e+00
5.010078384487900438e-01 -9.519409553869984109e-03 3.521028564526520022e+00
5.106009093948300492e-01 -1.585547685835997367e-02 3.527053711796760638e+00
4.104375565969300421e-01 -1.608433920936000461e-01 3.760897553965559581e+00
9.774333917130699767e-01 -2.870442214760500210e-01 4.108720686822520562e+00
6.737242769228499739e-01 -3.426751570440000894e-02 3.581505496169399727e+00
3.154746408161199778e-01 -1.454118349984400427e-01 3.683790986635999687e+00
3.697213710370200190e-01 -1.683247631990999749e-01 3.767194062293920176e+00
6.744480460004400602e-01 -3.719216690386001334e-02 3.574713700054879872e+00
6.845799384405699683e-01 -1.320937278731200148e-01 3.854724175486119897e+00
3.870049208069000213e-01 -1.732757565832900859e-01 3.765789654203039127e+00
4.977260427335300497e-01 -2.051803878432299777e-01 3.904852457786359921e+00
3.932232829112800032e-01 -1.461519136413000353e-01 3.761472347793599624e+00
6.749807961677900536e-01 -3.715765926800400076e-01 4.048835988385159901e+00
4.989905093230800337e-01 -2.009909653749599734e-01 3.908688375041199592e+00
1.224964937513310037e+00 -3.454956883192006334e-02 3.776259452933960148e+00
6.330592509729500161e-01 -3.440126689370299196e-01 3.990995830520679633e+00
7.516424073309100340e-01 -2.987713836628599906e-01 3.976682894022040671e+00
6.583086255113900220e-01 -3.312736055418100678e-01 3.965680178078759610e+00
6.406290805228600505e-01 -3.302303332541400294e-01 3.991227450988799497e+00
3.594608711529000411e-01 -1.705559267997200368e-01 3.760802842004880020e+00
7.731499363102400935e-01 -1.545958079598900581e-01 3.900647435373439720e+00
5.496038706101800120e-01 -1.142542069800600302e-01 3.734649057685199836e+00
7.386114708117700323e-01 -1.801752141841699850e-01 3.920925613022839151e+00
6.228547104481100272e-01 -3.091045085894599809e-01 4.020104327742039629e+00
6.210167983464400798e-01 -2.982337918234400087e-01 4.019347445452160272e+00
6.510696567829600268e-01 -3.722372982315200196e-01 3.981566940858559889e+00
7.902259288049500174e-01 -2.970044231558000014e-02 3.519345397236439688e+00
3.503298964841999874e-01 -1.746349322812799920e-01 3.757233026998719971e+00
5.329054020838600580e-01 -5.039627982464900402e-01 3.761674570775119797e+00
1.317077570512710238e+00 -3.190011260462000120e-02 3.830547965845560121e+00
8.278781781331800982e-01 -1.842215085279700348e-01 3.973523789116639726e+00
3.638782949773500253e-01 -1.650317235003899707e-01 3.742665263636680173e+00
6.744578630337000336e-01 -2.340139299914001381e-02 3.564412065168720112e+00
3.915722953104800452e-01 -1.548666812262899928e-01 3.770406960364640625e+00
7.570891711529600387e-01 2.499114645901001630e-02 3.489373897938159885e+00
1.141215257385030046e+00 -2.968992512593500166e-01 4.090421588364280048e+00
1.345948411573880232e+00 -2.191074889522700575e-01 4.035805189986160002e+00
1.373444536851350151e+00 -1.530457103087499715e-01 3.994308390708120271e+00
9.374796762621400159e-01 -2.725506855759600722e-01 4.063900129099679681e+00
8.570986997285299225e-01 -8.523902533441002349e-02 3.696934794569640026e+00
5.124752181450800137e-01 -2.067375320185005361e-02 3.510553997977200247e+00
1.162682751758219890e+00 -3.692233066072799774e-01 4.077919795950160520e+00
6.934945938619601069e-01 -2.683375219159199743e-01 3.988922600521440209e+00
4.019606051206600084e-01 -1.589237518866199739e-01 3.763850656000159667e+00
1.205038611199640064e+00 -3.674612862386199552e-01 4.148765894199120119e+00
3.479905063597000248e-01 -1.702054267823600309e-01 3.758106099737119621e+00
5.671689580657000018e-01 -3.424747644133200319e-01 4.188832963631999640e+00
3.765150303218600114e-01 -1.681221478628600052e-01 3.746971635180879723e+00
3.868785898409600188e-01 -1.490526896013900093e-01 3.742924638676879745e+00
6.390577976722100484e-01 -3.322924340527000919e-01 3.997084491782759486e+00
7.907955824021499769e-01 -1.920358930910600059e-01 3.894496471184839770e+00
3.504230834232300307e-01 -1.468436336629599381e-01 3.717601206927319879e+00
1.390605775246600118e+00 -3.170357630520000969e-01 3.906404066044079748e+00
3.377152459905000126e-01 -1.467186622487800518e-01 3.710995768231279968e+00
1.347274394301110068e+00 -8.149512286366006331e-02 3.958779447716279876e+00
7.115235087350700871e-01 -5.445773508941600394e-01 3.892553858701560010e+00
7.134432163529200732e-01 -5.448681919554099196e-01 3.896323009138479954e+00
9.154623692673600210e-01 -1.168772420142100421e-01 3.789399394549759492e+00
1.443672108261750076e+00 -2.930444726115900567e-01 3.877077252238839478e+00
1.388808198102140068e+00 -2.672935493673598839e-01 3.906517840513520134e+00
1.340639438131430161e+00 -1.770663775470998624e-02 3.875408134938359339e+00
7.282625143176799654e-01 -6.287703813879999548e-02 3.633724196192160250e+00
9.054591542203200838e-01 -2.623454636135000295e-01 4.129740264526319926e+00
1.375134033005000145e+00 -3.463183334055199847e-01 3.953914292676159903e+00
1.369968614957220110e+00 -3.248873988112601086e-01 3.964544075664560019e+00
1.352826938974220017e+00 -2.162298671599500177e-01 3.981361496032639558e+00
1.327150749441930122e+00 -1.097661380757700700e-01 3.836477880524599371e+00
1.329015955218739942e+00 -3.084596885177500747e-01 4.021229736240959696e+00
1.362201640736490083e+00 -1.546900319588899730e-01 3.977463881562600001e+00
1.267594790025889928e+00 -2.042809547767000522e-01 4.046638778012280113e+00
1.355208088690660118e+00 -1.555276632654001290e-01 4.009009285714560278e+00
1.215444914876470106e+00 -1.816427097092800369e-01 4.049451062811639801e+00
9.704189116480801403e-01 -2.097100101964800012e-01 4.118715947030800351e+00
1.356430609488100014e+00 -1.112168199651700773e-01 4.032993063066879991e+00
5.700299895360000368e-01 -1.429398264740800173e-01 3.777441207609680163e+00
7.651751543006299894e-01 -1.547551406830400544e-01 3.893087395794039729e+00
1.309837927135450109e+00 -1.816159931646300629e-01 4.079331338327880196e+00
6.189733012393699996e-01 -3.072895617490000175e-01 4.038218109736919637e+00
1.770724094750010025e+00 -6.082637722945005709e-02 4.088552030215639732e+00
9.223773409858500028e-01 -1.203942357524100393e-01 3.772638489822040420e+00
9.339895134623801276e-01 -2.719432910367003409e-02 3.596891641582800503e+00
9.324679685412000651e-01 -2.741237455540200263e-01 4.067890778293840270e+00
7.749450631863300520e-01 1.470069698769999045e-02 3.509554440795479735e+00
8.899769284498901811e-01 -8.206513432921003215e-02 3.692776835989719508e+00
8.037219888348701158e-01 -9.150621074497994334e-02 3.682729868347880853e+00
1.196790245129890184e+00 -3.476686248094199572e-01 4.058154249699960303e+00
6.752368618785900001e-01 -1.483666702295000084e-02 3.570467040159000405e+00
9.699438691401400803e-01 -3.060871798374400488e-01 4.077549921545200462e+00
4.800873228002400239e-01 -1.986918185593099795e-01 3.884445448384080457e+00
7.713908039701000696e-01 -4.388376934387994144e-02 3.595479177593119857e+00
8.822395711472099666e-01 -9.419902803334001540e-02 3.701471505857719890e+00
6.615093926544000080e-01 -3.740588410842200506e-01 4.006923132182399705e+00
5.355197347663900320e-01 -1.414927222462799838e-01 3.738213339804359769e+00
9.328590944924901596e-01 -2.683918484071399768e-01 4.055548743136360379e+00
8.006971320549600701e-01 -3.690320870142499987e-01 3.916614076061279981e+00
1.709919209438840237e+00 -5.360595593359995803e-02 4.028036017307200289e+00
