8.014711074613101172e-01 -7.353203091582198869e-01 3.691818306340230560e+00
6.366872219756998241e-01 -6.260128113022099816e-01 3.547718369195740351e+00
6.518262941898000928e-01 -8.687848823691899369e-01 4.664197447331680735e+00
9.135613140397802479e-01 -8.965215274148399249e-01 4.333649478466419680e+00
1.128837458271840344e+00 -5.437403233197699581e-01 4.281855555579520356e+00
1.224698304105390267e+00 1.602600174695001378e-02 4.302557256097269800e+00
1.107694758319210049e+00 -6.686261839432499077e-01 4.295861950980169652e+00
1.189710774313129882e+00 -7.334161312574499769e-01 4.163005652975490634e+00
9.042836369550701914e-01 -9.026032486977300096e-01 4.333891421699149760e+00
1.025871381545349958e+00 -3.402307700144300284e-01 4.448149381467830565e+00
1.023223526639550185e+00 -3.336593092628999946e-01 4.455870292030990498e+00
1.129254095189859974e+00 -5.393054565114500098e-01 4.283623217030900321e+00
1.129344263395059889e+00 -5.370550640576500223e-01 4.285019489708780327e+00
1.024400359036869990e+00 -3.464510505914200067e-01 4.444972212915110354e+00
1.137199605973780336e+00 -5.577010404173700087e-01 3.887738233309580238e+00
9.856388656137202720e-01 -6.853893950305001148e-02 4.550611914035879835e+00
1.187515239955850177e+00 -7.691790632297900165e-01 4.157460279126690139e+00
9.856486098369501292e-01 -7.026022279045002206e-02 4.549043970154230010e+00
1.081265002467230119e+00 -9.318696868146199019e-01 3.932476545112350674e+00
6.986762657961300693e-01 -2.703814485574399518e-01 3.088818342054730159e+00
1.030918606890179889e+00 -2.542293813593299867e-01 3.147873105999940080e+00
6.723967061677798007e-01 -8.765701676712200907e-01 4.659149882276140353e+00
1.032921643278060131e+00 -2.994020071924999860e-01 3.181551601996539969e+00
1.126972510386229809e+00 -8.045481541515400181e-01 4.010070084208590124e+00
1.156808263374540013e+00 -7.667749232730399767e-01 3.990972179262940234e+00
9.024659905548597649e-01 -8.965587723240698859e-01 4.344251121293380535e+00
1.090646823725119896e+00 2.257191671120499787e-01 3.879258092479319853e+00
1.342837107512770078e+00 -4.226963754396100281e-01 3.743475013332890011e+00
1.123742568394820340e+00 -8.898881653656001145e-01 3.846340889814060304e+00
1.373226287561040149e+00 -4.903651115793500326e-01 3.889240971967120153e+00
1.314264751905440232e+00 -4.453184648483100028e-01 4.136994322165080007e+00
1.083628006670480204e+00 -4.721270527185300603e-01 3.717444204216480141e+00
7.613096265362799819e-01 -4.361203217251600206e-01 3.435948484373480660e+00
1.374508783754740282e+00 -4.886653947205100157e-01 3.886507625172380020e+00
1.505260731763830018e+00 -3.052633631535399683e-01 3.656707613976790228e+00
1.109017555636100383e-01 -1.150696587847479968e+00 4.747620693431130690e+00
6.981292282508055891e-02 -1.150114052149629806e+00 4.752236618835479653e+00
1.514969513654800259e-01 -1.130037149631979876e+00 4.577652404985080636e+00
6.263569090461100775e-01 -6.244972098794300264e-01 3.554097997187990021e+00
1.162464580807540226e+00 -6.506363518326000461e-01 3.964836951645020147e+00
1.323205255718610029e+00 -3.083498836130000309e-01 3.478364052048250166e+00
8.798059923570011875e-02 -1.151633659160080203e+00 4.748288782164820532e+00
1.158762908435029937e+00 -7.079748240679399895e-01 4.135556884430550362e+00
8.535114514847499390e-01 -1.807411776391699976e-01 4.876889235737269956e+00
1.056853102462120164e+00 -1.004178860680060126e+00 3.901718857579519639e+00
1.135469025392600306e+00 -6.383166572732800192e-01 3.927808389798480349e+00
6.334984327998001152e-01 -6.739528196511700431e-01 3.304056671668720302e+00
6.503134884975001473e-01 -5.486601813051000809e-01 3.342733798917099985e+00
4.193593314981098885e-01 -2.621215045278699751e-01 2.953069587543350139e+00
3.006702072299300976e-01 -6.791469576913600203e-01 2.696834707717290058e+00
1.006370619359460150e+00 -2.517420796536500305e-01 3.141857482882540076e+00
1.054167915189850202e+00 -7.026680329024799221e-01 4.133648413541690658e+00
1.373877485289219935e+00 -4.811734183678699761e-01 3.877114190515940084e+00
2.758867895375798351e-01 -5.174393493535499600e-01 2.729080981548619889e+00
1.138630606513630017e+00 -7.971832140606800454e-01 4.022093065819190016e+00
5.550548150608201059e-01 -5.517749627322999784e-01 3.433441436214100140e+00
6.004565856504799903e-01 -5.691796693743299551e-01 3.062560713667799916e+00
3.799994230596901446e-01 -8.371291147775599129e-01 3.130785240749050402e+00
1.002692682403939939e+00 -3.752335833350000094e-01 3.344958659301900283e+00
1.045332462158280018e+00 -5.947008941142399863e-01 3.849457472514159928e+00
1.332329700989599797e+00 -1.431307450229002409e-02 3.345318577773479962e+00
1.284415899206798883e-01 -4.383910747612099756e-01 4.989356158707920486e+00
9.943221168515601338e-01 -3.595800761984200289e-01 4.640393948690160641e+00
8.171252882297104225e-01 -1.770416342955200006e-01 4.892140919641869701e+00
1.323177126183229912e+00 -5.195384182962400343e-01 3.722566560597510232e+00
9.451430899525699036e-01 -1.126582909467900295e-01 4.598940774453810221e+00
1.672648432182520128e+00 -3.659957118258599928e-01 3.834099685452680095e+00
1.283078582509400434e-01 -1.093612472797830026e+00 4.749066635489699983e+00
1.156441140722549887e+00 -8.630018791812299472e-01 4.117351351784470204e+00
1.333631443660650229e+00 -4.911569343459499803e-01 3.664695928020490268e+00
6.405068657172701130e-01 -5.459019690444200101e-01 3.337604556479630169e+00
1.043754157643159930e+00 -8.814001197809100407e-01 3.960300683030200108e+00
6.235209179801999291e-01 -5.099837604253800727e-01 3.578806252167880064e+00
6.049591083339700415e-01 -5.040770000018000019e-01 3.574191504616490267e+00
1.137759872625980107e+00 -6.385868349699700408e-01 3.925288774373580036e+00
1.829184117864399717e-01 -1.248191165852339912e+00 4.444053629241440539e+00
6.940807758203701994e-01 -2.717082523200199939e-01 3.087812905672450370e+00
6.926328584147702916e-01 -2.798197950046900084e-01 3.101640193730410111e+00
1.076004208027410147e+00 -9.909075535937599266e-01 3.901812717050530122e+00
1.679260250122300180e+00 -3.628839741469900293e-01 3.834464192239820157e+00
7.014270156602600004e-01 -7.185864279143000521e-01 3.678089998137179961e+00
6.391127227274902012e-01 -9.145263489329999995e-01 4.536704031893250999e+00
1.120330133459229938e+00 -8.203824026078601062e-01 3.996099278173190328e+00
6.521268971677001147e-01 -5.727128550626100489e-01 3.405768566702900291e+00
-6.437972103966993487e-02 -7.147952659186800339e-01 2.704139251271610256e+00
1.156693198362080066e+00 -6.760117357442999575e-01 3.901910410511759686e+00
1.151429385124290050e+00 -7.755398461687599276e-01 3.901168003481650270e+00
1.109569891800570307e+00 -8.120206333184800673e-01 4.009980074016730178e+00
7.831552568405402148e-01 -7.363567399062199703e-01 3.700232341621660037e+00
6.242358789705797495e-01 -4.494707325788100394e-01 3.442473382020300399e+00
6.909693649958998929e-01 -3.886197485393900197e-01 3.343413567944740095e+00
4.182364818775698989e-01 -6.723347898500100506e-01 3.367102023885570450e+00
1.011284595684249776e+00 -6.600609088682499737e-01 3.853389690724610350e+00
1.101537751212289917e+00 -8.860398375187999997e-01 3.965269315238250325e+00
1.465079094072220034e+00 -4.879385273539199597e-01 3.879545337602420041e+00
1.159818469335010205e+00 -7.677986836717199948e-01 3.991855248214850160e+00
1.249732440938210010e+00 -3.903064252137999901e-02 3.352622805631769953e+00
1.132833597120630031e+00 -9.256778248879300453e-01 3.869248032088989930e+00
1.116002476056910497e+00 -6.424829107931701033e-01 4.289106098659189570e+00
1.253757635263399894e+00 4.191797543728004172e-02 3.325354769743920080e+00
1.297241435779420193e+00 -1.079366485374499973e-01 3.261497446104860032e+00
9.785246098821602789e-01 -3.791838801191700359e-01 3.347333509856920131e+00
5.714219039684602652e-01 -6.418540411542900115e-01 3.008290186994940107e+00
1.237895720231360075e+00 -3.878700752697099574e-01 3.577237542421440430e+00
6.995455726725798851e-01 -2.714862454494599842e-01 3.083264990071260314e+00
1.054713990011090008e+00 2.325383385489898647e-01 3.583296628394610384e+00
6.608957761293401401e-01 -2.775513212356700010e-01 3.082632052854860305e+00
8.776777330391400955e-01 2.388276976009899855e-01 3.646764398655100159e+00
9.387087187514102649e-01 -9.062854460274600843e-01 4.341661023577330525e+00
5.973347807434503665e-01 -4.913938624039200231e-01 3.097536674897890308e+00
5.125771219676200641e-01 -5.566087528966499054e-01 3.458079694570220131e+00
1.147217905303909991e+00 2.872085544702900339e-01 3.647450984851590139e+00
9.927302255421401878e-01 -2.447008786962300286e-01 3.129146649601220354e+00
9.438107017689998379e-01 4.230253472569099893e-01 3.339476823757640211e+00
6.360111125073502070e-01 -6.256030232427199911e-01 3.560484586207950386e+00
1.677401604987460271e+00 -3.603727952596700312e-01 3.838576582658300040e+00
1.181612704260019964e+00 -9.785572119415900660e-01 4.071577428056220249e+00
9.311267060348200619e-01 -3.750936373789399703e-01 3.397908029757620074e+00
1.076785574786480293e+00 -1.002948303274739938e+00 3.842719813081080016e+00
7.036891684404000813e-01 -2.718402476748100205e-01 3.085722677010999782e+00
1.325202619013700289e+00 -3.003030098460300334e-01 3.473006774642380279e+00
1.181944776056840229e+00 -7.615969048080399872e-01 4.127735493178920301e+00
1.183825259636479998e+00 -9.512184197176299927e-01 4.099811663703960107e+00
1.346776514217510323e+00 -4.828405164002600447e-01 4.065323539739829961e+00
1.076519795152869774e+00 -6.512271986541400270e-01 4.294368741048710802e+00
1.655438444239001328e-01 -4.528337680032600288e-01 4.943973459729740227e+00
1.027149070157290067e+00 -7.542590763512200258e-01 3.791941880571050305e+00
1.062163046509180253e+00 -5.724844905630399605e-01 3.843826747607899996e+00
9.311278133502103316e-01 -4.122841813679000156e-01 4.804105167256849995e+00
1.102114183721119911e+00 -7.738739880686600348e-01 4.300626650739959977e+00
1.152933265379010086e+00 -5.512118275629700470e-01 4.237512411439090521e+00
1.023410307107720074e+00 -3.799891803095000187e-01 3.350601322264320281e+00
1.026969421079910072e+00 -9.056295153912700124e-01 4.262989516300990545e+00
8.388549593270502314e-01 -8.810135910622199917e-01 4.472039087041729921e+00
9.067567570519101672e-01 -4.616382868611000334e-01 4.805906284085070368e+00
9.217430349591002603e-01 -3.822003007258300000e-01 3.396110394463660143e+00
1.058737677948350164e+00 -5.775040829391200337e-01 3.847806749763030165e+00
1.052416547625350196e+00 1.683791131985900025e-01 3.881831641274190225e+00
6.467295594365602973e-01 -4.853019016491399995e-01 3.419640824419319713e+00
4.796095318674398200e-01 -7.026842943823000676e-01 3.197858656688600032e+00
9.444565910765101435e-01 -9.355104660674100625e-01 4.362937100565190462e+00
1.030951919157019780e+00 -5.472677316624299237e-01 3.827517012375180272e+00
1.017240740326490034e+00 -3.880531595106800347e-01 3.356172315190169897e+00
8.342023686270201299e-01 -8.405831078903499565e-01 4.484959558875900143e+00
1.189238102088320037e+00 -7.710828574516499501e-01 4.157110499403239956e+00
1.105591086862460104e+00 2.162236448975499714e-01 3.644175435326940438e+00
1.106153580759160038e+00 2.170545413695800230e-01 3.646290371950400289e+00
1.175297502492230084e+00 -9.047369616812300785e-01 4.078779476616270827e+00
1.327813749727970283e+00 -5.003201304049299525e-01 3.751245355796970049e+00
1.451651002222900111e-01 -1.251367685231490112e+00 4.445864406567050509e+00
1.151003612531797948e-01 -1.250214602253350016e+00 4.446206968225579814e+00
1.597151254835030176e+00 -3.252305449748700283e-01 3.779965289729190214e+00
6.349111047698703381e-01 -4.476416374028600043e-01 4.931947181948349801e+00
1.161952098800320021e+00 -8.598892266417400565e-01 4.110531193062680444e+00
4.610346305337902351e-01 -4.034290593646099876e-01 5.018204420972109503e+00
1.309890000218260075e+00 -5.234859958355200238e-01 3.725113707854900369e+00
9.432225174143702429e-01 -1.033042752647700402e-01 4.594572055792569998e+00
9.313097794513702787e-01 -4.069366651101300469e-01 4.805369740352009700e+00
5.264431256562298600e-01 5.370072539305801307e-01 2.856097007853430014e+00
4.892123404478598836e-01 -8.953256206072000012e-01 2.967012849894659965e+00
1.044973535793619845e+00 1.716822834265400166e-01 3.869422713106620115e+00
6.978282974189600196e-01 -3.145086332252200467e-01 3.170006703701879758e+00
8.646083067593302030e-01 2.506784339934500228e-01 3.645367258611570183e+00
5.327593836382400472e-01 -7.072066545234100277e-01 2.951919946252679949e+00
5.621995372155801363e-01 -6.223328341567999633e-01 3.404660309183699773e+00
6.602489764215899726e-01 -2.954833203228899863e-01 3.151077279520510643e+00
1.361533697531300158e+00 -9.631468770308004856e-02 3.504514829243100316e+00
1.713832771493097873e-01 -8.022145416566699438e-01 2.932263214273870489e+00
1.071948857239890085e+00 -7.666647037197800163e-01 3.791463106517290349e+00
1.062204944776700133e+00 -5.758524116433400009e-01 3.844428032665140105e+00
1.204689669873180158e+00 3.003122723084994394e-02 4.304948573467900275e+00
1.433447664237760044e+00 -2.301442702668900497e-01 3.234259665005359885e+00
5.117404095249797891e-01 -7.735884769601800715e-01 3.040450383848100291e+00
9.833201725053899445e-01 2.353177396823500356e-01 3.567007589391309796e+00
4.494310890173700557e-01 -2.361158700889399720e-01 2.906650189785490390e+00
5.735988888217400383e-01 -6.378637975789699377e-01 3.319102816734660344e+00
4.862591929378301536e-01 -2.781898072990199866e-01 2.868423514106270389e+00
1.320040455024490189e+00 -3.916036072024799974e-01 3.679425643713650107e+00
9.651435275073398934e-01 -7.425483895653899324e-01 4.409125093402460394e+00
1.313626198810629919e+00 9.829518686653004877e-02 3.365645725385749909e+00
1.140956682399000055e+00 2.177759603531199684e-01 3.514507197146560458e+00
7.963232338915000597e-01 -6.048308742523200721e-01 3.721967939721860130e+00
1.135724111890180188e+00 -7.666981878021000840e-01 4.027497336729620514e+00
7.772552992274501804e-01 -5.905437949103600204e-01 3.736135616643169843e+00
2.995766911510497899e-01 -2.277298380300200042e-01 2.812122298860610048e+00
1.903605524800022764e-02 -7.359055791739099739e-01 2.729625291628519967e+00
1.949525928391300233e-01 -2.531125625429199721e-01 2.639471647611530081e+00
-3.649043584785819139e+00 -1.794450265209250217e+00 6.247628214558540449e+00
1.306575681674260192e+00 9.937301168526002648e-02 3.361406641104740078e+00
3.861005126183703062e-01 -9.382096891054799714e-01 2.966129383723570268e+00
-4.082760578353099135e+00 -1.845446784215559743e+00 6.392317942134980946e+00
1.292017318220220368e+00 7.981505123990995099e-02 3.381436719941859792e+00
9.969366128838801355e-01 -3.635674766519699785e-01 4.635316809566759844e+00
1.295221860830229943e+00 1.085196256808099724e-01 3.355011308777030354e+00
1.154928529117860148e+00 -8.086118743208600135e-01 4.128499955734180382e+00
1.394336258484220048e+00 -2.089444041006500163e-01 3.219600842892980097e+00
