9.782900515401604657e-01 -5.974297299350399548e-01 4.375743378509730164e+00
7.430531877267800844e-01 -9.386937942944399982e-01 4.409000595055399430e+00
1.168709736162790058e+00 -5.765662323772700049e-01 3.847376975457369674e+00
1.098028668451810352e+00 -4.175509099588997630e-02 4.405946273358900100e+00
1.234464587024560300e+00 -4.664024755716900117e-01 3.840323597644970555e+00
1.110088994617810076e+00 -5.512427828655996898e-02 4.396145511591269539e+00
8.708863418644703369e-01 -3.823683344885499547e-01 4.542934490643889767e+00
1.221177929327210254e+00 -5.382532365565300125e-01 3.770977584521779669e+00
1.004150268941629953e+00 -1.007580783317609807e+00 3.835272918896859728e+00
1.247342652567210219e+00 -5.363696866775600203e-01 4.035372105022510425e+00
4.825742687068803605e-01 -9.091937211637101113e-01 4.718499283008910083e+00
9.826078642359001858e-01 -3.803828168899699991e-01 3.358402833994909908e+00
4.680456616210102450e-01 -7.311931631708200596e-01 3.283100570446999988e+00
1.013742002531139885e+00 -8.186671893765999908e-01 4.083804983449439874e+00
9.731791012969199794e-01 -5.647147116316300064e-01 3.936692298949139968e+00
-6.124116383241995365e-02 -1.033518609825290202e+00 4.594031633078079935e+00
1.001581237510060118e+00 1.764688675585800448e-01 3.976761688182409493e+00
9.536727942171701056e-01 1.213122235182300113e-01 3.970745214769380027e+00
9.843444581332803089e-01 -9.392472649913701233e-01 3.936276497512349870e+00
6.708647199127200089e-01 -4.664766636030199809e-01 3.507437087218219673e+00
9.738588499760103545e-01 -6.735132771014500364e-01 4.341758834485260010e+00
1.250544875026520231e+00 -5.505960090087800296e-01 3.995978382492689995e+00
-9.570610983486993462e-02 -1.156901250268530079e+00 4.768316469250690304e+00
-3.806945677400985772e-02 -1.080367155811210012e+00 4.776556842220499810e+00
9.387602889906401238e-01 -6.305198004351499907e-01 3.935000985113569882e+00
1.094276225367309952e+00 6.989150982172998017e-02 3.437218381824620028e+00
-1.186412355694996812e-01 -1.156754743339019953e+00 4.767502575388859576e+00
6.817033117195701042e-01 -2.239848078513300145e-01 4.953504301531979515e+00
1.209117768142750071e+00 -4.827108874620000267e-01 3.864623023192660156e+00
8.862523197006999531e-01 -7.559060306445999355e-01 4.421652640685020508e+00
7.542198699005402407e-01 -9.769753909315000984e-01 4.439415727647429755e+00
5.408178637004201761e-01 -6.972275794958801010e-01 3.365531192350529999e+00
3.693544507088102336e-01 -2.737130742146900442e-01 3.005131018350680083e+00
9.702506132259600680e-01 -1.052379489837799831e+00 3.936671879584560330e+00
1.250873781401180107e+00 -5.430290267263500059e-01 3.986629721413439853e+00
3.742032207441201574e-01 -8.364930339585999741e-01 3.081254893539539630e+00
7.838290672376400092e-01 -9.966747219647900113e-01 4.418447479307200609e+00
1.364872107345689978e+00 -5.645088963924200787e-01 3.996045801637500006e+00
4.656318212876200402e-01 -4.080398452353100058e-01 3.183107892577029752e+00
2.916599487933300150e-01 -8.472143236816299661e-01 3.174912323198709974e+00
9.202106587743998922e-01 -4.165799715242899937e-01 3.432677138146430273e+00
9.198357147744999907e-01 -6.406981408921899046e-01 3.936933046866689878e+00
8.321955339609401481e-01 -4.131476823094700213e-01 4.719473663671950092e+00
9.151670175439203803e-01 -8.249913393969600106e-01 4.398692845854010436e+00
8.353880434192302307e-01 -1.147807316320499371e-01 4.629200941301860439e+00
7.941868786405501535e-01 -1.587355119290300154e-01 4.682622467501220243e+00
1.556874048517120190e+00 -4.418969894381599706e-01 3.963905696398899892e+00
9.995068994279900920e-01 1.912075220574199763e-01 3.977722382386139621e+00
6.245669041558801204e-01 -4.531344667013200156e-01 3.502587087635969709e+00
6.216451718967601625e-01 -4.520510946671399966e-01 3.503250862565770340e+00
1.013424076831940024e+00 1.869801733368400276e-01 3.870080970611559756e+00
1.364105685943420188e+00 -5.179838039460400445e-01 4.005241720689509677e+00
5.516465733894500012e-01 -5.698463917264999790e-01 3.400579334158980060e+00
1.206968126009060116e+00 -4.618410890062999985e-01 3.832775122105259946e+00
8.976503267256799035e-01 -9.276285267860500117e-01 4.044932663213299584e+00
2.412478696058704131e-01 -5.256529822985900324e-01 2.777532954683310074e+00
5.208240253662799191e-01 -5.345411219218200172e-01 3.640496848475719638e+00
9.018984855341205531e-01 -8.148922798158300118e-01 4.398001546958020036e+00
6.313309215215501258e-01 -3.051908904233299746e-01 3.170788354962419842e+00
7.580670441533403636e-01 -3.606762795573200120e-01 3.316790744939659863e+00
5.822807419488402747e-01 -7.471650677144100472e-01 3.742750581156649936e+00
5.575694487275799638e-01 -5.975665809004899742e-01 3.469111749155080027e+00
1.012586642630590061e+00 -8.204099213214700592e-01 4.085966780949250143e+00
1.129834483852800275e+00 -5.116150491094001440e-02 3.454933441669919780e+00
1.023638036180280153e+00 -7.274935658190799792e-01 3.995717486524020146e+00
1.013768361720730260e+00 -8.266545010280299532e-01 3.993767495863110639e+00
6.614843341001401811e-01 -7.689149560403200079e-01 3.769940771028100102e+00
5.331805526812798401e-01 -4.733526393906200003e-01 3.505026276069389990e+00
6.089537527766399894e-01 -4.151682566642599936e-01 3.410994112185609772e+00
6.374489658235302780e-01 -2.985781977799600306e-01 3.163421094044769788e+00
3.222474621252899851e-01 -6.857692070499600279e-01 3.414630391409190224e+00
1.001139072365639926e+00 -9.995395128860600220e-01 4.191989037306849575e+00
9.547109186063502673e-01 -9.350299137408399908e-01 4.053562058769379917e+00
9.569806883474099024e-01 -7.937007618979999846e-01 3.908053648929530333e+00
1.016637532488610329e+00 -8.198374896614900598e-01 4.084870600658529582e+00
1.022135800663380056e+00 -9.627472018317301261e-01 4.168673640276599812e+00
-1.272823980502097996e-01 -7.172214260273799269e-01 2.706236597151649548e+00
9.902476551756100864e-01 -9.755577604372499545e-01 3.959406216435540138e+00
8.957809735788200278e-01 -4.193939025691399980e-01 3.433459947976549742e+00
9.323514673654200724e-01 -4.016708848598700143e-01 3.385512414766080003e+00
8.756666820981300337e-01 -8.909925885208200835e-01 3.831799964550890003e+00
9.851957270888100915e-01 1.866729103373199194e-01 3.679174293167069898e+00
6.571064437143798731e-01 -3.282691857317500128e-01 3.182800300356630085e+00
9.353551714349501722e-01 -7.620954160154400636e-01 3.915683313526369780e+00
8.049209634700800198e-01 2.009832084976200806e-01 3.731191390033510302e+00
7.671447720235697876e-01 -9.496841546215499807e-01 4.418525221320529717e+00
4.158425916703598624e-01 -5.751656676147199887e-01 3.512489569364409814e+00
4.197481701983298841e-01 -5.783760014311699615e-01 3.521260281563490580e+00
1.014434502982209940e+00 -8.235586055951099604e-01 3.996414517337790073e+00
6.230148452885302390e-01 -5.750977887727199978e-01 3.799761329523339448e+00
8.993308736834402239e-01 3.835908742390899961e-01 3.430410387428060037e+00
5.290318186356099961e-01 -6.505159376886799905e-01 3.622004214640459629e+00
8.993752213714798494e-01 -8.831045325543099844e-01 3.836146849315120733e+00
1.034744302972669949e+00 -1.036752621964549981e+00 4.174717597222290522e+00
1.561586811942560216e+00 -4.365313133702400372e-01 3.968727712102229965e+00
1.023323538265880073e+00 -1.031843798671780110e+00 4.163980617025329956e+00
9.324655351596602415e-01 -1.049932362154089915e+00 3.928657240968809639e+00
6.437543310149802522e-01 -2.976535688717399930e-01 3.155684374901429834e+00
1.098343810086799932e+00 -4.278035343908400123e-01 3.675907599461800679e+00
1.211626854421470334e+00 -5.444842909783500495e-01 4.172687684913130468e+00
-2.116955890189942124e-02 -4.635446910599400061e-01 4.973873519503119844e+00
7.529065058970501045e-01 -4.585268691502100147e-01 4.883832813710069942e+00
9.402746058604602997e-01 -4.223442510634700109e-01 3.439597141760510013e+00
1.013330914288300022e+00 -1.041887892312050035e+00 3.913160728012240241e+00
8.383628231486199844e-01 -2.410225767061200119e-01 3.222235834471379512e+00
8.602350469777302333e-01 -9.527628585864900135e-01 4.345694514825719779e+00
1.050848484523059900e+00 -6.650002137166799443e-01 4.192902106207359481e+00
7.261808492162100670e-01 -5.066799520551600322e-01 4.883632708230839725e+00
6.117524604058000026e-01 -7.508357365595099697e-01 3.754125425399859495e+00
7.000303119714799127e-01 -6.379003680064598836e-01 3.853561536297879897e+00
9.341117536976502045e-01 -6.241468365130800056e-01 3.936297398866940078e+00
1.010972577042550169e+00 3.037305248383199707e-01 3.613084273116180078e+00
1.329565359301505545e-01 -9.006047818209099720e-01 4.845159097968959827e+00
3.929298482318999142e-01 -7.180266119044900197e-01 3.249419841348530014e+00
9.837913137503100369e-01 1.675693108457000369e-01 3.677845673953489936e+00
9.578649279209998646e-01 -8.528175213698900858e-01 3.903370923999469611e+00
9.096119163894302861e-01 -7.632257830369799656e-01 4.417293237128859573e+00
1.089518885825270011e+00 -4.285556083987499543e-01 3.681629969230960420e+00
9.244370114246001080e-01 -6.177756566609799993e-01 3.930989070717430423e+00
9.333865415870501447e-01 -4.301384418958100198e-01 3.444689532001489418e+00
6.878946320483401156e-01 -6.387234539624300211e-01 3.854556607273200264e+00
9.306921260536302754e-01 2.515082209801200452e-01 3.722288487249099553e+00
1.020027593461450222e+00 -9.578495190973500550e-01 4.171407883065620048e+00
-7.672629226545968351e-02 -1.254784027282330072e+00 4.466935583221739670e+00
4.477200850950304734e-01 -4.805349889187100487e-01 4.992068521756570121e+00
5.796877643742199826e-01 -5.767193569246400475e-01 3.409963370751179834e+00
2.709029595761101028e-01 -4.286245648012799725e-01 5.067362003842270646e+00
5.251829868790800493e-01 -5.590690241737299448e-01 3.493547938651979656e+00
6.304669379183001077e-01 -3.404767200594900345e-01 3.239041206377409665e+00
4.888863880802400974e-01 -5.294787587502599591e-01 3.638241386811800204e+00
9.077667103609998733e-01 -9.685487222532300766e-01 3.999203280854159992e+00
9.420425093891100499e-01 -8.133962742395600687e-01 3.879265491390760268e+00
9.891262236947402364e-01 -7.172646128475199667e-01 4.212874281752089445e+00
1.078586691365300165e+00 -2.683119561623004135e-02 4.407169840408760031e+00
9.328631989875302288e-01 -9.819901794745601320e-01 4.017218599002839952e+00
1.002461999548670102e+00 -8.750574807883599870e-01 4.261419449428720085e+00
1.004541046034240326e+00 -8.735038037910100028e-01 4.255185497786030169e+00
6.851866670761299627e-01 -2.377138482165599975e-01 4.958662219171039887e+00
2.627814967208199626e-01 -8.466497657391699461e-01 3.161773550404149979e+00
-3.970729676624679794e+00 -1.630285938510279919e+00 6.018008757755049842e+00
8.316914796086400941e-01 -4.120210270575099809e-01 4.720053197925779820e+00
1.233858416537110037e+00 5.270024645285997789e-02 3.465733257260109834e+00
-5.565949838419026463e-02 -7.300396212104600657e-01 2.742625578027499955e+00
-5.400080876236001970e-02 -7.091721894576800134e-01 2.761556406278419917e+00
-4.076698292946650426e+00 -1.673825089167660263e+00 6.308554223177409881e+00
7.133624274893601847e-01 -3.228199829818699240e-01 4.911883953648819912e+00
