5.760255774932399042e-01 -3.050648776996499612e-01 3.120368844169560063e+00
9.073596522889399996e-01 -6.903045684475901389e-01 3.646134238382660264e+00
1.449935223057609912e+00 -3.623369557940500085e-01 4.058828736439090257e+00
1.154621780712030032e+00 -2.410479451020000607e-02 4.491549308372070115e+00
8.734135257405399866e-01 -8.409652819127100276e-01 4.619910099962960537e+00
1.324010859221049774e+00 -8.543122867799299858e-01 3.994729296186049883e+00
1.283050793577760196e+00 -3.208192900925100344e-01 3.503731601363639925e+00
8.823853601139397540e-01 -3.513988387472399832e-01 3.331024370109660460e+00
1.192491410573509825e+00 2.772882637456099419e-01 3.816228153292490433e+00
1.137487358627319978e+00 -8.446960838233000257e-02 4.548293005104180331e+00
1.448685089836440287e+00 -3.632019464869299941e-01 3.653081614296959767e+00
1.455399631495789770e+00 -3.891768153353900583e-01 4.047373168939810029e+00
1.517763976004970150e+00 -2.599141891606100430e-01 3.278505992038130312e+00
1.067465567826190176e+00 -2.751193297122400128e-01 4.802477396715410407e+00
3.292412432377900267e-01 -1.130669537511300060e+00 4.754806184021010296e+00
3.816476888655202515e-01 -1.050041257272289918e+00 4.754797171292680424e+00
1.402846885156809886e+00 -2.476803077798100106e-01 3.391742807558089989e+00
3.064998843140598339e-01 -1.132227057232880085e+00 4.757472379012740227e+00
1.288237809838870263e+00 -7.572104101435099821e-01 3.888182273645730547e+00
1.307310736266789952e+00 -6.559048255834600827e-01 4.057227205328209685e+00
1.054657625401419718e+00 -1.419672274927100131e-01 4.827137638334180636e+00
1.428780422690569818e+00 -3.651224404233299747e-01 3.669121422193929671e+00
1.789049391024259972e+00 -2.926598860579600059e-01 3.718811606247640178e+00
4.554450834636398771e-01 -2.223148575638500546e-01 2.948126785601159927e+00
1.056298368209189986e+00 -1.973972654830500051e-01 3.084820928851609967e+00
1.202849513027349770e+00 -6.534003055430999130e-01 4.064541392882651039e+00
4.241689374471095952e-01 -7.997367490346700691e-01 3.117127305631490319e+00
6.403652056871198539e-01 -5.113734704079200277e-01 3.412151780818680091e+00
1.184143870201700199e+00 -6.115361307596001161e-01 3.767937635950299846e+00
4.469357045750299573e-01 -7.993315502877600398e-01 3.123469729620770075e+00
1.292888130525559953e+00 -9.502465661945398434e-01 3.771195521499440151e+00
1.073716629050039728e+00 -3.222786567403900237e-01 3.286352604236060237e+00
1.181539014948840061e+00 -3.203629917326900056e-01 4.571644194433259756e+00
1.148975524604719967e+00 -2.293487085681000792e-02 4.484132325219880144e+00
1.429809203485510105e+00 -4.603977912551699969e-01 3.633113435584589990e+00
1.119698998935700018e+00 -6.961472095421000761e-02 4.542846000281500096e+00
1.783583225218619894e+00 -2.982507626560199632e-01 3.714951533386180227e+00
7.955841641480296822e-01 -3.803791364960900090e-01 3.399911095416369822e+00
8.941953433161897724e-01 -6.319063438383399900e-01 3.644417696514910432e+00
1.434391233753280037e+00 -4.313647112078400347e-01 3.574804796007620133e+00
1.420297653425419915e+00 -3.445938240382400153e-01 3.638120181911780104e+00
3.099856904845899042e-01 -4.817319184616600247e-01 2.739219129367910455e+00
7.202189731217796265e-01 -4.687149439902399961e-01 3.551323143725620302e+00
7.011750846516500157e-01 -4.632792114595100097e-01 3.548406020475050049e+00
1.266103852853969869e+00 -5.857227115523999661e-01 3.850236943992930261e+00
1.790117660539749966e+00 -2.949648120814000185e-01 3.714762859173750265e+00
1.259733667876449914e+00 -7.683839115638899653e-01 3.920677417573849688e+00
1.603838865832920124e+00 -3.883853464755100404e-01 3.783765448607680160e+00
1.281186174939629829e+00 -7.220966687483600932e-01 3.823789603750170407e+00
1.250019114428150058e+00 -7.604061836480600078e-01 3.935522007133049893e+00
8.957824477528399942e-01 -6.915083127938399521e-01 3.656264670649759907e+00
7.073669948424698983e-01 -4.073075312079500465e-01 3.415997800360930370e+00
7.635213428770899480e-01 -3.440325026153699950e-01 3.312016983033110318e+00
1.401802952509590083e+00 -2.445476100058600055e-01 3.390646287798910308e+00
1.443123832582739796e+00 -3.903504321933998211e-02 3.407925810378360065e+00
1.385917466669760012e+00 -4.618353370479000297e-01 3.658382153525939540e+00
1.385230538094759822e+00 9.599776336240001262e-02 3.244071367280439766e+00
1.352686178509489690e+00 -4.661310758378001129e-02 3.179783844822409833e+00
1.049962534982330054e+00 -3.268930259169700037e-01 3.290801326611670241e+00
1.077441295922549669e+00 -3.066945181622600103e-01 3.238005391507150499e+00
7.461353245791397804e-01 -2.249990375254100061e-01 3.053173664473360027e+00
1.187301717697219816e+00 -6.638339693371599903e-01 3.758945102068879773e+00
9.596494146936300762e-01 2.861965183680899583e-01 3.603422534352170636e+00
1.283627383788729759e+00 -3.189671836585300513e-01 3.502122350503970249e+00
1.111488944724010164e+00 -8.614153194460600904e-01 4.280048092729390241e+00
6.003577720301096488e-01 -5.175100876626900215e-01 3.440374311593890511e+00
1.789423391896840076e+00 -3.123610654589900060e-01 3.707242001491260375e+00
1.226846577708179620e+00 3.418028898374799174e-01 3.580912697594320182e+00
1.531585942570440118e+00 -2.206638189874199907e-01 3.537683899281760080e+00
8.480594447160698657e-01 -5.009619585175499878e-01 3.692991506113830091e+00
1.422324143126679763e+00 -1.770900081421299954e-01 3.539820414242020430e+00
7.340772761310296879e-01 -5.838332593591899489e-01 3.530946116270869961e+00
1.331535251883569693e+00 -9.253474018313698757e-01 3.989078957518230162e+00
1.007100407653319651e+00 -3.244122534360199817e-01 3.345370164971480431e+00
7.156640744059297177e-01 -4.800101969979599925e-01 3.563024780757370280e+00
7.504866729770898193e-01 -2.252576675053700184e-01 3.055255443862110010e+00
3.992542203153401914e-01 -8.198652294164698873e-01 3.104366320529360124e+00
1.181935817367540054e+00 -5.211419018161600469e-01 3.776307770486460047e+00
1.267130458104679835e+00 -7.243898638718500038e-01 4.226032290497419908e+00
1.182408067576230071e+00 -3.193123671973400191e-01 4.571765447320170317e+00
1.094967390451559774e+00 -3.265124654650899960e-01 3.290114959276940088e+00
1.022848061413989873e+00 -8.396975810312699018e-01 4.418896996085710072e+00
1.463817130509509790e+00 -1.023377607808199918e-01 3.180575454637090349e+00
1.350962585883700218e+00 1.418064152372199849e-01 3.301876013214900318e+00
1.145874993785589879e+00 -7.082909050407300011e-01 3.708406245851810112e+00
1.179006113738990003e+00 -5.262779122086700401e-01 3.780527736753710233e+00
7.286990685385599242e-01 -4.423695999659100209e-01 3.390962662661340055e+00
5.484953423476397472e-01 -6.627014932471899655e-01 3.182751206681460054e+00
1.235815721030490089e+00 -7.192835443095799697e-01 4.239695873134410320e+00
1.148762275404549893e+00 -4.966666812233599959e-01 3.763022194858149927e+00
1.213308240113539993e+00 -6.553558664872600747e-01 3.832364451053960064e+00
1.258174998689129742e+00 -8.414960463190799267e-01 3.767013953612570187e+00
1.224683373987959900e+00 -5.012007878212501044e-01 3.835099345122240155e+00
1.265575410220630026e+00 -7.189864273152699603e-01 4.224147216470370836e+00
1.323944554758440084e+00 -8.517727414635098970e-01 3.997465333158559897e+00
1.428415187334739933e+00 -2.963824883761001505e-02 3.412825739364259814e+00
1.453767448361749981e+00 -1.709032441642200084e-01 3.153182583141649786e+00
1.403605307580220174e+00 -3.530735613656100225e-01 3.378772487587880402e+00
1.168992294299449952e+00 3.787125275030000515e-01 3.448456095028050505e+00
9.890882648114698306e-01 4.571148498729099008e-01 3.289223348305230221e+00
1.018244790359439822e+00 4.339593914923999818e-01 3.288469259385859988e+00
7.513996667635898241e-01 -4.497805084552399801e-01 3.390693591238510329e+00
5.784102038376000010e-01 -7.450495171548299211e-01 3.004088680230499797e+00
1.103903144287929683e+00 2.869268050041299811e-01 3.524530068997070220e+00
6.392059253901698490e-01 -3.224779092843300110e-01 3.127198017256330509e+00
6.484701928893499279e-01 -5.780645623647699960e-01 3.381846104944549847e+00
1.065407235013610121e+00 -8.584875356909900113e-01 4.300680940940890373e+00
5.635352487640998831e-01 -9.724791633590499362e-01 4.657569747085400280e+00
1.491834756597179901e+00 -5.107216815966399981e-01 3.989105095588720395e+00
4.824877132509797217e-01 -8.489178202644001026e-01 2.936500186586620043e+00
4.963797650779799842e-01 -8.474021708337899916e-01 2.937669992813919606e+00
3.221779350972899802e-01 -3.924592919084699538e-01 5.012668842531411428e+00
1.056870618335820078e+00 -5.396314936788799699e-01 3.679449541687680458e+00
1.365376943289180023e+00 -3.817312744806100056e-01 3.539396619682619871e+00
1.117157519615439965e+00 -6.028715285773000865e-02 4.538746089235960568e+00
7.289209082795800043e-01 -6.495654771524799198e-01 3.493038564176119909e+00
7.060403870838398710e-01 -5.559063916045099418e-01 3.292097746291160032e+00
1.201011166829019983e+00 -5.427497726957100088e-01 4.366247608668080815e+00
1.268737864335399923e+00 -6.943466676800800208e-01 3.798375072704200051e+00
8.976023713075700350e-01 -5.494366078758399219e-01 3.684471956895629674e+00
8.663341603347598507e-01 -3.652966715919500063e-01 3.325242925229940472e+00
6.058913449504201854e-01 -6.486606949924700327e-01 3.216524592521879722e+00
7.709146419672296968e-01 -2.314718467864700369e-01 3.061022526735770022e+00
7.531738206723999074e-01 -2.686226924490300316e-01 3.139344641930700064e+00
7.133602929441595908e-01 -4.122319152168900658e-01 3.336586837227340396e+00
1.111932884309989822e+00 1.840613755807199992e-01 3.581802998140410477e+00
6.283347505513299236e-01 -5.253721898256600298e-01 3.457897971921470415e+00
6.880223474032198805e-01 -4.660432579764399730e-01 3.553962584596980445e+00
6.162456268379896684e-01 -6.458849272791999940e-01 3.448183895879310512e+00
7.139681266342798871e-01 -6.506446909453100780e-01 3.495053901055020340e+00
1.214147609204569989e+00 -7.886502616566199997e-01 3.722199216303230251e+00
9.462016744453198847e-01 2.977004492894999577e-01 3.603282138536580081e+00
1.352311325580699997e+00 -6.296649456257898958e-01 4.049621709535600189e+00
1.295852697663219644e+00 -2.274243619515100012e-01 3.291294756670880339e+00
7.615026750371598485e-01 -3.069331589756400525e-01 3.235575871794840186e+00
1.437753938823919775e+00 -3.486797688660997485e-02 3.416324637059179992e+00
1.477750607476569833e+00 -1.783550217239599778e-01 3.163525412254529989e+00
1.217086203671569944e+00 -6.127523289345599977e-01 3.830706591062030153e+00
1.328594974052820010e+00 -8.594188776073898861e-01 3.988311033166879849e+00
7.466246322362997123e-01 -3.466316972016000308e-01 3.143814692630700236e+00
1.182118640656739883e+00 -5.245113670829699704e-01 3.776872988370960638e+00
1.281989760294969916e+00 -6.139811924493099315e-01 4.044903967515629972e+00
1.028552277388050218e+00 -1.892945843283700136e-01 3.077916779186350205e+00
1.138812965215890038e+00 -8.939570101830498494e-01 4.288623429352909966e+00
1.166320543668080134e+00 -7.009430302695001114e-01 3.710304257722520038e+00
1.334303029688829856e+00 -2.407729729554400067e-01 3.297401666841570211e+00
1.163742139497779604e+00 -7.241874780024699643e-01 4.266510345440220675e+00
1.281721225354850002e+00 -7.183871435674999972e-01 4.214435516434649642e+00
1.489128780057189960e+00 -1.649314803972000143e-01 3.139622717612110314e+00
9.820919982623699251e-01 -8.937273780755998764e-01 4.437078209262530493e+00
5.685198092415999493e-01 -7.316771827583399279e-01 3.022505958577200502e+00
1.267967812782549775e+00 1.080851803101000042e-01 3.240368817739950114e+00
1.359918503982139981e+00 1.364287355389399714e-01 3.302080084562360351e+00
3.964747762791995811e-01 -8.235108369402099893e-01 3.207909847219999833e+00
1.233698023124889742e+00 -6.531200898976899927e-01 3.778847426528709974e+00
7.783211277683599327e-01 -9.190336036800199615e-01 4.570585704867240473e+00
1.241402126002230100e+00 -6.628948668799499178e-01 4.252380416223870085e+00
1.210751462782139853e+00 2.731045608609299902e-01 3.448415047143559953e+00
1.316205988127849835e+00 -7.042242141191399352e-01 4.115993292933950443e+00
1.229851187473580021e+00 -9.007423989428899880e-01 3.830390737507820109e+00
1.168462964097940038e+00 -4.093356432111899812e-01 4.423278424203660464e+00
1.024588274137899768e+00 -8.418990990424100040e-01 3.650671138509799629e+00
9.073572719528000263e-01 -5.598219785086500089e-01 3.677935341132700042e+00
9.390398844527498845e-01 -5.591450913107900433e-01 3.747863098930050096e+00
1.276414287450719831e+00 -7.145131926915000431e-01 3.951083175791680446e+00
1.134025582199610138e+00 -4.920678556564200279e-01 3.768517172911490132e+00
1.362884225657909898e+00 1.709646046625100113e-01 4.148260299719590094e+00
3.134414121204596171e-01 -1.901778173391500126e-01 2.808496260733740257e+00
1.106977421105590054e+00 -4.198064643539799468e-01 4.766996976508810491e+00
8.892399167957301120e-01 -5.461465165430900992e-01 3.693846755091169776e+00
5.721397606061198182e-01 -2.974444175333800233e-01 3.135555845346880144e+00
3.228822550831498273e-01 -1.902288571753500135e-01 2.818533611343350120e+00
1.353100608636149893e+00 1.401357895289900291e-01 3.301390177871049936e+00
1.040132709642359821e+00 -1.913817883840699952e-01 3.073894577710740261e+00
1.305510225723760076e+00 -7.565599079061600118e-01 4.049635685491640658e+00
3.047195191336982134e-02 -7.099169735577099960e-01 2.749577359362730178e+00
1.448338563195629813e+00 -1.446949487247499999e-01 3.128638255978970051e+00
-2.297121176222669092e+00 -1.942767264402309735e+00 6.861418407587970947e+00
-3.146889931841760024e+00 -2.118505582374969887e+00 7.402909768847960592e+00
1.341314395438719886e+00 1.153918001820600225e-01 3.240491435018480360e+00
1.402100093132370162e+00 -4.597854011221200188e-01 3.642732495109930024e+00
1.212228397550929815e+00 -4.426676340327900250e-01 3.601293253486970158e+00
