-1.389398690195509989e+00 -1.071846826529359920e+00 3.456976893035809795e+00
-7.023031168508599986e-01 -1.128758585563049976e+00 3.487448881892329489e+00
-1.013925947721679988e+00 -6.370630581403700088e-01 3.546715526581609268e+00
-1.772220470535470049e+00 -8.267707264098600461e-01 3.707325803709429657e+00
-1.135167817900490039e+00 -1.161044100338350038e+00 3.464430549407249593e+00
-5.795549696819800589e-01 -5.603518563332700042e-01 3.569305530034940332e+00
-8.534334264611800336e-01 -5.879093134911699270e-01 3.570602891576479365e+00
-1.405621035091439985e+00 -1.068516916486390134e+00 3.335379340141580329e+00
-1.301849284689419850e+00 -4.786659569432899497e-01 3.248976701914269682e+00
-1.622163511328279739e+00 -6.924189979107500115e-01 3.597225517088149971e+00
-1.574493631777559965e+00 -1.050880675245829954e+00 3.385234463751630507e+00
-1.142208878212819911e+00 -1.116100582571980082e+00 3.449287395271410261e+00
-1.693625654176109885e+00 -1.156811374965170058e+00 3.565108769162740110e+00
-1.277918302806799966e+00 -5.986855364312200223e-01 3.204854192283430159e+00
-1.238269250213440031e+00 -1.223519370955199914e+00 3.516815004650370113e+00
-6.288581272719799831e-01 -1.107183580681299961e+00 3.629129468854110030e+00
-8.863152109003200607e-01 -4.703556337428900225e-01 3.388817397801039633e+00
-7.434016794946699536e-01 -1.278804662317280183e+00 3.629106015960489984e+00
-9.404328628724799577e-01 -4.715512785040599786e-01 3.379798522637189606e+00
-1.782203230806209904e+00 -8.011447685556000176e-01 3.740735545465390111e+00
-1.548369104178380029e+00 -1.103305770124269891e+00 3.307787297174249908e+00
-7.371624886047299929e-01 -5.166069951690499540e-01 3.488407878374669480e+00
-1.731294313551839936e+00 -1.054729657495599993e+00 3.574598145914060332e+00
-6.824205372980099993e-01 -1.156190117404660045e+00 3.571081197200600243e+00
-1.201999620123780144e+00 -8.925722203767699758e-01 3.441460458235500397e+00
-1.298581227780180036e+00 -5.926503242646999903e-01 3.229798257299879793e+00
-5.017572108121900465e-01 -7.171859634660099347e-01 3.819134814957119595e+00
-1.154320238135170040e+00 -6.058958680377000139e-01 3.526238012867120020e+00
-1.334081086520680026e+00 -1.114673372142390040e+00 3.334096526946400019e+00
-8.944539275001700540e-01 -5.820324464150299359e-01 3.559353539185630133e+00
-1.145227699588859949e+00 -1.230567044789860010e+00 3.402477476140389534e+00
-7.155539962671300103e-01 -1.126560595487430039e+00 3.695601447559679897e+00
-1.707494926080219910e+00 -1.178969344162950073e+00 3.495744169279859648e+00
-1.491367831343229922e+00 -1.086866768093470048e+00 3.364489355114960389e+00
-1.484377942816409890e+00 -9.800604702952799840e-01 3.422819300762870220e+00
-1.115482917634800009e+00 -8.915958256040800167e-01 3.449247313310979557e+00
-1.115715741417649953e+00 -1.120979615443459920e+00 3.470201328987240430e+00
-1.511058806521159870e+00 -7.112227313330499179e-01 3.591666394917229610e+00
-1.016142384266869980e+00 -6.317360995763299236e-01 3.543752118886359881e+00
-7.669263760716700240e-01 -5.553354465174299426e-01 3.509761578797870207e+00
-7.501568571584400491e-01 -5.133432953704100132e-01 3.478428558808209559e+00
-1.436127138563419781e+00 -1.132446031452329915e+00 3.245131205124409668e+00
-7.369097545336700250e-01 -1.209309876656740057e+00 3.676719928862129727e+00
-1.105578968862349853e+00 -1.220586642731580129e+00 3.385267290809619745e+00
-7.662462933332100379e-01 -4.945054172549099847e-01 3.450878638757119532e+00
-6.773284587603600748e-01 -1.202184183925329997e+00 3.584892045077979539e+00
-1.348167795829519955e+00 -1.113820065219639943e+00 3.319398027237969728e+00
-5.057546312903100638e-01 -7.190088905449499856e-01 3.826807272442890095e+00
-1.153356727391789960e+00 -1.183997449132749846e+00 3.389966687601400075e+00
-1.536203011896120074e+00 -1.103243320944939931e+00 3.292469382485919915e+00
-1.248018672315919897e+00 -5.935938683904999902e-01 3.278359463057269885e+00
-1.060743211302719979e+00 -8.947338541388599742e-01 3.462694969501799669e+00
-8.918448009570499879e-01 -4.626791830981800135e-01 3.374383141951859955e+00
-1.405658139986770028e+00 -1.070167861253640051e+00 3.338877098673679988e+00
-7.089329857661500478e-01 -1.144874253192750047e+00 3.543202197531289954e+00
-1.294571948756710000e+00 -5.934345760070299791e-01 3.242308491710899965e+00
-1.428802095339900102e+00 -1.120322577521210006e+00 3.260868375259890151e+00
-7.249370927008200738e-01 -5.697307255851400409e-01 3.570878291035270102e+00
-6.690924831361799718e-01 -5.574775438140699979e-01 3.565548218269079861e+00
-1.154469180539279938e+00 -1.110216819193279969e+00 3.465469211636799329e+00
-6.863017102671200576e-01 -1.177382900539429844e+00 3.528399898349639408e+00
-8.620467081786300501e-01 -5.055560840711199599e-01 3.446658138946159688e+00
-1.227971563274599998e+00 -5.370544703367199357e-01 3.227479393964009624e+00
-1.590006245399669949e+00 -8.771735670011600039e-01 3.485700375963459940e+00
-8.339968886366799783e-01 -5.887640607571099638e-01 3.561786124460889269e+00
-6.678585403484500471e-01 -6.168830326126599761e-01 3.659597667875289950e+00
-1.620591917740300092e+00 -6.930255976084700453e-01 3.601597971143649879e+00
-1.257855387920209900e+00 -6.262412886069099738e-01 3.294196556660829778e+00
-7.186898549713500728e-01 -9.340133732634801067e-01 3.483524965025229569e+00
-8.252657218931800376e-01 -5.552552521848699296e-01 3.524202225616119399e+00
-6.880124836169999591e-01 -1.054207960471389871e+00 3.600892431771099744e+00
-1.232483653993610151e+00 -4.865251704501399876e-01 3.257446570298899502e+00
-1.617712540724239867e+00 -6.899660236468400099e-01 3.606236595079090002e+00
-1.238026481882190000e+00 -5.362959784152899756e-01 3.222410144823959932e+00
-7.302512282018800427e-01 -5.735828775932899637e-01 3.578108362758709582e+00
-6.147178693445700670e-01 -1.015491237275630176e+00 3.479913037564429601e+00
-1.284787917843229987e+00 -5.334038160290499597e-01 3.218047561039639959e+00
-7.211937608143800249e-01 -5.549518694458299706e-01 3.546305395729589804e+00
-7.579090032333999361e-01 -4.363056088698800128e-01 3.409459825899020302e+00
-6.705626861642599579e-01 -1.099770647134739932e+00 3.544490140549959811e+00
-7.517264145544400034e-01 -5.762982358467498845e-01 3.583525522071790093e+00
-7.410760970813700110e-01 -1.207608318300830152e+00 3.671558792354709944e+00
-1.612555283734149691e+00 -1.114650848117820114e+00 3.426367817685039618e+00
-7.886325630835300249e-01 -5.788729077915399923e-01 3.574726542775310101e+00
-8.237968298728199912e-01 -4.544614570126699893e-01 3.373868614713339653e+00
-1.173819090542360222e+00 -6.130648477751999836e-01 3.524650867791620179e+00
-1.201825997099700061e+00 -6.077540531745799779e-01 3.516655491674029577e+00
-8.611315345378099950e-01 -4.649685930280699764e-01 3.382002109044809579e+00
-1.181009276180079892e+00 -6.037797681519299076e-01 3.522951210772889752e+00
-8.884221239750400567e-01 -4.708518284637599471e-01 3.387657653744350128e+00
-1.307457645322390061e+00 -5.903457212384000119e-01 3.242228304221690394e+00
-6.854066530651500289e-01 -1.177359194360129813e+00 3.526528073616039372e+00
-1.302217486476880071e+00 -5.924719280062900051e-01 3.232365586352879738e+00
-9.268316072038100817e-01 -4.892658844843899568e-01 3.411308577919189844e+00
-1.226967817978289910e+00 -5.966449290630699842e-01 3.233454922572969181e+00
-8.278083316616500209e-01 -5.011549336913799779e-01 3.391297094155019565e+00
-1.247871040905280005e+00 -6.245774756981400389e-01 3.299976854500280332e+00
-7.069469867538700214e-01 -5.325722053909700549e-01 3.504302346353239450e+00
-8.307225514840499425e-01 -4.934852209814699631e-01 3.500842638188720102e+00
-5.757854586942700026e-01 -5.513465467440799017e-01 3.560760363487519342e+00
-7.399696270982799584e-01 -5.676149587881099690e-01 3.554703261867939723e+00
-7.071990301733399598e-01 -5.343456865129899702e-01 3.521683170773449945e+00
-6.345180450056100430e-01 -5.575009045655300310e-01 3.564756187854199787e+00
-8.313055707896299662e-01 -5.475684652369199323e-01 3.525142271487589518e+00
-7.688424094742500881e-01 -5.706824649426700535e-01 3.570072968824700155e+00
-8.112572599692500219e-01 -5.098148190585799489e-01 3.465899898671099599e+00
-7.548491614399199801e-01 -5.195007354226799379e-01 3.493346484054019818e+00
-7.548122657183800044e-01 -4.215848475538899742e-01 3.325366308309519958e+00
-7.328987026454100162e-01 -5.553658967681900371e-01 3.555449636980889672e+00
-8.650535994120699401e-01 -4.689588395446699920e-01 3.339149200620039615e+00
-1.113012733219049810e+00 -1.110848004965919955e+00 3.438828992990859312e+00
-8.479914728423800785e-01 -5.792052355953599685e-01 3.561907288024870333e+00
-7.185534219013900437e-01 -9.370348906483000340e-01 3.485346353359889626e+00
-7.355073372128300146e-01 -5.544841604217900510e-01 3.542577177908359687e+00
-8.443209110198699463e-01 -5.230567394496599132e-01 3.480776331339279217e+00
-8.420202863397899806e-01 -5.082093202362000239e-01 3.494705899081470335e+00
-1.537680553017330087e+00 -1.095944241823640031e+00 3.283589922580329556e+00
-1.294928865177010113e+00 -4.834688294793899610e-01 3.262092829990289822e+00
-1.330755522420750125e+00 -1.129731645982929855e+00 3.344063280446810005e+00
-9.237093621294499846e-01 -4.654425227726499692e-01 3.394835850550209422e+00
-1.179965365082340067e+00 -9.057760758952599911e-01 3.457404562740830301e+00
-7.530968667486099832e-01 -5.610045308154599786e-01 3.525019473807219583e+00
-1.311720501837700059e+00 -1.134157191965949885e+00 3.320396581551119830e+00
-1.406098357121650100e+00 -1.070433376172430062e+00 3.339997618834489757e+00
-7.652380162328300539e-01 -4.461195723668600066e-01 3.359894149723950285e+00
-1.354554512101810104e+00 -1.109385486349439898e+00 3.316314783615710304e+00
-1.345669698361319888e+00 -1.085878343026299930e+00 3.297146430739330114e+00
-8.209057724180099935e-01 -4.748438333373899978e-01 3.406399279372740452e+00
-8.095241865446900498e-01 -5.039188716967999415e-01 3.447222058415960078e+00
-7.735703906275299691e-01 -4.309059549642899611e-01 3.332249982044739767e+00
-7.546429276655000074e-01 -4.279373458657599882e-01 3.368888959751210166e+00
-1.355321857128489960e+00 -1.155526093020790013e+00 3.276232356859390293e+00
-8.909858463246299598e-01 -4.686670400409199688e-01 3.330184778328350248e+00
-1.354402038080300130e+00 -1.117304044325249990e+00 3.326108593540539893e+00
-8.378136064536099159e-01 -4.559812306837999762e-01 3.360899194427330094e+00
-1.314008658583179834e+00 -1.138552648544109980e+00 3.328939096100209660e+00
-1.137799819068630036e+00 -1.099958176228190254e+00 3.451494753464410259e+00
-1.329244601081709831e+00 -1.104144116090400196e+00 3.334455836388339200e+00
-1.061734519466569937e+00 -9.016684386439199894e-01 3.460450515221760170e+00
-8.405200094034099845e-01 -5.039116982900200270e-01 3.437161498655830094e+00
-1.532960868705689927e+00 -1.099536480447870002e+00 3.287934547906480098e+00
-8.496636186166799387e-01 -5.366180110414099369e-01 3.303116834280789504e+00
-1.309217980667260139e+00 -5.905579075116099697e-01 3.244909709925209995e+00
-1.240876361385629956e+00 -6.263900687166399361e-01 3.284151879436520538e+00
-8.140297032954000311e-01 -5.835659264426299453e-01 3.584530383370080564e+00
-7.919332980884400408e-01 -5.789571977838999794e-01 3.575130685740980141e+00
-8.482078843049800643e-01 -5.940634830955999757e-01 3.591000703266709948e+00
-8.491162753639599492e-01 -5.907659286001099019e-01 3.579905179958589478e+00
-8.103030434878000232e-01 -4.973157872600399987e-01 3.448627966540509959e+00
-1.244679400242629796e+00 -6.084473563183399047e-01 3.530052884063549890e+00
-1.192185863074129770e+00 -6.085462150998199871e-01 3.538071724229680193e+00
-1.199683829658499956e+00 -6.107713113716599640e-01 3.472332372006429857e+00
-1.211408550435300047e+00 -6.066122805034399601e-01 3.537406102950010123e+00
-1.184267898844969968e+00 -6.097839160526999924e-01 3.515979157487239881e+00
-7.705648255623199772e-01 -4.462340543871599619e-01 3.312148273766569950e+00
-7.413318584487600393e-01 -4.411661256228399663e-01 3.370593519940519478e+00
-8.020667224204400814e-01 -5.091090710289900567e-01 3.487336653583289703e+00
-1.269359969357249929e+00 -6.077439370290199649e-01 3.237720125422539397e+00
-8.506990276326500400e-01 -5.827146496488400107e-01 3.534795094241520275e+00
-7.842930581814799851e-01 -5.694909433531399889e-01 3.560400313155749785e+00
-1.296823504046439979e+00 -1.166450900672769908e+00 3.379340230416150170e+00
-7.748812767246899824e-01 -4.692975964076500084e-01 3.410983519307669631e+00
-1.317400023645340035e+00 -6.241621876838799876e-01 3.305855338989600156e+00
-8.419593599587800181e-01 -4.996788894470999831e-01 3.466584918598510257e+00
-9.238752185919900661e-01 -4.788570373977300010e-01 3.394011087669830395e+00
-8.568541851671199749e-01 -4.646817291169899611e-01 3.380486345447869745e+00
-7.859877431722399610e-01 -4.759773939400999687e-01 3.378678471822389895e+00
-8.690360423457899053e-01 -4.888786635286599958e-01 3.410251649649170602e+00
-9.241400012751699311e-01 -4.665112945892199714e-01 3.378083426617210172e+00
-1.116360658234509806e+00 -1.206898847067390035e+00 3.374163085817909469e+00
-7.778687864452200618e-01 -4.693264727746799814e-01 3.403432093724870100e+00
-8.604315691172600422e-01 -4.616269134270399865e-01 3.370795806854149923e+00
-9.126557368491898803e-01 -4.861523205590799757e-01 3.367729667887940259e+00
-1.100639004954810041e+00 -1.206639026925250047e+00 3.359634279564549963e+00
-8.182973945213399825e-01 -4.544037728146199662e-01 3.378158919869549415e+00
-1.218976238148099966e+00 -5.398825880986899417e-01 3.209571530935200201e+00
-1.126514471914549897e+00 -1.213126499669870073e+00 3.435574026264749392e+00
-1.255601924886850185e+00 -6.251537708217800304e-01 3.289771573135159777e+00
-8.900653834741599768e-01 -4.621387068456499492e-01 3.370805226396849541e+00
-1.300437743761230003e+00 -6.231108519659700473e-01 3.272818777341189644e+00
-1.121986383996750103e+00 -1.184486992175830089e+00 3.374516608425349951e+00
-1.288034733344380012e+00 -5.934685614952399657e-01 3.227387093919469763e+00
-9.275382391494799705e-01 -4.896064728315899783e-01 3.412249542103819699e+00
-7.669604754647699751e-01 -4.288674310371299869e-01 3.325446992256000378e+00
-8.702371261243200262e-01 -4.893188039673599388e-01 3.411499008751059492e+00
-1.253226262548559955e+00 -6.251718552096700021e-01 3.284223262819269351e+00
-8.490983874574200563e-01 -4.628000652531499837e-01 3.369791056248979899e+00
-1.418026926908690033e+00 -1.110240963278160020e+00 3.239221691478969767e+00
-8.899588664275599470e-01 -4.701538577641599659e-01 3.389047033317480029e+00
-1.114673512295889957e+00 -1.207270536606650069e+00 3.375238414258519448e+00
-1.522174501676790026e+00 -1.139448349684640149e+00 3.236258011570999571e+00
-1.141140915627000041e+00 -1.146555928338260033e+00 3.415566788115089736e+00
-1.666631646723059967e+00 -1.153290427253270023e+00 3.419435738547689674e+00
-7.260363692826099502e-01 -5.272688398642899621e-01 3.520521902179649665e+00
-1.505451329065319976e+00 -1.158399251580350064e+00 3.195112624483029684e+00
-1.355075934303319851e+00 -1.083512679462709904e+00 3.323380681217630084e+00
-1.187257419583660045e+00 -8.227263334713099674e-01 3.510218765805069197e+00
-8.997075030318599786e-01 -5.212200633922899895e-01 3.478527852376029905e+00
-8.034744390764899657e-01 -5.164652311028599119e-01 3.462442079414340235e+00
-5.719154738114099468e-01 -5.395649854994699623e-01 3.529932211344659621e+00
-1.392492173786149978e+00 -1.074185424443339976e+00 3.303261085264900032e+00
-7.169874612387500123e-01 -5.461351877359900131e-01 3.530427500308340072e+00
-1.528152820908929899e+00 -1.163572167375469979e+00 3.214635070120730020e+00
-1.521215623328489919e+00 -1.191153079583779917e+00 3.198422963756700099e+00
-6.276739758464799923e-01 -5.522790802060799642e-01 3.568590494517019707e+00
-1.460314724180340029e+00 -1.215563121106829847e+00 3.230365149920199741e+00
-1.177168072474970018e+00 -6.047049913270999832e-01 3.571654112548889870e+00
-9.061929828189499991e-01 -4.692416319066299857e-01 3.361707513717440143e+00
-1.214761249731509896e+00 -6.063015803551099481e-01 3.432466104525699890e+00
-1.215522090169719904e+00 -6.112917602101499703e-01 3.449009976983689718e+00
-1.219209755517060012e+00 -6.127631879135200244e-01 3.537494220862479999e+00
-9.211578667152000577e-01 -4.634312209887099798e-01 3.391334858987960388e+00
-7.781976327944599703e-01 -5.029760891701400283e-01 3.565126198743199915e+00
-1.560564186191770064e+00 -1.184606474718900015e+00 3.205739144030439469e+00
-1.377158664184030101e+00 -1.165591083293429975e+00 3.186099420396839577e+00
-1.242285214898339873e+00 -1.284181182831150014e+00 3.517804608999009375e+00
-1.528807435314419871e+00 -1.154446352719209923e+00 3.224533810122189870e+00
-1.460893330387889932e+00 -1.131659156322660120e+00 3.255477630880170281e+00
-1.647199603095479858e+00 -1.133151518395879798e+00 3.386546714228869881e+00
-1.290119835568659834e+00 -1.185945137341799960e+00 3.591287098863170435e+00
-1.292052080756139976e+00 -1.185629756589029915e+00 3.614510080053659813e+00
-7.258640192693699422e-01 -1.226358530647679856e+00 3.620057670569799768e+00
-8.736946923016399857e-01 -5.213397177114099668e-01 3.351677194885859912e+00
-1.783959350529749965e+00 -8.182004450955000507e-01 3.758369780227989843e+00
-1.773414797723590119e+00 -7.984745927298199097e-01 3.776119251083099648e+00
-1.252857309448009993e+00 -4.696215636686699724e-01 3.289561433542819380e+00
-8.095326389688999313e-01 -5.648127866253900287e-01 3.553269947971739562e+00
-7.743012640472499708e-01 -5.721690597038799897e-01 3.527096291168709818e+00
-1.646581836899389861e+00 -1.152074263378600083e+00 3.390225618079239389e+00
-1.268467143955959830e+00 -6.093561609203499430e-01 3.264488652596959639e+00
-1.243141392986820026e+00 -5.923520019356299793e-01 3.245306166465719677e+00
-1.347389026280590096e+00 -1.117778668622519955e+00 3.340279112299960218e+00
-7.226770633099199870e-01 -1.151661594921630005e+00 3.569256031260029438e+00
-8.326113562004400226e-01 -5.850100842354399866e-01 3.579793557872210208e+00
-1.546365805113129932e+00 -1.094474396851319975e+00 3.291960063138249737e+00
-1.286423058695959742e+00 -1.217082319828429959e+00 3.348510501712289589e+00
-1.268390767706970124e+00 -6.083143123516799866e-01 3.267370031295730115e+00
-1.269240200039499999e+00 -6.072957734863699830e-01 3.256169446288019742e+00
-1.235881263643499928e+00 -5.263337538874799382e-01 3.228784242216219624e+00
-1.090466819383800079e+00 -1.032793566098310079e+00 3.426395161987709770e+00
-1.650495047687599914e+00 -1.132223194821619927e+00 3.490335417634220505e+00
-1.137533845954279865e+00 -1.191955632711439783e+00 3.355326721748020269e+00
-1.139528451586510061e+00 -1.208216836300940011e+00 3.430055774266939750e+00
-1.587927576879810010e+00 -1.058733336557780014e+00 3.405588712799049844e+00
-1.136278244417719963e+00 -1.192201869876099884e+00 3.416210973107139282e+00
-1.585267177750909973e+00 -1.045401829983169995e+00 3.374938882810289975e+00
-1.589510241939019908e+00 -1.058890807087790042e+00 3.413147637005190305e+00
-1.137166243877820060e+00 -1.164914271645560051e+00 3.388340056467109562e+00
-1.159103454374390108e+00 -1.190269284866479982e+00 3.414231935873149659e+00
-7.181930543481900298e-01 -5.388638760599100408e-01 3.525039145967269860e+00
-1.134385105151539896e+00 -1.174477824310459884e+00 3.444114760224969984e+00
-1.410911118947740128e+00 -1.069571809280740027e+00 3.426107675701429933e+00
-1.218245637940249981e+00 -8.340198270823999671e-01 3.473000932678280250e+00
-1.153274393662339969e+00 -1.152322768673349929e+00 3.467118954981230239e+00
-1.164915879839359958e+00 -1.134301757267119903e+00 3.460500061531909921e+00
-1.161843865877139947e+00 -1.116676481712399971e+00 3.422335002444850005e+00
-1.181975002705479838e+00 -1.129324090627779942e+00 3.457110906246319892e+00
-1.114150772398700084e+00 -1.089500596884259931e+00 3.438388398808069901e+00
-1.117703128692369985e+00 -1.105091541778969955e+00 3.473080979493269993e+00
-1.094115480957029929e+00 -6.536675633935600249e-01 3.509073464497589612e+00
-6.954109976752300692e-01 -1.115043746068880015e+00 3.571158001826550077e+00
-1.228642725637210109e+00 -6.067504955321799676e-01 3.540506630424779644e+00
-1.035981280729899812e+00 -5.956083039173899474e-01 3.543365945398269545e+00
-8.466104298041600140e-01 -6.068201848396599374e-01 3.522358866928989585e+00
-1.245958608107390120e+00 -1.287135754264570053e+00 3.478870355064569431e+00
-1.239050031338089886e+00 -1.316295311634720022e+00 3.536394849129229634e+00
-7.229706789736599637e-01 -1.287970547210790073e+00 3.616893059703209623e+00
-1.250424725813580107e+00 -1.268365116104710033e+00 3.514100298126130006e+00
-1.239052295097269996e+00 -1.290592613985990011e+00 3.531467718464090133e+00
-1.230674604740269906e+00 -1.264830366353399960e+00 3.509239968957829525e+00
-7.565103338821900225e-01 -6.674469674280198994e-01 3.604265172596149647e+00
-1.231692552195990054e+00 -1.256511726340939994e+00 3.523036595286599848e+00
-1.240718289637889882e+00 -1.270423775062190064e+00 3.553939270764129965e+00
-1.233771574989929842e+00 -1.244323172140239908e+00 3.524421456246709994e+00
-1.529303709952219981e+00 -1.155942349030280036e+00 3.228821149644110378e+00
-1.135065736174329931e+00 -1.166277966705089986e+00 3.416891703958150117e+00
-1.122628326396970078e+00 -1.144609384982000044e+00 3.415880804962600159e+00
-1.089308915549219936e+00 -1.068507669577219987e+00 3.514134878407539908e+00
-1.453396563060040059e+00 -1.066450373337600066e+00 3.304551144773999916e+00
-1.394062058327319775e+00 -1.075251132511209740e+00 3.306056240014509484e+00
-1.565035863220860080e+00 -1.043655258708400035e+00 3.364711742064420363e+00
-1.129475848985719955e+00 -1.129988634125169922e+00 3.469958214267619745e+00
-1.150521019198619932e+00 -1.135485372478290067e+00 3.432163624909479793e+00
-1.220245905375189954e+00 -6.100580269445399217e-01 3.488563630667419702e+00
-1.234547280764159982e+00 -1.231219225529230021e+00 3.540012760825240079e+00
-1.236439009765369912e+00 -1.228427114897349792e+00 3.529871165668720501e+00
-1.256432917012120010e+00 -1.225376479004450125e+00 3.537753786693199842e+00
-1.667467786546680264e+00 -7.663306389390600604e-01 3.616984493207599627e+00
-1.224018862508009953e+00 -1.200258012814769959e+00 3.561564981028910282e+00
-5.615402360526000614e-01 -6.406661447262800291e-01 3.719192035760329418e+00
-1.009100783574270022e+00 -6.517457613976399555e-01 3.633626159529599775e+00
-1.253784875039730018e+00 -1.201210529513430103e+00 3.566758309048219999e+00
-1.251136496725109959e+00 -1.192659357878119941e+00 3.546322857496649661e+00
-1.838768328657410134e+00 -1.151524321733339962e+00 3.708652824879929533e+00
-1.854622975796339945e+00 -1.142805970747220012e+00 3.723295533217149789e+00
-1.276965824786719939e+00 -1.125543867222160044e+00 3.572943322583910231e+00
-1.739952068739359925e+00 -1.066538046720070021e+00 3.582739646640869857e+00
-1.719194490276720000e+00 -1.069445523905939943e+00 3.550388488667559628e+00
-1.744997848674299856e+00 -1.077459468059450032e+00 3.609735235524730079e+00
-1.793762417492229755e+00 -1.093408568871339970e+00 3.687397619171529861e+00
-1.776658204964399967e+00 -1.081078083865560036e+00 3.652500996508289965e+00
-1.734662454639549933e+00 -1.068412798878259906e+00 3.596267762553799763e+00
-1.210924495282180047e+00 -1.314758809047410049e+00 3.563882250898849691e+00
-1.821194146024229799e+00 -9.433767524248599656e-01 3.751633041066659402e+00
-1.322932275013789960e+00 -1.111075461521020102e+00 3.479823097123070141e+00
-1.763554586748829811e+00 -9.456754967609599660e-01 3.670209333286059916e+00
-1.081620772443409928e+00 -1.187766763868910003e+00 3.633420124206449664e+00
-1.789767135260959874e+00 -8.041184559164999968e-01 3.750566459738289282e+00
-1.779540715475540047e+00 -7.944840565503600294e-01 3.781344339991019154e+00
-1.795860937781439848e+00 -8.148186260915399881e-01 3.779688504713109687e+00
-1.687029188172810112e+00 -7.754705996158399728e-01 3.609342177876469826e+00
-1.788813640051269749e+00 -7.897153723905999678e-01 3.783389531460509936e+00
-1.571719256420689881e+00 -1.155088012218159932e+00 3.305982474883739641e+00
-1.073752415778829850e+00 -1.151494366123779978e+00 3.537864180239339795e+00
-7.416885692451800072e-01 -1.304406520997019925e+00 3.607099170204509875e+00
-1.226909115185399912e+00 -1.295459246622610028e+00 3.500138168923189852e+00
-1.228833741704709936e+00 -1.234103502130660113e+00 3.497730938464379769e+00
-1.747214529457479903e+00 -1.065119921242180023e+00 3.599559110716589849e+00
-1.744828132136680088e+00 -9.248444774963200388e-01 3.647956113631820152e+00
-1.825454899629739947e+00 -1.128654973088510038e+00 3.674174799958949578e+00
-1.838128777072899789e+00 -1.130787159920850105e+00 3.695359757904159714e+00
-1.338411777533029978e+00 -1.113800650598789854e+00 3.357054117923879311e+00
-1.139828971175670169e+00 -1.210721442516769830e+00 3.392817939989839715e+00
-8.704332260222300555e-01 -5.132048974243399453e-01 3.449742806146949725e+00
-1.313480737204389959e+00 -6.240274195038599814e-01 3.280061911002490227e+00
-1.733561303132249654e+00 -1.051267460668300124e+00 3.589032115047699811e+00
-7.798792144329299569e-01 -4.307946510852599387e-01 3.336837607393190019e+00
-8.536113964746600002e-01 -4.662884239692399735e-01 3.377380404268960135e+00
-7.586002286771500458e-01 -1.192607320127230031e+00 3.715406616674799878e+00
-1.339602974308740091e+00 -1.207160748090299940e+00 3.738619020244449587e+00
-1.126135575867699856e+00 -1.194125678609439856e+00 3.418822785384949547e+00
-7.376330745107300135e-01 -4.929599111809499501e-01 3.460233201802350500e+00
-1.074289195349820147e+00 -1.030411410414850071e+00 3.402911806758069702e+00
-7.276646234053699702e-01 -1.231980311925319871e+00 3.656382772882070142e+00
