2.140614063502199738e-01 -5.463313787131800492e-01 3.730805620293359937e+00
1.272893990995199731e+00 -7.379977541044300260e-01 3.724511127572950109e+00
6.528378748903299611e-01 -6.626123866000499518e-01 3.799966233810910143e+00
1.033707743353529995e+00 -6.105470030500900203e-01 3.928087479721509734e+00
7.111599210726798903e-01 -4.448242154312599950e-01 3.579715269539620159e+00
1.080485193110010123e+00 -5.784408261149799335e-01 3.920020762524279778e+00
1.272056993300880068e+00 -5.659088343969199686e-01 3.791105552659700173e+00
1.217370109045099902e+00 -5.867055496294599770e-01 3.875021306114099673e+00
5.283971540783999332e-01 -7.628552056964899020e-01 3.893703741705589305e+00
1.210925747334049785e+00 -8.140165755705599526e-01 3.783080169960140182e+00
1.219513604007339991e+00 -4.887428280258400148e-01 3.838385882778440283e+00
1.198773350468590015e+00 -6.911347338626500081e-01 3.861430375032649742e+00
5.877643451296499233e-01 -6.328513347172000092e-01 3.883564118662239828e+00
1.259717637172389715e+00 -5.039476495095699393e-01 3.787990843520389728e+00
1.255285781138439916e+00 -5.331695118303899639e-01 3.775959359547849559e+00
1.253090920044840129e+00 -6.976932089102300116e-01 3.742570023317150163e+00
1.272933522448259858e+00 -7.363902667164299309e-01 3.727309768260690159e+00
3.989089573699799995e-01 -4.679510850838499714e-01 3.663445394957550061e+00
1.022008035429829764e+00 -7.060118256461600517e-01 3.879576823809220087e+00
1.062196480199119941e+00 -7.451333240124300428e-01 3.863587547647610254e+00
1.228538086462739987e+00 -5.254862173624699206e-01 3.843390244488829932e+00
5.393778014432100143e-01 -6.291956389265299654e-01 3.927971480885750211e+00
9.973401964356598537e-01 -6.584423512734299822e-01 3.924829304267850372e+00
1.050092094749160099e+00 -6.979993033783299383e-01 3.880027540909329886e+00
1.565272021599100061e-01 -5.681763016517600295e-01 3.700937750827919981e+00
1.274696805488339857e+00 -6.215290393456600615e-01 3.768372096890380440e+00
1.144744719322940085e+00 -5.942490960744499784e-01 3.907854860542030462e+00
1.021983547918529966e+00 -7.738794205407100169e-01 3.929621477939289953e+00
8.266200028077199669e-01 -7.938256080861900710e-01 3.886027921659350071e+00
9.806611187612800373e-01 -6.285281741830499591e-01 3.936747319396510125e+00
6.815426146375799243e-01 -6.909216729972700310e-01 3.800529233712130139e+00
5.825549621865200312e-01 -8.733473289708201248e-01 3.762158974591060190e+00
1.055594694517699939e+00 -6.991231998542899451e-01 3.891177177142750132e+00
1.252379501771549997e+00 -6.692371130763099529e-01 3.748469899162449881e+00
1.021007587007199957e+00 -6.219095309184800024e-01 3.945107497133639729e+00
1.209754486496410042e+00 -8.190913588946799884e-01 3.783223457940799950e+00
1.204246455065919985e+00 -7.163607354133799676e-01 3.868280018540020126e+00
1.036986658429009944e+00 -5.771919225444499535e-01 3.972891573192370185e+00
6.521833012580700029e-01 -7.494321908633699847e-01 3.769730675099970174e+00
8.055212058267399167e-01 -3.979032955408199901e-01 3.505697188417360000e+00
1.289821421102489873e+00 -7.406206165758799642e-01 3.696242168881880286e+00
6.345652002968600325e-01 -7.151936152987199424e-01 3.880620939096440125e+00
1.186943704238700104e+00 -8.476597923356399278e-01 3.773245305891899992e+00
1.218394418112799915e+00 -6.072637451976400369e-01 3.835542581255880101e+00
1.015049278718129999e+00 -6.460997345317299745e-01 3.907830592801749603e+00
1.137298843488659950e+00 -5.571253972794300013e-01 3.934364413543649963e+00
1.234797977080799969e+00 -6.147367342877499974e-01 3.797533014796210526e+00
1.031613867354479908e+00 -5.744487089969300131e-01 3.956475748644050050e+00
1.176723873831359901e+00 -6.445261136414299763e-01 3.920717216622290113e+00
9.753471748169298960e-01 -6.222442191749799623e-01 3.985161799116839543e+00
5.852110619707500128e-01 -9.097397047228399369e-01 3.739851652041620511e+00
3.970514936222299673e-01 -9.375265000408099514e-01 3.586991472393790126e+00
6.233917933972099590e-01 -7.276166277287500206e-01 3.897040877946809978e+00
6.066944702277599077e-01 -4.469228238709299639e-01 3.619315692477129698e+00
2.865029198958700118e-01 -5.127809290652899366e-01 3.687843827089769544e+00
2.944798842357699287e-01 -5.117544288584899848e-01 3.694713809087550427e+00
9.876624575854799915e-01 -6.007290151806399248e-01 3.982366924168719624e+00
5.569056010980499849e-01 -6.588314801297999734e-01 3.882756815012899931e+00
1.295784828173739855e+00 -7.722569905394498502e-01 3.701759366221310188e+00
6.782935754056799160e-01 -5.905655087559400496e-01 3.865731282011799497e+00
8.238990511913401038e-01 -7.769250086989800685e-01 3.904364325157020144e+00
6.008987992975999282e-01 -4.153765765127899745e-01 3.549278284215850121e+00
1.006347856191479817e+00 -6.163990779854700008e-01 3.927266993675489815e+00
1.505968255328999639e-01 -4.885240426593699947e-01 3.639114952139409720e+00
5.822005804887899760e-01 -4.738785793266499513e-01 3.659094508955210046e+00
6.212660829262800499e-01 -6.545007316713900014e-01 3.829495671896729903e+00
4.275451514003799081e-01 -4.695511472277699716e-01 3.653148569352169694e+00
2.206405485691999846e-01 -5.419358968516299058e-01 3.728516172120150074e+00
5.645187321216500465e-01 -3.975778991456399569e-01 3.532294321199660025e+00
1.157806246144579942e+00 -6.254509689248000104e-01 3.881958517488880211e+00
1.374669142838400027e-01 -5.794456933196600046e-01 3.746380474317200449e+00
1.265417740980969930e+00 -5.016553154170200202e-01 3.796669959658780069e+00
9.895287130887500116e-01 -5.824482999809399431e-01 3.966528690595580109e+00
1.057203705665860083e+00 -6.909769675436500114e-01 3.884713082453210120e+00
1.034655012981070099e+00 -6.100793381969400464e-01 3.932108300826520075e+00
7.095248456745100185e-01 -5.375974246062800166e-01 3.816484382845680035e+00
3.773561561130400199e-01 -4.678909273354799891e-01 3.636144506037760404e+00
1.041109171805189915e+00 -5.751652140431999793e-01 3.969651390787080292e+00
6.880540343114999180e-01 -4.290848788669699987e-01 3.551579306029669869e+00
6.054977697367399658e-01 -4.072660160539599561e-01 3.543205258378140154e+00
6.729036929665399569e-01 -3.902316741887299489e-01 3.502939563657250233e+00
6.665874387231799370e-01 -5.562776715552999462e-01 3.802869990647280041e+00
1.048833080790599892e+00 -7.585166430439800322e-01 3.885519175537380132e+00
1.112010279950069958e+00 -6.210925310902699614e-01 3.917557876327729893e+00
1.339416000778639981e+00 -7.237097615784300331e-01 3.689011011495589631e+00
6.360525407960799793e-01 -7.177572638652900405e-01 3.869544972513490055e+00
1.237202112908599938e+00 -5.622869820629600168e-01 3.839163985552360270e+00
1.048929898709359820e+00 -7.495676557301600429e-01 3.868789915319200468e+00
1.047536635785219827e+00 -6.983221511833099804e-01 3.878478530197530194e+00
6.129375578009199632e-01 -5.549910453950699374e-01 3.820392161860150182e+00
7.842610322900599451e-01 -4.574157841540799629e-01 3.634280080328180063e+00
7.090567266381299083e-01 -6.575293752341200282e-01 3.833452117057719821e+00
1.287096155172090084e+00 -5.539591155698699865e-01 3.789434208657629810e+00
1.273045472474110040e+00 -5.594845908147799696e-01 3.771322760768220039e+00
1.214795397689050205e+00 -7.755864507664498309e-01 3.789698357973190213e+00
1.009247247166610073e+00 -6.525972528547099305e-01 3.917615216250549981e+00
1.008611931284969954e+00 -7.515754879514400244e-01 3.891954864475380305e+00
1.199606737278529955e+00 -6.758091106515000668e-01 3.867901229153599907e+00
8.154201177933499967e-01 -7.206356482299099975e-01 3.907567227967649881e+00
1.193638680460009871e+00 -7.821989446404998825e-01 3.843803045237339955e+00
1.081906692192210029e+00 -7.555010519333900110e-01 3.906004422591109915e+00
1.223031669306539948e+00 -7.533857066936799907e-01 3.769863072641439494e+00
1.125690542044730069e+00 -5.567290030965700298e-01 3.927959296908630105e+00
7.339666553060599785e-01 -4.511277322300899506e-01 3.592042520482170431e+00
1.336771738735220039e+00 -5.764152104448199143e-01 3.722826686701299792e+00
1.177815394379780001e+00 -6.648289737736700067e-01 4.000119720312490301e+00
1.026263827930429917e+00 -7.454161220050898873e-01 3.875673085925309902e+00
1.261243383623730008e+00 -4.796901858638900062e-01 3.785398121264390348e+00
7.572211681512500681e-01 -3.883151438707699854e-01 3.524822658541870268e+00
1.223622027472689888e+00 -5.153232209702699462e-01 3.843560847230649724e+00
1.156418436239949887e+00 -5.632188507623899776e-01 3.940774623489629924e+00
9.262855190435599351e-01 -3.329408973287300011e-01 3.520993977675849873e+00
1.170236387485680041e+00 -6.077151417241799525e-01 3.894145577989680085e+00
1.251520956965799902e+00 -5.514545162163599912e-01 3.817637906955820171e+00
1.113245970075599889e+00 -6.014549528367200137e-01 3.904192003654819665e+00
1.181334848848839991e+00 -6.475495445186499888e-01 3.924948815909810484e+00
6.767673546138899265e-01 -4.219169264593100044e-01 3.546033225845510284e+00
5.621498935399299457e-01 -4.014519912342099928e-01 3.532602489958910130e+00
6.226571595603299647e-01 -5.247986642638299282e-01 3.786393588243070152e+00
5.673866421467599341e-01 -4.430517565192899632e-01 3.645215476542389865e+00
1.655523303114299627e-01 -5.535613235616099193e-01 3.722591006959869997e+00
9.671479635017003751e-02 -5.768866094239999409e-01 3.744890428844799946e+00
7.069521374650099554e-01 -3.984206422558999594e-01 3.456154360922619961e+00
6.980916908039399571e-01 -4.256627067007099918e-01 3.547982137521289658e+00
7.151096922965500813e-01 -4.416657965447199907e-01 3.573441327736700313e+00
7.154926374192999150e-01 -3.039701058232699982e-01 3.472596265922909708e+00
7.808119250589199423e-01 -4.545480695584899755e-01 3.627768416929770368e+00
6.045096577138201477e-01 -3.981282706120100046e-01 3.511397558382230333e+00
5.224783268600000641e-01 -3.728426509523199983e-01 3.497370897465360340e+00
7.853429814238699347e-01 -4.305735059752099914e-01 3.577995054436029942e+00
6.725882196370199795e-01 -4.452416706225199583e-01 3.590400507964340182e+00
8.076940503052000286e-01 -5.052089389287399701e-01 3.713721208656379780e+00
6.002991022813399802e-01 -4.045813572039199668e-01 3.497767516404520105e+00
6.184316350196499279e-01 -5.410278843133899951e-01 3.780042592254529765e+00
6.116635861165800048e-01 -6.721988968950699528e-01 3.842480759194089934e+00
6.212170381930699481e-01 -5.248277558703600132e-01 3.775813193592439720e+00
6.145316846887299844e-01 -5.449011116061399651e-01 3.783338836755320234e+00
5.954263749448800436e-01 -5.466843549772699706e-01 3.809182749312769900e+00
3.754925423682400343e-01 -8.618898525388599685e-01 3.638716643127080097e+00
6.045564221211900957e-01 -5.601984784496699676e-01 3.811736653643309936e+00
1.260703835867039935e+00 -5.607985245933200247e-01 3.760485113214259822e+00
6.031308318168998595e-01 -4.088859169656999804e-01 3.527267569802599922e+00
1.302858813703390073e+00 -5.442694063530200133e-01 3.760096195392240048e+00
1.199662954108580148e+00 -7.826619840239299464e-01 3.811625565318850217e+00
1.136667377160349934e+00 -5.977228738474099634e-01 3.903215161466950356e+00
9.882013652296599560e-01 -5.820831555005299141e-01 3.963134822109090294e+00
5.683408975825500198e-01 -4.479247702288199906e-01 3.646280552026800237e+00
6.063411539171299491e-01 -4.058553505404999817e-01 3.546242112179760042e+00
1.044552160993980072e+00 -7.398831492951999378e-01 3.865229901672280199e+00
6.215134501078998230e-01 -3.919792431260199495e-01 3.501526593430259737e+00
5.529901983757800066e-01 -3.622300729735799529e-01 3.511577289266340163e+00
6.225495117375499099e-01 -3.947084277454799839e-01 3.500529548914939948e+00
2.496579831888799950e-01 -4.964758177644199577e-01 3.657090488668599981e+00
6.247872751904599564e-01 -4.047780049422199378e-01 3.522505465373499955e+00
6.579599350930199764e-01 -4.392877501515699556e-01 3.583597079301009902e+00
6.404701582425299522e-01 -4.688261638229099804e-01 3.656873628278070054e+00
1.250175444680450054e+00 -5.419774158856799362e-01 3.855747417872000149e+00
1.136510358905040041e+00 -5.971874458665900054e-01 3.908261969932649738e+00
2.500036469856600219e-01 -4.969417187730199581e-01 3.658367901632119779e+00
1.252637920287079876e+00 -7.130247917719799711e-01 3.741672841890199663e+00
6.488971474699899433e-01 -4.296605196127499804e-01 3.554846794415590150e+00
6.417174640412199871e-01 -5.690442071088299691e-01 3.826177744500129929e+00
6.740191297910399504e-01 -4.259236416962299820e-01 3.532006190955350178e+00
3.792217647927200175e-01 -4.661491108340399814e-01 3.643873846202240419e+00
3.930184520376199808e-01 -4.582289462560099613e-01 3.625169268505630260e+00
1.752021179712499876e-01 -4.917848477892199366e-01 3.632097796613920071e+00
1.804544505052199654e-01 -5.068102320567999808e-01 3.638826244331800019e+00
6.896729990237000507e-01 -4.313910173816399851e-01 3.528179966021120162e+00
2.394096654424200110e-01 -5.064779537883800087e-01 3.720085828959980301e+00
5.396117247993199584e-01 -6.268388381807999954e-01 3.935261986864639905e+00
6.484846932868100211e-01 -3.827991320656399798e-01 3.498258185688999600e+00
4.018061641298799613e-01 -4.910740611055799953e-01 3.662295937631439902e+00
3.605279733161499411e-01 -7.535450290057299494e-01 3.697012123686290064e+00
6.083377258322499870e-01 -4.450978923829799760e-01 3.626861777377480056e+00
7.569643833870900451e-01 -4.512543792374499874e-01 3.589380969565330037e+00
6.080399061739399924e-01 -4.061686056811599776e-01 3.543868339206059925e+00
6.598688937978799407e-01 -4.518960005943599700e-01 3.586862015570660311e+00
1.038793723046639972e+00 -7.743130393592200233e-01 3.883552873022440455e+00
2.184091451133799711e-01 -5.147468409115899535e-01 3.683649847411109679e+00
1.597233684145000221e-01 -5.537231932491000208e-01 3.728198106727299788e+00
2.253581930378900089e-01 -5.331253168554499489e-01 3.697784081094789954e+00
4.261640803588999660e-01 -4.960489119207599495e-01 3.684919781476100109e+00
1.941795656779300161e-01 -4.894117308405099287e-01 3.630150543594109713e+00
3.612499552761899713e-01 -7.508761506152299425e-01 3.690272607258649806e+00
2.457631030015199891e-01 -4.970790482419900069e-01 3.658345658908389808e+00
3.278721832337999631e-01 -5.065595239255900051e-01 3.687366231621610257e+00
2.364475763276999432e-01 -5.083564872521300071e-01 3.681570544582969617e+00
1.630671918320500402e-01 -5.325312075640500353e-01 3.714263214369910138e+00
8.471097271451995259e-02 -4.991757573526000025e-01 3.625217257833340145e+00
6.307246424081499603e-01 -4.388872989926799750e-01 3.581560228075880037e+00
1.527812912191199579e-01 -5.425878755834799838e-01 3.698182382239179944e+00
2.400601460374599816e-01 -5.349619581036599847e-01 3.696404795173599656e+00
4.225529004749700168e-01 -4.987221047917099748e-01 3.662586041993570074e+00
4.000157821528699809e-01 -5.148935596011199323e-01 3.622888925411559935e+00
5.582746270086299534e-01 -4.011889286487799744e-01 3.532181423677640097e+00
4.251584635694099501e-01 -5.030020800670700343e-01 3.656381910858530038e+00
5.537640096576099680e-01 -5.086808368813200421e-01 3.743859369129040271e+00
6.401880481104800236e-01 -3.534031166511699684e-01 3.458354077618169597e+00
5.523785414190800491e-01 -5.089973383519499350e-01 3.744115100675630359e+00
6.253119115722298726e-01 -4.052861648536799644e-01 3.521856502365599884e+00
6.473008226323799796e-01 -6.613814421315200587e-01 3.790634529217039805e+00
6.606320875950200122e-01 -4.240372255553999659e-01 3.559619529316039976e+00
6.390919152637600797e-01 -3.993330847407999817e-01 3.506748371470340242e+00
7.202852548681299982e-01 -4.344201923882099470e-01 3.556721914109289617e+00
5.948256266891500665e-01 -4.395485812526099823e-01 3.615182026500789902e+00
6.685264373659499659e-01 -4.081481126605399634e-01 3.536083053940819454e+00
6.347327962949099733e-01 -3.882205239743499736e-01 3.487900935087850041e+00
1.048359394476649831e+00 -7.503536173423299704e-01 3.867933341871690356e+00
8.139278239396799952e-01 -6.216033166275599653e-01 3.957009028665780193e+00
5.673274737180798999e-01 -4.437854016384999989e-01 3.641902169371800113e+00
8.230930107676498464e-01 -7.913934909751199065e-01 3.876161943322140147e+00
5.589960060103899009e-01 -3.962180215263999550e-01 3.547665685600820407e+00
6.089079092496100243e-01 -4.006544002277899752e-01 3.510072045356130044e+00
6.742724245847300235e-01 -3.482042968234199676e-01 3.501140804666300177e+00
1.039561529090099912e+00 -5.850264829810299938e-01 3.942567367707610071e+00
6.244414056776299571e-01 -3.446789797334499639e-01 3.433309382305890445e+00
5.980399810220500267e-01 -4.031005477885100108e-01 3.507454605346409959e+00
6.842742816672400252e-01 -3.872469536062999595e-01 3.515706827158320280e+00
2.033778203133199680e-01 -4.928686796303199946e-01 3.638971228430400107e+00
6.316126644802498857e-01 -4.078550197962099721e-01 3.495887592678430078e+00
6.524581611276100146e-01 -5.667821677983999606e-01 3.821841177167540238e+00
1.900119337095400596e-01 -4.891153423874199935e-01 3.634438256579719972e+00
6.333983700318699395e-01 -5.962803366193899501e-01 3.853216263389870111e+00
6.425275545023200197e-01 -6.949230944273199206e-01 3.819987449177180139e+00
1.025433629771600186e-01 -5.070065825846499230e-01 3.655834226408849918e+00
6.420993231492699849e-01 -6.917187314395099040e-01 3.811092068007870370e+00
6.682944472414099613e-01 -5.716884401417099415e-01 3.822978347735390248e+00
3.496304552530700160e-01 -6.425324302614399130e-01 3.764870588194380030e+00
3.510666654018599897e-01 -6.433989478168400389e-01 3.763635886540339648e+00
7.685354049940199550e-01 -4.901041271018299339e-01 3.656906092168610733e+00
3.843981098053099732e-01 -4.661045223482899735e-01 3.637754988674649859e+00
1.306640526034299754e-01 -4.916975100172199520e-01 3.622780241394699896e+00
1.919674448929800104e-01 -4.912001969869599916e-01 3.639231750494200224e+00
8.248042395132298976e-01 -6.470269671212600660e-01 3.945177510541939547e+00
2.186476844072399728e-01 -5.157753267904899852e-01 3.678877149327490326e+00
2.697730549332799654e-01 -5.115562877413799558e-01 3.678073765811120222e+00
1.650980599112900071e-01 -5.350630395884299340e-01 3.697868592886750072e+00
7.733588694269995234e-02 -5.073161418904499342e-01 3.644013714396509673e+00
6.736499912119399136e-01 -4.550804844629999790e-01 3.559743148050380057e+00
2.203027234314800242e-01 -5.371335439643000198e-01 3.735566782738239944e+00
2.210951427917400014e-01 -5.415361967905699681e-01 3.725964884485730266e+00
1.848690162021300321e-01 -5.503538967167499463e-01 3.726801986435650083e+00
3.983855204926399773e-01 -1.037603908045050094e+00 3.653059268223710188e+00
2.303994509863299678e-01 -5.199208274762299187e-01 3.696877566025470241e+00
3.503797895697899900e-01 -1.060582729743429820e+00 3.718901960771590076e+00
8.721252961253900260e-01 -3.222440249082499930e-01 3.501238793352909884e+00
1.312925351029399779e-01 -5.503274747608000173e-01 3.716724353831220018e+00
1.483683378793999863e-01 -5.477533361749400420e-01 3.706830724040199865e+00
3.624142182437799509e-01 -7.581444015146799886e-01 3.704150847753019615e+00
1.534976798277200016e-01 -5.480700171303999335e-01 3.706407290771880358e+00
3.624881931476299779e-01 -7.550969525501600721e-01 3.687047383140459988e+00
1.309646516785299974e-01 -5.527175954535399338e-01 3.713324935457000375e+00
3.621463985739599711e-01 -7.568880649817300021e-01 3.693923268261889881e+00
7.394469069695599472e-01 -3.673351016783799605e-01 3.535887534362339935e+00
7.293454224780999973e-02 -5.021254145104500077e-01 3.649273623867549610e+00
1.969903375619999619e-01 -5.386529911955000305e-01 3.720268193779699750e+00
1.251862070587500264e-01 -5.608114300438299393e-01 3.724252199870409896e+00
6.860094681734899558e-01 -3.607975639803199797e-01 3.473713636810300542e+00
1.237601587778300039e-01 -5.606123794751000089e-01 3.725663319951760144e+00
7.942187510691599561e-01 -3.706052911957499751e-01 3.506148886352370653e+00
1.391315243492799725e-01 -5.618259049759499746e-01 3.719341590597549541e+00
2.343248340024399745e-01 -5.208643418836600425e-01 3.692929944251299723e+00
6.055102376506699136e-01 -4.462167118582899827e-01 3.620922991324169615e+00
3.873322583008899089e-01 -4.555228077946599785e-01 3.620645807425039830e+00
6.454806029536299672e-01 -4.392115249789400044e-01 3.580329462612480640e+00
1.785169645827100193e-01 -5.028348074224500142e-01 3.641000885169250356e+00
1.796958057309999968e-01 -5.010680944461999298e-01 3.643362984792319903e+00
6.845402813911499740e-01 -6.013706496942099466e-01 3.864318107247129763e+00
6.056758176523598936e-01 -4.472522852823299644e-01 3.617878312453630230e+00
6.011865388300700053e-01 -4.176803197305399840e-01 3.548049457185840083e+00
3.787588166242099597e-01 -4.833382031280099578e-01 3.651152425370490118e+00
5.931840071335499065e-01 -4.740813113490700004e-01 3.664259588208189644e+00
6.355629457852099984e-01 -3.910679766609500008e-01 3.498488065844050254e+00
8.200980674658600034e-01 -7.341540286488299483e-01 3.905934708804689848e+00
7.358471739366598818e-01 -4.496227373273399830e-01 3.598321343811300199e+00
5.980088213701599820e-01 -4.044180381875799868e-01 3.492559664181619894e+00
5.818998013637899369e-01 -4.726891267997399559e-01 3.666103916080519998e+00
2.562277011393500059e-01 -6.245424465436899553e-01 3.790488135871589837e+00
2.549544853940799993e-01 -6.246394705717699392e-01 3.800837313478889978e+00
1.147014437862399899e-01 -4.880021084582299995e-01 3.616446769588289811e+00
2.233746772967699634e-01 -5.029535917506099407e-01 3.669279843572649913e+00
1.747795396161199999e-01 -4.699797257479599866e-01 3.603738828120240267e+00
3.370864719380199936e-01 -5.672792778838700034e-01 3.806395692030269728e+00
7.020125192856798702e-01 -4.243816000710100012e-01 3.548727752169690053e+00
6.337618748316700135e-01 -3.196486352802999642e-01 3.426153239197520683e+00
1.407640364453099646e-01 -4.767405100553499531e-01 3.597528451419790052e+00
7.983991581445999408e-01 -4.637375080104699787e-01 3.645140613988230083e+00
2.020322373652800041e-01 -4.671910064390200068e-01 3.590630022668080290e+00
6.237194531390000130e-01 -6.541531808237699419e-01 3.873077463763010098e+00
6.141273582588799851e-01 -6.671243283124599355e-01 3.839166695341559965e+00
3.976233302571700046e-01 -4.530172517871199900e-01 3.620757028827780388e+00
6.517096960473299783e-01 -5.554129129177000079e-01 3.805031160724719808e+00
1.511458779238000205e-01 -4.826394927818499769e-01 3.601782686667950539e+00
6.069363205991700205e-01 -6.232273960979599625e-01 3.872237054602039930e+00
6.076962686610799524e-01 -6.208852287047299523e-01 3.872880280523290253e+00
8.035945438934100071e-01 -5.019638411422199242e-01 3.724785085427220199e+00
4.549123126113399640e-01 -6.095850302976200119e-01 3.887644975056959940e+00
1.244646302889139911e+00 -6.268300357384799515e-01 3.746288183712080055e+00
3.721847097787900349e-01 -1.130597408705889872e+00 3.678790843105370190e+00
1.234877582484329883e+00 -6.075006155171499556e-01 3.795737322410530190e+00
5.107597136971400165e-01 -6.255512529233400176e-01 3.911039764297099541e+00
2.923121858676999696e-01 -8.981708979854801100e-01 3.634546290768500221e+00
1.226781239367999987e-01 -4.841288362756199781e-01 3.603791561127700049e+00
1.033910976441339891e+00 -7.115469514880500279e-01 3.862987200655190190e+00
8.159242570891899193e-01 -7.155793912497999676e-01 3.911234844023300017e+00
1.175404498730799746e-01 -4.910586695186099915e-01 3.621786912938710135e+00
1.190838478262589817e+00 -7.174715263917099684e-01 3.853684590532789667e+00
7.971697417737200198e-01 -6.623429053990599336e-01 3.938762282233259526e+00
1.217219313326479924e+00 -6.457876879225400435e-01 3.893192996819620166e+00
1.217235867878439848e+00 -5.912375650448199460e-01 3.871446127593260123e+00
2.952302185012199987e-01 -8.939785052465200055e-01 3.620006742069039607e+00
1.064153853708399988e-01 -5.084081556902899646e-01 3.643254974592870177e+00
1.229029616062659924e+00 -5.303804456084499908e-01 3.892408231114009798e+00
9.883189051594499785e-01 -6.222722391055699465e-01 3.951948513653630091e+00
1.105051592670670102e+00 -5.820542295876900418e-01 3.907038986499309807e+00
4.312715105988994962e-02 -5.276633955622700434e-01 3.629823508994789893e+00
6.188081805272799274e-01 -3.299683332426999738e-01 3.403978884740300082e+00
3.729613059513099960e-01 -1.129625631151120135e+00 3.677278793376680177e+00
6.778544136076999349e-01 -3.903723017913399707e-01 3.502876766943299636e+00
2.659736363084599930e-01 -5.126258370236399520e-01 3.681123556139659581e+00
8.406136047639898301e-01 -3.035588835270999764e-01 3.502572873881440341e+00
2.658322338447199895e-01 -5.130094704310700360e-01 3.676673231032510536e+00
1.176154867146580019e+00 -6.249470194678500290e-01 3.920203392957129829e+00
5.214619610995999688e-01 -3.719320178601499549e-01 3.497025077791749759e+00
1.667683664149999800e-01 -4.854947308875999790e-01 3.608623261850159913e+00
2.253615172582800197e-01 -5.201387811619699875e-01 3.684718029502670245e+00
2.423389318844699769e-01 -5.253312977157099661e-01 3.681554023569549638e+00
1.350813705609399673e-01 -4.872636588866599561e-01 3.590180032028639445e+00
3.604729283989099864e-01 -5.773864599350500004e-01 3.807847923849630334e+00
5.406066103446799387e-01 -7.652046182308900324e-01 3.917913282025770272e+00
3.621226474054999867e-01 -5.737473274687500124e-01 3.812078708301890106e+00
1.083590945178799947e+00 -4.113234664147299435e-01 3.652764440200890306e+00
2.146454069369599926e-01 -5.212758701939599337e-01 3.678804008443360196e+00
5.967432298768300392e-01 -5.553228391125100138e-01 3.803590196559110126e+00
4.045901433196999464e-01 -4.672036649143999631e-01 3.647095019361040524e+00
6.026156762304899495e-01 -5.610053235838499130e-01 3.810666203411670061e+00
5.124730844111999861e-01 -7.567719598780799917e-01 3.852838724516639779e+00
3.957441466784100137e-01 -9.378400954293200087e-01 3.573905460802699885e+00
6.338795013922399191e-01 -3.626858186532999628e-01 3.428219733320760021e+00
1.657125506491900213e-01 -4.966458728607399675e-01 3.635436114340820701e+00
6.760883951477398845e-01 -3.948160144639399904e-01 3.497358613799240068e+00
6.308788069542099475e-01 -5.722432442557899845e-01 3.788759677319450514e+00
2.932421971963100060e-01 -8.970839215434199820e-01 3.635155555966840257e+00
1.034433678245899740e-01 -5.089977103405799452e-01 3.643983992849539444e+00
3.761103460880099725e-01 -8.566372235038799410e-01 3.626787450896579834e+00
6.311078077476299786e-01 -4.156870700925099915e-01 3.531048265370289929e+00
1.548449161721699718e-01 -4.932413803871800173e-01 3.633803828088220556e+00
7.344695985106300951e-01 -5.483621295595398903e-01 3.862759946578199877e+00
3.758173623882299363e-01 -8.643607570129699935e-01 3.629826075527749829e+00
5.824177754637099858e-01 -8.832145445454200328e-01 3.765839699117940143e+00
1.236601273237559973e+00 -4.217567963831999611e-01 3.762555414186300240e+00
6.117924475356399938e-01 -3.943472417405399777e-01 3.523183489146880287e+00
5.214881031818199286e-01 -3.590274465647999569e-01 3.481396019697280408e+00
2.007598786431700200e-01 -5.195349174743599807e-01 3.680904033431879885e+00
1.292055029280599621e-01 -4.847313246842399614e-01 3.611288097427499899e+00
1.028958220982319816e+00 -7.794774004820199664e-01 3.914226620937379497e+00
8.173383605597800416e-01 -7.849361246096600020e-01 3.848571387868380267e+00
1.643526220141199867e-01 -4.819287267895899785e-01 3.620905350559150193e+00
7.872530968770599102e-01 -4.297447162932599984e-01 3.577110550636620090e+00
2.361591358706999766e-01 -5.069795988703499345e-01 3.684243428927550301e+00
9.032717810854599128e-01 -3.445309923067200186e-01 3.493465669649140182e+00
4.506379565996799785e-01 -4.798412734316899741e-01 3.652655883265650161e+00
6.808576417168600292e-01 -4.459975770114399940e-01 3.673536314413340165e+00
7.228048219257899865e-01 -4.586405057530299478e-01 3.603118590027730050e+00
7.098148029889899124e-01 -4.575929218093899853e-01 3.641500431062629772e+00
4.049447924956699474e-01 -5.012715319565399508e-01 3.734260722693079515e+00
5.274750473095799475e-01 -4.560359811386299755e-01 3.926774450393449634e+00
8.117970836553799474e-01 -3.970347097004499615e-01 3.510935168430150188e+00
7.838486172117898887e-01 -5.106269675780999995e-01 3.667568169305579939e+00
2.061127506833899947e-01 -5.301927871562599481e-01 3.670985526189340042e+00
6.525769300563799558e-01 -5.708326065172300012e-01 3.779526931911629806e+00
5.511340688636099383e-01 -4.123630627633400048e-01 3.503016014811619616e+00
1.240495846736459962e+00 -7.719650315049398914e-01 3.669841939871979708e+00
5.500433189743899609e-01 -3.700480830098499818e-01 3.500841772799870188e+00
2.420608311571200433e-01 -4.945329635219100073e-01 3.658655171351730573e+00
1.247231690387500036e+00 -7.122227657085899999e-01 3.735554862321730063e+00
5.799548455893499543e-01 -8.445057502116699588e-01 3.930764782448189720e+00
5.787191220561499483e-01 -8.429518234092600037e-01 3.920399342922620267e+00
7.119600833800899808e-01 -8.630637312952100793e-01 3.917792923228889723e+00
8.238965322290100479e-01 -7.632070136461799326e-01 3.894169314805860704e+00
1.906290456173399539e-01 -4.907998750258200094e-01 3.633901230746099831e+00
6.461013001895300478e-01 -3.445648607039199507e-01 3.516063533711339950e+00
1.231806937867450102e+00 -5.496036584368799716e-01 3.832491595301440235e+00
2.561095151932999969e-01 -5.115815936491899807e-01 3.677174842909470165e+00
3.747222138741599928e-01 -4.903993418828800355e-01 3.642347978813560427e+00
3.732697515419499679e-01 -4.939976116346299628e-01 3.659835691808369873e+00
1.875996807307600267e-01 -5.545877220799699803e-01 3.711444667573469580e+00
1.615559896986699939e-01 -5.585338312021699281e-01 3.741518178824670304e+00
1.805238227035200205e-01 -5.511282775055800220e-01 3.727982120762860063e+00
1.645590058244200404e-01 -5.533007136306700158e-01 3.730123479811610299e+00
1.312706811297899845e-01 -5.737465980060599824e-01 3.754617170272319893e+00
1.539404633741499606e-01 -5.690824132020300130e-01 3.749835045682149648e+00
1.375228635649300146e-01 -5.752866840088299849e-01 3.714590562866690426e+00
1.525490689260200206e-01 -5.702285958729399473e-01 3.748029490744139824e+00
3.675218874986999618e-01 -1.092459223881089958e+00 3.675288940413570238e+00
1.279821263488399863e-01 -5.906844486238199687e-01 3.766630212254660215e+00
1.399613177042300372e-01 -5.888015720283299448e-01 3.719963651511650315e+00
4.218072545132100504e-01 -5.048871673290900031e-01 3.700833971799809774e+00
7.550461166598400053e-01 -5.026211492348300336e-01 3.663225317965470129e+00
1.044353251457899590e-01 -5.118967639580299656e-01 3.637989647442129826e+00
3.558638174920299435e-01 -5.702782478521000176e-01 3.805715789596819665e+00
7.977892318598899246e-01 -4.616925362461099525e-01 3.644920135190170107e+00
7.788487881407299973e-01 -4.773509022611999719e-01 3.619266028444700023e+00
1.050070813443179985e+00 -3.938420806463899804e-01 3.690521911559149881e+00
6.494998170472799925e-01 -6.612091400611999070e-01 3.801688200463280154e+00
1.049995083218399961e+00 -4.144650682792799801e-01 3.640049382922919907e+00
6.510102432261000160e-01 -5.298393275620699727e-01 3.801003466508630080e+00
1.055823698422930113e+00 -4.128609313888300103e-01 3.644450940286190210e+00
1.299134654853770110e+00 -6.861543166509600500e-01 3.705920453946800031e+00
4.057373400418299858e-01 -4.679408076976899755e-01 3.647465112525050124e+00
6.982750460596599540e-01 -4.342233143010699736e-01 3.560733396932750150e+00
1.192167916499399793e-01 -4.949169486499799819e-01 3.615941329046759911e+00
1.205829885695850034e+00 -4.101508166798799593e-01 3.745236055348599713e+00
6.676499580542699652e-01 -4.605032924760399382e-01 3.569143457506959827e+00
3.964289552285300000e-01 -5.011364664738500174e-01 3.699822483152650054e+00
3.804194495020100097e-01 -5.031573619704799993e-01 3.686372448038440552e+00
6.516519230307500354e-01 -4.666641928654299831e-01 3.553870536713370054e+00
7.114143066786899894e-01 -4.559717693520599635e-01 3.574205230063619787e+00
6.820644153044099767e-01 -4.550425239873999717e-01 3.592034019348339324e+00
7.346840022284298888e-01 -4.510432659258499788e-01 3.592381102636150292e+00
3.935902422512699839e-01 -5.183299033289099356e-01 3.608930705563410335e+00
3.584736683218899822e-01 -1.013679912855000032e+00 3.729890912872059872e+00
7.794027027896799353e-01 -6.731652329759699738e-01 3.996031103403670404e+00
4.882213588659001235e-02 -5.177923863274800365e-01 3.643464398743559762e+00
4.843032207097199837e-01 -6.851658844554099348e-01 3.870107026579450160e+00
1.292955480584509820e+00 -7.721083310210599127e-01 3.691616728360119559e+00
8.096332653613299568e-01 -5.056881741639499550e-01 3.710035768580609794e+00
1.291670298073180012e+00 -6.879937982299000332e-01 3.700512686181920419e+00
1.258476205086079824e+00 -7.383990858936400059e-01 3.738120519395939922e+00
5.289863290149799946e-01 -3.532372436750199629e-01 3.461234551991339892e+00
1.251351849508320013e+00 -6.163401780006799724e-01 3.820856277552080016e+00
1.233793289258360071e+00 -7.468219653266998659e-01 3.780011243832740231e+00
1.259459363993369996e+00 -5.319548903345899804e-01 3.775049246243330270e+00
1.230059280101659880e+00 -7.267670563981001308e-01 3.793532209969499913e+00
1.217429790357499986e+00 -7.345285023230799792e-01 3.787721937453360166e+00
1.214728698714989896e+00 -6.179038798947600331e-01 3.817643243102699646e+00
1.217802313663529867e+00 -6.206674238160300172e-01 3.824769292596390091e+00
1.005482667947009912e+00 -7.242222492799399447e-01 3.884724704531660411e+00
1.250744425604130017e+00 -5.536949640049599886e-01 3.819183284895999897e+00
1.018756565476949927e+00 -7.565766314325499398e-01 3.906143676119630204e+00
9.980533765536199198e-01 -6.799637634122799312e-01 3.875540464005900354e+00
1.320178825207099838e+00 -5.281569144935600590e-01 3.732415906070740252e+00
5.877610820683799586e-01 -8.509806769323500220e-01 3.966549716699570460e+00
6.251599087972600222e-01 -6.141200084384099700e-01 3.846121112135049813e+00
1.186712117521129928e+00 -4.961977764396099944e-01 3.696216752058629762e+00
1.025493741190660169e+00 -7.308875825601000020e-01 3.832158152609620227e+00
1.006933849783599788e+00 -7.244430130540000512e-01 3.889759840945580027e+00
1.193375713904409885e+00 -7.165108086886500249e-01 3.854436881766009737e+00
1.226612176289209932e+00 -5.791710048126599286e-01 3.826960044550580253e+00
1.229043267850829846e+00 -5.593964562850599620e-01 3.827889718972059985e+00
9.950128890548699534e-01 -6.869029817603299337e-01 3.911363942672210214e+00
1.013481115391750009e+00 -6.475141210143200432e-01 3.999824655879219648e+00
8.453225935036599026e-01 -6.213055563996698893e-01 3.987259611825769934e+00
1.120048390640479896e+00 -5.776599317865199756e-01 3.933226823460939769e+00
1.228315576375110130e+00 -5.231076985480099806e-01 3.888629416935409644e+00
1.209718739817869926e+00 -6.209897885286099761e-01 3.919929302282590289e+00
4.266775898097399655e-01 -5.015713391320699710e-01 3.684541865679450190e+00
6.387437770493100686e-01 -4.744504375131800011e-01 3.648454221900560235e+00
6.716062495839099089e-01 -4.843437421483299810e-01 3.604056973496869709e+00
7.146237206178899237e-01 -4.796035070899299368e-01 3.654197391497710168e+00
7.702651846474198871e-01 -4.921701813090799682e-01 3.634444702594219923e+00
5.301497401722999880e-01 -5.155256020128999861e-01 3.714481924230559784e+00
8.237337821156399675e-01 -4.934847785128400055e-01 3.753378236306480265e+00
4.412663465993599821e-01 -5.730704057768900572e-01 3.830330353817589906e+00
6.282292065861398989e-01 -5.330031436047999449e-01 3.784463135717300197e+00
5.232845644931598539e-01 -7.193731911274899860e-01 3.860498041554210058e+00
5.960451561291599809e-01 -5.570631023701400064e-01 3.797069412911960207e+00
5.282511668118299308e-01 -7.215974601719600257e-01 3.888243456398659870e+00
6.204502817426600370e-01 -5.631748502950899571e-01 3.816704219210430349e+00
1.231239101933109925e+00 -5.772402157498199848e-01 3.884537027639619833e+00
9.973230557484800141e-01 -6.508183238434999129e-01 3.962924885685159992e+00
1.182335069314689679e+00 -5.975092284463200398e-01 3.928932801442599931e+00
1.227854352292819806e+00 -5.223369999069999992e-01 3.895213217329140054e+00
1.129534210594699939e+00 -6.427701982653000190e-01 3.933588502110080043e+00
8.407951799433999174e-01 -7.870598009164100350e-01 3.888057066941310147e+00
6.834915722489000034e-01 -7.637584105698800307e-01 4.013233248042880064e+00
7.016624173235598283e-01 -4.554806842502799880e-01 3.597668826551399857e+00
7.095304825695798456e-01 -5.521004219034300053e-01 3.827604583993309717e+00
9.866816376127200972e-01 -6.591595185445299210e-01 3.903349950923169942e+00
7.785828643797298998e-01 -4.879663098260299536e-01 3.658898014423730416e+00
7.822674371976300334e-01 -3.737627015134599717e-01 3.495643690259680358e+00
6.555448275164198479e-01 -4.448686663685299525e-01 3.581429296802250306e+00
4.563577691782699786e-01 -6.140684931114999134e-01 3.884828838397619943e+00
3.418127864662899862e-01 -5.679188945570700087e-01 3.789631552521070201e+00
4.547749815821099939e-01 -6.016049039170099366e-01 3.833735754120230599e+00
9.768097385018399414e-01 -6.258461414025500158e-01 3.975116086951190120e+00
7.349510485594599185e-01 -4.519794176543299735e-01 3.594375336504330054e+00
5.530920985600998874e-01 -4.017423458362099908e-01 3.521123321942710049e+00
8.018204761692799831e-01 -6.705664630379399860e-01 3.919989098561120322e+00
6.577056182016899344e-01 -7.494051384818198880e-01 3.778874066990680181e+00
