-1.992643903900699787e+00 -1.057674791606579845e+00 2.984784391082810018e+00
-1.902918224083760101e+00 -1.268705850304570060e+00 3.191536585598750086e+00
-1.879114542294439971e+00 -1.327487451232880034e+00 3.130592460128970078e+00
-1.781693353800859914e+00 -1.156164477382839895e+00 3.147666701461689698e+00
-1.707885424620319892e+00 -1.204666968633919977e+00 3.179667058103939681e+00
-1.418533261381099919e+00 -7.203993029931600178e-01 3.368063801294010062e+00
-1.595661770142559943e+00 -6.984463170556000078e-01 3.309382084188120299e+00
-1.615934954092279829e+00 -9.696079571420300747e-01 3.189420037765409610e+00
-1.594827401117900001e+00 -6.969910977341799985e-01 3.314777998245489687e+00
-2.112541448809519995e+00 -1.065480616043580131e+00 2.921104603432479685e+00
-1.917914795260100114e+00 -1.151665694381720062e+00 2.987356606217840049e+00
-1.749125201119460016e+00 -9.463009267269799629e-01 3.152632369396769718e+00
-1.769017657244959851e+00 -1.166943699630790032e+00 3.133855477914349930e+00
-1.771996064922799929e+00 -1.151176548245150144e+00 3.127711970541650288e+00
-1.749813889835779790e+00 -9.426015615602599818e-01 3.152410160065569844e+00
-1.750362077332759725e+00 -1.170575978463740174e+00 3.161024480361069866e+00
-2.350549059138799635e+00 -1.001834910271059975e+00 3.166277699043300142e+00
-1.785380475806780165e+00 -9.362657597004601095e-01 3.144858842026789780e+00
-1.785391065092840179e+00 -6.046176929587200322e-01 2.960219697311240239e+00
-2.186342062172540235e+00 -6.781228651844299904e-01 3.251992641386490135e+00
-1.600549816967179906e+00 -7.010123834978200241e-01 3.307474260125350174e+00
-1.704038866270759955e+00 -6.740210854109800476e-01 3.272354579319810330e+00
-1.932473589161539884e+00 -1.116628880088800013e+00 2.989506952998009837e+00
-1.782064618600999850e+00 -1.258127956609460085e+00 3.076329667379549715e+00
-1.908754462248859918e+00 -1.414640120445670224e+00 3.122628813912160073e+00
-1.792166854255039743e+00 -9.303131572695799711e-01 3.136811586855449807e+00
-1.738112190970039883e+00 -1.267035142983450102e+00 3.070892403076340482e+00
-1.890640064101400064e+00 -1.236165407939210148e+00 2.940777139751330260e+00
-2.085128739061219871e+00 -1.061115322129260186e+00 2.996627738626980175e+00
-1.894321856390299930e+00 -1.319315522053460032e+00 3.126439263075779351e+00
-1.703103254143759848e+00 -9.532277084816600521e-01 3.166983047427100129e+00
-1.748224046528840114e+00 -1.178928819537420125e+00 3.158084934409369993e+00
-1.775994446564479912e+00 -1.157866159927560146e+00 3.262848837870119922e+00
-1.578477817989260013e+00 -7.283183951419399671e-01 3.309148722176199708e+00
-2.072135151486199867e+00 -1.044449701483550097e+00 2.954556785362569826e+00
-2.017518537620659913e+00 -1.105347681387390146e+00 2.883279915888599998e+00
-1.740285725781319792e+00 -1.270142473692760010e+00 3.063983098284009721e+00
-1.779250947499579905e+00 -1.254450981811660037e+00 3.078335627191290058e+00
-2.117845495111880361e+00 -1.061425826299760011e+00 2.916660383001100421e+00
-1.745834048533760008e+00 -6.201394631423300385e-01 3.015986802028709945e+00
-1.760165320489219809e+00 -1.204652877403489919e+00 3.118434744229829469e+00
-1.897758343009160020e+00 -1.309018081529389921e+00 3.152977350416199975e+00
-1.782844885487359976e+00 -1.160287705840480132e+00 3.148391308385199761e+00
-2.033534505765920208e+00 -1.047694905576640245e+00 2.964856177265640103e+00
-1.765944041660119979e+00 -1.189003423379419999e+00 3.098112076197689913e+00
-1.913395513363219669e+00 -1.190553984060439996e+00 3.281785915657540187e+00
-1.888792564352599790e+00 -1.338781807839279914e+00 3.146138428437190271e+00
-2.073140196448879813e+00 -1.046970070033339972e+00 2.962916541868620079e+00
-2.244084114309019995e+00 -7.332138604853399855e-01 3.272776814960459912e+00
-1.789353055118060087e+00 -6.039624556111999887e-01 2.962148085829429789e+00
-2.116303090763960171e+00 -1.053178009795450176e+00 2.908666697207380025e+00
-1.941843091420639933e+00 -1.090041336320080045e+00 2.969176075964110151e+00
-1.933820720561779893e+00 -1.132915461100210130e+00 2.997878316024869871e+00
-1.909324644381859892e+00 -1.199353992710610051e+00 2.963501912782700032e+00
-1.798126404455060001e+00 -6.018824053837099619e-01 2.973493884868039672e+00
-1.761402099595160031e+00 -6.644298597064299816e-01 3.273689984911329898e+00
-1.731733927634840020e+00 -6.709030332763800120e-01 3.256847005971690301e+00
-1.869021419601680112e+00 -1.051265292628829950e+00 3.054201245607280235e+00
-1.913563705524619962e+00 -1.199060181058280161e+00 2.915612957470179900e+00
-1.778597761337300076e+00 -1.219584915739610143e+00 3.093363188957090060e+00
-1.747669208206940050e+00 -1.230656689851910013e+00 3.055362049333830043e+00
-1.777680495759979884e+00 -1.291000168524190084e+00 3.106736781502930089e+00
-2.100214750665680086e+00 -1.094255685182340176e+00 2.859400640951849759e+00
-1.771568848931899698e+00 -8.775090061248099760e-01 3.223474151670880250e+00
-1.927870768687580005e+00 -1.174576323729840110e+00 3.139466389329509610e+00
-1.765796992284980105e+00 -6.301531784822400617e-01 2.997007981868129889e+00
-1.947041894723360089e+00 -1.117595574062899999e+00 2.992941847782970566e+00
-2.212994195765420002e+00 -1.188058747511679947e+00 2.860500092440609876e+00
-1.915412510133560176e+00 -1.206963503800860149e+00 2.975448284062779614e+00
-1.789519883970379865e+00 -1.201757237266010137e+00 3.144816020125679845e+00
-1.905321145312099951e+00 -1.315971671888049865e+00 3.123646833074509743e+00
-1.754238586599440097e+00 -1.217923689016710220e+00 3.103579023645929968e+00
-1.721590869405799973e+00 -1.137107857474420225e+00 3.212144742517060170e+00
-1.757894433817819735e+00 -1.204501130576970169e+00 3.115661042337559916e+00
-2.147884403590760272e+00 -1.001388460152529802e+00 2.994266614348889632e+00
-1.781037984585200018e+00 -1.183424367500870211e+00 3.126096129001660451e+00
-1.895211052052659939e+00 -1.265375779196579842e+00 3.182606571498160175e+00
-1.915456746963980050e+00 -1.259168587068080214e+00 3.187379525707230155e+00
-1.906106098537399873e+00 -1.229107094214529905e+00 3.200824342848560100e+00
-1.924062753859399955e+00 -1.161000135474250072e+00 3.231144191770729979e+00
-2.563148296369700319e+00 -1.093128851696469894e+00 3.338483033819670265e+00
-1.948404788448800051e+00 -1.129013653915549753e+00 3.134304348544560082e+00
-1.631164921373180032e+00 -9.670910931909499908e-01 3.185265719419189789e+00
-1.931169521709319881e+00 -1.406033102289910186e+00 3.122873242114010406e+00
-1.725837684250520088e+00 -1.223384695742079753e+00 3.227315404415209699e+00
-1.906737470938220103e+00 -1.325590703508880086e+00 3.149773173484009980e+00
-1.885869253936219847e+00 -1.295863026785020189e+00 3.129643128880069902e+00
-1.899152048831179940e+00 -1.287507559927589806e+00 3.188391119992280309e+00
-1.881149519194399877e+00 -1.256648373392589946e+00 3.186740122779439854e+00
-1.922750565731359718e+00 -1.272117528736280256e+00 3.279678517748120026e+00
-1.910602141602980142e+00 -1.232112846829730213e+00 3.209196507700700085e+00
-2.032400744692580030e+00 -7.081661886580099541e-01 3.186334107107469560e+00
-1.958557806296719939e+00 -1.487770772511419981e+00 3.223348223300449789e+00
-1.937108059992440179e+00 -1.427596556610859935e+00 3.139279190094210303e+00
-1.739669839656620143e+00 -1.365253585283700222e+00 3.154580251042629957e+00
-1.745473609154360117e+00 -1.380206273229350078e+00 3.169024834263080237e+00
-1.910223820893139912e+00 -1.432482244067959876e+00 3.190119442332980171e+00
-1.927634034663679774e+00 -1.428918898819180328e+00 3.174748425995599810e+00
-1.940676515277440117e+00 -1.448100306733389964e+00 3.204114197906439809e+00
-2.336511755706319970e+00 -1.011642757448300012e+00 3.158481331445569751e+00
-1.899038666401040132e+00 -1.406608235891410263e+00 3.185115426902719982e+00
-1.864536073118419957e+00 -1.246159506426460117e+00 3.263430848206189783e+00
-1.967805148956619732e+00 -1.233612068281180196e+00 3.291064468709059998e+00
-1.773021689200700024e+00 -1.254424555061820046e+00 3.066932855214359765e+00
-1.814816262171199845e+00 -6.369876623813299776e-01 3.002872897532979923e+00
-1.789991049991400018e+00 -1.360889416158249876e+00 3.098791176168940176e+00
-1.730793956327659977e+00 -1.325533933963390254e+00 3.056193230650539494e+00
