1.360788299406800128e+00 -4.534764504656199624e-01 3.691224125436390224e+00
2.054654151113689764e+00 -1.906908702489399920e-01 3.539551839066770178e+00
1.242800756936340179e+00 -2.667157068449499957e-01 3.515903346106100003e+00
1.512464169959630178e+00 -3.430899178981300368e-01 3.820526677948600458e+00
1.587429370844910093e+00 -5.181413352255400673e-01 3.763264935403209499e+00
1.990804128339110024e+00 -2.110663378284999836e-01 3.585904884668340564e+00
1.485778785188700102e+00 -2.138562368251000212e-01 3.439052561878789938e+00
2.025630031126830044e+00 -1.051927973299299768e-01 3.562198681182549898e+00
2.123616863368610108e+00 -5.691446455876298938e-01 3.941917900525929497e+00
2.004246847187769909e+00 -1.850703488620299986e-01 3.491889231200900667e+00
1.808014942519990065e+00 -1.089590342787999933e-01 3.477164370921289382e+00
2.020430258971290360e+00 -1.056800592746799938e-01 3.557198199507349834e+00
2.057713403408509834e+00 4.565321321461998649e-02 4.761318456127660248e+00
2.124305607220260406e+00 -1.469375158966600148e-01 3.672615138811809565e+00
1.863826478017790222e+00 -2.973027589273000149e-02 3.326002951303089539e+00
2.018472066684880328e+00 -5.016918958169198639e-01 3.886937760133149844e+00
2.118059885858960101e+00 -1.408787861290300147e-01 3.664305648649840208e+00
2.223366741643410194e+00 -1.349756503034499899e-01 3.615099130420110107e+00
1.973626241054970087e+00 2.264616828434600215e-01 4.491862385260109392e+00
1.334872197413380146e+00 -2.607710992235799941e-01 3.563789374638730578e+00
2.077387432404119938e+00 -4.398948619713700103e-01 4.008709658093599693e+00
1.338974418767040042e+00 -3.434306250741400168e-01 3.733955597309880581e+00
2.021766727488530258e+00 -5.041940734521099809e-01 3.892857776938689618e+00
2.040284641370909924e+00 -4.474247579605000191e-01 3.873038374353059865e+00
1.861865389793000203e+00 -2.696246789082998307e-02 3.325228795026479389e+00
2.125732874736080191e+00 -5.710033005345699353e-01 3.940997597749559489e+00
2.158616657226990032e+00 -6.387586036886199192e-01 3.940571529631780479e+00
1.861501281446340084e+00 -2.215856919213998744e-02 3.320111874848730160e+00
1.762263933310040276e+00 -2.007481808836899806e-01 3.548016357161439593e+00
1.831128858465440157e+00 -4.884766332851799842e-01 3.734604248199850041e+00
2.105733369362809970e+00 -9.606708718098999622e-02 4.703092535547929387e+00
1.696564346672310153e+00 4.339331165469800244e-01 3.795495036207169548e+00
1.811015916235920065e+00 -2.746175588600499595e-01 3.775049508622259964e+00
2.124013709043150122e+00 -5.663610161193999293e-01 3.944374220143329168e+00
1.539952007059870009e+00 -4.121737530855099640e-01 3.783403486899789669e+00
1.235473395278190223e+00 -4.817025514547499943e-01 3.607479878392569894e+00
2.207138726162390263e+00 -2.050055355823900138e-01 3.860200072212479405e+00
1.907945940450030298e+00 -1.506897152274399854e-01 3.482839139751949808e+00
2.005739120672179965e+00 -2.122845037880800034e-01 3.558125756532920292e+00
1.280397864131030072e+00 -2.441138076027099812e-01 3.483822336642250050e+00
1.972391245755360067e+00 -4.439501389190800285e-01 3.772636393526880738e+00
2.136624090254640063e+00 -1.416668754504999961e-01 3.652617708964809751e+00
1.683973219884320027e+00 4.342853688392300238e-01 3.787644539734009719e+00
1.914372569025330151e+00 -5.540855525838399576e-01 3.725945391879879942e+00
1.851921804505920033e+00 -2.946921816924700233e-01 3.776929863864590509e+00
2.055159789682360127e+00 -3.352571766540999865e-01 3.993421189053469433e+00
1.849049427143760083e+00 -4.776164517141399668e-01 3.728560753513540327e+00
2.001711417788019975e+00 -6.213689570011899921e-01 3.775630300181699539e+00
1.922537970395560070e+00 -6.760360771793498813e-01 3.683362037694600133e+00
1.922635680850679929e+00 -6.782540165366499618e-01 3.688046485752630055e+00
1.776645029026320044e+00 -1.954181457622299889e-01 3.532519104142900268e+00
2.287649854324739884e+00 1.352644484390000401e-02 3.439154858078429911e+00
1.852499819740790032e+00 -3.886053351609999873e-01 3.781586798032909869e+00
1.961736898714690147e+00 -6.484101380820399552e-01 3.708349902349380223e+00
2.032552761145590026e+00 -4.946973297594700059e-01 3.854765416201689554e+00
1.895671579681020180e+00 -4.012892745750700207e-01 3.775814911677769281e+00
2.080524607859489894e+00 -1.107272889532599919e-01 3.640649236089889662e+00
1.981281668431040144e+00 -1.165982075575300175e-01 3.528898317293680087e+00
2.048130632165160225e+00 -1.980709005864699779e-01 3.547188527170019867e+00
1.978851366130840228e+00 -4.026797777303799952e-01 3.787401281808460141e+00
1.990402133460840162e+00 -1.932809541367299933e-01 3.514561225967539393e+00
1.850031201362080102e+00 -5.975350094912799115e-01 3.765187237488869521e+00
1.786797177481800114e+00 -4.197531993903099723e-01 3.805586174103029684e+00
1.723586502875450233e+00 -6.449708371852599376e-01 3.734662805999189317e+00
1.726338494044520111e+00 -6.462813300535901195e-01 3.731195793360909896e+00
1.572738927205000081e+00 -3.867927316957299744e-01 3.787113471834150147e+00
2.023628438610590052e+00 -5.017683910960899496e-01 3.882204500317540052e+00
2.018081135055640019e+00 -2.212417591559199814e-01 3.818161245047510199e+00
2.037033704103139886e+00 -4.452042065830000284e-01 3.912654818766659659e+00
1.956859293641719955e+00 -2.918728480492300270e-01 3.817381890481129858e+00
1.894992080613170149e+00 -3.426697326855099868e-01 3.775344918520099569e+00
2.193215431228409784e+00 -2.057999574087699679e-01 3.872992283360930266e+00
1.560396083297650005e+00 -7.110247928140300822e-01 3.775571889637530099e+00
1.280337796000559969e+00 -2.418626866851099899e-01 3.486501024285810324e+00
1.850049305699550173e+00 -1.594494962434599705e-01 3.563683542148909922e+00
1.868373887156570046e+00 -6.571591940090200090e-01 3.705633399550849916e+00
1.963814722679059876e+00 -8.403026399518000178e-02 3.507692861068429480e+00
1.824819166951120009e+00 -4.554418281292599846e-01 3.752299397762620004e+00
2.082983435855340293e+00 -2.717421162709899862e-01 3.943586326322799707e+00
1.840361114412150112e+00 -5.595592912810600783e-01 3.733472992350310271e+00
1.547350544592140054e+00 -7.169619713602899402e-01 3.786728507182459680e+00
1.674426791096490064e+00 -3.800641700127099787e-01 3.840198504488919973e+00
2.228138695341640219e+00 -1.335796514631399645e-01 3.611712613841580044e+00
2.009944689910549975e+00 4.586522863182500021e-01 4.025510805800969649e+00
1.815750301635510100e+00 -2.222534883213399814e-01 3.594575340401890529e+00
1.973470745566979989e+00 -4.413407142746800238e-01 3.776704980436259795e+00
1.556794801575450027e+00 -1.012010463090700085e-01 3.341859347817560000e+00
1.835656964745340014e+00 -5.590093789975001393e-01 3.739402347606690213e+00
1.980590245326030008e+00 -3.946270506264399902e-01 3.787856423934909955e+00
1.925346522441139907e+00 -4.105489487178099473e-01 3.765575242577269499e+00
1.749466018628849984e+00 -6.315702172914400281e-01 3.743135580618589309e+00
1.358913561764929945e+00 -4.591832158608699643e-01 3.708375778366820086e+00
1.990976749095780152e+00 -4.485592185677800270e-01 3.780927071696719821e+00
1.361740391171220033e+00 -4.540914997054599778e-01 3.693042255976389576e+00
1.835526728109330152e+00 -5.586154906341399551e-01 3.738501654741589242e+00
1.821516513300750040e+00 -4.601386868861500057e-01 3.757451444888029179e+00
1.961520709159120246e+00 -6.485945226385299023e-01 3.710249606629929531e+00
2.045841942153439952e+00 -6.880459244209899961e-01 3.764597603634720180e+00
1.550853514359370022e+00 -4.688078206880500476e-01 3.758104111400499825e+00
1.985772303807910033e+00 -1.797663405930999270e-02 3.371918008825000257e+00
1.865749388609369896e+00 -3.012568286925998429e-02 3.300488854400500216e+00
1.360327948874660020e+00 -5.263891040238399821e-01 3.676571774404809645e+00
1.633153344670809970e+00 -3.620213223446200335e-01 3.849024910901760244e+00
1.619968560705830063e+00 -3.406139832016900071e-01 3.869737323836050180e+00
1.861362773036340235e+00 -4.603589345705800251e-01 3.776326713505449462e+00
1.980814779757480215e+00 -1.197474053439699926e-01 4.490512142778020355e+00
2.046144383387860088e+00 -3.366027483216399996e-01 4.013113747006340049e+00
1.987129007510280099e+00 -1.969381556907998099e-02 3.372830562475670035e+00
1.954536646930310040e+00 -4.628576853180699779e-01 3.763584928692000453e+00
2.174826288114669826e+00 -1.739769380907699448e-01 3.705797098837229520e+00
2.089579118177019801e+00 -4.330434221769985381e-03 4.507709608058520168e+00
2.106596930524940348e+00 -4.703660184212199447e-01 3.995449366303839511e+00
2.098677527392910136e+00 -3.227014093440099818e-01 4.051081308271549553e+00
1.471685065052140029e+00 -2.388727519651900055e-01 3.441321456036739335e+00
1.011050174055220463e+00 -1.966990025409670162e+00 8.923273267230738881e+00
1.650485954391710086e+00 -4.085272714134099425e-01 3.827674723365349863e+00
1.876549757805749952e+00 -1.559059033891299906e-01 3.557710007874499425e+00
1.499061138958010408e+00 -1.707959303411530128e+00 8.433683524413739363e+00
1.433013167487179995e+00 -1.791876783865899991e+00 8.765331513951940323e+00
1.269717625282220208e+00 -1.341259401636009985e+00 7.126789054933899692e+00
2.107264952085320164e+00 1.346852725270997198e-02 3.370767580382919348e+00
2.125640458573660130e+00 -1.666179591252699987e+00 8.922936879497699536e+00
2.018999461035280163e+00 -3.041055695730099928e-01 3.870856474142850168e+00
