1.322650646689319753e+00 -4.426810203365000307e-01 3.673754632232499873e+00
2.162836689150360314e+00 -2.198371390210600018e-01 3.868553666874650077e+00
1.218425320557739999e+00 -2.528213386114199768e-01 3.493121310443029870e+00
1.747217158629039924e+00 -3.508292492557000264e-01 3.811250068063439578e+00
1.963743424357719869e+00 -6.297675618926399377e-01 3.777283574032839653e+00
2.002856243858250007e+00 -1.148123271966300096e-01 3.574829915061689789e+00
1.789311739402529966e+00 -1.122104089161100327e-01 3.479996764792160135e+00
1.702531579545599971e+00 4.964544016624199418e-01 3.772544390183759866e+00
1.671339140485450070e+00 4.326798466468899651e-01 3.790806636285739550e+00
1.997876550002509966e+00 -1.151534030126100394e-01 3.569598644470759474e+00
1.928519029308749966e+00 -4.268248749189001989e-02 3.187912062920189804e+00
2.024079125684270064e+00 -1.142556777334999274e-02 4.535371591377930223e+00
1.984993790156289739e+00 3.748765053946997994e-02 4.774062118336019900e+00
2.095114314831460156e+00 -1.592758458689199907e-01 3.689645989175699192e+00
1.817379601723760008e+00 -3.058064785329800417e-01 3.782961982468889595e+00
2.070296007199489807e+00 -5.975208717970900141e-01 4.154490703855509892e+00
1.854290557718250021e+00 -3.500919747675002025e-02 3.331471929814889599e+00
1.969018786563559997e+00 -5.102425503412999497e-01 3.899188052396279858e+00
2.096576462093620030e+00 -2.585495891180999983e-01 3.609103261343560298e+00
1.958549936565770144e+00 1.693553178669700288e-01 4.794391767128819204e+00
1.984577201483689990e+00 -1.181731258597900208e-01 3.591305050434729473e+00
2.102883632391919999e+00 -1.601716123846600170e-01 3.687366931382949353e+00
2.325035752601249950e+00 8.943034281549966380e-03 3.517527589120989617e+00
1.191246270515299965e+00 -3.996238450089000804e-01 3.612109220828179978e+00
2.197000054439270045e+00 -1.504170809854900037e-01 3.636682734187689725e+00
1.525948933063999924e+00 -1.656435756910999979e-01 3.342659653511909745e+00
2.027257327461419845e+00 -1.502824204864003366e-02 4.521476328574189907e+00
1.931124115975370037e+00 1.689332970450699578e-01 4.822990713011459540e+00
1.920027204755149874e+00 2.641549239961099582e-01 4.433495327020839483e+00
1.990162411228590056e+00 -2.155806659494900468e-01 3.562054362570289179e+00
1.918713121385390075e+00 2.201832660973100098e-01 4.500935559347500003e+00
1.450668875030409755e+00 -2.453391815734100034e-01 3.486036462811820336e+00
1.380593788559679957e+00 4.649698765681200552e-01 3.663397621059069742e+00
1.789194091448280011e+00 7.832383359041997228e-02 3.524174998717650276e+00
1.697743956981450086e+00 5.105014330101299569e-01 3.774032114538989902e+00
1.308364940926179942e+00 -2.495483302771599743e-01 3.545137783249500352e+00
2.189642810692160158e+00 -1.041556491004200086e-01 3.644131716437540192e+00
1.302244640457280056e+00 -3.319406995483200062e-01 3.715372944289180523e+00
1.282615812438850034e+00 -3.295667097873100637e-01 3.718503403602990254e+00
1.853228547430539885e+00 -2.822684016502000071e-02 3.326536787873489942e+00
2.325156112911039852e+00 6.402819697119976894e-03 3.513480483914809938e+00
1.954121705440109880e+00 -4.743118065215500279e-01 3.804318185052680157e+00
1.852450923093799995e+00 -3.218529042112003302e-02 3.330607499252590031e+00
1.926892263232779845e+00 -4.842319403298399605e-01 3.778960779211230303e+00
2.325055696415120110e+00 -1.160499148134000458e-02 3.507532072402189449e+00
2.087169638509359881e+00 -6.117843046569400034e-01 4.114599216117839298e+00
1.906938855321999915e+00 5.262109272630000056e-02 3.461234872677970031e+00
1.541379059990079847e+00 -5.152438162302001023e-01 3.751709754727629686e+00
1.293706758906330023e+00 -3.483661031193500124e-01 3.771006158302389721e+00
2.324631436164620091e+00 9.025070571400006791e-03 3.517898725058279830e+00
2.086573526885139973e+00 -6.501845794614801166e-01 3.954955977102140530e+00
1.852464413758180051e+00 -2.738323978932002967e-02 3.325475928563979444e+00
1.547705811833899991e+00 -1.664363039460800275e-01 3.339547560348510302e+00
1.511635962951040080e+00 -4.638966428049801083e-01 3.750062549425369873e+00
1.938115144253420130e+00 -4.049388325481599882e-01 3.799552196368229495e+00
1.737646316105240007e+00 -2.024353534332800075e-01 3.548761213370249301e+00
1.789268379221159888e+00 -4.917165873360600514e-01 3.738488939364059682e+00
2.031316112748750236e+00 -1.057328058473299970e-01 4.718178646648270025e+00
1.786609208113829839e+00 -1.123219133662899799e-01 3.484078267656020245e+00
1.800256594390780007e+00 -2.967319003410799905e-01 3.785811471151579788e+00
1.970151878534450063e+00 -1.433429148591099933e-01 3.507689924077269872e+00
1.658192505882690071e+00 2.573021767497100099e-01 3.520707344945559925e+00
1.951218997565820068e+00 -1.559845488777200084e-01 3.518664406430859870e+00
2.131954943124439783e+00 -1.871871153023799972e-01 3.738619187030950641e+00
1.784525282251959943e+00 -4.783238829689600013e-01 3.745194421404320018e+00
1.882226599890000074e+00 2.027014005442199507e-01 3.298128357706139546e+00
1.668919973705129900e+00 -3.411630968673700082e-01 3.730993815383990331e+00
1.887579323189690017e+00 -1.569148880417099989e-01 3.490236424841599572e+00
1.913505501043869961e+00 2.285842417442699726e-01 4.497389263219599975e+00
2.042909831625129957e+00 -4.824201743529002440e-02 4.705696622252830252e+00
1.329512340295960104e+00 -5.123076602619200948e-01 3.659539962687079928e+00
2.079919597512730256e+00 -6.289617113358499934e-01 3.994307320342939782e+00
1.797087612095989995e+00 -1.918186767454300445e-01 3.534290396729559802e+00
1.832585531680400059e+00 -4.347555075560600724e-01 3.730071936714780101e+00
1.929935697182560084e+00 -4.513786319664000457e-01 3.782869922853159927e+00
2.108481230301400000e+00 -1.544194441751799984e-01 3.670225307422500194e+00
1.882997676660749908e+00 -1.870909241451899907e-01 3.558571667168280328e+00
1.523126927506590178e+00 -3.726664329983500057e-01 3.787911874535419443e+00
1.908199577124859880e+00 -4.870398308153000011e-01 3.776011644736379402e+00
1.979852822748260133e+00 -4.706545372189600007e-01 3.835843442472790521e+00
1.667725191851959998e+00 4.351606234210199098e-01 3.784135608659330074e+00
1.898147729354899838e+00 -6.323269667777000613e-01 3.861746302146570109e+00
1.309118538528359910e+00 -5.177978569140999632e-01 3.673977285702229700e+00
1.870804818367870048e+00 -5.598164672059899871e-01 3.733668300338159440e+00
1.732492714924879884e+00 -5.607849973967800050e-01 3.751951590304569706e+00
1.948822755783999883e+00 -2.720337098986000401e-02 3.197578453800209886e+00
1.953730909271180094e+00 -6.295921843403800011e-01 3.787318420333029678e+00
1.960767114683400036e+00 -4.316134417271400014e-01 3.837895303470779673e+00
1.877217218567559964e+00 -6.820454168488800928e-01 3.691586111372469503e+00
1.877035273735759846e+00 -6.842555703440200698e-01 3.696271724991370355e+00
1.750301598160100003e+00 -3.546927754174999947e-01 3.817597235762099750e+00
2.273650211730419812e+00 -4.280110570400008640e-03 3.463736736558340468e+00
2.055578079596879881e+00 -1.025957442124400265e-01 4.677431921161989692e+00
1.495211319759920165e+00 -1.838684393827600128e-01 3.417095435036349826e+00
1.888670739481949967e+00 -6.915141107134299414e-01 3.730817132742139997e+00
1.821169398186530008e+00 1.999435920845900327e-01 3.463509331292949689e+00
2.019112333170109963e+00 4.660874184898299299e-01 4.027442185091310023e+00
1.916055746848029928e+00 -6.555587547134700266e-01 3.718310020863880183e+00
1.982759771628359813e+00 -7.064612040406800242e-01 3.773467191873029591e+00
1.666598732521239912e+00 -5.732117065835000691e-01 3.794744434045130177e+00
2.041971163822169810e+00 3.754815619404299198e-01 4.135389016340730528e+00
1.548212976811900177e+00 -4.579434056959800214e-01 3.768977104738450379e+00
1.767923119084990002e+00 -5.719959901797099233e-01 3.737626894203209815e+00
2.062247464010889875e+00 -5.898726179943700743e-01 3.963127640464469970e+00
1.865809398630839944e+00 1.800857373000999406e-01 3.362700431402440238e+00
1.773170237604890120e+00 -2.314976637941300042e-01 3.603769140879870214e+00
2.030164816834810093e+00 -4.453489248962499980e-01 4.228027408199849901e+00
2.036175816324619969e+00 -3.772877768254799813e-01 4.229610474268850062e+00
1.864318249111610148e+00 1.839233179020499931e-01 3.351970366320130346e+00
1.727934806719410021e+00 -3.553373052812499600e-01 3.838536100001239681e+00
1.731029977682579934e+00 -5.598160237284800500e-01 3.754269965820399513e+00
1.711095278809170006e+00 -3.357386507610500281e-01 3.827015638683879395e+00
2.032767370428199882e+00 3.616097779538999246e-01 4.156928618604499803e+00
2.023206581741560317e+00 -2.083558744215600333e-01 3.560923363469829184e+00
1.334733736811189786e+00 -4.451224660505300745e-01 3.696611467004050411e+00
1.975088176514369964e+00 4.583638815926699417e-01 4.032117161013269779e+00
1.936959297052919915e+00 -4.102906246387200140e-01 3.797883994839179600e+00
1.795500541577249809e+00 6.753802087175000968e-02 3.521049672886700677e+00
1.946291640840529968e+00 -9.522666225895001779e-02 3.519292659555370406e+00
2.125558631418460021e+00 5.552007835391199464e-01 3.814890846964609672e+00
1.743850377282720077e+00 -4.215442716326600614e-01 3.807334379200869812e+00
1.605622630802379991e+00 4.566719670107599605e-01 3.419467304502149751e+00
1.937877924469330049e+00 -6.567337471812699778e-01 3.836745427446479617e+00
1.882960009780330068e+00 -5.233854351147100292e-01 4.482084518566259668e+00
1.815925706134019935e+00 -5.484867705617799682e-01 4.549245560167250346e+00
1.825119763192710076e+00 -6.200995405800300286e-01 3.709590136218210432e+00
1.980200773626879851e+00 -2.300507107117399919e-01 3.830266855676720539e+00
1.988087154287500047e+00 -4.542852559237799959e-01 3.925682179862199916e+00
2.122062797620889896e+00 5.601951552300499237e-01 3.812142955600219985e+00
1.916977215979519977e+00 -2.988106345339800463e-01 3.826755984450829651e+00
1.855580030818110071e+00 -3.478115334607900233e-01 3.781986798111350190e+00
1.740133805509620046e+00 -2.021583545525000025e-01 3.544826875356520191e+00
1.672432987679600025e+00 -5.096058195702800608e-01 3.824704052429999557e+00
1.519340054544060070e+00 -1.620389387849200113e-01 3.353975977597910330e+00
1.816093045073110090e+00 -1.356976522862300416e-01 3.356195706492350439e+00
1.477116585925600134e+00 -1.754625202984600174e-01 3.362337816576239646e+00
2.153050673025870054e+00 -2.197677856023699805e-01 3.892989191296850393e+00
1.804508616775210017e+00 -1.339195190992500395e-01 3.360331480000660065e+00
1.257990332595559924e+00 -2.291691808304199829e-01 3.465437670685750149e+00
1.258922013642899795e+00 -2.320244964425799694e-01 3.465325216771909744e+00
1.340466146322790042e+00 -4.495867343111700221e-01 3.673968197360140131e+00
1.685372531457840051e+00 -4.379358565130000436e-01 3.817546792411420142e+00
1.228821558990460083e+00 -3.487322398840599913e-01 3.601804377867690476e+00
1.690806879104129745e+00 4.146101583213899211e-01 3.745068547216019894e+00
1.967706104752489971e+00 -1.094326595896499971e-01 3.559752789042319954e+00
1.944245076127459892e+00 -9.191391962759999645e-02 3.517556323737260016e+00
1.311068858621350142e+00 -3.910805606517099853e-01 3.684170367842759752e+00
2.072510500727299920e+00 -4.319582196275000285e-01 4.030240743488219479e+00
1.796396624326449976e+00 -5.630468778739901037e-01 3.737828587070580078e+00
2.038179082223139815e+00 -3.741229051889799484e-01 4.052410502585130025e+00
1.927288104283330084e+00 -2.661349877053001411e-02 3.196202934008579355e+00
2.019144086250579839e+00 -3.862969562883600272e-01 3.966332731095549846e+00
1.753465678661449978e+00 -6.291817940050300484e-01 3.686028524682670060e+00
2.052923341095590271e+00 -4.169098459309700244e-01 4.083261839940719895e+00
1.878458723021509957e+00 -6.812377416426100840e-01 3.688573470225489537e+00
2.201960735411080172e+00 -1.491722138863199876e-01 3.633515589631779896e+00
1.461959452658580183e+00 -1.007122891191400083e+00 5.027995119393530388e+00
1.964503991839909869e+00 -4.280910177401100469e-01 3.819257833652960343e+00
1.871509212505880093e+00 1.791964547392599638e-01 3.353480767013399699e+00
1.853161180930650076e+00 -4.043527543052500284e-01 3.785239323581659932e+00
1.884287805346099853e+00 -4.165928139661200236e-01 3.773654573741329621e+00
1.935611126211979949e+00 -6.286679851648599993e-01 3.773320430009079907e+00
1.883320606900650063e+00 -1.231635113797900083e-01 3.352518355823689511e+00
1.396587909391449944e+00 -5.274836865063099456e-01 3.851464457238540362e+00
1.860364050696529992e+00 1.805638659501900001e-01 3.333227001172399895e+00
1.883368786081089929e+00 -4.207692405747300302e-01 3.770901716902989698e+00
1.703028231388949987e+00 -6.322721981604100261e-01 3.743401362242719799e+00
1.319828026701229895e+00 -4.482932529704700686e-01 3.690807394380470008e+00
1.912836032310390122e+00 -5.309752732847500267e-01 4.439010793789489817e+00
1.946690077990580026e+00 -4.384563284536799888e-01 3.802798718672420364e+00
1.872860578601979853e+00 1.734431693994999690e-01 4.600499818957729303e+00
1.505008544070709942e+00 -8.365159337373300197e-01 4.926305595750680055e+00
1.929130883995310075e+00 -4.806262316590700356e-01 3.783395839624019708e+00
1.521364099711079998e+00 -4.660595701633800658e-01 3.747471478026000113e+00
1.712041962932000061e+00 -4.365793114065200653e-01 3.790236636275910342e+00
1.863296653881409970e+00 1.695897159095300089e-01 3.371390743465599193e+00
1.596164445623599937e+00 -4.817728329138800669e-01 3.477955032747360065e+00
2.068631721498110032e+00 -9.840531218623002618e-02 4.674954388781980441e+00
1.915748071822920062e+00 -6.557326153513800548e-01 3.720198067702529698e+00
1.937403414879609986e+00 -5.408322619887004357e-02 3.178137229257520069e+00
1.508935063056070058e+00 -4.635812099361100724e-01 3.749213714689890509e+00
1.974324690107449820e+00 -2.683208508400999892e-02 3.382872988173629913e+00
2.016798059575009905e+00 -1.802203008776099569e-01 3.507602154688400198e+00
1.517679897084609930e+00 -3.696272086714299521e-01 3.799302008882249559e+00
1.576741373161090198e+00 -3.372920802087100434e-01 3.863781959608649785e+00
1.601918255822739834e+00 -4.031660026796000107e-01 3.811786532487559498e+00
1.926270927606829941e+00 2.122245549398899811e-01 4.535168203385829599e+00
1.802357974734770218e+00 -6.705607221456300060e-01 4.826638211340769757e+00
1.496233382749480034e+00 -3.697237517839400134e-01 3.785392001456989952e+00
1.991955307691060106e+00 1.734652542368799455e-01 4.744049187288480240e+00
2.143238725109929632e+00 -1.877531164397500119e-01 3.725108627288769902e+00
2.026820674709620018e+00 -1.395737893734000368e-02 4.522198733792650138e+00
2.047045393191049723e+00 -3.334043790719100064e-01 4.066680508559930018e+00
1.451194685437140031e+00 -2.320273588373799878e-01 3.428998321636550273e+00
1.701312882971679930e+00 4.204666629141999845e-01 3.766966975300819698e+00
1.875908698674819908e+00 1.740224035943599701e-01 4.595800721794409682e+00
-4.451507535198497845e-01 -2.127664903706670163e+00 8.623102830211989200e+00
6.309971734904797902e-01 -2.046302102873220008e+00 9.285325103961248772e+00
1.990163109551539966e+00 7.413488746698002063e-02 4.745029623440689903e+00
6.902832343905402901e-01 -1.934139957756860095e+00 8.885572197517189963e+00
1.607077009964249958e+00 -4.061792959263100244e-01 3.823197609288530252e+00
-9.579555831746011663e-02 -2.117876657262579787e+00 8.777912820625109802e+00
1.207602168270069942e+00 -1.690914908323310151e+00 8.418482820561528968e+00
1.938908427369019805e+00 -3.309816323521199699e-01 3.967392568288340193e+00
1.124066315166019958e+00 -1.772120593513579756e+00 8.746845845296139288e+00
1.048983966781459998e+00 -1.320196793664740076e+00 7.102257575131050160e+00
1.812296110084659517e+00 -1.666978141943579850e+00 8.935675584732219789e+00
2.048359894909169920e+00 -3.325788443912500725e-01 4.064753077159010353e+00
1.552466712604219756e+00 -1.596366766055840047e+00 7.980481147901100414e+00
2.003456852330719684e+00 1.452663358001998750e-02 4.735085026068560410e+00
