3.385831944310599972e-01 -1.136007606125079894e+00 2.931539036410729882e+00
3.652876747978399674e-01 -1.144827989429759940e+00 2.978066603383319855e+00
6.196324620214400669e-01 -5.669515620511600407e-01 3.105257701114620073e+00
5.645490192353299630e-01 -2.800093018455300231e-01 2.745679193771290105e+00
2.834507696677800448e-01 -1.196188953736640137e+00 2.872643546651589830e+00
1.521609096000700045e-01 -4.818157921802299626e-01 3.020253233516410063e+00
2.982631118414701410e-01 -1.132148066609710124e+00 2.980255527727970311e+00
2.706340562626300406e-01 -1.235000584427810022e+00 2.964669541896260085e+00
-9.501010389741004758e-02 -5.685308048153699945e-01 3.051530533785660193e+00
-4.449009934070047301e-03 -3.572818915964099951e-01 2.836865759998829617e+00
2.681965486006600008e-01 -1.234611102345980038e+00 2.970612013429160037e+00
2.546374520393900331e-01 -1.217312661845669997e+00 2.953637599751110177e+00
5.571809953625600498e-01 -2.901866415634000163e-01 2.723728251695700209e+00
1.302354817401800258e+00 -6.280484939549800805e-01 2.879279288131689984e+00
1.351463599194850040e+00 -7.364396121746499269e-01 2.861709619311969544e+00
7.311306653534300759e-01 -4.657013333425700230e-01 2.937131045902440007e+00
1.283451850066589905e+00 -5.763421516139299872e-01 2.915456431313260044e+00
5.520150350902001124e-01 -5.469944141755199718e-01 3.117647931317619747e+00
4.888371900264300018e-01 -4.608164867193900172e-01 3.003142875408769896e+00
1.274340094124819966e+00 -8.140454030823999210e-01 2.775954647681150078e+00
1.348592198295250011e+00 -8.785742995454299820e-01 2.952919787887979819e+00
1.309405403075750041e+00 -4.662797856908100225e-01 2.950015134646799986e+00
1.247627361443260252e+00 -5.039470202444600311e-01 2.944575755068419731e+00
2.479823384134599573e-01 -1.087759457585879996e+00 3.102421967315009965e+00
1.194385724099690016e+00 -7.210973181835500512e-01 2.900195329335660155e+00
5.614218065870800745e-01 -3.363606225916400128e-01 2.755634457061280074e+00
5.889553924412099795e-01 -6.220243156858100697e-01 3.039782901397490189e+00
1.148822621693970092e+00 -7.410807226037100515e-01 2.976929021720559732e+00
9.824141968043301754e-01 -5.952452182410099546e-01 3.132846160273369929e+00
3.172623095111500868e-01 -4.411432412368300193e-01 2.957313010712210311e+00
5.490619679346800952e-01 -5.168223551189999876e-01 3.062219122638400126e+00
1.180371122867510003e+00 -6.459507503351700208e-01 2.929951654302580089e+00
6.372800996533599660e-01 -3.943311920822800132e-01 2.827264176560980058e+00
1.029805875144679916e+00 -5.648914927825400278e-01 3.122043900989710075e+00
1.208702608522649768e+00 -5.534514898200899591e-01 2.975958216703110004e+00
6.868955280579600586e-01 -1.210804711753199758e-01 2.456201520991240450e+00
-1.226915539821200052e-01 -5.402251142145999552e-01 3.057550947338000036e+00
3.347137136260800450e-01 -2.451030857089400161e-01 2.728342863700090160e+00
4.863633648827003775e-02 -3.334789025041299815e-01 2.803210574905560026e+00
-4.700867611222300790e-01 -4.413475559944699533e-01 2.852081765604359997e+00
-2.383290655141301340e-01 -8.408660833662700007e-01 2.981416974671329712e+00
4.545883435301401043e-01 -6.534886784367600621e-01 3.195674304168910407e+00
7.646007686536201442e-01 -5.975849145180200939e-01 3.189560731481499989e+00
1.380100656189229724e+00 -7.435419003951899697e-01 2.874077077421510307e+00
1.134415817716159847e+00 -7.975686788443799857e-01 2.960236980940250007e+00
1.164906942634119869e+00 -4.769302151092000286e-01 3.032325436942020058e+00
6.239160053088600444e-01 -6.495313798319799492e-01 3.039595066409140234e+00
-1.917628264439998897e-01 -1.058024406664019867e+00 2.971152419176990023e+00
1.248649415880830116e+00 -3.108258373926300333e-01 2.691662402504630514e+00
1.040890614612250076e+00 -5.866346753297300154e-01 3.112115712654489830e+00
5.447875836846299835e-01 -2.676035010329900210e-01 2.687247446191030065e+00
8.578618144148009161e-02 -4.974367101262200386e-01 3.012805389408870216e+00
7.043259000324000318e-01 -3.283376573430999978e-01 2.740984997796610312e+00
6.651191621674200638e-01 -3.522997575706199869e-01 2.766841776310540180e+00
1.234715379559149895e+00 -5.934053326043500221e-01 2.917132574496770214e+00
1.203160937282389931e+00 -6.665028153424699120e-01 2.885031247119129727e+00
3.471269671670400569e-01 -9.907302419148600325e-01 3.003104986773970086e+00
3.335842133313401403e-01 -4.080958474766400168e-01 2.939627882932170255e+00
9.612836433619601495e-01 -6.869944009851800537e-01 3.080507974411829775e+00
9.977138819205199072e-01 -7.268884741271800509e-01 3.058540721077509961e+00
1.133221550331419802e+00 -6.204841341897000540e-01 3.095763013694639909e+00
1.172464250784389872e+00 -5.142824689113300041e-01 3.034388871074459537e+00
-1.995914839890399195e-01 -1.154553675656160072e+00 2.887032363895280174e+00
5.543042852671199450e-01 -5.464141421666799392e-01 3.085525171428619817e+00
6.572142397898300681e-01 1.383345788015100108e-01 3.263890679151599805e+00
3.229497874060001106e-01 -5.483726664828599828e-01 3.062248084972530204e+00
-8.961057428509999756e-02 -3.931970015405999996e-01 2.878656077222289777e+00
9.715268668446302991e-01 -7.604666301078899515e-01 3.111768574671140097e+00
3.337235227921000469e-01 -2.457463563818400032e-01 2.727971033994390115e+00
4.899912545108701112e-01 -5.911728018356299241e-01 3.179888203546150205e+00
1.379867590369990182e+00 -8.142380271139498804e-01 2.776056311244990304e+00
1.355946524436530076e+00 -7.650997005644302185e-01 2.832010877545040106e+00
1.006874434078989911e+00 -3.872285074995100440e-01 2.846690906445390024e+00
1.161999190291339801e+00 -4.569217229507399614e-01 3.011663488421239876e+00
3.260355621903000545e-01 -1.142601021527479999e+00 2.880864134062630200e+00
-3.517695229487400321e-01 -4.639318039290800111e-01 2.850189031085869740e+00
5.558731361887302436e-01 -2.403493542165002772e-02 2.732533723197890119e+00
5.433892889580901331e-01 -2.725459918251299518e-01 2.686152935401350028e+00
1.371255459546619981e+00 -5.991676401797400020e-01 2.936943194317660044e+00
9.896587589090301007e-01 -6.803191515510900178e-01 3.078660821203860198e+00
1.176820959721049942e+00 -4.004010009067899833e-01 2.928612968383680126e+00
1.395402942290600024e-01 -4.153019401103800190e-01 2.924982147400319921e+00
1.158220640582840133e+00 -5.827288389190199425e-01 3.068266138134829735e+00
1.206316280760559856e+00 -6.076717752368800962e-01 2.950038115270639860e+00
6.027168554883300944e-01 -3.439898501868500214e-01 2.753665782501810266e+00
1.091727271777479746e+00 -5.828713825183799990e-01 3.102817313010470368e+00
-1.117301323525900503e-01 -8.176597858784299122e-01 2.954716471625280061e+00
-8.844342761557000276e-02 -3.964654417936699926e-01 2.879177328011790049e+00
1.326371580337370126e+00 -8.699345805251100794e-01 2.925209708490080107e+00
-2.402021464893300262e-01 -8.375977652437099907e-01 2.981553484313010038e+00
-1.634139225276499130e-01 -1.052345089121609956e+00 2.987383986210740083e+00
9.625089792708499958e-01 -7.576665243559701501e-01 3.126490887866470114e+00
3.464400755388100661e-01 -5.635209614160699987e-01 3.010292101709839852e+00
7.588308826544999386e-01 -6.035340384827999616e-01 3.194053615651509581e+00
4.443674716012799841e-01 -3.029556254311999708e-01 2.764366624935040040e+00
4.365930466924401454e-01 -6.510382961033399640e-01 3.165306336276549892e+00
5.168662759454201172e-01 -4.151081647067600411e-01 2.924072772968389966e+00
5.809278047159600611e-01 -4.987928121010800075e-01 3.042038556924200332e+00
-2.308958704239401083e-01 -1.196552913870920110e+00 3.106359509200749880e+00
2.884343137871501206e-01 -9.941805219963300022e-01 2.938843490694900140e+00
1.244508395784639898e+00 -5.639615401566999697e-01 2.924724872830850142e+00
7.373794990149701301e-01 -4.675525075612699810e-01 2.943212003455800030e+00
-2.756147242906299422e-01 -8.430824360482500612e-01 2.990386059958510145e+00
7.055298768202801218e-01 -3.398533880343400093e-01 2.744794502487090337e+00
-1.268105951197500136e-01 -5.443472108000100285e-01 3.057950085745670510e+00
7.997988997823500812e-01 -1.178650233344299969e-01 2.447701515959010088e+00
1.042930774439799979e+00 -2.660222408788799897e-01 2.819956852693299876e+00
-2.380965566180299753e-01 -5.539628581037500110e-01 3.071909962883180523e+00
6.842490606107010098e-02 -3.276832877765900043e-01 2.786216090216130148e+00
5.782498675718200642e-01 -1.455335820210800213e-01 2.897873574826190346e+00
9.961271150249201289e-01 -6.823602759715000632e-01 3.089141771442430073e+00
1.239686445621269950e+00 -7.766857794707500151e-01 2.920148355279230223e+00
1.195870529578390240e+00 -3.453370090102100276e-01 2.734312401292299910e+00
7.315265545425201354e-01 -4.658142844972199548e-01 2.933352403440049994e+00
4.761044783026699978e-01 -4.582694515695299731e-01 2.996045396970179908e+00
6.717699132718700783e-01 -5.219475417288700347e-01 3.095250617078149968e+00
1.156006482006580072e+00 -4.860332448576799580e-01 3.032643633032749975e+00
1.178852532147390164e+00 -5.309726740191700323e-01 3.031218552857840365e+00
1.336886299281540236e+00 -5.886025528973599652e-01 2.895101663124070246e+00
9.811369515274001030e-01 -6.251024806071799889e-01 3.127648392633350483e+00
2.954551026146200465e-01 -8.684031079598399927e-01 2.845104348762449664e+00
4.892473457088000188e-01 -8.643775848454200439e-01 2.968086965526889554e+00
4.533824410652800285e-01 -3.043557300622199979e-01 2.773312848965650002e+00
-4.086871946086099161e-01 -4.407110425388899855e-01 2.846626055236779695e+00
-3.469478416519800046e-01 -4.653400233890599980e-01 2.868670204859659734e+00
1.133710895221999859e-01 -4.717646345568800026e-01 2.933297650067260509e+00
7.016336505001008472e-02 -3.309585763656099910e-01 2.790639302426830337e+00
3.911983763704299788e-01 -4.348247655383499777e-01 2.953761765228450020e+00
1.000136706007419996e+00 -6.847614958498999815e-01 3.106382342896819804e+00
1.204368023775260088e+00 -7.652940643656600539e-01 2.816599788152899908e+00
1.179792738090529980e+00 -6.530280792806499868e-01 2.929801339419170425e+00
2.715795317694199573e-01 -4.658503354156799947e-01 2.985974011843010256e+00
1.317143274719700052e+00 -4.666838563615199886e-01 2.963949962370469926e+00
1.494927208390799844e+00 -4.970731746883199631e-01 3.009540928038719976e+00
5.685763579259800471e-01 -4.083417252434800027e-01 2.851084363914109687e+00
9.708152513232201075e-01 -6.070131467497799083e-01 3.150369356211339955e+00
1.153123133514210252e+00 -6.502526252675099316e-01 2.958193477376499736e+00
7.662089285179202180e-01 -6.495350298753199692e-01 3.171942787508260420e+00
7.682114127698701500e-01 -7.682893863060100692e-01 3.103248036694700396e+00
1.255022295814520294e+00 -8.013148725039600517e-01 2.815135146297399693e+00
9.952857700253200379e-01 -7.322184574882999453e-01 3.063185570026590199e+00
6.010890605561900468e-01 -6.066434365523900585e-01 3.130298983405030544e+00
5.400294338053700516e-01 -5.135627332189099947e-01 3.041526065543699975e+00
6.578487206094200124e-01 -3.790838686954799974e-01 2.792225744071989979e+00
1.134037144846430145e+00 -8.127032377551299813e-01 2.943096829333019748e+00
1.251138920767310037e+00 -5.883417225704099529e-01 2.914588698212499995e+00
9.942863116474801588e-01 -3.769241212674200314e-01 2.836406117399630222e+00
3.858813005091400461e-01 -4.367719503241200285e-01 2.948097389228210297e+00
1.378273097783070167e+00 -7.377749121330701154e-01 2.891662862087650332e+00
1.416328609517730097e+00 -7.436298149494500187e-01 2.952871742414529876e+00
1.111072371981959961e+00 -6.222926873307800255e-01 3.108832123825110205e+00
3.353520850004499954e-01 -9.904045777736699696e-01 2.999152083477340192e+00
6.651153521981000294e-01 -2.269084002449600068e-01 2.559286804866469645e+00
5.780198087991500477e-01 -5.095263386017500062e-01 3.016369044946110467e+00
4.999684475088500557e-01 -8.734892900254299652e-01 2.988859711498539795e+00
1.138335306361479837e+00 -7.341514972477999335e-01 2.986022521377319716e+00
3.556243042960499645e-01 -6.294803651724500959e-01 2.990615722156589662e+00
1.197776963776620018e+00 -4.857071141061400366e-01 2.942076459330380089e+00
1.322067125956140288e+00 -8.678201889999801466e-01 2.918931433656820396e+00
1.324347644665400114e-01 -4.149255221253800308e-01 2.923823473863799816e+00
1.295188878601849947e+00 -6.311688029187699778e-01 2.859166625152930408e+00
3.479124642259801004e-01 -6.201169760950000498e-01 2.930960372885590193e+00
1.257921396104030087e+00 -4.934623282829500024e-01 2.982862966429590035e+00
7.795253545614900803e-01 -2.998377421885299876e-01 2.676268519855869776e+00
6.459854469413800482e-01 -4.213442966620599694e-01 2.849611836399640108e+00
2.823173871773999588e-01 -1.203812857927780033e+00 2.859481009220529835e+00
2.205908261059996711e-02 -5.026091118210600506e-01 3.032015259831490006e+00
3.139748867754800221e-01 -4.399816159407800020e-01 2.950337652654150045e+00
6.532737592421001827e-01 -5.128164778754200626e-01 3.059075701651760237e+00
1.140860294183339896e+00 -7.049909335673001376e-01 3.050945960369480403e+00
5.809801202053600511e-01 -7.067546534867999997e-01 3.005005606514759897e+00
4.243146284499010878e-02 -3.398407701898100153e-01 2.805896384958160183e+00
-9.853696540740003451e-02 -5.634643307496199904e-01 3.049539816724890162e+00
-1.520995746629800194e-01 -1.258607196611980061e+00 2.879681513629220202e+00
5.796723109149900521e-01 8.334227271371000278e-02 2.602288780943359914e+00
2.702227203648200904e-01 -1.231957208245999968e+00 2.961068354024949834e+00
2.685400799373901526e-01 -1.105597240715190166e+00 3.073811875316110331e+00
-1.977136820473900380e-01 -1.060543891618030088e+00 2.992389271383880001e+00
5.805761123794400680e-01 -3.152238308565800118e-01 2.715197614516870139e+00
2.152256426050900839e-01 -4.208494307562899994e-01 2.929654887702549892e+00
1.951112759116400142e-01 -5.680879146256000434e-01 3.079650468529219864e+00
8.307839350182503191e-01 -2.975526311950700276e-01 2.722648397491620464e+00
2.807159591670500554e-01 -1.196272289569090042e+00 2.859121636603049854e+00
5.793702896285700676e-01 -4.241462169038899832e-01 3.023615195647529674e+00
9.890483366888003225e-02 -3.962948765713000254e-01 2.897958416338310084e+00
5.766067430753007983e-02 -4.325728797765899802e-01 2.943418835316019777e+00
-2.389044731907800090e-01 -8.351094462616799330e-01 2.986571575344629803e+00
1.247042365683490139e+00 -5.516196719060699749e-01 2.978342153918819957e+00
1.484242912974759854e+00 -8.534773230005401334e-01 2.892311378891350149e+00
4.768674466806200885e-01 -5.934373401494600353e-01 3.176990950835239857e+00
5.757222253077199925e-01 -6.784515384109599534e-01 3.118806381692259766e+00
3.597509064773301013e-01 -7.205703056602300594e-01 2.830118795196660209e+00
1.254268950675939909e+00 -3.540257457322599777e-01 2.773564998346539578e+00
5.580843756668200095e-01 -6.268023666478200751e-01 3.118955548395160537e+00
6.453728872841600905e-01 -7.606057117634800191e-01 3.053568198293539648e+00
6.385814378892200605e-01 -7.449077567035800040e-01 3.061634002295799739e+00
5.967303756666900716e-01 -7.179654587616699501e-01 3.161329394334019938e+00
-1.953250678011299590e-01 -1.151250613918350041e+00 2.924882742880710040e+00
1.548777034446390033e+00 -5.898069555518300477e-01 2.988717757332850056e+00
1.169759376234320136e+00 -6.008173755372199221e-01 2.983279973781669980e+00
5.327914617359900129e-01 -6.358112453606099557e-01 3.119760824418300160e+00
1.055048618183489939e+00 -6.120176612732700638e-01 3.090911349471300085e+00
5.770017324970599937e-01 -7.078371942531399563e-01 3.003640450378980198e+00
1.146924464942600252e-01 -4.446843767177199869e-01 2.933890889507289934e+00
-3.978826008949798987e-01 -5.494688881111999823e-01 2.860196180759530193e+00
9.848752977327298597e-01 -5.608551079971899611e-01 3.163253858599679891e+00
1.122154039272599935e+00 -6.352418876812599979e-01 3.109704033630830367e+00
9.291952753575599688e-01 -6.076541297182199708e-01 3.194603951739110048e+00
6.938903493534200884e-01 -4.520757198773600050e-01 2.905912703496490224e+00
1.212638514548250335e+00 -4.574390090873700077e-01 3.046003521082710108e+00
7.433368892736901268e-01 -4.663856167872499903e-01 2.940656263163730078e+00
5.033299278414601341e-01 -8.617444716344400124e-01 2.972987808060570281e+00
-1.346904202910199633e-01 -8.287605227535399521e-01 2.971834130968499910e+00
1.036890265987409965e+00 -5.708760238204499959e-01 3.142882866821629761e+00
-1.540892416019900013e-01 -5.409869280105900069e-01 3.067125053980339633e+00
4.776167714150300059e-01 -5.943391628967299445e-01 3.177483648473439892e+00
1.222358114093939907e+00 -4.445651689220600500e-01 2.946841968648200361e+00
3.095093107842999958e-01 -9.055327132726600503e-01 2.871655603644200028e+00
3.003658319792500420e-01 -8.716657906935700861e-01 2.837897070245470221e+00
5.655298322437499747e-01 -6.913109554653500410e-01 3.135525868303409958e+00
1.258794631373850059e+00 -8.268846867526700173e-01 2.882076441699339853e+00
1.106402740902050041e+00 -8.155844435632899625e-01 2.995363229020409968e+00
1.054962722619780191e+00 -5.742922481520600364e-01 3.154818285308359727e+00
-1.945628786372898822e-01 -1.057259406400050006e+00 2.962819089814740181e+00
5.538920193239599277e-01 -2.492601548211997864e-02 2.726345607630000334e+00
5.370636367862301475e-01 -3.940081417674899944e-01 2.876682648609059978e+00
4.765434116956001054e-01 -3.910552042224400004e-01 2.811069960577980087e+00
9.540699995669900124e-01 -6.196333862225300582e-01 3.124731495747440135e+00
1.304209139594420197e+00 -8.648659654737600455e-01 2.894217628413509935e+00
3.030616436979900463e-01 -1.090708950873289895e+00 2.972475830450120426e+00
2.218380228672199861e-01 -4.491071804824999791e-01 2.972353663166300120e+00
2.304717097118299529e-01 -4.488609931517099638e-01 2.978459493130509728e+00
7.696417104532005116e-02 -3.428640690124000190e-01 2.819498857838860228e+00
1.028251745794729999e+00 -4.525908322219699964e-01 2.869079040043290174e+00
9.422800798040001924e-01 -5.865973162896800375e-01 3.191814678019240237e+00
-2.451337520285200577e-01 -1.103155210503460104e+00 3.167113068223089911e+00
-1.825199893718599253e-01 -1.014717438091340185e+00 3.036209377844939716e+00
5.554536698608699696e-01 -3.483558003540699888e-01 2.770806815862929984e+00
7.543919401490017940e-03 -4.185746406130700370e-01 2.919740181901960163e+00
5.016134498095999872e-01 -6.188180148187000240e-01 3.131612541558849827e+00
-3.991545063526801829e-01 -4.902585205205799435e-01 2.808428556987689451e+00
-1.543586087138799634e-01 -7.416162821864600296e-01 3.020011321182349828e+00
2.583873583845199828e-01 -1.174245990396620032e+00 3.032395469157830092e+00
3.414370235763600769e-01 -1.241877010569120143e+00 2.852823608018700163e+00
6.979257883445800781e-01 -5.832112694093199989e-01 3.008287688122730064e+00
-2.677946343701699261e-01 -7.009603141871899590e-01 3.043032950402329906e+00
6.310882910542000568e-01 -6.626468628108599379e-01 3.028107972579909823e+00
9.477663281107995275e-02 -3.961523436674599941e-01 2.901399659707609935e+00
-1.414925776161600757e-01 -1.257170700080299852e+00 2.932070362372249939e+00
5.540684959788800823e-01 -3.358818191951200016e-01 2.749158068260200594e+00
1.107981590633969837e+00 -8.161729192557499735e-01 2.996941713456060086e+00
6.997267562566101828e-01 -4.654003741403099914e-01 2.913833489222700024e+00
9.710613613904500729e-01 2.145173145959300975e-01 3.158836839100580107e+00
-4.102432116119200112e-01 -4.906289372288600292e-01 2.806360371736490222e+00
3.410226566731699993e-01 -9.980352038213700094e-01 2.962777333074889885e+00
5.607797664809200944e-01 -6.142581376875000387e-01 3.072652118004509880e+00
1.185971350051099993e+00 -6.483071102452200307e-01 2.936787738259039937e+00
1.164029359421329790e+00 -5.878566358955499283e-01 2.833282395803319531e+00
2.647811105792899911e-01 -1.022721921956589952e+00 2.897810513145739897e+00
3.089602607098400622e-01 -8.959718449695599496e-01 2.860146513298739812e+00
-4.563917839032000656e-01 -4.932456011406199936e-01 2.815163270873770163e+00
2.705153216025100171e-01 -1.000476772345769927e+00 2.976550968262780206e+00
1.751246894475499971e-01 -4.522711526096100387e-01 2.974423832791179834e+00
1.587109321536899764e-01 -4.775972354799500330e-01 3.017579670860460084e+00
7.383210846587099363e-01 9.475998050341000178e-02 2.656603636077989883e+00
6.314154596101201333e-01 -3.902441191550999888e-01 2.819631977529870159e+00
1.172532457592780020e+00 -3.185412592010199995e-01 2.737321501863140050e+00
6.423312918729100485e-01 -3.804933490670500129e-01 2.793266548059300192e+00
1.129162364407250152e+00 -7.209664837303699780e-01 2.819967925410709952e+00
3.266776087121900929e-01 -5.480051144344699754e-01 3.069874826771350040e+00
9.553588601838199912e-01 -5.700956863676800435e-01 3.155381191203970204e+00
1.510794416383720140e+00 -4.711302650500799882e-01 2.990593365327739672e+00
1.257075989961760065e+00 -7.065739913232400582e-01 2.860998588555940358e+00
1.608746218414930151e+00 -9.657646490082298918e-01 3.437084150582860431e+00
1.144962521260330046e+00 -5.927605357764100802e-01 3.063590198807350173e+00
9.829824422751199942e-01 -6.257072009327000472e-01 3.115563126912689995e+00
5.947838936532100496e-01 -3.335394704574700109e-01 2.757716833650819765e+00
9.932366195925600438e-01 -2.698721359353599691e-01 2.775813116017519899e+00
1.200797114469140059e+00 -2.250619889756800274e-01 2.737392644467909975e+00
9.850290025712099551e-01 -6.822600399062699328e-01 3.073014685640460097e+00
6.083649199432501486e-01 -5.167970333836500174e-01 3.047201996064230034e+00
1.058722276945830210e+00 -6.087191848394700733e-01 3.114167363847629932e+00
1.000305079181280199e+00 -3.758147453848800223e-01 2.844713179857639940e+00
9.712677180071499494e-01 -7.369154402558300010e-01 3.063132218525910222e+00
1.222038558377370077e+00 -7.265094293298499650e-01 2.884753241420030090e+00
1.124613251989710072e+00 -7.686883174510099614e-01 3.024020256466319889e+00
1.252914483733269968e+00 -5.920828269285099976e-01 2.911839606081509935e+00
1.128613753773410000e+00 -7.964102519196298857e-01 2.955081955945519923e+00
1.210417320884070058e+00 -4.776412204630700042e-01 3.028448829138549847e+00
-3.883079458746200308e-01 -5.805094363928200440e-01 2.879486795597300031e+00
4.456003510402800627e-01 -3.089705326793200091e-01 2.767807322003560166e+00
1.831340587694500477e-01 -4.293165047878900187e-01 2.946286323797409956e+00
3.122513483714600691e-01 -4.042236177635399885e-01 2.922198227178740115e+00
3.278541090270601366e-01 -4.260055662879800309e-01 2.935312967015840435e+00
2.326879017357600388e-01 -4.478662644680400096e-01 2.985437505204940223e+00
3.904529272895399528e-01 -4.419002006845199615e-01 2.949534552787609787e+00
2.632411000063401563e-01 -4.447713267949200411e-01 2.968190054811450374e+00
5.599305044223900074e-01 -2.926442029001299905e-01 2.718635635473300116e+00
7.660829102533300849e-01 -5.979281527792500439e-01 3.182399072971949572e+00
5.789398693066299950e-01 -6.549701227248699853e-01 3.058898256989130093e+00
6.065593511798800241e-01 -3.030385835348200496e-01 2.729023321000450419e+00
5.360747489119199738e-01 -3.933460785651999858e-01 2.878434271781799669e+00
1.955826496840300521e-01 -5.670091689917500233e-01 3.075881858932109747e+00
1.050022774900201128e-01 -3.962660886599400079e-01 2.902033428655579783e+00
2.007999578155700293e-01 -4.476086956274499817e-01 2.967685477429690355e+00
5.800342864962800826e-01 -6.970928320658400512e-01 3.135124274078900264e+00
5.390443790835400817e-01 -5.126863040120599457e-01 3.054778850983760563e+00
6.886891958618801546e-01 -1.330132390813199839e-01 2.438269530196199852e+00
5.187258459670007760e-02 -3.323940183848400065e-01 2.788981631439950259e+00
1.228623487089260280e+00 -5.435903584408799949e-01 2.949349275629089995e+00
1.173442788969270012e+00 -5.378278706421300015e-01 3.021907950566740109e+00
-1.593290411969598974e-01 -1.061054904126039977e+00 3.024925172925140071e+00
1.741168338186005471e-02 -4.190052163630200166e-01 2.941550576121600535e+00
-2.958532605794399473e-01 -5.634468018361400432e-01 3.032392106435370049e+00
-2.893751888873800082e-01 -5.616002933530399588e-01 3.098300992809929877e+00
-2.690982642837899119e-01 -5.612355741331900294e-01 3.070114090315580579e+00
-2.429548950274900143e-01 -5.513102937528100433e-01 3.100221027349460368e+00
-6.904994635767996991e-02 -3.986807786315200164e-01 2.887414812781520457e+00
7.182820734841999233e-02 -3.720249183666399784e-01 2.856750873942590196e+00
-1.699186973342999840e-01 -1.152305919435460124e+00 2.949192684155940380e+00
-4.461867223606000299e-01 -5.849178234646800201e-01 2.867928954443359935e+00
5.605989963158009015e-02 -3.294926457176000079e-01 2.780724776209490212e+00
-1.703420667762398644e-01 -1.181587680144200014e+00 2.949386760816540054e+00
-3.903172275859995155e-02 -3.859479403057199942e-01 2.873722212431560230e+00
-3.174023746913900990e-01 -5.655230353201899929e-01 3.014326107506480223e+00
-2.961161210041000080e-01 -5.686339396009000291e-01 3.100247244519280354e+00
-3.219203119690899895e-01 -1.111276607940510086e+00 3.045632482768890092e+00
8.038815127819004536e-02 -4.964455793602100542e-01 3.018139168586160270e+00
8.145922753508005876e-02 -4.957920026570600269e-01 3.035836794962289975e+00
-4.228003262809100216e-01 -5.652864341216500277e-01 2.844090144455190039e+00
-1.933638209007300102e-01 -1.095544520294930102e+00 2.989649313034659972e+00
-1.215529256608099407e-01 -5.299435696186099998e-01 3.056290572287579721e+00
5.451018784122002581e-02 -5.183198624964400203e-01 2.983523868262810019e+00
6.088006412750299745e-01 -5.634074116354700346e-01 3.092555948644790220e+00
6.536144023935500647e-01 -5.160825861564100059e-01 3.067825489741899947e+00
5.959387235864600507e-01 -7.779169516938200246e-01 3.061631748434620270e+00
4.491587983384900395e-01 -7.890430175787100930e-01 2.896496249195680495e+00
9.770007318327801338e-01 -7.407977699407400918e-01 3.067252966311800222e+00
-1.902501925408200401e-01 -1.396247365250760097e+00 3.177644014382829951e+00
-1.177883842092600220e-01 -8.214524431262599791e-01 2.958948168670100021e+00
-1.997648935846399465e-01 -8.293891046578200088e-01 2.943536711857850374e+00
-2.433569032885599670e-01 -1.387003002427120046e+00 3.056331291252039950e+00
-1.944123801442499411e-01 -1.149043975463110101e+00 2.891322641470850385e+00
1.248915241452530189e+00 -3.120248300683500231e-01 2.699986676733999946e+00
6.257771784261200176e-01 -6.945732356626399540e-01 3.207936258154060027e+00
5.084380924264599866e-01 -8.591850939075600380e-01 3.144326269494030157e+00
7.839375725914500270e-01 -7.745650427646699754e-01 3.136764391616820191e+00
7.304228993940401482e-01 -7.562225177600400139e-01 3.059808098068000248e+00
6.956967304053001122e-01 6.188915731812003052e-02 2.569548103286730001e+00
5.827243888200001054e-01 -7.142889791417600387e-01 3.134138208556440208e+00
2.463836664102300178e-01 -5.068707282627500366e-01 3.019094712859310192e+00
-2.757993955170799927e-01 -1.163643819840840088e+00 3.161121166881600164e+00
2.491014855949600371e-01 -2.830064123177200575e-01 2.734213451084740232e+00
3.471056018119400566e-01 -1.171042478213139892e+00 2.908474499447379902e+00
-9.788105483264997186e-02 -1.086256757076810020e+00 3.035758924113880042e+00
9.925850704855102569e-01 -1.492679911244300106e-01 2.487583924869670060e+00
-1.916413748707299636e-01 -1.172981605171190100e+00 2.940364773875370208e+00
1.123249980876400711e-01 -4.917144933277599606e-01 3.013021342270739922e+00
5.184319092259004336e-02 -5.122830215753100269e-01 2.996779199889769707e+00
-9.152005750609004675e-02 -5.788943430702699899e-01 3.073155880547989938e+00
-2.262245769391300065e-01 -1.337854426544349939e+00 3.060820531194630156e+00
-2.248287529436201471e-01 -1.347189055579100181e+00 3.074848343696180208e+00
-2.735798565642999503e-01 -1.158686265544759841e+00 3.198856093660729982e+00
5.121721007885399191e-01 -3.425527811259799771e-01 2.825168969358540227e+00
6.402093656679985756e-03 -3.560157107058199433e-01 2.844249593133949983e+00
3.216119948188801425e-01 -1.263723157633079852e+00 2.906977832073060153e+00
6.232075080967200975e-01 -3.622314362494000184e-01 2.776756708745299562e+00
8.524002795642499075e-01 2.904282695361001809e-02 2.673632227515320370e+00
-1.489312717687099052e-01 -1.299158580014770026e+00 3.002808827822450066e+00
5.086081028459500386e-01 -3.518862745223300115e-01 2.846904950360940045e+00
-4.553359734703000261e-01 -4.908356398395999909e-01 2.834026488838509827e+00
-3.489577830940300274e-01 -6.210628679939900199e-01 3.120010694223219971e+00
2.803337121697201395e-01 -1.246577009979560113e+00 3.020617758237800210e+00
-1.604550535305400705e-01 -1.147242652183160017e+00 2.877855240719569885e+00
7.259538442787000223e-01 -3.498209030009999942e-01 2.756142528840349826e+00
6.705471681040900966e-01 7.609341885191003851e-02 2.682602428568589659e+00
3.438152626134399759e-01 -4.147064626087200168e-01 2.924165418375880066e+00
-1.946683014076200369e-01 -1.168808109557440078e+00 2.915344940599769785e+00
2.839462952349399716e-01 -1.209787676502879883e+00 2.863991130806089913e+00
6.672856261385200494e-01 7.902796079432003462e-02 2.729535109931700454e+00
2.689426057425400307e-01 -1.148158854194680112e+00 2.868189067148269711e+00
3.540761044871599816e-01 -1.228704882488199868e+00 3.044307409667559750e+00
-1.610310783657401545e-01 -1.083773997987099946e+00 2.954820815288679903e+00
3.018663789214200976e-01 -1.138694966742419989e+00 2.977860498132440359e+00
6.078600276860024465e-03 -3.776970260046599859e-01 2.973071261735240167e+00
1.552950343016200607e-01 -4.189988373378200071e-01 2.926806116902920252e+00
7.054023949686399897e-01 2.356547559016003435e-02 2.668090398321560031e+00
4.711872466744998489e-02 -3.330948713480499923e-01 2.795127326830489700e+00
9.501024463520401087e-01 -1.872325687281800044e-01 2.435651559202410166e+00
1.314383703801009773e+00 -2.196305967566499762e-01 2.674863027761089640e+00
5.676761031634600663e-01 -5.221196743706000287e-01 3.052442398580649918e+00
1.379465126195960067e+00 -5.512374741887999807e-01 2.915211383130619893e+00
1.472060565778340102e+00 -4.749136377916400864e-01 3.004146196746289910e+00
9.887720971624701649e-01 -5.686935053531700923e-01 3.187602037118419940e+00
1.697641947128579964e+00 -8.678680833052800914e-01 2.938284050529630154e+00
1.627114481295230064e+00 -8.544684178873900304e-01 2.882529270876049488e+00
1.508109819273280028e+00 -8.320648695054800870e-01 2.775260888027620609e+00
1.621885540745549914e+00 -8.107864440206699053e-01 2.902494537236209649e+00
1.605602999183390001e+00 -7.771717920750900177e-01 2.927205447176199904e+00
1.587139007392969869e+00 -5.937156041078099911e-01 3.004332894655650232e+00
1.157340216791410192e+00 -7.391699398904100216e-01 2.981001291658889940e+00
6.707352279539501305e-01 -7.678973085449499747e-01 3.410474973983829816e+00
-2.684829414626199728e-01 -5.563826305314800713e-01 3.102500870021730250e+00
1.154818991610820245e+00 -4.212747129082400344e-01 2.918014509707509863e+00
1.751260437926879909e+00 -8.875601898784399868e-01 2.970385003923340150e+00
-4.671601221779952962e-03 -4.670069925601200156e-01 2.958826325567390114e+00
3.126623955971300495e-01 -1.330843764882249980e+00 2.987090679887710376e+00
4.655012398987100619e-01 -4.552286807756099618e-01 2.997764448080160182e+00
1.209346786279299923e+00 -2.427798139137399835e-01 2.698317268071359631e+00
-1.115264157802999812e-01 -1.068388891190819923e+00 2.961220433199859947e+00
4.604731533072009553e-02 -4.695485925659600435e-01 2.965223942820339964e+00
3.349248467104700699e-01 -2.438631086890700184e-01 2.728462272252510257e+00
3.761635373566299956e-01 -1.475466566154899906e-01 3.733043883034659949e+00
-4.606691060867300624e-01 -4.431159807073099532e-01 2.841745207969189835e+00
1.812152646825200275e-01 -2.608138314711400119e-01 2.786217317741610078e+00
2.613221716639499981e-01 -1.038140981115770023e+00 2.953745064531339892e+00
-4.706585624247700550e-01 -4.959935578611699425e-01 2.824282192438479999e+00
8.157825291897996545e-02 -9.875221899216599653e-01 3.044801180131840201e+00
3.982833949438701060e-01 -4.371907329721700375e-01 2.954694380252020025e+00
5.927946132657001543e-01 -1.918351329083800294e-01 2.665613096902240464e+00
6.885495614689101096e-01 -3.408259266529100051e-01 2.775397110878770057e+00
-9.220241382146998621e-02 -3.940993630815700088e-01 2.879209507667349843e+00
5.362439356959399772e-01 -3.436123732780599904e-01 2.798941638452120184e+00
5.665361621547699844e-01 -3.321449998700700124e-01 2.765667968786420072e+00
1.172413815079070165e+00 -2.353831217585500291e-01 2.705846625322910093e+00
1.218715865895600103e+00 -5.493302660802800164e-01 2.948400998043100074e+00
9.449543158851200220e-01 -6.724206556215199804e-01 3.136442899608120172e+00
1.141716007474490091e+00 -5.659432702600100118e-01 3.146601439363229780e+00
3.217538133382500387e-01 -4.330300795249100165e-01 2.923911522879619973e+00
2.625915970356699214e-01 -1.194343029928950140e+00 3.006258886359290283e+00
6.947190692588699479e-01 -1.321635797004299950e-01 2.442329033421069884e+00
-5.062117874955002206e-02 -3.994486680942099799e-01 2.930698092501470065e+00
3.586645213599599646e-01 -1.152034212718519912e+00 2.958568921481360192e+00
3.060326359772100879e-01 -1.111660208784309933e+00 2.831242278515920141e+00
3.108191491332100709e-01 -1.104932172907409971e+00 2.866092302478929987e+00
6.523915309860610634e+00 -1.735573970439610259e+00 6.229893924980730802e+00
6.929532279905990855e+00 -1.841313723651309742e+00 6.535911343155589748e+00
5.929884903568749088e+00 -2.265431241609870305e+00 5.075203626932050405e+00
6.311103292762400230e+00 -2.374322119006920140e+00 5.295178476059899886e+00
6.225754458533891089e+00 -2.357020833181970865e+00 5.255031911812349854e+00
6.280834779969580062e+00 -2.368362703845320105e+00 5.281192626787590605e+00
6.589243072890360153e+00 -2.455480174609260047e+00 5.486491980886509801e+00
6.669701868824190250e+00 -1.245069876837090250e+00 5.810593572761880488e+00
5.640668997543430763e+00 -1.246209781400569927e+00 5.240620333497280292e+00
6.029094143661230198e+00 -1.233174927113569908e+00 5.437795904934359825e+00
9.335852595507300178e-01 -6.925020441485100209e-01 3.077952594760219984e+00
5.105927292827590058e+00 -1.115432781144690022e+00 4.800428201937660511e+00
-2.444136110710100063e-01 -3.370569805412699793e-01 2.840124181200829767e+00
6.322660322765000229e-01 -1.865503737158399900e-01 2.645786968454149957e+00
6.167367112412400765e-01 -1.437491170241199934e-01 2.383140322022640145e+00
-4.750244655640398217e-01 -4.434179616186800232e-01 2.847692088459640392e+00
6.059510334283090494e+00 -1.232760892933530084e+00 5.485972112016290758e+00
1.286395868281200450e-01 -3.914938661446399903e-01 2.899144796831420123e+00
7.030732715064800242e-01 1.316988728183999813e-01 2.693848527383840175e+00
1.729462368364349967e+00 -6.146156699798099865e-01 3.135191431064919598e+00
1.133938289283289880e+00 -6.628853967302300587e-01 3.009163999445479742e+00
-2.720690177697300260e-01 -8.429677343697901115e-01 2.986253191152369979e+00
6.557291942069300106e+00 -1.937732630197620098e+00 5.600114842818580740e+00
1.529285513176040112e+00 -4.813293485080800127e-01 3.026233565940979808e+00
