-1.221508056551199317e-01 -1.609441827411998982e-02 2.715415535278260517e+00
-7.649826414225999738e-01 -2.124579788389900359e-01 2.741921741396670331e+00
-7.839454365039900674e-01 -2.069004213702499984e-01 2.803358987193270480e+00
3.210693845092005283e-02 1.508243900613899791e-01 2.461825869379940190e+00
-9.733039174803999050e-01 -1.906967485494699965e-01 2.703772806600470258e+00
-1.085022280499420066e+00 -5.424133960988999359e-01 3.346680698727220182e+00
1.071534208250799480e-01 -3.511439186520000366e-02 2.772873001892350420e+00
3.334396379014201717e-01 9.329971578189700798e-01 2.475982856933610421e+00
1.273364983100500059e-01 8.303994638538900741e-01 2.588366505315550015e+00
1.918511459286986742e-02 -1.547802948300004700e-02 2.739111982629470088e+00
-9.326398298249005681e-02 -6.620896829897099378e-01 2.912816870215519938e+00
7.438243091799698892e-01 -1.615460973732000260e-01 2.566760062804740450e+00
4.022101599157990037e-02 9.592224591001997924e-02 2.476118312603060367e+00
7.167104998556801387e-01 -1.789511094681000558e-01 2.628283204038900145e+00
7.114405344205598780e-01 -1.817155811946899457e-01 2.649873690547350336e+00
5.401958252391598769e-01 -5.218238939105006302e-02 2.814695767096940138e+00
9.466691128207016526e-02 -5.480747956929001019e-02 2.793969765870350397e+00
7.200446650410101679e-01 -8.740424943342005315e-02 2.592574194389840603e+00
5.523304501726999938e-01 -1.974636918396400764e-01 2.782771003056060177e+00
5.798975639365100410e-01 -1.541117152057001893e-02 2.795836877315080127e+00
-4.131582931135400205e-01 -4.647486591819001422e-02 2.698615871125710441e+00
-7.070975327172700498e-01 -5.371559976326200081e-01 2.863048406281990310e+00
9.093726806137003571e-02 3.005460250402500200e-01 2.148542004951929929e+00
-4.418497012143999259e-01 2.712367280951001602e-02 2.563624782438920224e+00
-5.583566168860800705e-01 -1.914132183724400194e-01 2.875953885964599888e+00
-1.417298520070700008e-01 7.421177051937901670e-01 2.761351012336120014e+00
-5.000814929481101068e-01 -4.707664363807299579e-01 2.792909837482940194e+00
-5.558387015649601803e-01 -1.882778104441100164e-01 2.879923652296220382e+00
-1.027820220622070124e+00 -4.151291341357200015e-01 3.159474791460420207e+00
-9.456955077504199947e-01 -8.254532623646400058e-01 2.851459966868020057e+00
-9.665912571381899410e-01 -7.732440581869998164e-01 2.950400400911380228e+00
-7.754461316617999866e-02 1.144244537064900008e-01 2.499203008014649896e+00
-5.431424442634699146e-01 -7.191967949042699093e-01 2.836398158335380337e+00
-9.008192211987300357e-01 -2.865953523657500113e-01 2.660880985678480304e+00
-1.076554321583101936e-01 -5.863170598676599177e-01 2.776618914044540087e+00
1.768460976755099612e-01 1.265190710064699742e-01 2.442982610922340481e+00
-4.683139072946100878e-01 -6.269629047374002118e-02 2.715844317002150010e+00
-1.491028087564401083e-01 4.201147745219971363e-03 2.692111867127569891e+00
5.703269004600000081e-01 -1.856822348962401392e-01 2.748701560017570156e+00
7.005093261475299204e-01 5.016157735109998128e-02 2.687443590897519829e+00
-1.214592148122270121e+00 2.084868037323099887e-01 2.404953067751109952e+00
-1.409781189053400663e-01 7.435577559722500451e-01 2.765712603371779821e+00
-1.097395179824810052e+00 -1.514407942187100398e-01 2.746269180484940176e+00
-1.207368691288999152e-01 -1.238712579557400134e-01 2.824849272742730122e+00
-5.722846690180101170e-01 -5.815385194107001998e-02 2.684217252370959983e+00
-2.016352774521800173e-01 1.439046523096799701e-01 2.471025316711249697e+00
-9.585189764350099395e-01 -8.264908767662400013e-01 2.869600903731240216e+00
2.904159891193991427e-02 -2.199618255455200178e-01 2.880132029377290515e+00
4.949483390996698429e-01 1.295222313775599710e-01 2.513547681476370421e+00
3.426103403469937803e-03 1.490596605625799653e-01 2.405071078973829657e+00
-3.391454203944300749e-01 -3.693031866569000676e-02 2.702670006945310455e+00
1.325386713407099570e-01 7.116790552104998446e-02 2.507923832410780207e+00
7.408248918953399542e-01 -4.360430186690004983e-02 2.606417739880940054e+00
8.173041912187994917e-02 9.521210540303000347e-02 2.469498120541140374e+00
7.160768526947800527e-01 9.469058414334001472e-02 2.614473583147270297e+00
6.414855512016999217e-01 -2.440373749110004431e-02 2.770278102623910055e+00
-2.516753668562800028e-01 6.997309692209600085e-01 2.865001344048310195e+00
-1.345787401614995105e-02 9.635494702892900554e-01 2.414481940753760103e+00
-1.956509315675991623e-02 2.267429380222599766e-01 2.224123216960630423e+00
-6.286681168014400800e-01 -5.100856487203899725e-01 2.836979351399399718e+00
-1.031237609583940174e+00 -7.931931900824199522e-01 3.186795727232080377e+00
-7.919023917334011564e-02 1.097868957067399814e-01 2.497156018613059913e+00
1.203407395944999791e-01 -3.361682837178002481e-02 2.768680205614180156e+00
-8.873309521018990509e-02 -5.786179259840998901e-01 2.739141219155480034e+00
7.675253659401601869e-01 3.377298411879989248e-03 2.573405683502350438e+00
1.813077895193599964e-01 -1.782083854929400468e-01 2.769217223738830391e+00
-1.037471438221159836e+00 -4.623641845564799846e-01 3.153347804352089945e+00
-6.613183036553600402e-01 -5.206163002050899768e-01 2.850588806057840596e+00
7.632331290826988024e-02 6.583888328021300085e-01 2.973432664792909907e+00
6.236687653625001548e-01 -8.518600792077997419e-02 2.781710740369810697e+00
1.805046605219400302e-01 1.157747743107400279e-01 2.447426587245050467e+00
-9.111720524573601043e-01 -2.829446433023999896e-01 2.691946686425180424e+00
-1.026590647434749926e+00 -4.212417161914699393e-01 3.159759253181510186e+00
-5.616028909565600191e-01 -1.961154487154100345e-01 2.877165587989640283e+00
1.997813346435199922e-01 3.219398013709699469e-01 2.125628354975320100e+00
-4.455474935800562974e-04 1.986933130208600184e-01 2.195134321434359936e+00
-8.765291121984700728e-01 -7.675903054422400507e-01 2.844553486734790138e+00
-7.565547875561000613e-01 -7.802419691057099760e-01 2.807857436016060415e+00
-1.560056157461000570e-01 -2.861458921688998791e-02 2.709841323011970005e+00
-4.398365212476099684e-01 2.419267222459998978e-02 2.568075332740910266e+00
5.642549732844599486e-01 -1.394140805585000753e-01 2.775979614068870394e+00
6.596457836796800756e-01 1.920555496631299319e-01 2.375461901367510453e+00
2.192335233625197777e-01 -3.609304390331004309e-02 2.811505887863420039e+00
-5.593330348488899650e-01 -7.677954781215500235e-01 3.061630195574900348e+00
7.108392225138500109e-01 -1.770071274953800011e-01 2.656871459159729998e+00
6.791841077787799108e-01 7.494768712375994568e-02 2.685768353896730076e+00
8.589111686212997920e-01 -7.983871719880034079e-03 2.534188980842090100e+00
5.021832635780798526e-01 -4.028078876442005296e-02 2.860826838885090151e+00
-8.793066313285300417e-01 -1.615243305427599974e-01 2.696277487470060130e+00
-8.120896571086899662e-01 -1.732434732673899802e-01 2.712051480374350287e+00
-4.370573757419100591e-01 2.168190934648001056e-02 2.572467027101930537e+00
-8.642925158268011110e-02 -1.100779949819001569e-02 2.700731987672400525e+00
7.207254706517400855e-01 -9.446080166315003190e-02 2.593006949841680342e+00
7.086975087400000373e-01 -2.194681375617900665e-01 2.697592613253930516e+00
7.074671061218995582e-02 3.534697537572996373e-02 2.574819725384020153e+00
6.905453653399500347e-01 7.498358553684998651e-02 2.699952972204830104e+00
6.973376443698098281e-01 -9.359752163388000701e-02 2.624269527919860234e+00
-9.392447276230799780e-01 -1.772008845592700221e-01 2.703615806419770173e+00
5.694244835446700126e-01 -1.908909205879299464e-01 2.753986851022360405e+00
8.293874891884978062e-02 -5.505079817056003633e-02 2.774404351394060164e+00
7.772232683850099910e-01 -2.037049879818002285e-02 2.564290202080760306e+00
2.791499488069599799e-01 9.231294320298600864e-01 2.554086395514150176e+00
-3.679050570376984908e-02 -5.614104286504201236e-01 2.792606451539680457e+00
7.322550808708301329e-01 -9.639540195324004801e-02 2.598380933464930376e+00
1.565149491068800192e-01 6.930370136576997908e-02 2.500195679500750057e+00
6.556994394881099364e-01 1.343982940037199425e-01 2.540812091544920381e+00
-8.948536926266601466e-01 -3.099735783769799746e-01 2.740728455946719766e+00
1.165397924088098502e-01 -4.702149061578002331e-02 2.744422077327990372e+00
3.616769030149000752e-01 9.463449856370699242e-01 2.521448626025170281e+00
5.645679016651099502e-01 -1.937529798626499988e-01 2.753789396998110206e+00
7.009700111744898710e-01 -1.758394824509500465e-01 2.659698622979930427e+00
6.319247330584398803e-01 7.140379656802993413e-02 2.630747449441340091e+00
7.098197827964398687e-01 7.390448143270002268e-02 2.590859661462959984e+00
-4.953219306947000966e-01 -1.264308635115300450e-01 2.707528042489170339e+00
2.830441363731399651e-01 9.365670575414100085e-01 2.566944264720490310e+00
-3.574308518655899825e-01 1.025687840334100071e-01 2.590765039968000227e+00
-1.234991925766369958e+00 2.076056341860300636e-01 2.439680420009500139e+00
-1.267656212880610145e+00 2.203208087533999326e-01 2.475627206289340076e+00
7.433000694169400457e-01 6.621505529944997359e-02 2.602722130812390233e+00
1.485741353566800704e-01 3.549599390073999994e-02 2.564510905007420405e+00
-8.537004290730501044e-01 -2.696301294384000347e-01 2.675353864712969987e+00
-4.264264134437900644e-01 -1.324749222776699931e-01 2.829688579437320328e+00
1.954730786194500691e-01 -3.360581258213000966e-02 2.777397772518710450e+00
7.050816888900401924e-01 -2.462866149680099648e-01 2.639752945924030314e+00
-9.499389732630900696e-01 -2.393137567437799706e-01 2.813044411467339856e+00
7.059133711434999459e-01 -1.524259443965998717e-02 2.684482723076620392e+00
1.533593660240499812e-01 -2.411212420547100277e-01 2.746971797082889744e+00
-1.154349672668810278e+00 -1.745939341185300253e-01 2.772625954998900077e+00
9.838165286272901877e-01 1.502984063439600226e-01 2.612371386888260094e+00
-4.608736982677600347e-01 9.707628727249992262e-03 2.591705780425849870e+00
-4.580518787963401284e-01 4.454997875829994070e-03 2.626920022751960460e+00
-8.926687567820100755e-01 -6.779663089720399105e-01 2.947836657980209996e+00
-5.824177682786999544e-01 -4.969479398276600013e-01 2.822998186823040268e+00
-5.104511238776399118e-01 -7.146486046002499259e-01 2.844981592404890236e+00
-9.268323960130300243e-01 -4.058970409922200151e-01 3.110028184295900111e+00
-5.314936586582200695e-01 -2.108909687990200288e-01 2.866643555889329953e+00
-1.338540632820619969e+00 -7.327971704459937397e-03 2.523000829974010095e+00
-3.400661750444999853e-02 4.966343012841999971e-01 2.291948351050680177e+00
2.418158246858501670e-01 5.881119130480800816e-01 2.437171498630720023e+00
-8.754608616365699980e-01 -8.338949013690200029e-01 2.767523831498880149e+00
-8.718438681721599748e-01 -1.112891178437199896e-01 2.710609330370940206e+00
-9.409464936717699679e-01 -1.771079521055499706e-01 2.699492865669480324e+00
-8.717238596570500153e-01 -1.607933855664399614e-01 2.693253153967880120e+00
-7.312592240962699774e-01 -3.197528254647000190e-01 2.884674171114420371e+00
-1.372720358334000856e-02 9.148704855556301085e-01 2.472889661156170149e+00
-7.537524410078099146e-01 -7.475665525181899307e-01 2.967771200926820452e+00
2.366159475007700852e-01 1.668757043608999624e-02 2.636592541184780369e+00
-9.406157166963798888e-01 -2.872981641829199795e-01 2.787499986874080182e+00
8.058888386871398968e-01 -1.708448551784101377e-01 2.508589553814389639e+00
-1.160269972571309927e+00 2.010805364159800601e-01 3.518880419340140175e+00
4.740597429812800634e-01 1.551087565399499879e-01 2.564123016726730597e+00
-1.301808970837399215e-01 1.397852523170700079e-01 2.440939624317570278e+00
-3.852863060350200097e-01 -2.763355148162000008e-02 2.679705253788589925e+00
-7.126834653298800282e-01 -3.108430798946300588e-01 2.915476571466850242e+00
-4.140411905198301268e-01 -6.596688278579999898e-02 2.732502371596420065e+00
-6.272818545363800791e-01 -5.069595520302000446e-01 2.841601334148650349e+00
7.738024545555701739e-01 2.089015345811996716e-02 2.625246342332900440e+00
7.010910056251098421e-01 -2.096538575698300710e-01 2.666827733938790246e+00
6.281159622852998670e-01 9.739666839269980891e-03 2.789399736435610233e+00
2.301837490493900962e-01 -1.232086853843499946e-01 2.812256810616370117e+00
-1.188387489726190127e+00 -2.804287462731998304e-02 3.697982651918160002e+00
-1.277086319817110294e+00 -1.375577581162499841e-01 3.663231603872770137e+00
-1.285277764078459839e+00 -1.438702353445799886e-01 3.645468396500210151e+00
-1.295986738210590294e+00 -9.716780231428996661e-02 3.706192458179109916e+00
-1.162099756935570216e+00 -1.745012052573199912e-01 2.772308014252440334e+00
-1.244383829816549936e+00 -8.530096768972995902e-02 3.693319488024380259e+00
-1.236610752315950190e+00 1.452252047939996127e-02 3.634540449933400197e+00
6.094986965972499782e-01 -6.029146664532007704e-02 2.765229039034420300e+00
9.479788334632301972e-01 1.225756645155599983e-01 2.583532561322690047e+00
1.495106261229000033e-01 -2.429806745823199776e-01 2.746201845280860532e+00
-9.727666889838700870e-01 -2.009211544231599422e-01 2.747359686541910317e+00
-3.571945983730799856e-01 -6.912487532329998630e-02 2.716735790641529924e+00
-2.927910701394199622e-01 -4.088203547655001879e-02 2.713362225848830356e+00
-1.356318288920500104e+00 -1.225942012980099777e-01 3.710981193352279828e+00
-1.382863360279110054e+00 -1.549572564179900191e-01 3.736001349830580409e+00
-1.359538512064199844e+00 -2.101438916779999611e-01 3.716724666723400183e+00
5.398685423989300070e-01 -1.519873094688002635e-02 2.841999005530960076e+00
-1.364816336553070109e+00 -1.235996024433400203e-01 3.589485138530580155e+00
-1.161350951751850102e+00 2.039431612533799676e-01 3.519977609069940172e+00
-2.222947664758000430e-01 6.846320101514301593e-01 2.865711792166299787e+00
-9.416649766036900848e-01 -8.828658775140399984e-01 2.783696417862400185e+00
-1.222546796020919979e+00 3.564117397837000822e-02 3.588746177846350083e+00
-5.281895935536000675e-01 -4.845338874343399493e-01 2.813389941866440314e+00
-1.211878889581740060e+00 7.613570483800000122e-03 3.745661479704160080e+00
-9.344257325913900569e-01 -2.606054367418700335e-01 2.758474008972090274e+00
-1.219301221299870175e+00 6.044372420299005955e-02 3.541134889563580135e+00
5.902239337976200595e-01 -1.815663761247000851e-02 2.815988656698619863e+00
-8.374975990968599460e-01 -3.003249386978599778e-01 2.819314003615440267e+00
-1.244231877992380220e+00 -8.617076335455998992e-02 3.697658798197340335e+00
-2.269756215116200959e-01 6.717303986963599760e-01 2.853482764200829802e+00
-1.188692277180520174e+00 -4.421606968407994220e-02 3.656406957284460191e+00
-1.102347686213400735e-01 -4.657464048607101170e-01 2.628959121195500348e+00
2.078490544888198510e-01 -2.526380684824099943e-01 2.858893810711410133e+00
-1.210296721270399889e+00 8.937076222197003206e-02 3.590950111337260164e+00
-1.203668988765679959e+00 6.233634378048004410e-02 3.686987858134679996e+00
-1.209796550239540025e+00 4.380602056499001418e-02 3.719741422319500224e+00
6.893749491832401599e-01 2.195164260890899999e-01 2.397651769469960392e+00
1.555973657426799051e-01 8.481945883838400979e-01 2.589458218676569778e+00
2.932904259983200035e-01 9.384250463784601370e-01 2.557880237699070136e+00
1.059207565235498194e-01 -4.099309789026900908e-01 2.742846347820139918e+00
8.219861155016900955e-01 -5.661747453580003031e-02 2.523976946153740020e+00
-9.682941155841101599e-01 -8.273180643006400325e-01 2.874131114082570271e+00
-4.896139166690982591e-02 3.452690027235099657e-01 3.475578667149040513e+00
-9.626182546632600090e-01 -2.462070207892399498e-01 2.729667852175730047e+00
-9.683808328704399671e-01 -2.678277449494599893e-01 2.730995688048530212e+00
4.024899188970998409e-02 4.647710390447999662e-02 2.603100192501180299e+00
-2.973110210953988641e-02 -5.264787097469399990e-01 2.755407392428339985e+00
-2.678542895499003151e-02 3.308835290041001187e-02 2.545623498773910587e+00
-1.091853157464639956e+00 -4.975744953994600261e-01 3.349605883708860254e+00
1.111504663679998561e-01 -1.407620203745300613e-01 2.816181599388530188e+00
-1.060502024669349952e+00 -4.038225342240399640e-01 3.613794572727090593e+00
-1.109341736534360079e+00 -4.683644704282499682e-01 3.693533974884109838e+00
-9.305786523521100140e-01 -7.847635808358199849e-01 2.898923428774660138e+00
-1.098966982579800300e+00 -4.810407894728600531e-01 3.675214424299380056e+00
9.408820794572014812e-02 -2.462954401903900137e-01 2.834244195445290160e+00
3.773212347125001198e-01 7.788179255879000840e-01 2.827388750637980230e+00
-2.369636612843017964e-02 9.112760238285000369e-01 2.459501698564720229e+00
-2.473583984787700585e-01 -5.183991798451000055e-02 2.741562385885949915e+00
-1.306654813164001006e-01 5.303167887999726826e-04 2.661768067010580108e+00
-2.382788533079001070e-01 -4.957685639696997326e-02 2.746494193771400472e+00
-9.561253639069401400e-01 -2.223682114580700087e-01 2.785472632627740364e+00
1.984260132204700433e-01 1.818716021504997171e-02 2.613040751845050469e+00
-4.563860634151399864e-01 -7.762262768983499983e-01 2.835881314555290356e+00
-9.432924794408201752e-01 -5.218195031659900174e-01 3.335138532293040026e+00
-7.032631247817500153e-01 -3.100049728298099883e-01 2.924536134975250334e+00
-4.186600662237300874e-01 3.845705108988997645e-02 2.549770993835390076e+00
-8.755108301415199801e-01 -7.665055108563599839e-01 2.842980494464120156e+00
-7.059437547867009055e-02 1.212564597654399862e-01 2.468834717447700111e+00
5.300169966401000465e-01 7.106050306709001119e-02 2.537690308900280467e+00
5.060207368693998564e-01 -4.498865118292004472e-02 2.877490140042640476e+00
3.822608309024988493e-02 8.455299745809997936e-02 2.492745513374890365e+00
1.435257403069400972e-01 1.079711005751900071e-01 2.462304119612070519e+00
-9.423436332485990441e-02 -6.535775186415498927e-01 2.726665330548740052e+00
-1.712807200981201206e-01 7.626791749303601931e-01 2.754804236605530310e+00
4.752585907460600279e-01 1.384531880947699745e-01 2.502601018590810078e+00
4.684475201364799446e-01 1.477459004792899822e-01 2.562464457990340172e+00
-1.070496860654559956e+00 -7.204287281596000181e-01 3.531531920203590413e+00
5.751167920324018468e-02 -1.244176837276499831e-01 2.771567330711290467e+00
9.506641529063997176e-02 -1.699306853659101058e-01 2.848342204460090343e+00
5.432879867241990901e-02 -6.276989843931000956e-02 2.748790462678010194e+00
-1.307425777649829923e+00 -8.633155327224993625e-02 3.989750176615140198e+00
-1.306778547271770119e+00 -1.099894919230100104e-01 3.713686754824540248e+00
-8.654217947222700991e-01 -2.120837078954300181e-01 2.660839732847839922e+00
2.738696387790007236e-02 -1.282489356137002379e-02 2.743974556208490512e+00
-1.330971562253420171e+00 -1.329157707215099515e-01 3.677277321429950341e+00
-8.969156828539200932e-01 -5.711809578963199518e-01 3.421623395851970173e+00
-1.247041546293960135e+00 -1.284126006944899534e-01 3.661274159517510007e+00
-7.233247780807600114e-01 -2.191840536958599706e-01 2.779705471957010232e+00
-1.012754186819929902e+00 -6.856041502846500491e-01 3.344423588571200145e+00
-9.772648080457398967e-01 -9.153106119662099971e-01 2.807105622018840396e+00
-1.113079954258820337e+00 -4.364006273055899832e-01 3.427244434158470021e+00
-1.122518771877990096e+00 -4.354028816948600222e-01 3.384899816751079982e+00
-1.079488758444049790e+00 -5.540904606524700293e-01 3.329994180152340277e+00
-1.072848885845369971e+00 -7.229465129414299751e-01 3.530541949471420082e+00
-1.159503552845319918e+00 -2.957063571192999896e-01 3.892170894723970598e+00
-9.642587638132700256e-01 -2.051362991491200161e-01 2.756689187094599980e+00
6.115485332590300249e-01 2.704875970136099705e-01 2.382071464811230221e+00
9.062031415346700758e-01 -1.336376440870100102e-01 2.591517226025330078e+00
1.456941076609898911e-01 7.515977547368400957e-01 2.591153589113659894e+00
8.944022341325899017e-01 3.613924557682994532e-02 2.542055246129050428e+00
-1.078561929259159946e+00 -5.420024282579100072e-01 3.337539565783980144e+00
-1.089791841100419933e+00 -4.956682466943398979e-01 3.348697803692120445e+00
-6.731432755595199158e-01 -3.749464948096300487e-01 2.891479190003560351e+00
-7.173346580315500542e-01 -4.841830187574400202e-01 2.899071375705550402e+00
-1.186940194942870175e+00 -4.181780511721004678e-02 3.666400928812980187e+00
1.647665647245899478e-01 -1.818468906316400013e-01 2.790580372843520340e+00
-1.119324571094040044e+00 -2.209592474890100244e-01 3.719949701114090512e+00
-5.081742096128899489e-01 -7.974798687668999131e-01 2.794447791274780268e+00
-5.787521284399500532e-01 -2.102139699116000182e-01 2.863128768825089931e+00
-8.908363847239800792e-01 -6.770865692253799084e-01 2.947355727841030060e+00
-8.286263702968600375e-01 -8.764525747919200693e-01 2.734527878570029991e+00
6.319038063086199752e-01 -7.091708020230007292e-02 2.803893370799080298e+00
7.144006402222400354e-01 -2.203282830935200387e-01 2.718495164274650211e+00
2.831899393407000254e-02 1.891083237168998676e-02 2.647896325142910179e+00
1.246783535748401395e-01 -1.474806123632400601e-01 2.809809228611090504e+00
3.640020311375697926e-01 9.506467217593300711e-01 2.509240204533240259e+00
7.267050404393800012e-01 -8.813858460972000264e-02 2.598798917058279923e+00
3.309055941023999470e-01 9.327749306073699342e-01 2.473670163161070246e+00
-9.200874575097399699e-01 -2.240360544382600239e-01 2.674953254680250136e+00
-1.009048704763400028e-01 -5.843179555967700223e-01 2.779165517514490258e+00
-3.778030257495399447e-01 -1.393073392648300213e-01 2.852835376529820000e+00
-2.528684038655004684e-02 8.636154267722999378e-02 2.526284050957720684e+00
6.523814220992800728e-01 -5.516069070954003617e-02 2.742890682677820546e+00
-1.946098305424299735e-01 -5.940234338499998656e-02 2.754853206627560613e+00
1.194644524955998932e-01 8.357916708487600488e-01 2.568440274427880254e+00
6.806515961434900230e-01 8.595644340503998115e-02 2.639928374001919931e+00
7.200510498559700157e-01 2.595763358514199814e-01 2.301380878949150333e+00
-6.348781746785698843e-01 -5.078790544797499029e-01 2.837427147834150176e+00
-9.134432585197399534e-01 -2.833739216862899979e-01 2.695754930538220240e+00
1.800531232539004378e-02 7.796632312354000172e-02 2.495951120705940163e+00
6.344579533079701683e-01 1.174342733029000441e-02 2.767526775069899969e+00
9.959859404658000237e-02 -2.520055083389001471e-02 2.748778229526460226e+00
5.154357859450497958e-01 -6.185459368886007947e-02 2.819784055327920314e+00
8.407650186536019810e-02 1.060464176131099973e-01 2.486011721133940089e+00
5.351165303708700360e-01 -1.984596153184999823e-01 2.771053628403170155e+00
-8.301016053255300120e-01 -7.551746770909699702e-01 2.841635883837310583e+00
7.097078558990499442e-01 5.472857227497000820e-02 2.731566367185970012e+00
-5.246869934101999755e-01 -4.297416302568000945e-02 2.672421054613960401e+00
-5.515763129509700935e-01 -7.433800670183400294e-01 2.826225955042480198e+00
-3.720598297599100324e-01 -1.178840213131000098e-01 2.808143388578500321e+00
-8.040610034698899566e-01 -8.548148268591997112e-02 2.680070786162950469e+00
-5.621557073456699971e-01 -4.895862410443100887e-01 2.816518507728179799e+00
-5.351974658433500398e-01 -7.695408398120099358e-01 2.804450868040110123e+00
1.973685087509700065e-01 -3.594172395350005156e-02 2.786246114412360253e+00
-5.144137122462700829e-01 -4.757094311565699951e-01 2.797979267058010144e+00
7.017122192120199831e-01 2.305001873666099876e-01 2.332402380529849939e+00
-1.200377802663150195e+00 2.245813679908599814e-01 2.422809375398000231e+00
1.076017110540299360e-01 8.290674553398998115e-02 2.491063544297850374e+00
-1.396526770074200119e-01 -1.996375995660021330e-03 2.675995163229340168e+00
3.577421268095299922e-01 2.780798281500499458e-01 2.099687960866920111e+00
5.018871826514399448e-01 -2.104898957516000424e-01 2.740833530055130307e+00
-1.196772837251780075e+00 2.673545524944300200e-01 2.395470952845649926e+00
7.015581585302801404e-01 1.309920027927899411e-01 2.566133175361709817e+00
4.360956736400998235e-01 7.552260529813900058e-01 2.507505762373920088e+00
-9.383515244333101579e-01 -2.333693745623300342e-01 2.828876904341509846e+00
-1.120268525389280123e+00 -5.276446259238299907e-01 3.251749565979979995e+00
-1.343956580081029806e+00 -1.398723694595999656e-01 3.718726775105849924e+00
-9.245846534936700278e-01 -2.268409164143300183e-01 2.842059504070480358e+00
-9.618790447136300603e-01 -2.144536359555599958e-01 2.782601035317830096e+00
-1.240325715303989940e+00 3.858864465217899942e-01 3.096698917665620332e+00
-1.086264059684979966e+00 -5.469669312352900548e-01 3.351100734434660389e+00
2.697492787223698674e-01 4.823945273867200068e-01 2.319147748125729880e+00
-1.350848357850770176e+00 -1.074688195091399873e-01 3.693549453623820256e+00
-6.828985819393100787e-01 -5.366862040834500247e-01 2.865584868818990216e+00
5.542920772649300165e-01 2.282805416937800369e-01 2.496052039893790209e+00
6.522600874568700302e-01 1.944858530307999600e-01 2.348670481239369945e+00
-9.689291741338100783e-01 -2.025759326606100252e-01 2.752624887714190116e+00
-1.584555321844300035e+00 7.765549618891993966e-02 3.538073614293010039e+00
-1.341593138978490085e+00 -1.542968498370199670e-01 3.666442304592529844e+00
-1.405979339804000139e+00 -1.543565817554399255e-01 3.625071614258260411e+00
-1.379755356187030157e+00 -1.585579889116299768e-01 3.855846338042820065e+00
6.578048842287986808e-02 2.457062594834999447e-01 2.264087208550079833e+00
-1.334706268772130056e+00 -1.185641791412899576e-01 3.682969478243430128e+00
-1.340092202849320291e+00 -1.044999318561700002e-01 3.685899151197360446e+00
-8.760278569254000836e-01 -5.736872463296599500e-01 3.465853120819220035e+00
4.579382953093900088e-01 3.506274135044999407e-01 2.412789917958799712e+00
1.911435331947599625e-01 2.522273617539099733e-01 2.334999187867640380e+00
-4.533199343697998929e-01 -1.473580702508499596e-01 2.732131359676310378e+00
-1.103008798681310187e+00 -4.407925081718399585e-01 3.717413044847679870e+00
-5.272467480834008846e-02 2.258643932166998214e-02 2.539067749166060484e+00
1.081313702154700351e-01 4.624055399036997027e-02 2.556095766663549984e+00
-1.356414189188259956e+00 -2.058222975994899451e-01 3.727509375241930378e+00
-1.163782313229700049e+00 -2.401501958915199797e-01 3.555275191446360505e+00
-1.223474710513170027e+00 1.924777083760000063e-02 3.696601591756259797e+00
5.342735372309399544e-01 2.483342447597199354e-01 2.268982640532980266e+00
1.210399362473701945e-01 8.367774267307900304e-01 2.554316475914210294e+00
1.477024759932501485e-01 2.687177903930001999e-02 2.639081369489350237e+00
2.757162224900697733e-01 -1.645836646781300150e-01 2.821597448716780310e+00
-2.961589693047301797e-01 6.807551615690200508e-01 2.903734686612480242e+00
1.843214967382300618e-01 2.399261248445998251e-02 2.597793588246350094e+00
-5.226447593480010312e-03 -1.442627540211001425e-02 2.736339429610650242e+00
-1.327611432141650116e+00 -2.627455171910700327e-01 2.889886561871330528e+00
-9.529171002012001290e-01 -2.390767827281000679e-01 2.811098002628630077e+00
6.504872629155900032e-01 2.916286605621699057e-01 2.330779101536129883e+00
-9.469567288127501703e-01 -2.383050530074300455e-01 2.816837126732390395e+00
-1.033182199257709932e+00 -8.061331432845599831e-01 3.182550353120900510e+00
5.997064611709013171e-02 2.898141801563099973e-01 2.132894519094110208e+00
-7.909966365811005318e-02 -5.004996907701099174e-01 2.687370920143260289e+00
-3.038144413575993852e-02 9.689066996311700430e-01 2.459144305801050034e+00
-1.033655340653130139e+00 -4.140282778634600258e-01 3.151185259860219912e+00
-2.007420088067198849e-01 1.460007520978099937e-01 2.471224194669860097e+00
3.044311319391799220e-01 9.129035060780000821e-01 2.452664799155249931e+00
-1.214457756405720179e+00 6.105803244066994317e-02 3.727145869822720226e+00
-6.515302969259018084e-02 3.406704910849799872e-01 3.452998663082079922e+00
-4.982150985816000688e-01 -3.154470914354000344e-02 2.647107091655700017e+00
-2.084602241746003060e-02 8.786818356451998879e-02 2.551657722228920289e+00
3.929976382289599446e-01 3.984860243864600249e-01 2.469135436858139965e+00
1.417257373168201440e-01 2.705127502813599594e-01 2.293826567629900115e+00
8.589789861225700651e-01 5.435447448008991211e-02 2.607619395627020165e+00
8.246932799507800116e-01 9.845806148528994661e-02 2.628419356964000198e+00
6.770159741861900837e-01 -6.116716121290013963e-03 2.769918311564400160e+00
5.482645579053599949e-01 4.682059149289299893e-01 2.527070064705349672e+00
5.918335462781840306e+00 6.637913871877400007e-01 3.918262182646220282e+00
6.080345828966010835e+00 6.823377293170599378e-01 4.012255242568090630e+00
6.865440789561498836e-01 -1.044985295956600418e-01 2.678031096137100331e+00
1.606691006217300099e-01 -2.400164149890500198e-01 2.754681886149620063e+00
-4.916514429036500378e-01 -3.336361513356002340e-02 2.733721839779799989e+00
-1.156182738905920049e+00 -2.851130116318599805e-01 3.893580857420020358e+00
3.849368789227600729e-01 7.898735135041800026e-01 2.832406292510420531e+00
-1.204724064011110096e+00 -3.135762355702000348e-01 3.710329273786800108e+00
-1.155507236039680086e+00 -2.865515698533400157e-01 3.893349647763200139e+00
-1.220402530304198763e-01 -1.016187573594099919e-01 2.825750578791930145e+00
6.600999922516460394e+00 5.688112800030199478e-01 4.518238598804069639e+00
6.603981342910659968e+00 5.680649181316798080e-01 4.519096236977521386e+00
