4.680715806207300655e-01 -9.223113916478998808e-01 3.113020772098710420e+00
1.266711041869430066e+00 -5.229521546576599844e-01 3.778746790475219886e+00
1.066213959909940279e+00 -6.608523588783400404e-01 3.669875623183709745e+00
1.536931064912409717e+00 -4.059856080966399716e-01 3.625930089211890195e+00
1.423071383378910149e+00 -4.517072683194000016e-01 3.795870340262819997e+00
1.362910444751790129e+00 -6.763663238127900490e-01 4.386842934674760386e+00
1.140460870277369976e+00 -7.862480057381500131e-01 4.644992920668229885e+00
1.589594575714179836e+00 -3.051207315337299830e-01 3.619858366931340221e+00
1.633375822923070153e+00 -3.541568917573899578e-01 3.947029458852509887e+00
1.403739605310420080e+00 -2.755239844740799970e-01 3.481354551494769467e+00
1.311603311328850108e+00 3.251490347924600455e-01 3.788422308430379637e+00
1.633349413433510033e+00 -3.134767804348900233e-01 4.006079498044810450e+00
1.271275287387419795e+00 2.643039635502599793e-01 3.795145414575749943e+00
1.429337589541490150e+00 -7.848761894736899780e-01 3.761195733460369617e+00
1.648776685999280067e+00 -3.660010978062299691e-01 3.751637466719690117e+00
1.634281513460970281e+00 -3.193899203305000101e-01 4.005615196509499043e+00
1.610388476492060184e+00 -2.081588687921500092e-01 3.231785984542660195e+00
1.412511523327699914e+00 -6.723207572709699598e-01 3.770953219669360035e+00
1.649374679145570122e+00 -3.642764666869999779e-01 3.748692458703700048e+00
1.480603184778169989e+00 -8.178388918770499449e-01 4.166487386459939657e+00
1.507117673446439987e+00 -1.990845268173700167e-01 3.356007480346580252e+00
1.401147734220220098e+00 -5.045474843932299391e-01 3.805517926860299660e+00
1.301772178345780073e+00 -7.297407080393999990e-02 4.817068325211069535e+00
5.225348864569800966e-01 -2.332859334012799823e-01 3.008361090825849793e+00
1.128757520292730021e+00 -1.762213508868200051e-01 3.085552032891319740e+00
1.646363913638379861e+00 -3.571008022974300200e-01 3.739515857927349529e+00
5.618219927513898870e-01 -8.091474255140999050e-01 3.200138915661169925e+00
1.476677102471899872e+00 -8.958725837663399361e-01 3.760030258875979747e+00
1.173740034229409979e+00 -2.943683728977299907e-01 3.286876711448969868e+00
1.570650423395100193e+00 -4.032865204736899578e-01 3.597876464436999822e+00
1.333232189665660039e+00 -5.048745253820013934e-03 4.526064169124570213e+00
1.020551403653939815e+00 3.330783934476500008e-01 3.610169308260830157e+00
1.411697181439069748e+00 -8.824155814399001208e-02 3.537184650035589684e+00
1.049636428225199980e+00 -6.033270377500099535e-01 3.668256629234589727e+00
8.319650230393200729e-01 -4.931248156943299765e-01 3.350485376437839946e+00
1.450053343944440076e+00 -6.535729818551300196e-01 4.227866772001589446e+00
8.164623186242603303e-01 -2.299087119225199927e-01 3.106204835703270106e+00
1.454540372916580004e+00 -5.677157855567599443e-01 3.807272021366599368e+00
1.457419645064989888e+00 -6.673357856026999047e-01 3.808564108509570278e+00
1.505790455212500323e+00 -1.960447221313100230e-01 3.354956754286869902e+00
1.381448207502429915e+00 1.405956483049099759e-01 3.215483638391670063e+00
1.150865746275070212e+00 -3.001449193056600073e-01 3.293858040075699822e+00
1.292611931318550234e+00 -7.545645212470299956e-01 3.687425737382839408e+00
1.404042462214220022e+00 -2.736882787771099945e-01 3.479654285333940056e+00
7.304706417428501464e-01 -5.107652914419399393e-01 3.493253102426280066e+00
1.428330034964880202e+00 -5.998552228926099517e-01 4.257941042358229566e+00
1.001310824136599997e+00 -4.738002322814299783e-01 3.718474277060140221e+00
1.537549577724469874e+00 -1.234849781319099921e-01 3.499701392674990252e+00
1.049557434154159807e+00 4.963830752468700869e-01 3.284571869540990008e+00
1.535875217964369988e+00 -8.629117445011199594e-01 3.972152692003179553e+00
8.553657915022800928e-01 -4.636774354908300144e-01 3.602472408316589547e+00
1.507397441127769966e+00 -1.910455882033600117e-01 3.350285657005179552e+00
1.529019480083199767e+00 -6.452282435709599806e-01 4.024996886956840214e+00
6.636406115259201322e-01 -3.965187421965200021e-01 5.016920902354139677e+00
1.342551098048339941e+00 -4.734678800976399593e-01 3.767230982646139203e+00
1.409135036388390105e+00 -8.549884289545199856e-01 3.827327738500350129e+00
1.424220127945840186e+00 1.843750368090199820e-01 3.263515917211439632e+00
1.104786135561600213e+00 -3.063652790594100228e-01 3.352598214954209954e+00
1.340364840363640120e+00 -4.786375531765900693e-01 3.771842342356980016e+00
1.279389797753620162e+00 2.650648904077800294e-01 3.798826359018189880e+00
1.212847015092600067e+00 4.381773998774700640e-01 3.433433889000899519e+00
1.454643065249000111e+00 -6.555378539875099664e-01 4.226771616421049593e+00
1.482595087206470152e+00 -6.540493823121599215e-01 4.208225538628699525e+00
1.528968387111349969e+00 -1.262516013993000286e-01 3.111842550703429744e+00
1.512553950167910388e+00 -3.045974692988500099e-01 3.345329992424209919e+00
1.470069955758080082e+00 -2.828208474732900046e-01 3.454732536222469896e+00
1.281205609868610207e+00 -2.560196870575099926e-01 3.422565946471119780e+00
1.514269363705329940e+00 -7.451973748915700080e-01 4.012926966215389690e+00
1.302172992281770192e+00 1.036474822527000128e-01 3.517443020443389745e+00
1.548123668720390089e+00 -3.379906661900399789e-01 3.551186301583580285e+00
1.671595887223630061e+00 -3.981270275874499998e-01 3.802497682039849725e+00
1.389979917512690122e+00 -7.672269704295199277e-01 3.729111642830309936e+00
1.558455366478299853e+00 -4.082001971039599941e-01 3.602951444105779721e+00
1.329758130222860046e+00 4.010087262319994572e-03 4.522046660471230162e+00
7.387235418054101110e-01 -6.846961995941499568e-01 3.018247938411449560e+00
1.532940944344459933e+00 -7.053296897638099416e-01 4.065878060678370431e+00
6.424631084867999942e-01 -8.627568425328200341e-01 3.019145157142840041e+00
1.720180528554549948e+00 -3.898322258886800507e-01 3.725675171243749695e+00
1.395211100553619854e+00 -7.941739268947899388e-01 3.726437295342849954e+00
1.331832750357740069e+00 -2.977633449921500142e-01 3.215293668068099908e+00
1.422930499243289848e+00 -4.777409591475100248e-01 4.352364023747149702e+00
1.472114288611690025e+00 3.070218849356995405e-02 3.485681968697019961e+00
1.466423572929460128e+00 7.030625144220001288e-02 3.378922387599189836e+00
8.448434076471500465e-01 -2.264267635631199982e-01 3.092147422855540118e+00
1.269486952775329858e+00 2.674530327326900547e-01 3.788031856577229739e+00
9.329749198633898732e-01 -2.699425140546800050e-01 3.157005501667069947e+00
8.285208650197199987e-01 -4.820462200158699417e-01 3.447051611005730098e+00
7.189591014352603171e-01 -7.389449726331499546e-01 3.089770026765259914e+00
1.212987200100769769e+00 2.212500094844000176e-01 3.565675952910610125e+00
8.564700107006899543e-01 -6.359592181344499995e-01 3.538779254620769699e+00
1.570057775162470026e+00 -4.021763197750499730e-01 3.520984246060329781e+00
1.388233082315270206e+00 -5.614947399271199568e-01 3.819687434948389804e+00
1.529119266781350017e+00 -7.972873405161299276e-01 3.970255292535749714e+00
7.900201174256997749e-01 -1.225004699866860003e+00 4.750430891736749928e+00
1.351422212866020045e+00 -4.528274916978299869e-01 3.830408827573080099e+00
1.342982384360710046e+00 -4.768055368095299729e-01 3.767847612004089797e+00
1.110993900211100005e+00 -2.833595739511700073e-01 3.362078497144319833e+00
1.342329060131540075e+00 -6.183191181876599440e-01 3.823971489755539910e+00
1.245892491401090041e+00 -7.272648846933499334e-01 3.703663939996829857e+00
1.238363256431449955e+00 -2.005859421911299900e-01 3.089737349303970149e+00
1.490154117765509767e+00 -1.028980233589890103e+00 4.081447960207409409e+00
6.684135047067598645e-01 -7.377812108775199107e-01 3.085689784422940285e+00
1.400942897389219954e+00 1.946672080342900235e-01 3.263732709026699652e+00
1.146693862078670190e+00 3.182632840562700238e-01 3.502294745622079652e+00
6.883197986943998536e-01 -6.718550880680499438e-01 3.261108080114549779e+00
7.705437363344298518e-01 -5.905081233003199870e-01 3.346025915186579880e+00
1.386942695776990142e+00 -8.628015143281099197e-01 3.672479973187189994e+00
9.735219592848398662e-01 -2.644802575715600179e-01 3.213915181896169759e+00
1.448538597516840110e+00 -9.261077716161998374e-01 4.148064770607709839e+00
1.107520543725100115e+00 4.830452517179599781e-01 3.306141605945129847e+00
1.408067165575650037e+00 2.086709314042997643e-02 4.392440304705260701e+00
1.410984474022749735e+00 1.764104531867002890e-02 4.402291403841120498e+00
1.588480496693929878e+00 -4.832824254909799389e-01 4.084484298143340020e+00
1.396405046888739898e+00 -3.481783844034299635e-01 4.705898844939190084e+00
1.470258341773279964e+00 -8.995916732517098557e-01 3.769097180505430078e+00
1.171255934220269967e+00 -7.345128165972300005e-01 3.730206724981949495e+00
1.050670785083019920e+00 -4.937454217856600547e-01 3.744531460657400057e+00
1.282408334725430032e+00 -7.415309106371898995e-01 3.696644653617179976e+00
1.531558514070829879e+00 1.193650625813999500e-02 3.403404803816419744e+00
1.243289131590839869e+00 3.303090234646599566e-01 3.539108615050869933e+00
8.699917226051800956e-01 -3.849028214108199952e-01 3.441172195380029830e+00
1.513748874170320002e+00 5.309025661240998617e-02 3.364566511609380139e+00
9.341972423630999778e-01 -5.146059277524299702e-01 3.384968092523280347e+00
7.171068243488298855e-01 -4.599705495610099670e-01 3.524603826669959972e+00
6.498461907415000738e-01 -5.397019865077399281e-01 3.548761304594449939e+00
1.266744319961419674e+00 8.352279586330002559e-03 4.616854653855840596e+00
1.368581553350439739e+00 -6.360765809766099066e-01 4.342363679134529697e+00
1.458271876053100158e+00 -5.986005718871699743e-01 4.237577463850059623e+00
1.292441340475749989e+00 3.118321892131900031e-01 3.420872452357309967e+00
1.417291738448520189e+00 -8.482617728471599783e-01 3.824334084834729808e+00
1.232848891644620082e+00 -7.389738102873799619e-01 4.449871688287469595e+00
1.062020307171470002e+00 -5.297367869351899961e-01 3.698653003679309936e+00
1.150488908849059744e+00 -7.597855405301299214e-01 4.499044711383029416e+00
1.091817151308699829e+00 -2.951038964468999937e-01 3.214307142411729767e+00
1.453555347893229710e+00 -7.094868379069498854e-01 3.898536191491599912e+00
1.477303898301949747e+00 -6.565066617381399849e-01 3.899395431385360045e+00
1.465238561311839938e+00 -6.565186626883600107e-01 3.935472690775859927e+00
1.525977619987919809e+00 -6.480360112440599618e-01 4.057116027920640633e+00
1.274493115991659931e+00 -7.944730353340699880e-01 3.639407370962399746e+00
1.429092355631579991e+00 -8.332279767866199727e-01 4.215698176874749237e+00
1.442550231950599837e+00 -7.226462545094199941e-01 4.211914604815870433e+00
1.409927903674179861e+00 -6.744898360139999216e-01 4.273456780024510238e+00
1.357628390039359978e+00 -7.995720299286599442e-01 4.261928508267589955e+00
1.292517228748419900e+00 -4.472713043615299533e-01 3.763805297074609868e+00
1.520771682987520190e+00 2.374502800489699805e-01 4.103289405638039788e+00
1.296787404491140272e+00 -4.684726991255199757e-01 4.457584368159539956e+00
1.486622550738580184e+00 2.567481531448997933e-02 3.482159383733550051e+00
5.163165487834899814e-01 -3.807283891572599277e-01 5.114554808474919056e+00
1.480501012826530127e+00 -7.998408623383199689e-01 4.161417112130079587e+00
1.455104089463810091e+00 -7.273843497257398427e-01 3.896284486009729875e+00
1.416249801768760141e+00 -6.748050130201099783e-01 4.347029187260270433e+00
1.322079767209749956e+00 -7.379509815681599694e-01 4.377622297918810190e+00
1.054287622805070157e+00 -8.917645525637599713e-01 4.764914142099129890e+00
1.587772759380510212e+00 -2.965835306680000283e-01 3.614732884078519781e+00
1.520254382273490190e+00 -7.046363665092498785e-01 4.064063301745449941e+00
1.308185718033340050e+00 -8.595397513603000861e-02 4.821265111177019946e+00
1.685500137748700000e+00 -3.992837920424899822e-01 3.791749982534819985e+00
1.506588696954900053e+00 -6.941871689097399711e-01 4.031380700453359722e+00
-2.495468821532460524e+00 -2.203618679897640042e+00 7.856084875212628660e+00
1.409879229107879883e+00 1.557928608677599802e-01 3.204049254672140190e+00
1.502416964237660135e+00 -5.490689045442099792e-01 4.093716509396379877e+00
8.756188967741098672e-01 -5.202475755191499074e-01 3.591513702978470057e+00
7.538420533421001934e-01 -5.106125619762899026e-01 3.485590787952979941e+00
1.334489149772839944e+00 -1.687040373698499851e-01 4.769441465003709801e+00
9.014691673811399131e-01 -5.208910175600600656e-01 3.571027010774019850e+00
