2.171578196930699978e+00 -3.354359474576400491e-01 3.698865492916960207e+00
2.343466306140700173e+00 -2.243256875967199748e-01 3.639991344491440017e+00
2.124241939623349840e+00 -4.058781048644798384e-01 3.708312311730690425e+00
2.285336953410550098e+00 2.954680133616002791e-02 3.449421999810520667e+00
2.293810205961300142e+00 1.374500040720000038e-01 3.413797035553930215e+00
2.287704269690900016e+00 1.357267329912199838e-01 3.410328930859219732e+00
2.424038887775799900e+00 1.200138340793000247e-01 3.499302251032330169e+00
2.251508976195399914e+00 -1.414163792992799984e-01 3.661235745324169955e+00
2.067711304767600122e+00 1.665391940099600621e-01 3.224861837155850175e+00
2.413506614206299972e+00 1.255205391576999785e-01 3.489777675842330673e+00
2.548545820872699874e+00 3.066340376012399727e-01 3.258817622210079534e+00
2.443063072460500251e+00 -2.292692865963199822e-01 3.748151545742270052e+00
2.389070249678050040e+00 -2.036500983454799518e-01 3.656399712335660190e+00
1.997047687138899796e+00 -3.259549364741199939e-01 3.750718882823860234e+00
2.587695305373800103e+00 -3.360950729108199697e-01 3.757386461041550163e+00
2.609130319441550050e+00 -3.355405712376799965e-01 3.763649965374160189e+00
2.225006292478949987e+00 -1.189337692390800283e-01 3.661336590770150501e+00
2.213631806873900043e+00 -5.716208855079998874e-02 3.672229787500040032e+00
1.940725456570900009e+00 -2.258894623688399717e-01 3.763607922606030165e+00
1.967461998797749967e+00 -2.180387227094399416e-01 3.764686912306390631e+00
2.105599502180250049e+00 1.983199844748001484e-02 3.439426999054219891e+00
2.245760803058350241e+00 -1.942631146344999393e-01 3.621434999572059610e+00
2.355509583226000014e+00 -1.876229306669599806e-01 3.642698150315160532e+00
2.428425114341449920e+00 1.268365963287400311e-01 3.473728840141780516e+00
1.960721074771450079e+00 -1.868746457159199681e-01 3.768618190324439787e+00
2.308239338790949891e+00 -3.090931334062400060e-01 3.616496218209459990e+00
2.327114243667100180e+00 -4.310855377079799711e-01 3.577591986262490309e+00
2.065367256613200198e+00 5.836716397980029614e-03 3.452614389496090119e+00
2.567022979980349895e+00 1.213051074771799021e-01 3.692465319552030500e+00
2.316138573096799824e+00 -4.201316179646200633e-01 3.580335978019699716e+00
2.232678376647100116e+00 -1.814865024761800061e-01 3.670421604870139909e+00
2.210621430255300002e+00 -5.717532656865995100e-02 3.664867759269789360e+00
2.237021398874549760e+00 -3.251471449287199889e-01 3.647980263378600263e+00
2.257381380073099741e+00 -3.556410510574400385e-01 3.627950367666299414e+00
2.211877719919350227e+00 -2.773092462584598739e-01 3.665249317362369474e+00
2.275659410374049951e+00 -1.579000781556800515e-01 3.664063113241010861e+00
2.437649902633600263e+00 1.192300865409600397e-01 3.475066675965300611e+00
2.245340788637300022e+00 1.163665422663000271e-01 3.393499791523430176e+00
2.264423450373150182e+00 -3.591721285255800034e-01 3.672530605572920770e+00
2.144863779376700030e+00 -4.288291700777799864e-01 3.677382694031200217e+00
2.146857035364249988e+00 -4.299459916218799638e-01 3.673371376554530165e+00
2.030001022649750020e+00 -1.687023932304599627e-01 3.795072239663560332e+00
2.270943834394949956e+00 -3.787544069154199500e-01 3.608927572357889524e+00
2.370750512908950114e+00 4.245869604770002859e-02 3.666972921578920186e+00
2.264481577259950029e+00 -1.003983117857799867e-01 3.661710147995550280e+00
2.548392295988500145e+00 9.050863391676003400e-02 3.674150251812890566e+00
2.040146977873249945e+00 -1.933272960567400112e-01 3.784570824324839933e+00
2.240598743040799867e+00 -3.259217757410599603e-01 3.643064413090240095e+00
2.503987607842300012e+00 1.464281444844800217e-01 3.410325093266299845e+00
2.166004256030249930e+00 -3.558077646258799298e-01 3.695349795414379912e+00
2.562513906550949905e+00 -2.710609132519599118e-01 3.768781884349429845e+00
2.215645639602149775e+00 -7.968743369835998291e-02 3.665476382505350017e+00
2.597928725380600046e+00 -3.365021067048399317e-01 3.760955153062250034e+00
2.053526091972300183e+00 1.540364890642000606e-01 3.244625640749080553e+00
2.140065869677799881e+00 1.391484948222002083e-02 3.497413128106110491e+00
2.251405391070099959e+00 4.108388419964001392e-02 3.379201274450919890e+00
2.237492558441350088e+00 -3.256747186667799943e-01 3.649983898093940304e+00
2.278064503712950106e+00 -2.719980779815800442e-01 3.639219705303549546e+00
2.218841320418449836e+00 -2.483734161402999796e-01 3.756344119803119774e+00
2.295262079336299887e+00 -1.924858825646600657e-01 3.641870031149940345e+00
2.303023022132749897e+00 -1.629920877267199419e-01 3.646843969381469819e+00
2.342119655304250259e+00 -1.498942258858800558e-01 3.619346588854080338e+00
2.122297063957599761e+00 2.143319235211998963e-02 3.532388085503990638e+00
2.372301075578000074e+00 3.099055456229998784e-02 3.658565738565850545e+00
2.165059955220249854e+00 -3.568002023528599187e-01 3.700340679274609634e+00
2.126726298570499996e+00 2.350409827555999254e-02 3.519129548647240036e+00
2.311569663750200121e+00 -4.308474820686999385e-01 3.598494784074020458e+00
2.394497493441900104e+00 -3.608149710235999397e-01 3.636422618641840465e+00
2.035689309799000313e+00 9.048544105768005497e-02 3.311360844419020566e+00
2.102237796623450006e+00 2.058663639864000139e-02 3.444540626705279607e+00
2.447643728619549819e+00 -2.444244564306398970e-01 3.735220110959620143e+00
2.212466240169599807e+00 -1.509305368243400169e-01 3.681876741453449675e+00
2.357334198354250177e+00 -4.290197016038599376e-01 3.593560026506610328e+00
2.581021628733050299e+00 -3.148124399574399046e-01 3.788112562849970111e+00
2.268781959868199749e+00 -4.137495838710799623e-01 3.581418585008400157e+00
1.984456187849199971e+00 -2.741337739888000113e-01 3.738665092200620599e+00
2.408296648503999826e+00 1.258103600043999903e-02 3.737083690975860684e+00
2.073328440417800067e+00 -1.647104195842400143e-01 3.781370475565569933e+00
2.056135959553349934e+00 -1.991197245248000069e-01 3.779445942184359808e+00
1.930321884951299971e+00 -1.904824620021799697e-01 3.773247137049909661e+00
2.075614658519899791e+00 -1.325327646415999927e-01 3.808930602615539840e+00
2.331351928148300168e+00 -2.245826619471999741e-01 3.640720410354580494e+00
1.908430640288899971e+00 -1.973631149842399457e-01 3.779104648377380471e+00
2.369320614923649870e+00 1.057610301079599802e-01 3.475049157439579872e+00
1.947574881717800022e+00 -2.234353730948599737e-01 3.757478603754740298e+00
2.053945763085049947e+00 -2.047435813606200694e-01 3.788065419106599663e+00
2.321013434773999684e+00 -1.481707617183400105e-01 3.652214121159439664e+00
2.169230414343700009e+00 -4.107645365345400368e-01 3.678407395142060388e+00
2.376084505526899981e+00 -1.884715403030799707e-01 3.646067469620420276e+00
2.237075067866499900e+00 -3.253802067409800047e-01 3.649134003003680071e+00
2.210940197014899855e+00 -2.293047999133199510e-01 3.667560807345710217e+00
2.366033859247349991e+00 -3.956146674880399727e-01 3.592515632630550293e+00
2.262369683699700040e+00 -2.529385955589800172e-01 3.668755217392450696e+00
2.289343763863850079e+00 -1.902188268968399709e-01 3.643947013335149698e+00
1.954890761721949977e+00 -2.818254988468600342e-01 3.738372564898530648e+00
2.303106007352050177e+00 -3.050775377702600322e-01 3.632038901695190170e+00
2.229143908228949922e+00 -1.902007434213399961e-01 3.672652926091309666e+00
1.958324646609800102e+00 -1.839465952271599758e-01 3.781040985767289975e+00
2.036853615155149733e+00 -1.561781200043599604e-01 3.801126361434199907e+00
2.176992027324999857e+00 -1.353114981308199682e-01 3.725539993341220324e+00
2.122337106494099679e+00 -1.813975506814000382e-01 3.720862125133660214e+00
2.279237543836949875e+00 -2.776332016590600249e-01 3.645816343932680503e+00
2.051549075371999820e+00 1.563736637624399683e-01 3.257913674486109912e+00
2.306948884547749934e+00 -4.251624378326400722e-01 3.597042908055439803e+00
2.431144386172600314e+00 -2.999134851650001043e-02 3.766619561072260147e+00
2.620813258456149875e+00 -2.516758489515399377e-01 3.927195194778380305e+00
2.063566320842499913e+00 1.759231182092000079e-01 3.212610703415100133e+00
2.132095142489749851e+00 -7.278810606760027779e-03 3.474887793356659316e+00
2.191168047591749879e+00 2.073498279424000057e-01 3.237632931685249460e+00
1.934256149094749855e+00 -1.892828500379199752e-01 3.774282114803770405e+00
2.139647173633649757e+00 -1.907822707060000400e-01 3.774483247082089932e+00
2.194968255804149670e+00 2.002014531980199907e-01 3.237884512773919532e+00
2.375698894476699685e+00 1.050206032001600176e-01 3.467472646571359896e+00
2.036344827026249860e+00 9.074582235605996305e-02 3.312496982478290164e+00
2.263783238245849816e+00 -3.842832454807800779e-01 3.622000984176390048e+00
2.300538480831749943e+00 -3.429018363273799164e-01 3.618883617356930316e+00
2.135400413238500050e+00 -3.588511241486399550e-01 3.742358918088040554e+00
2.455434438266249852e+00 -1.700982131531400265e-01 3.757906974311140402e+00
2.269901618022700074e+00 -1.141927211145400134e-01 3.674462749048659660e+00
2.066804274116300189e+00 1.403370988600000369e-01 3.276809580591829807e+00
2.359072589480599724e+00 -1.842645467036800044e-01 3.648164932990639819e+00
2.425153236303549953e+00 -2.140037895479200147e-01 3.682159683741650369e+00
2.397267243579449758e+00 8.557095497030400288e-01 3.587557051474130176e+00
2.433949692629600037e+00 -2.811411293857998817e-02 3.778036331447940377e+00
2.036600401500149982e+00 -1.374928139482199663e-01 3.761623830908960464e+00
1.956922159649749915e+00 -1.405077688097199073e-01 3.806106312083070264e+00
1.935302154121250062e+00 -1.933664303349200420e-01 3.780723671273969799e+00
2.543293001627100480e+00 -1.740329311445199256e-01 3.824101803576979819e+00
2.523321852511100083e+00 -2.567358243560000086e-02 3.874630272576809809e+00
2.056323831288100035e+00 -2.007927921940000082e-01 3.777685047355410219e+00
2.159737259767250173e+00 6.295784786713995440e-02 3.449745060124610241e+00
4.440652913338800190e+00 1.640332429965400685e-01 6.107725101693890046e+00
2.523818721476350113e+00 -2.478429372866006175e-02 3.872374900910170226e+00
2.354804062803699694e+00 -1.893361729493800161e-01 3.642724625832450158e+00
5.441871475296748528e+00 1.755538270412797253e-01 9.985078006283771401e+00
4.518691728707549871e+00 1.612264893883200434e-01 6.301430873897908569e+00
4.424334526531549905e+00 1.982634426793599969e-01 6.033616221295170057e+00
2.542092274007699881e+00 -1.764190413977199390e-01 3.840574290464790153e+00
