1.063827036607699894e-01 -1.163048888451259977e+00 3.160020322311910324e+00
2.433986665479001554e-02 -4.916307710285600097e-01 3.280238284908060020e+00
-1.974274315011004255e-02 -4.922553030231699989e-01 3.228713436382910196e+00
9.951295422391001622e-02 -4.718898760421199601e-01 3.185220804926860438e+00
6.303745047223999198e-02 -1.154435389516710098e+00 3.205417444534850002e+00
2.650954354091003551e-02 -1.254266121503910147e+00 3.188551359238280369e+00
-1.485517384199900037e-01 -3.556793200503899910e-01 3.032699237949089799e+00
1.326050709288004170e-02 -1.235252143801150115e+00 3.176166312971510308e+00
-4.239160410114001243e-01 -1.022743366085010042e+00 3.174882062460969934e+00
3.885214811449100303e-01 -5.494294839978000056e-01 3.285404719536830331e+00
4.239878786439700287e-01 -3.465126781289400437e-01 2.963096589633960498e+00
-3.346208317272599819e-01 -1.051715637416059890e+00 3.178213392243839586e+00
1.117392778063649894e+00 -7.542555692471599738e-01 3.178888633416629972e+00
1.156585489591949845e+00 -8.672531341680299599e-01 3.166063572576909735e+00
1.101053021309879920e+00 -7.003635980604498990e-01 3.213069355261379823e+00
1.132490381710300031e+00 -1.006945125404870023e+00 3.257907900158300230e+00
1.028248637496069762e+00 -5.823316210277800220e-01 3.259704456298090136e+00
8.244801485319946943e-03 -1.103352121041480061e+00 3.322939402684649934e+00
-4.043972305305300052e-01 -1.077322918972379862e+00 3.169689216692979983e+00
9.993523125017801378e-01 -8.357745368907499861e-01 3.192079413547820099e+00
9.564531744618599562e-01 -8.477669996984998901e-01 3.245362011495279919e+00
9.462669623829899068e-01 -8.499208635635698839e-01 3.265190423412819953e+00
-5.884524072503600767e-01 -5.224788766421699648e-01 3.008927527286879844e+00
1.529420791765999932e-01 -4.691855881403900197e-01 3.178494474481090126e+00
3.672554659139100064e-01 -5.658617311220199841e-01 3.301730835690380061e+00
4.850645443816199442e-01 -4.564576020789600230e-01 3.073384371830859774e+00
7.644110638651800960e-01 -8.273874267434200291e-01 3.363406514955860072e+00
9.088301330742799555e-01 -6.908623136244999019e-01 3.376793291769539795e+00
8.347467207105599973e-01 -6.605143350288599224e-01 3.399184330501989759e+00
-8.972328618865002547e-02 -4.151219622339700210e-01 3.113326476480720029e+00
-2.225917663244006417e-02 -4.544689610584299322e-01 3.191782233872379582e+00
1.373632067671499979e-01 -6.356267112612199455e-01 3.240652772673390025e+00
5.901333376859700941e-01 -1.953662526015000067e-01 2.705135832061420054e+00
-3.011136254304399573e-01 -5.224701046377199232e-01 3.244965997226080034e+00
4.176442148477600425e-01 -3.202556351863000694e-01 2.924826396550410212e+00
2.074676809391100274e-01 -2.794796117934800206e-01 2.950016426773230283e+00
2.496006514972800294e-01 -6.903457865741999822e-01 3.428515294942390490e+00
5.632082911818899751e-01 -6.656264786130799971e-01 3.446108596846559902e+00
1.183333077371659936e+00 -8.769701807735099663e-01 3.180679425362990198e+00
9.275900792922199267e-01 -9.049535227727399933e-01 3.247880026011769949e+00
9.844665253734400379e-01 -5.878364824093600394e-01 3.319555195096180356e+00
4.299362137388700322e-01 -7.056916031025999292e-01 3.286065856867039781e+00
8.443233659553001091e-01 -6.834049763994100024e-01 3.390323585527729833e+00
-4.017743386798600103e-01 -5.265879788834399999e-01 3.263169446005429908e+00
5.648067362703000915e-01 -3.988195309095400320e-01 2.992061444641729739e+00
1.014694957645379869e+00 -7.825677607242299549e-01 3.177208114844769948e+00
9.996601182570500344e-01 -8.343417473817199559e-01 3.194955233073910161e+00
-1.850329520543800010e-01 -3.803100081798299614e-01 3.066017152899410014e+00
1.738034308237299819e-01 -4.382061779567399951e-01 3.161869835529030226e+00
7.915336613022899703e-01 -8.195005199691199893e-01 3.334673894283809670e+00
-4.259348695606299806e-01 -1.128725665126260047e+00 3.073899877993220286e+00
3.677014708432400081e-01 -5.954572978299599306e-01 3.325610347166539693e+00
1.176986288875299935e-01 -5.506435308801699291e-01 3.298689783099610029e+00
1.397857221638500180e-01 -5.747837516575200478e-01 3.284408606888910231e+00
-2.398376582081999941e-01 -3.822920338427600040e-01 3.068018679358170075e+00
7.581080646037100523e-01 -8.494680738206298320e-01 3.385968454427080054e+00
2.064494050988499863e-01 -2.800270829190599775e-01 2.949573795864449899e+00
4.087911507236899888e-01 -8.347121893235300849e-01 3.328252658400519870e+00
1.160435130842659923e+00 -8.966809117604299662e-01 3.137034297566560159e+00
-4.234033681308000396e-01 -1.018034198510000099e+00 3.152640906967950407e+00
8.509253831437301185e-01 -4.858099941387700182e-01 3.121468833943329635e+00
5.631801519173800230e-01 -3.612135409945499420e-01 3.037397429102819846e+00
9.715911192765000481e-02 -1.169160001331420062e+00 3.108576745465650326e+00
4.487068906472601038e-01 -8.144271238693001624e-02 2.969643271036650045e+00
4.149562616206300403e-01 -3.281827895133100359e-01 2.924421622683250011e+00
2.745656406799600324e-01 -8.941071358782498590e-01 3.169845420056840002e+00
1.011911027854000000e+00 -5.145124992382700269e-01 3.216475941602120248e+00
-1.828816456072998586e-02 -4.263250484701199827e-01 3.132219720469979762e+00
4.607301729509399868e-01 -4.582918577466900123e-01 3.064314149410360510e+00
4.614686342704600319e-01 -4.040961942350099756e-01 2.996917989386010284e+00
4.034525293648700828e-01 -3.930341626406600453e-01 2.966166744682180667e+00
9.902796704026300967e-01 -5.880846665870399503e-01 3.277315031593439620e+00
1.027041008499219865e+00 -6.119215384778399214e-01 3.280231406769390290e+00
8.958436201063101345e-01 -6.848586065961999036e-01 3.384981394583849834e+00
-5.585401864873601463e-01 -3.983665324777100336e-01 3.009296685266769966e+00
-2.390475895606400114e-01 -3.856516575736299579e-01 3.068655354292990189e+00
-4.416805193153601206e-01 -8.078541902756699589e-01 3.162432861440369614e+00
-3.874898212544499732e-01 -1.029050262334509913e+00 3.175942281460439887e+00
-5.840525503976699007e-01 -1.037444687286590117e+00 3.230396456659290205e+00
1.655520452424199263e-01 -5.930074401045499766e-01 3.234562014836320110e+00
3.076807542558599451e-01 -3.473671874334799403e-01 2.994929588528999709e+00
1.120205082510299821e+00 -7.574920492235199809e-01 3.180787592194730173e+00
2.343231501616800105e-01 -6.865979131936599256e-01 3.396819870391070140e+00
3.561086333948900728e-01 -4.636397783549399687e-01 3.160687680535010369e+00
4.022216286168199817e-01 -5.514078026702400326e-01 3.283948745394320134e+00
7.029835876060000488e-02 -1.016843290111649978e+00 3.162263098426860264e+00
1.062952147978430073e+00 -6.840302179355599588e-01 3.219178409291589826e+00
1.063035378289739707e+00 -8.216851721713799295e-01 3.162144738160630020e+00
5.681311691643400330e-01 -5.374280799134300013e-01 3.197355602667559804e+00
4.222436509826700268e-01 -7.070316624130199568e-01 3.281869685976369855e+00
-4.780369951635601300e-01 -8.096531616435699297e-01 3.168525249477950112e+00
5.645541591660100389e-01 -4.103364826422799538e-01 2.996045156217229888e+00
2.971138280796800091e-01 -8.707476599786200255e-01 3.236158071040919904e+00
5.481652021018900145e-01 -8.294606709608099981e-01 3.347042202586710147e+00
-4.180739927901100383e-01 -5.244447630036499497e-01 3.250406242509160215e+00
1.551143204656900421e-01 -4.686281269690699691e-01 3.174679101573560036e+00
5.632552330481900293e-01 -5.352723490768799275e-01 3.187056662927509887e+00
9.194331312521298871e-01 -8.817601168212200191e-01 3.306459936931750221e+00
4.235200489475300367e-01 -4.644019914258399329e-01 3.097647924913919937e+00
3.058267474975899791e-01 -5.013984461991499719e-01 3.229611511390519940e+00
4.859355493531399839e-01 -5.826337262554299734e-01 3.344255254531709909e+00
1.154390940954330036e+00 -7.181918543839399538e-01 3.197035190272770055e+00
-1.572000895579699631e-01 -4.965478190178199691e-01 3.231349018804280160e+00
7.414661732294099972e-01 -6.660205350438599403e-01 3.445553808670509977e+00
7.799990959983501559e-01 -7.154955699941999425e-01 3.401464448928410267e+00
5.625807009752600285e-01 -3.613460001454900095e-01 3.045055053991109872e+00
9.706312542559000778e-02 -8.938777103431798654e-01 3.068351502448949830e+00
-4.884126606581300489e-01 -8.060735936816100233e-01 3.163447949180820284e+00
-3.868218509871099720e-01 -1.130009674007130149e+00 3.090006420538910170e+00
-5.586713988364200301e-01 -3.983641444771299778e-01 3.011625961192460288e+00
-5.054798265780000022e-02 -4.797700154150399410e-01 3.138924216326139938e+00
2.271926201251599775e-01 -4.703017874004700172e-01 3.180659727519729696e+00
7.944941865437901152e-01 -7.770746850567599173e-01 3.382220262643279796e+00
9.894328046603600990e-01 -7.661344242092499313e-01 3.219913755402689759e+00
1.951702935200996802e-02 -1.192921925564990104e+00 3.246112830016830042e+00
1.026797185162379833e+00 -5.898520385204298888e-01 3.251718391304849742e+00
9.239739752672501139e-01 -8.875219599766700496e-01 3.307605701961259914e+00
4.136791811000600783e-01 -4.631951817077599731e-01 3.091894801896669875e+00
9.824689180670299615e-01 -5.996847690964000055e-01 3.335264123383800072e+00
4.216672961640399730e-01 -7.087177550178599406e-01 3.289393275985560194e+00
7.698322188959400014e-01 -6.961146174777399498e-01 3.423167376094099712e+00
4.161387077741000029e-01 -3.285324677949299499e-01 2.934565592974939907e+00
9.610782462916199753e-01 -7.602759351663899157e-01 3.246120276436180063e+00
5.609443315082400794e-01 -7.177502355873198736e-01 3.429085639587539980e+00
4.946713887750601168e-01 -7.447740261339499401e-01 3.260310941120760475e+00
5.562876793825400901e-01 -8.371827576207300226e-01 3.361707863992940304e+00
1.420719890113939954e+00 -9.921473014800898937e-01 3.431037747564170015e+00
4.046393037661800696e-01 -6.593247758538299808e-01 3.374371179736510129e+00
4.797470023430000508e-01 -6.606938237262199864e-01 3.363483668823879835e+00
3.602084780325399693e-01 -5.620469677972299571e-01 3.280371951116739737e+00
9.270106600887101367e-01 -9.202435650639499976e-01 3.230884086309199876e+00
1.067861698195319953e+00 -7.091051596402898616e-01 3.209784643813579752e+00
4.528424010147199530e-01 -5.728725386074999815e-01 3.301502119776040356e+00
8.402598137954601087e-01 -4.744690121619400403e-01 3.110153099790510023e+00
2.221570495293800074e-01 -4.717999528527999642e-01 3.174614356560210293e+00
4.098472417288300251e-01 -8.767537900005898388e-01 3.358198606612590620e+00
1.125960491376000461e-01 -1.016798864415710213e+00 3.226009194816660042e+00
4.002283719965500364e-01 -5.622021216992899584e-01 3.258217470513530056e+00
8.401611700643599745e-01 -4.719107091555899691e-01 3.104360124867500126e+00
9.358613099770100030e-01 -8.418415258358999953e-01 3.273384104616140267e+00
-2.521027794922001131e-02 -4.252627404836599734e-01 3.130508399156799904e+00
1.674186550115100147e-01 -6.507118099469799688e-01 3.156041177285450416e+00
1.078870932046359865e+00 -6.143060107764299893e-01 3.277618231824150019e+00
6.472241836014299698e-01 -3.789555063139899982e-01 2.933169922501610127e+00
4.892779581636600428e-01 -4.838467667041800313e-01 3.096557405852320422e+00
4.929121874084999022e-02 -1.226053901264920087e+00 3.084345468487549979e+00
1.503322022140599901e-01 -4.678130373944199283e-01 3.171275278757589966e+00
4.712763597171499841e-01 -5.722807377192400402e-01 3.306678236487420097e+00
9.256885365687900213e-01 -9.098033895077298761e-01 3.247786558586580163e+00
-5.363993128212500849e-01 -5.368585373658200099e-01 3.123630861102499878e+00
-3.847145068589898909e-01 -1.037062673065249907e+00 3.172613473777760262e+00
-3.771381758613600033e-01 -1.011109312543120087e+00 3.279661724188520200e+00
3.827046254111700074e-01 -4.330656380282800200e-01 3.042716127493609868e+00
-2.788686803583501073e-01 -5.481176954547599678e-01 3.239045933935110089e+00
2.904254566382999392e-02 -1.123592642103450112e+00 3.296160307921450539e+00
-9.218073696201004030e-02 -4.750357102362600115e-01 3.186426034392459972e+00
1.072812542091099719e-01 -1.018059763728810019e+00 3.230787963627450576e+00
4.095750238474900051e-01 -4.772752758235500048e-01 3.264863254227389877e+00
1.015379023188289986e+00 -8.393266686361499085e-01 3.163390071018320260e+00
8.272927309330900814e-01 -4.577098429880499530e-01 3.169434942086680085e+00
7.203694938789972912e-03 -8.459624542728699792e-01 3.116248174298380302e+00
-5.462069052469001318e-02 -4.038021838669599850e-01 3.101963162265209739e+00
-1.026582676017400164e-01 -4.350820354687500169e-01 3.144363469886420237e+00
1.062593100306580052e+00 -6.711584724543898650e-01 3.272729738714339920e+00
4.437387565277300938e-01 -5.950660560427899481e-01 3.323712771770430230e+00
2.791562117192899484e-01 -6.331070984716399286e-01 3.411143173015660057e+00
3.731550498242399705e-01 -7.284289296591198726e-01 3.361513602018419977e+00
8.988169159084901105e-01 -9.341633224483499864e-01 3.236806558208309870e+00
9.659332862409600873e-01 -7.046026447994798714e-01 3.310682414059519907e+00
1.768191078412600092e-01 -7.534197128411099786e-01 3.057234481584420127e+00
1.354833076078360010e+00 -8.525289757444599603e-01 3.262944590142279555e+00
-4.242730597610600007e-01 -1.125267285691869956e+00 3.111939879664749942e+00
9.806158960482901366e-01 -7.123495458495598953e-01 3.272029391888770178e+00
3.347707828342300074e-01 -6.817241091859099766e-01 3.358781571048560011e+00
8.574481353725801336e-01 -7.103998910403098721e-01 3.370489645668580003e+00
3.803063215826200105e-01 -7.596060930616600482e-01 3.247035700529980140e+00
-4.656688667943004178e-02 -4.529491083539000096e-01 3.139401790217669852e+00
-5.599005240027601360e-01 -5.074301167700000503e-01 3.026866004719410252e+00
7.874210634121597829e-01 -6.513849653521900374e-01 3.436737586018600243e+00
9.202469747370499720e-01 -7.398783345271199297e-01 3.394634928569209897e+00
-5.143325895657701041e-01 -5.641751977139899399e-01 3.106595981100639836e+00
2.941389208979200420e-01 -9.058947364301198624e-01 3.211973171122449955e+00
8.395766911704202196e-01 -6.668443064698099665e-01 3.420558813677350152e+00
-5.807595741056000849e-01 -5.485008855236800374e-01 3.126180149391580176e+00
-3.330705358859800125e-01 -5.199574462091499649e-01 3.252072418361460215e+00
5.512760504985300125e-01 -3.658106274335999886e-01 3.032076855392500381e+00
5.777571473228800825e-01 -5.370573924382799902e-01 3.202879682013750173e+00
1.051257347959129840e+00 -5.626903765045599970e-01 3.238547685778859986e+00
1.052458020174500131e-01 -9.317973490334000575e-01 3.096212625001419916e+00
1.021599020336999841e-01 -8.977252861869299272e-01 3.061574758200550139e+00
1.267413851704070060e+00 -7.722249758421498855e-01 3.250234237929490178e+00
3.604727911614999947e-01 -7.399470568623900402e-01 3.377491204310729689e+00
3.332532070607300279e-01 -7.045840809819600148e-01 3.341954207798630172e+00
8.953014552249999314e-01 -9.195412322646899783e-01 3.280861795857210161e+00
8.562469722442099807e-01 -6.718510366781599297e-01 3.433891963541980008e+00
-4.169992253282299721e-01 -1.031231324287950057e+00 3.149067010314480441e+00
-5.508498759530200406e-01 -1.087982085124370002e+00 3.357939758152120202e+00
6.761326396578101194e-01 -3.575773392186299970e-01 3.013088339896829559e+00
2.871688741841002535e-02 -1.055165619451519987e+00 3.161701136333140205e+00
3.818935594636599928e-01 -4.453999592062100055e-01 3.114846488904740252e+00
1.073965019049220038e+00 -7.135909991006799125e-01 3.204076299859810018e+00
7.539207557384300928e-01 -7.074106321192699109e-01 3.396405477760420233e+00
7.254980445877998174e-02 -1.113805831730889873e+00 3.197703562633080310e+00
5.632937576638993860e-02 -4.673903973228800135e-01 3.186123625162120110e+00
6.445059625655999436e-02 -4.679072046267099827e-01 3.192880918076030028e+00
6.751157444236500771e-01 -3.558694768596800118e-01 3.012306331951830174e+00
5.217107008022899839e-01 -5.161901022603999634e-01 3.151711528679820074e+00
-6.501248592441000174e-02 -3.496977811690200055e-01 3.021608512033000071e+00
8.083293570918500537e-01 -6.793300784719199514e-01 3.390385648472030056e+00
3.246573112327399979e-01 -3.374633584440299705e-01 2.970004768793419903e+00
3.826586474579100061e-01 -8.354802326574798377e-01 3.314449612358339792e+00
7.403954122907999702e-01 -6.723143374821599627e-01 3.462100629843879673e+00
-4.874301356448899059e-01 -1.068652353250880038e+00 3.349164540812070268e+00
-4.064126129641700835e-01 -9.889462058445199766e-01 3.222829312831640092e+00
-7.358595249377003489e-02 -4.286224038575199291e-01 3.125577748977910186e+00
4.128315866008900326e-01 -4.034737496740500307e-01 3.010361788069349842e+00
3.046377759596999857e-01 -6.615324525232999520e-01 3.368033628928049694e+00
7.557013484899982592e-03 -8.434347233609700289e-01 3.112964563895209924e+00
3.977014529964700840e-01 -3.499572879437600204e-01 2.955383265144830407e+00
-1.795036311754099889e-01 -3.829869138364699888e-01 3.062100720120290109e+00
5.439382818124000041e-01 1.385623822108400238e-01 3.522230502442570188e+00
3.541770982670300327e-01 -4.705774217512800339e-01 3.153664153855759711e+00
-5.621341714591899796e-01 -4.485082039308799784e-01 2.971762126509670310e+00
3.683081948962900753e-01 -6.638032241395198652e-01 3.313823859392249993e+00
-6.088508637589500339e-01 -4.463873989080799909e-01 2.976966143713349666e+00
9.513704896199987049e-03 -4.658640228015700213e-01 3.184575975590659969e+00
-5.556259813291999916e-02 -3.443905830558000036e-01 3.061446241042980354e+00
6.595992802502001484e-02 -1.009393829382920105e+00 3.156585122999860271e+00
5.993360005766998344e-02 -1.188158726911250129e+00 3.183186475365960444e+00
-1.261708717622000986e-02 -4.887510954919499495e-01 3.226524255331020274e+00
9.038803987042999255e-01 -7.162051101392199470e-01 3.357276018849240096e+00
4.802418048631900138e-01 -4.519287026407599051e-01 3.065286293048529842e+00
5.036580784937400024e-01 1.406557442735599517e-01 3.540793411520450018e+00
-4.373964903720400921e-01 -5.319370935628799923e-01 3.252556750486339965e+00
-4.449040478094999918e-01 -5.227482919211700052e-01 3.252609860525060181e+00
9.163664437376298766e-01 -8.738626685734198762e-01 3.309369753969500394e+00
3.450437669130700380e-01 -4.309221679833600271e-01 3.046116500191500265e+00
-5.533753572722098779e-01 -1.082824401718500140e-01 3.916289263178710289e+00
7.947903602744000873e-01 -7.664011540449898741e-01 3.358631732837780604e+00
1.344701741293709896e+00 -1.111919557442810014e+00 3.761538818505119952e+00
8.545996576675699563e-01 -3.688099920276199928e-01 3.048807517133139910e+00
4.272378380157499933e-01 -5.719656753076700628e-01 3.291376502615890320e+00
1.059346578790299809e+00 -6.689750220414300008e-01 3.232711003113629467e+00
5.561609836578099708e-01 -4.824768777849099965e-01 3.125805098584990116e+00
3.654112546982500875e-01 -5.672599190008800196e-01 3.301233870629940004e+00
7.047746740230900198e-01 -3.775393167169500130e-01 3.008845791868630215e+00
1.034720333683810001e+00 -6.540617770586699686e-01 3.253721988703140333e+00
1.065547623944879785e+00 -8.236242397477100408e-01 3.156131007712890568e+00
2.191816149854999840e-02 -4.442647606947900396e-01 3.156964627509310173e+00
7.460483423540799075e-01 -8.129320602922599504e-01 3.326014446428020133e+00
1.666538526060199754e-01 -4.555235995776999447e-01 3.157265374830840354e+00
7.569460965763999960e-01 -6.885931017885299488e-01 3.405849656868139785e+00
4.268593492859800165e-01 -3.493111680878100422e-01 2.958253319886900101e+00
6.613447722087800740e-01 -3.546668710855300222e-01 2.998163044649909903e+00
7.375266692431401427e-01 -6.920678145591300234e-01 3.430614258765890323e+00
3.743121627910099836e-01 -7.471471651720199558e-01 3.378266333633960006e+00
3.842195442569700248e-01 -7.620958070654998417e-01 3.246678265153239984e+00
-1.246945636503700439e-01 -4.345975576493099624e-01 3.146076588866840051e+00
-9.053443008644002088e-02 -4.137009828205999717e-01 3.116154789046610141e+00
2.230974444772199916e-01 -4.569248390062899956e-01 3.149484684350539965e+00
3.058040720418100378e-01 -4.592552609616400439e-01 3.422918043648549791e+00
-4.530715310022600528e-01 -8.228510321865000199e-01 3.179323698655930119e+00
5.920906838595100252e-01 -2.076990730648199945e-01 2.687493982696020023e+00
9.876255067182900804e-01 -6.494373745257899788e-01 3.310321558568800171e+00
-1.112032578334001820e-02 -4.667435145765399529e-01 3.209991732320969682e+00
-4.717315871036599217e-01 -5.265325531485999244e-01 3.272785230295689907e+00
-8.217333353901998261e-02 -4.200300774336700460e-01 3.144425665184999996e+00
-2.206629226677100097e-01 -3.896530869754599724e-01 3.078395148846420071e+00
9.600332814750199839e-01 -8.417483700661199109e-01 3.247804832701939759e+00
9.887185288560099705e-01 -6.257506287153399294e-01 3.367796978855619905e+00
-7.588766854005998819e-02 -3.776137528644399888e-01 3.058579781611470150e+00
-4.010394326757500405e-01 -1.128458958437960069e+00 3.138161671838840316e+00
2.622376577018400434e-01 -7.152441440269899919e-01 3.343367660373440131e+00
2.671489755384800491e-01 -7.196473465349999543e-01 3.370861538342090125e+00
-1.525106966517200680e-01 -3.715565602112300136e-01 3.040135489378369638e+00
-1.885581705870000013e-01 -3.801832379296400388e-01 3.066979668981720142e+00
-5.551038364809799397e-01 -1.071015501164749972e+00 3.222143474707249933e+00
-5.671859865618000818e-01 -5.391755870671599560e-01 3.033053050526060002e+00
-9.247517649444006449e-02 -4.988899056925799602e-01 3.238856683680969795e+00
-2.604713113518000722e-02 -4.597462215918399764e-01 3.211946250162319938e+00
7.959205360849985755e-03 -4.491708463313199839e-01 3.163623588496919936e+00
-3.862920380998100534e-01 -1.021295862998560011e+00 3.176300217488500000e+00
-4.021049973761899876e-01 -1.059388458301790070e+00 3.120115867492939898e+00
-3.507033496797800076e-01 -9.852692187131200097e-01 3.211874921401120186e+00
4.706159441322000925e-01 -5.754263446824500194e-01 3.315453844606019995e+00
3.876179674544699694e-01 -8.302988172145199242e-01 3.306884264929959905e+00
2.535561943917300498e-01 -8.293838720349301363e-01 3.130917014704300172e+00
-3.911117277369801082e-01 -1.021792213478170064e+00 3.166168858639839989e+00
-3.698979697754900542e-01 -5.230350616895300675e-01 3.259164660706100225e+00
5.603223998663399152e-01 -3.043263601168999521e-01 2.748113482911660022e+00
-5.010806298619699950e-01 -1.113258508025430027e+00 3.272234644424310002e+00
-5.858665625308500102e-01 -1.031333298883249983e+00 3.223939818969390192e+00
-3.168938215422700821e-01 -8.043104484043599456e-01 3.149297998040760049e+00
-8.725445235617004802e-02 -1.112781245864839841e+00 3.342612193023260403e+00
5.516714874590199491e-01 -5.186651374899653444e-04 2.898737777206330080e+00
5.233418371603800745e-01 -8.221062623753599974e-01 3.315362637052919670e+00
6.085240374641499583e-01 -1.241466643881997123e-02 2.817355679752749698e+00
2.075239300424800148e-01 -2.770370156598799816e-01 2.954934238394480328e+00
-5.513246836135199391e-01 -1.270087559568500168e-01 4.000979632300500022e+00
7.130244050725995097e-02 -5.265638583921099514e-01 3.235094537302709572e+00
1.130916090226799786e-01 -1.199116026384980049e+00 3.137970406425059977e+00
-3.295906340404500812e-01 -1.068539848829070049e+00 3.229542181440459458e+00
-5.969828416997002840e-02 -4.982593417670199143e-01 3.218481585261280031e+00
-1.205138553510700372e-01 -5.129694621796899723e-01 3.197745156293069879e+00
-4.840606938710599882e-01 -1.305713451137550107e+00 3.246548429284110249e+00
-5.236512379082500779e-01 -1.120575260715619859e+00 3.379039980208510041e+00
-4.227177307712299825e-01 -1.125187341060319923e+00 3.099040185331670028e+00
3.663106272115300710e-01 -3.925434623611200324e-01 3.061141140577920083e+00
-1.382265229678900365e-01 -3.553815196045200242e-01 3.040895084555570005e+00
-3.891254811456998919e-01 -7.773532769075599536e-01 3.046120234015990302e+00
-4.285532155639899532e-01 -9.362598328837099526e-01 3.097392257953090144e+00
-6.090079267371001359e-01 -4.437975463708400126e-01 2.995834414507229759e+00
-3.856747562378800565e-01 -1.125485055378919963e+00 3.067739297759289663e+00
5.763330448009800211e-01 5.996737927829981496e-03 2.927991581832789514e+00
1.844750847079799916e-01 -4.460433468486799669e-01 3.147304223992319905e+00
4.553893066349600227e-01 -7.877967760905998929e-02 2.984358324269039908e+00
-4.246511311150400481e-01 -1.142951148262400185e+00 3.102622973329969724e+00
7.389330123838996900e-02 -1.202440299687419945e+00 3.155807790515090083e+00
5.697938786302899628e-01 9.979501440620014430e-03 2.974502900099079916e+00
4.093719219052996405e-02 -1.169216150744539995e+00 3.091540156448409959e+00
1.038101973701699154e-01 -1.255039608746779889e+00 3.274390814568539643e+00
5.398595275627002255e-02 -1.204820636351320085e+00 3.163252651424650175e+00
6.613893795149003441e-02 -1.161344827120039946e+00 3.203362681219179997e+00
5.177454922409999716e-01 -9.394004936240013537e-03 2.903488624392180029e+00
-1.505976566780800330e-01 -3.748921978617000272e-01 3.169469944947800322e+00
4.543760703600799866e-01 -5.980991801448000134e-01 3.327045977042749847e+00
-5.017397067876800953e-01 -4.327028072609100384e-01 3.071653536619439961e+00
6.067541421465799667e-01 -4.995662101500003560e-02 2.916658031693599717e+00
1.399066580683799577e-01 -2.877428823390499879e-01 2.955662793494070240e+00
6.017044172520499279e-01 -1.926737229909600002e-01 2.713041889911920190e+00
4.252103485468997079e-02 -1.209690055262099939e+00 3.094854343022300114e+00
9.545958557015200574e-01 -8.488020069352499863e-01 3.269898034273050147e+00
5.038307770604301128e-01 -7.839231635868999515e-01 3.279323426178960332e+00
4.360775527621499892e-01 -8.222691460613699155e-01 3.660400458309489569e+00
7.222053284288101338e-01 -8.243220196035999647e-01 3.311616207569690218e+00
5.695805847995200066e-01 -6.926177112600498953e-01 3.381321131589259732e+00
9.888042163919900096e-01 -5.332609570282199618e-01 3.204364112609929816e+00
-1.750309639882200174e-01 -3.842602680695199613e-01 3.099597672938660065e+00
2.077923240213400413e-01 -2.782650250302700079e-01 2.950141983191590267e+00
1.813459488009599718e-01 -1.707163077112099914e-01 3.954082011620939863e+00
-6.101044948066600693e-01 -3.956685260817900396e-01 3.002732364660110065e+00
6.905444896200993443e-02 -2.805213891353299793e-01 2.944401074258930162e+00
3.785204415059992278e-02 -1.057652050232209984e+00 3.175360000225860180e+00
-1.423583183516400619e-01 -9.879959115363800004e-01 3.251738059098720157e+00
4.685393143788499914e-01 -1.883957564450600142e-01 2.793036395885049927e+00
7.929244042563700079e-01 -8.169345051631798915e-01 3.331124799767520184e+00
5.452660473917700923e-01 -4.091349447077700097e-01 3.025239705695589976e+00
4.258451144996899806e-01 -3.885273333486100045e-01 3.005971780789920000e+00
7.439890967895900209e-01 -7.627886379568998843e-01 3.378734946719549992e+00
9.437735149417300073e-01 -6.722940924886299241e-01 3.432387540698049744e+00
5.978463176604899010e-01 -2.073889632380099823e-01 2.692003680467889737e+00
8.422331546037001293e-02 -1.137169939207569813e+00 3.057302186658140464e+00
8.697455785762001068e-02 -1.130402887448610061e+00 3.092364118192170164e+00
-3.572866916321699726e-01 -1.166867485719130126e+00 3.088925201998760084e+00
4.341925895628800935e-01 -2.056709642747800160e-01 3.130238114638349778e+00
4.125268578443100909e-01 -3.508819334856799754e-01 2.956771239569190080e+00
5.238634828198299731e-01 -2.120989752684200036e-01 2.627018046597500156e+00
-3.947283128814400577e-01 -3.138023774903100360e-01 2.931264515270390003e+00
-6.248312134351799996e-01 -3.944489041600000023e-01 3.007545808003039944e+00
5.455984699542500982e-01 -7.108533005822099682e-01 3.399855881462930274e+00
9.368724050367799316e-01 -7.701356929706300036e-01 3.295541949698439943e+00
-1.676917140769199899e-01 -3.826190929763300108e-01 3.134062854159239908e+00
1.441201796723700357e-01 -5.530811230090300068e-01 3.287218120467320315e+00
