3.263781218872001400e-02 1.626172172081800094e-01 1.098227606591140049e+00
6.430294548076000150e-02 9.348569657545999223e-02 1.115226598439520211e+00
7.931415270010000462e-02 1.520733835687000102e-01 1.138034506954380021e+00
1.844547521675800050e-01 7.800417252216999831e-02 1.293123652840260096e+00
-2.810414406313599400e-01 -1.379263187368000472e-02 1.332205172780670299e+00
-1.292528694673699963e-01 -3.112331189391099873e-01 1.782448925121220107e+00
-5.302547369458798787e-01 -1.288523404660003174e-03 1.460014814044400255e+00
-6.147370321843998592e-02 -1.695605536224099874e-01 1.583166164100930251e+00
-5.095948368757500235e-01 -1.843788691935599744e-01 1.591802135010420116e+00
1.965305344250001252e-02 -2.917489377297700082e-01 1.784866656707600141e+00
-5.955136675496999071e-02 -2.054188608685799666e-01 1.684218184410839925e+00
-6.392079937368300158e-01 -6.491496519482999883e-01 2.625833838605320381e+00
-1.018367120365469836e+00 -8.205946383178199799e-01 2.882812619323189995e+00
3.333395939224300109e-01 -2.074510711500002907e-03 1.158251258982750054e+00
6.282236644434199269e-01 9.151049053687000667e-02 1.223746805214960265e+00
4.344484661449994622e-03 1.934038007911000057e-01 1.109027219362220373e+00
-7.706651978857997909e-02 1.872751048239800209e-01 9.816324048098400423e-01
-1.233882751467699768e-01 -1.339969239130200107e-01 1.572024170910319762e+00
-2.772593933988899972e-01 -2.418969371424700143e-01 1.745898425770740170e+00
-1.005164005433699659e-01 -9.130752498105998427e-02 1.464978179574540240e+00
-8.322385957464198958e-01 -4.995635180696301192e-01 2.160639095419190081e+00
1.838638387060599899e-01 7.552854664685000607e-02 1.297136459012970144e+00
-9.880118449982999707e-02 2.886631425027499920e-01 1.053075436071920112e+00
4.720312081527300307e-01 6.270738213779995102e-03 1.309965295454430301e+00
3.308930263428199736e-01 -2.956546190359999465e-03 1.151473953847810039e+00
-1.508093078985099644e-01 -4.072119038638000177e-02 1.431062335573429989e+00
-7.828313690265997771e-02 1.878861173648500027e-01 9.876514838635601645e-01
-5.473659903582999559e-02 1.852354400128400080e-01 1.024030497241850135e+00
1.724976491275000134e-02 -5.747710751992000933e-02 1.429941027923629981e+00
-5.158092527295200513e-01 -1.221697078248999979e-01 1.524118196645009915e+00
-2.557050917450100491e-01 3.034694645517299616e-01 1.071724025269330083e+00
-2.774422692053999384e-01 -2.418482084134799814e-01 1.745664859595310148e+00
3.348062678565200123e-01 -1.562298012939992986e-03 1.165449049265270043e+00
-1.357503558536399813e-01 -4.049951709822999929e-02 1.369767717190840228e+00
-3.783262110100300002e-01 8.617791455585001315e-02 1.289194750920819921e+00
-1.233580003882499831e-01 1.592844473140500039e-01 9.971590089964800230e-01
-2.939056245304998843e-02 2.307968943610999926e-02 1.263503113452820292e+00
4.941197466655199988e-01 2.264913891209600350e-01 1.063862787333750060e+00
3.631386248130399341e-01 1.834289504353200095e-01 1.097598484543990116e+00
-2.605833465329999293e-02 1.037071976823500108e-01 1.126339795604550220e+00
-4.082893376157400445e-01 -1.681293618268500101e-01 1.650150223211220180e+00
-3.535288474265599890e-01 -1.498767116120000228e-02 1.395035412941120212e+00
3.437723977743300519e-01 2.315443871066499570e-01 1.038390815729340000e+00
-2.827466196169299284e-01 3.339901006292399499e-01 1.031454613114780150e+00
4.942047753823700096e-01 2.264061572513200449e-01 1.062104325362840163e+00
-2.736215301926199217e-01 2.267188821740700189e-01 1.160034058622590347e+00
1.823198048482700118e-01 7.185272441963000412e-02 1.294670198681239892e+00
-2.752629465158299982e-01 -2.396905776961600065e-01 1.741867514257620320e+00
5.241668683637400461e-01 1.742200458756799908e-01 1.102693159851440230e+00
-9.054744544259998862e-02 -1.344506106907500109e-01 1.597641729591080306e+00
-3.784910675938799596e-01 1.463192381612899995e-01 1.219872304342330072e+00
-1.103846054879099869e-01 -1.692799463623599898e-01 1.605929658837680352e+00
1.807162443964500098e-01 7.104580105014000890e-02 1.296399107892060032e+00
3.743751874517299849e-01 -8.605373454179998660e-03 1.168679217164870110e+00
-9.954461888333998587e-02 5.165141260470999807e-02 1.318551664517430222e+00
-5.343423047239000828e-02 -2.866978470847000304e-01 1.759728639597950117e+00
-1.279512594999997199e-03 1.479159916258799834e-01 1.110790837584499924e+00
-3.367193643079995774e-02 6.145548093838999748e-02 1.126056364167110191e+00
4.798440682522400191e-01 5.253530377110002259e-03 1.324479920577460224e+00
6.338496970829000932e-02 6.854875242050999240e-02 1.164018436804550083e+00
-2.660985585462999348e-01 -1.378247014834000084e-01 1.583848523851129952e+00
7.354894758340002614e-03 -1.192119254373000085e-02 1.385196488459870201e+00
-3.884108853141099438e-01 -8.316834292134399620e-01 3.165895703311840226e+00
-4.263386908296099009e-01 -2.063646697476100023e-01 1.663848665165180263e+00
-2.335874485217998703e-02 -2.272508692396200125e-01 1.679900159568810336e+00
-5.885012412686000532e-02 1.411055877496399935e-01 1.009843190394380086e+00
4.819613672903599877e-01 6.774597205420004181e-03 1.322603688733940075e+00
-3.589329409951699801e-01 -1.688939189769000232e-02 1.399122811347900175e+00
-1.019629047686899659e-01 2.843382054872100051e-01 1.047526223463079997e+00
-5.844361592709999137e-02 -1.428660877211400115e-01 1.548219634101250186e+00
-2.149772032923699672e-01 -6.679775177696399835e-01 2.558395218747980149e+00
3.420140223080000985e-03 1.927627232371500188e-01 1.114601315549460070e+00
-3.636091791036997339e-02 2.201219063764200123e-01 1.086997585225260243e+00
6.944688537510297355e-01 1.502485657623200133e-01 1.147631271464609970e+00
-4.510100931324400597e-01 -9.423469106784999882e-02 1.494493082649250404e+00
-1.706779565120399855e-01 -1.218381740553799997e-01 1.493222424446840169e+00
-1.155240600158899955e-01 -9.350662748243998568e-02 1.472591898921119968e+00
-3.784186425372999124e-02 -2.688426455527400116e-01 1.752651081554760015e+00
-4.197567905302900249e-01 -2.068789896757700086e-01 1.657651210618970028e+00
-9.554877290394699907e-01 -8.252837960807800632e-01 2.896061413428310249e+00
5.374041957130499814e-01 6.324043005699955811e-04 1.330620219363130019e+00
-1.755484732755899779e-01 -5.605049777708000225e-02 1.372894554793139932e+00
4.872728179083001682e-02 -7.084649088873999634e-02 1.457172008744600289e+00
-4.774335354488999372e-01 -6.012650235753999595e-02 1.462076298901950233e+00
6.183336054131998161e-01 1.102881647789800135e-01 1.217979232858110272e+00
6.158238369082799091e-01 1.067307037409999937e-01 1.203486427891550026e+00
-3.743994431699800285e-01 1.195143869359699962e-01 1.249789162589270086e+00
-1.168181000483499710e-01 -1.667778249217199971e-01 1.619942518781840146e+00
-8.036496363379996843e-03 3.216236098021599821e-01 1.025173944023050066e+00
-2.698915832783999602e-01 3.109948330079699286e-01 1.065567143264370520e+00
5.219026021311299335e-01 1.731964079838100024e-01 1.102989624509110200e+00
3.788634745128099390e-01 -6.716699410359999040e-03 1.169531556217370039e+00
-3.473385190073998569e-02 1.827909570404399886e-01 1.074241215035990127e+00
3.583525661951000169e-02 8.228590678816000148e-02 1.325298230060419913e+00
2.778064953762000022e-01 9.642942711210999995e-02 1.340271133122760139e+00
-2.448215720050799793e-01 5.099840780457000344e-02 1.298159937397120212e+00
-2.728203499133499688e-01 3.143496944065199972e-01 1.085189212192900099e+00
2.948317084273899824e-01 1.118834622099500187e-01 1.423495915724170002e+00
1.650227125037400100e-01 2.368129749458700306e-01 1.060293534715849972e+00
-4.019892025587099571e-01 -5.465117077402000673e-02 1.502141228933010275e+00
-3.708680147705799013e-01 -8.591804326314000928e-02 1.503626814184860105e+00
-1.265053478704200041e-01 -3.257340343289100715e-01 1.837945871836750067e+00
-2.461011941431599515e-01 -1.097874197364700072e-01 1.587821676671050009e+00
-1.153713701474199937e-01 -1.640836468956300143e-01 1.601099256320769992e+00
6.943389015969299027e-01 -3.806546830640000073e-02 1.195865575141800141e+00
6.966099339526399259e-01 -3.651586086173000401e-02 1.205360599723060089e+00
4.291250610451499692e-01 2.282456625446700194e-01 1.059599752196200173e+00
-2.888318994741199686e-01 1.097178928763800076e-01 1.233819841467290068e+00
-3.201977240165899685e-01 1.746673358281599919e-01 1.236042278050639931e+00
-8.517553508384999583e-01 -1.024826139928369795e+00 2.847074249983109873e+00
-9.073234672490799735e-01 -1.068532259848350208e+00 2.976181637561380100e+00
-4.733248421319997262e-02 2.594819766843100006e-01 1.095962687297320270e+00
6.916157576808398266e-01 -3.451151078901000535e-02 1.195381823158710111e+00
-1.680007324727999241e-01 1.867579763625100142e-01 1.027728812948730086e+00
4.872422091986000070e-01 2.541267581971799472e-01 1.035506307523310188e+00
-2.521673460922599919e-01 2.744026738637599938e-01 1.074142534910889957e+00
1.381425918636529859e+00 -1.013287322952119984e+00 2.513263861714280178e+00
6.334929197140198864e-01 -3.457288305332999884e-02 1.197904503003930143e+00
6.300405132925299689e-01 -3.594069246192999056e-02 1.190519593964900036e+00
-2.716404572581000015e-02 1.881188600826000021e-02 1.300964709878499992e+00
-5.944828813400200307e-01 -2.244791261171600050e-01 1.730864848547800205e+00
-1.103936060771749661e+00 -6.885994985488200770e-01 2.581028895846209981e+00
-3.262855194532999770e-01 2.183427387727200075e-01 1.163730887025330007e+00
-1.127120034980960028e+00 -8.966278232964699502e-01 3.092049799414929634e+00
1.133575432529920102e+00 -9.182258540187300255e-01 2.352833385555690437e+00
-2.779810448025000214e-01 1.049432072937000193e-01 1.235823290119070217e+00
-3.961906865898399688e-01 7.582227898064000660e-02 1.347834767199790118e+00
-1.112015025642699717e-01 -3.455824572351900437e-01 1.810997159086850328e+00
6.020706447833699126e-01 1.715739317261600061e-01 1.117442642535860120e+00
2.726766013511299769e-01 -4.063543813783599967e-01 1.357098411555320183e+00
-4.671938287986398541e-01 -8.643332117560000027e-02 1.490595234016220072e+00
6.141387666668899348e-01 2.423027657575599625e-01 1.036198072608240262e+00
-1.815661220158999722e-01 -1.461293158164900241e-01 1.590919301997979929e+00
-8.930419979496997951e-02 -1.589084887771500254e-01 1.580564567275590138e+00
-4.721675516114997445e-02 2.579911237434199811e-01 1.094386549130220043e+00
1.244793937078960022e+00 -7.366211553953599944e-01 2.087505165478820590e+00
1.250617905555960085e+00 -7.403064900524100045e-01 2.093985145768050060e+00
-5.802878104739991882e-03 -9.255167594399800191e-01 2.222977835283909798e+00
-4.084717852535000443e-02 -8.791316733882600376e-01 2.373775796421510265e+00
2.465465560871299977e-01 -9.625915678708499845e-01 2.375695797378660323e+00
2.507777594233500107e-01 -9.491743517270599950e-01 2.350404667594900410e+00
1.976548767909900028e-01 2.729927604315499634e-01 1.036570932699780068e+00
6.428174022609198790e-01 -1.514243570507299852e-01 1.133583684445920170e+00
2.081638137494999652e-02 1.429757640766599891e-01 1.124351876358320235e+00
7.151152499290298614e-01 -1.540946083793399979e-01 1.286495370085400047e+00
6.533359188070499979e-01 -1.486796693739299846e-01 1.160175772715080100e+00
2.714320745861199535e-01 -3.995280171500399935e-01 1.352258150242400037e+00
5.777285852076099459e-01 -4.884707748657000081e-01 1.376327489188370112e+00
5.773432142779799658e-01 -4.904561312922600114e-01 1.378887845105170262e+00
5.082301065090999437e-01 -3.723122953056500761e-01 1.201432650807700009e+00
-6.679551972217998013e-02 1.902101660135999961e-01 1.033146956758580037e+00
1.985704457970700054e-01 2.716457501249499584e-01 1.030435195208410093e+00
-1.119841559703799727e-01 -1.741368160837499790e-01 1.655188920517790097e+00
-2.065577658987000076e-01 1.748018085402600064e-01 1.160934598259930173e+00
-3.712154784080199388e-01 7.186365350963999643e-02 1.259771332786490117e+00
-4.118919412355399601e-01 7.949941694025000616e-02 1.347682903690009981e+00
5.999868066794000060e-02 6.841204170527001582e-02 1.291286741037020125e+00
6.862279437161000750e-02 5.451404490565001093e-02 1.195549182029840063e+00
8.105785986785598585e-01 3.146145618684000056e-02 1.226623356177320101e+00
8.084015876922497901e-01 3.223966435939000508e-02 1.226651931314540089e+00
3.558257431985900054e-01 -4.020352049909500791e-01 1.322006895142500138e+00
7.130200469114800210e-01 -5.449781572804900387e-01 1.780535055130530120e+00
-5.159793227177200681e-01 -1.694527617614099702e-01 1.581615626739879987e+00
-3.416532338050599638e-01 -1.306521369029499946e-01 1.624342343562710012e+00
-5.863298781359400635e-01 -2.270053523771100035e-01 1.719669864284570027e+00
-6.320539360310499788e-01 -1.972300122800899891e-01 1.672422208828210133e+00
-6.428751549683799915e-01 -2.285313677997699855e-01 1.689125386907140314e+00
1.083959793841799968e-01 -8.894953417115200045e-01 2.244992107855410257e+00
1.231808096231309824e+00 -7.693920544063299616e-01 2.089286355673830364e+00
1.216683860659699690e+00 -1.283208771181439944e+00 2.874920013521160111e+00
6.787929876324498846e-01 1.518347779674099896e-01 1.134412498686370174e+00
5.762243639827000635e-02 1.134052495501899904e-01 1.156675323375540021e+00
6.476588935085699772e-01 9.773280657722999143e-02 1.181452317773129979e+00
7.147628784329900231e-01 -2.868237465184100277e-01 1.046953892018330112e+00
1.279087978092520173e+00 -6.778629986358499782e-01 2.096922375267369798e+00
-1.080034710110699958e-01 -8.963513448329001043e-02 1.454484355781979765e+00
-2.667829607142699899e-01 1.429406736468100125e-01 1.240981990924499900e+00
8.362752853356799632e-01 3.145208314640000891e-02 1.143062178594050016e+00
6.962062160203498218e-01 1.430619498366300091e-01 1.145810949606140161e+00
-3.710084178967399393e-01 1.431769003409399943e-01 1.202890422768640111e+00
-6.760107640313099964e-01 -6.871493901193900244e-01 2.718084450059040424e+00
1.257291269431380032e+00 -6.786349338745699677e-01 2.035573000892940243e+00
-1.064588484390499579e-01 -3.314058382161600425e-01 1.812191781080070285e+00
-1.377918760901699624e-01 -4.211182889865999757e-02 1.380092021407369973e+00
3.469781460065000239e-02 1.907091829121599913e-01 1.203545269818400154e+00
7.940744150658097800e-01 1.156950028560600197e-01 1.182145184486290024e+00
-2.237505561753799777e-01 2.976001883483499477e-01 1.087446550782700028e+00
-3.278242320259900366e-01 2.179753646708300074e-01 1.168716567591059796e+00
-1.010228120886769831e+00 -8.142680861282299842e-01 2.853015528290680169e+00
-6.108383711125999621e-02 -1.388406258254699932e-01 1.574246851886710097e+00
-2.708062281434599483e-01 1.484691803987600034e-01 1.246097269257160134e+00
-1.438554392919499936e-01 -5.125353811758000255e-02 1.434088430095530109e+00
-5.633334684282100824e-01 -2.170254670084499904e-01 1.654324878076080196e+00
-9.821446822465998427e-02 -1.627953234714900055e-01 1.623224388566150367e+00
-2.821822785140099543e-01 8.621725344663999646e-02 1.253095492999510174e+00
-4.822939125292201035e-01 -5.214869247075200054e-01 2.097313863619730157e+00
6.140609761720399185e-01 -3.189448457504999446e-02 1.200745414717610204e+00
-2.261637547792999525e-01 1.279095951854099800e-01 1.196899144746299992e+00
-3.197633115968499529e-01 -1.037479468473680111e+00 2.675916850447690454e+00
-2.352095212029999688e-02 3.961092170884999986e-02 1.287729558955150067e+00
-5.387076626810997221e-02 1.348078837094800198e-01 9.694889098892800483e-01
1.126260557896859860e+00 -8.257455018303000438e-01 2.260101419337220197e+00
1.403933682928610205e+00 -1.029532990810319903e+00 2.549759233791280000e+00
2.898711223441799989e-01 3.403505367178999430e-02 1.369609967011750307e+00
1.367108002520969867e+00 -1.000527490472590042e+00 2.477731168566040587e+00
1.128789129602479901e+00 -8.236185114320099254e-01 2.265105921224810359e+00
3.673395769547199707e-01 1.262288401733200061e-01 1.429322147159410195e+00
-1.364154429119199818e-01 -8.542045815020600230e-01 2.312890870170370317e+00
-3.266951024340599696e-01 -1.043140312443940010e+00 2.720526014948020599e+00
7.713172304838499249e-01 -1.212344334475990104e+00 2.832142140171879596e+00
