2.819390976434639651e+00 2.746082831088099141e-01 3.639939838989599608e+00
2.497401985942239833e+00 1.631650626082399858e-01 3.546861445869689433e+00
2.448688983485720172e+00 2.982343732313099682e-01 3.231873755100970413e+00
2.721170519109969987e+00 3.923037989048600016e-01 3.416334980068150173e+00
2.470657555501099889e+00 1.043447658775599751e-01 3.517746056449119862e+00
2.459737970163399901e+00 -8.613391909745993225e-02 3.589613755188559630e+00
2.449377656009959825e+00 2.100547228888700602e-01 3.507829598280830297e+00
2.721238321776680458e+00 3.932937748900799946e-01 3.412278949866290212e+00
2.405501877484089945e+00 3.737575354999800314e-01 3.264984570538340236e+00
2.731485024096329983e+00 -1.229835002914599906e-01 3.437124463460699886e+00
2.399117832498660174e+00 3.707075231613099486e-01 3.263494178001549173e+00
2.552794089364879948e+00 3.873597250849700746e-01 3.307307992352980008e+00
2.702401276478580083e+00 6.933373706204998266e-02 3.551157897645819794e+00
2.495391438239690007e+00 1.598966942771800626e-01 3.509345876599019753e+00
2.661491976622280209e+00 9.586600402006006938e-02 3.499712250827799132e+00
2.599084959065369738e+00 4.164912703449400455e-01 3.205953188131159592e+00
2.448172343324789946e+00 1.698052451516400274e-01 3.557702931836749904e+00
2.726212444934899892e+00 -4.542418433244010956e-02 3.612738782481199173e+00
2.785910283878109794e+00 1.696985232806700328e-01 3.622371985578209497e+00
2.128575794072269822e+00 3.514580493395700334e-01 3.145194539470590023e+00
2.627600895466480235e+00 7.694492713980000120e-02 3.481442713426170066e+00
2.839130520986830053e+00 4.824862835310994580e-02 3.541568770612169459e+00
2.775353182884610082e+00 2.895153772560299377e-01 3.637015722672209073e+00
2.458354243058490152e+00 1.321771525158600413e-01 3.530668587562109551e+00
2.127114358026919838e+00 3.517595905381699639e-01 3.144753787810619539e+00
2.191075839390039803e+00 2.882439170796800010e-01 3.302365445159799684e+00
2.224350014039069734e+00 2.025339314912300015e-01 3.393670840764769991e+00
2.309961543630259850e+00 5.636179219694004150e-02 3.710350903027819669e+00
2.482428351061940042e+00 5.069572901597400039e-01 3.017503824142179880e+00
2.192851389960400077e+00 2.871082271009900433e-01 3.312697340214730168e+00
2.601708536133330085e+00 4.204658923362000200e-01 3.203093157294589766e+00
2.385471350805770108e+00 6.084551037905000515e-02 3.676446341489439718e+00
2.476984956226649714e+00 1.014208045770699784e-01 3.550621001578869951e+00
2.356625091213989887e+00 3.223142183226599400e-01 3.228160752109679787e+00
2.257830993437759837e+00 2.281473607942798854e-01 3.348081783031169323e+00
2.600095098354170187e+00 -8.358579511549002472e-02 3.468178085406929512e+00
2.589141157100599777e+00 8.566892693659999836e-02 3.477485213211719994e+00
2.474899912343989872e+00 2.346221179628399378e-01 3.579150302800719885e+00
2.465368078117890160e+00 -8.504848596101988178e-02 3.563770892244749966e+00
2.593884507822810104e+00 -1.648881762708799270e-01 3.435915774761030050e+00
2.226281776440969917e+00 2.086365590095501377e-01 3.372828183562429416e+00
2.828331345790709772e+00 6.841579246855000740e-02 3.558835091815460316e+00
2.623584265685140249e+00 -1.603046862967199004e-01 3.457787486244390251e+00
2.442484980959210183e+00 -1.081956776046000268e-01 3.636353527771629679e+00
2.388650816620939921e+00 1.928172440972198975e-01 3.577296845887589782e+00
2.279923908037249980e+00 2.691213737715899557e-01 3.359859074908519538e+00
2.534712194026640386e+00 1.021083268541299605e-01 3.494282473514769727e+00
2.480023415587340185e+00 7.293484813189005100e-02 3.539331100793170037e+00
2.695372327740749974e+00 7.346099000241995691e-02 3.516289436942280133e+00
2.505257537614420382e+00 -6.923113957017990039e-02 3.521641379611169853e+00
2.679728333212020086e+00 -6.913853753512999578e-02 3.461543740052469786e+00
2.457084585809449884e+00 3.525865603666200609e-01 3.320851140891299735e+00
2.814125677206070097e+00 1.480572251035399689e-01 3.611546688729549537e+00
2.514104486470210009e+00 1.043266579096400193e-01 3.521024072989929365e+00
2.586411065557660205e+00 1.290803568105199362e-01 3.485909717417099429e+00
2.224076575412199830e+00 2.027232534634000882e-01 3.389019740091539390e+00
2.726477811971290244e+00 3.945874820527200955e-01 3.442015386297599733e+00
2.332717082892500127e+00 3.815310666655002958e-02 3.704647961348180196e+00
2.578192818842609757e+00 -1.022537048628100464e-01 3.441727671000479383e+00
2.286611770450360126e+00 2.706561535686899944e-01 3.359904723075869626e+00
2.559733823477480019e+00 -4.314439651724000235e-02 3.488432930065139992e+00
2.368839706084319818e+00 3.641884762918999874e-01 3.272475299955630135e+00
2.322186103371600030e+00 3.636125286225501130e-01 3.251004912163620197e+00
2.507407666681160219e+00 -6.980699593230998978e-02 3.515931006345669907e+00
2.255792844709110234e+00 2.282026731687699650e-01 3.349692853212649091e+00
2.194184414208310230e+00 2.970155945976900025e-01 3.335172606310459642e+00
2.193373081263480184e+00 2.876719715563800239e-01 3.315263892893259623e+00
2.625395707191359840e+00 1.261454934900600455e-01 3.487907079910850250e+00
2.431893138709019908e+00 2.708151204051398864e-01 3.319376260450339622e+00
2.480531114194620024e+00 9.458737942468004034e-02 3.535655144639830105e+00
2.443467059856710311e+00 1.694832198273600876e-01 3.553650223676720010e+00
2.887510708920330238e+00 -1.406078537517996274e-02 3.558712414030750004e+00
2.379437524913699864e+00 6.641591082497994014e-02 3.699060732499620308e+00
2.113426682727990169e+00 2.665978121776899634e-01 3.308617862569390056e+00
3.317498246962240049e+00 1.155889717915119963e+00 3.864595763097310233e+00
2.555453915826120248e+00 1.180095507760500206e-01 3.503517720116109402e+00
2.477358809711539767e+00 6.996855814188002176e-02 3.533346336709839441e+00
2.533636503356480052e+00 -1.171309366265099738e-01 3.513331873080299594e+00
2.506358345811080302e+00 -6.949080711179000946e-02 3.523440176954739655e+00
2.531337927363289886e+00 -1.077860613068998274e-02 3.499523024745860411e+00
2.585077548267300074e+00 1.371953077914701002e-01 3.485241454572210351e+00
2.513849383908339785e+00 1.050154174034000354e-01 3.522963067692249872e+00
2.471407812390969738e+00 4.967207910620996536e-02 3.537506044717189546e+00
2.313111178183749672e+00 2.285959768747301002e-01 3.428707957261419637e+00
2.458082341134149917e+00 -1.080880858466499728e-01 3.593659552082119291e+00
2.581844571632220031e+00 -1.644242497452499396e-01 3.456437728721890146e+00
2.142963285504460025e+00 2.741093432748800129e-01 3.243328775161119282e+00
2.255942652841299800e+00 2.287582488287399629e-01 3.353919652174749189e+00
2.212665956261360201e+00 2.253734023129099207e-01 3.389311975540420185e+00
2.405180269725370135e+00 3.048536527503200588e-01 3.201085386825770041e+00
2.753698443085979886e+00 2.719613417366899544e-01 3.665787861574489881e+00
2.397725633805559919e+00 3.857026958944600459e-01 3.270477647299049551e+00
2.291646338845549913e+00 2.499872012302299940e-01 3.378544836025159981e+00
2.491960737924340030e+00 3.768744795072986875e-02 3.520338180741139134e+00
2.623214327221909947e+00 -1.551682104450700095e-01 3.438411235488300299e+00
2.249589557236160164e+00 2.522455665920599888e-01 3.367184950800379717e+00
2.866108587255630002e+00 1.262463051760009947e-02 3.555790967143390269e+00
2.626908266808980041e+00 2.995067062693400617e-01 3.545483596773659762e+00
2.357615634738650101e+00 7.167179152286001775e-02 3.690982780379799877e+00
2.572890326442939912e+00 4.506643057768000560e-02 3.483878429558339818e+00
2.125652603671030150e+00 3.550612737676299702e-01 3.145423884155529759e+00
2.348855806358099763e+00 2.964255492920997437e-02 3.704398185536359911e+00
2.309691791479690171e+00 2.364844491167399365e-01 3.388298312689509650e+00
2.535661266438530070e+00 9.639387419052997119e-02 3.494023853684620207e+00
2.494724397893409940e+00 1.625451876015600594e-01 3.526733432894419984e+00
2.609611026625739960e+00 8.868409555450001980e-02 3.474784634396439920e+00
2.607277412777639913e+00 1.072962758946300332e-01 3.484426838071099652e+00
2.467874767858750040e+00 2.201932103627995962e-02 3.544560013551599553e+00
2.600130108922260153e+00 5.856105785542015107e-02 3.478352908917029751e+00
2.527685192224810251e+00 7.181370199949999034e-02 3.497915863703049411e+00
2.302572769423230081e+00 2.853496786836901000e-01 3.330699080173070037e+00
2.541413925558510201e+00 -1.638193503389199224e-01 3.514257208407939537e+00
2.732521782591769810e+00 -1.211224402575900028e-01 3.435991701727069803e+00
2.548148588954669780e+00 3.868277278246901041e-01 3.297690431398810240e+00
2.327583035125200261e+00 5.589626195310004597e-02 3.694473003979179992e+00
2.531212680408970073e+00 5.335624597064999586e-01 3.050312335646530038e+00
2.419856775235389890e+00 3.578367442123498998e-01 3.241604327016490039e+00
2.327135593069539876e+00 7.548893231660003256e-02 3.720135903926750309e+00
2.508774705960160389e+00 3.770542245500996259e-02 3.539541039938900013e+00
2.465714049776289940e+00 1.434487400075700747e-01 3.540774164513750044e+00
2.674180325427950145e+00 3.771917207357501356e-01 3.428182541829960073e+00
2.434105175750219896e+00 1.134825019206100460e-01 3.606551189998350004e+00
2.876422559746290020e+00 1.599223971849800807e-01 3.618243564724689776e+00
2.305004889537320079e+00 2.920599090377099527e-01 3.339424087805969776e+00
2.532693943508430134e+00 -1.182058766594800137e-01 3.519556624205969264e+00
2.189099718119759785e+00 2.249895524611199571e-01 3.355479795931279874e+00
2.494568048224119927e+00 3.804419438444900381e-01 3.554600082520369853e+00
2.503494088690259911e+00 -1.490067050928499670e-01 3.550730567143949301e+00
2.597315411991940159e+00 4.171897009667501210e-01 3.204421391705049693e+00
2.325218218423259930e+00 2.343824584317000248e-01 3.471883102570049395e+00
2.498731125837979850e+00 1.314016692465996838e-02 3.526058905295959001e+00
2.580976627405930035e+00 3.780746331893997114e-02 3.475053827937819584e+00
2.533245372560990027e+00 1.024788385692799730e-01 3.492164357602930203e+00
2.433542315855709681e+00 2.795682675693598185e-01 3.311980872716869584e+00
2.460167862628249935e+00 -5.313984178436992334e-02 3.551253489794920171e+00
2.496996105750100003e+00 1.480855726742601464e-01 3.520544825883609619e+00
2.417037575317970255e+00 1.999270350930800189e-01 3.557581247705059901e+00
2.419126594917690110e+00 1.824347938801399449e-01 3.546289179427989602e+00
2.542485929416780088e+00 2.431496390549898745e-01 3.544954291973249738e+00
2.413291691209070056e+00 4.456033197070008445e-02 3.684639857374059524e+00
2.931158103932969716e+00 4.367299712959993307e-02 3.614817678056809314e+00
2.528099049919839914e+00 3.660972735801800715e-01 3.339169133304099368e+00
2.292412712431789679e+00 2.481719709587799638e-01 3.379526479670389882e+00
2.664739553144620299e+00 2.642874596075299731e-01 3.568617843824949176e+00
2.125492841884180084e+00 3.540348516780399413e-01 3.137806210001540030e+00
2.503695835718359852e+00 3.608056571081199593e-01 3.293771572615539434e+00
2.410284301360120285e+00 2.687317014777801383e-01 3.301646080310209896e+00
2.429396169694240104e+00 1.942311332853900452e-01 3.531092364370999270e+00
2.620089690153830198e+00 1.135993810439500651e-01 3.456971483618950458e+00
2.587697797142180178e+00 1.425543574297599148e-01 3.504361279564100151e+00
2.420046932340710111e+00 2.033180379512500857e-01 3.553038475636260074e+00
2.678919462361900372e+00 7.108947565322998319e-02 3.499384558698759307e+00
2.542180954184710018e+00 2.134697704961499021e-01 3.521619799269009476e+00
2.534507800211529993e+00 -1.249176278952900399e-01 3.491118690924639445e+00
2.376203696773899754e+00 2.777829031568200824e-01 3.241609808718020069e+00
2.559153010888860269e+00 9.614485312512999204e-02 3.486961525510039905e+00
2.467573797778369826e+00 5.348049103879998212e-02 3.538786791864189318e+00
2.615773751059769836e+00 9.686233408816996571e-02 3.477893118803609518e+00
2.510918784558290096e+00 1.065152311459299783e-01 3.515969771504700248e+00
2.560361524917469822e+00 -7.825230034518981803e-02 3.476051544253519587e+00
2.310447967021460158e+00 2.391533724794300264e-01 3.432378474395189727e+00
2.497768975545609837e+00 1.597191268034003908e-02 3.667138600671750126e+00
2.043395490575159901e+00 2.397949999990099945e-01 3.260069944553520394e+00
2.481289098597229792e+00 7.719081571188002311e-02 3.543083138790920295e+00
2.479469862189179974e+00 1.051285129512999350e-01 3.545590975946629975e+00
2.456865718178999902e+00 3.024452019979499973e-01 3.288138828020350068e+00
2.711891366014960170e+00 1.302602771490299904e-01 3.558164612175859887e+00
2.315855897366069893e+00 2.608096117283900117e-01 3.405021128096949568e+00
2.427717217010480155e+00 9.015803549043993614e-02 3.631921963696209232e+00
2.503368024456659846e+00 1.457330789694699646e-01 3.530068263909989845e+00
2.562821533974339872e+00 1.145351497017300102e-01 3.480678703671610030e+00
2.475086627164559960e+00 1.308796704869899519e-01 3.575510999734779816e+00
2.910662481726999928e+00 2.201357769156009336e-02 3.547769916076979335e+00
2.360639244028039929e+00 3.625936630956501094e-01 3.262970428653529709e+00
2.317854570341100207e+00 4.520407493123007603e-02 3.705089221608379724e+00
2.805137221367020040e+00 1.791266968503699708e-01 3.610373270016679292e+00
2.803204843786869738e+00 1.792714334534999954e-01 3.602639009014279914e+00
2.812456798301810057e+00 3.124506462576299715e-01 3.638747829755720531e+00
2.140751606747630209e+00 3.263296732831899583e-01 3.178879612333169735e+00
3.361549026906680115e+00 1.209719340298140100e+00 3.838658269153209623e+00
4.461550102086639491e+00 1.436365339952919706e+00 3.792665171476599539e+00
2.375132668786410051e+00 2.663602374541500506e-01 3.244110882256169504e+00
2.405054706101850126e+00 3.036370642881800475e-01 3.199837881121079697e+00
2.864447295501340029e+00 1.436652376129998743e-02 3.555039323060719347e+00
2.351665882006630071e+00 4.720418145581994906e-02 3.678226161590049337e+00
2.396943089812960004e+00 3.788018154717699426e-01 3.263041431044199747e+00
2.829045693094550007e+00 2.039248113728400758e-01 3.594336795594800016e+00
2.593374575803680138e+00 9.006036957736002213e-02 3.481566005820039500e+00
2.625620934108800153e+00 7.560163991587004473e-02 3.478548239707489387e+00
2.141341047573059875e+00 2.763501928700798915e-01 3.245866361042250681e+00
2.294151359118509870e+00 2.031065179196199777e-01 3.389644376400589465e+00
2.670704255834390306e+00 7.528495275328001002e-02 3.496006437886930662e+00
2.469804826962870070e+00 9.439627506882003471e-02 3.521964645692150064e+00
2.272396359272810251e+00 2.802664593004700055e-01 3.400465795513449407e+00
2.547512041689210083e+00 3.898382148652100865e-01 3.294565717472329958e+00
2.334481123576380046e+00 4.090943326682999759e-02 3.713716616924199521e+00
2.225329903884909921e+00 2.056518498974500009e-01 3.387913766922419967e+00
2.344457238115329911e+00 1.041385644894199936e-01 3.710098624452220051e+00
2.872613768555929870e+00 1.423631984425000052e-02 3.568810674525740190e+00
4.799787638077440022e+00 1.497102723085539822e+00 4.212221683800489558e+00
2.256635210471999997e+00 3.533567349245003708e-02 3.717675950717099553e+00
2.780712584256329833e+00 2.939507613458600677e-01 3.645116137276979806e+00
2.780384337531910166e+00 2.947101581922499935e-01 3.642783759692440171e+00
4.939083630552359772e+00 -1.721836362663100584e-01 7.149637874405059712e+00
2.588810756674329916e+00 8.386873694983004723e-02 3.477774713756329739e+00
5.098609241335539721e+00 1.283584013652920186e+00 4.859361135943579768e+00
4.993061305004079742e+00 1.093397259415880063e+00 4.876023455261400130e+00
2.766519416869470227e+00 2.866237183430100366e-01 3.608200043191209794e+00
2.686814096635310012e+00 -1.378918380103200114e-01 3.420035577361509205e+00
2.521695253055000308e+00 5.497307543485100423e-01 3.042598441710769652e+00
2.360718923578520201e+00 3.629475958933299218e-01 3.266576713098399587e+00
