2.760826952614109597e+00 3.298877977331898803e-01 3.655842652910319401e+00
2.345299281430030192e+00 2.258091305659100101e-01 3.634460393264260070e+00
2.377698845681039508e+00 3.369428143798299802e-01 3.258779524501330016e+00
2.599448878458459955e+00 1.319137411062200060e-01 3.534618566666039463e+00
2.355629769448429833e+00 9.380094940724992281e-02 3.718837682250799581e+00
2.653504023090589747e+00 4.406141296515598826e-01 3.432862638904409458e+00
2.302658061799599754e+00 3.870938352036898955e-01 3.316638197318649617e+00
2.407569794916180062e+00 -3.919282915422006575e-02 3.624113136392160150e+00
2.370026937966949632e+00 1.726864933999299745e-01 3.635440345401179663e+00
2.359808214984609798e+00 3.094800671103999923e-01 3.333387256820570244e+00
2.482092968108969622e+00 4.298212348905099400e-01 3.329114351661619509e+00
2.645623722827529889e+00 1.203553158359900177e-01 3.575029237493459355e+00
2.525263588527029590e+00 8.765169154982993538e-02 3.517475474476979613e+00
2.470730855016320060e+00 4.315530890004499742e-01 3.325555148136169592e+00
2.524710974111900263e+00 4.576731145208599028e-01 3.225807690481619971e+00
2.052604936359410104e+00 3.819205060929099504e-01 3.180319230875980008e+00
2.526075636050469697e+00 1.819353230635999408e-01 3.512680469518769222e+00
2.160367989745879846e+00 2.402121496553899505e-01 3.429294382989229284e+00
2.258471380246839466e+00 1.028002774091799076e-01 3.746273218758900292e+00
2.781024677993459981e+00 1.064324138256900198e-01 3.565395237431849829e+00
2.191922936804069799e+00 2.655047990614999298e-01 3.382178006095849732e+00
2.529895089065600011e+00 1.327400363705199537e-01 3.504489485488119449e+00
2.422965719461619649e+00 1.191206704640500047e-01 3.569868183346289747e+00
2.287216408208240015e+00 3.803706176181100851e-01 3.289006936045830276e+00
2.394174839852330372e+00 1.060249584812398838e-01 3.634807021539949723e+00
2.432630777356830087e+00 2.031566650799100371e-01 3.547347866819539952e+00
2.159951966988099770e+00 2.402939364302398850e-01 3.424650722288339999e+00
2.281427977677550345e+00 8.494313433972994209e-02 3.740272270977579971e+00
2.635685307260700050e+00 3.655558408853699648e-01 3.580089359330430376e+00
2.336146753779280161e+00 2.412288266266300329e-01 3.607675621044669434e+00
2.189933041379899858e+00 2.655534237654498808e-01 3.383848517586629967e+00
2.126472341087489948e+00 3.327498612164699887e-01 3.369740652152639626e+00
2.125265943984040007e+00 3.229579133946199887e-01 3.350068824883500440e+00
2.404629463040469872e+00 -5.969099400950006462e-02 3.613825429726209570e+00
2.422903887267729761e+00 1.406933965492999650e-01 3.565718951183989738e+00
2.384811991713279955e+00 2.151868242312400259e-01 3.583231525387699179e+00
2.366045343476129936e+00 9.327359613350005851e-02 3.720184242341890268e+00
2.327350599313559698e+00 1.140320899538599386e-01 3.732673064535020124e+00
2.428066843820559928e+00 4.520522380330016521e-03 3.571880956517870409e+00
2.496320659403319819e+00 1.649428925576899574e-01 3.530836617118469967e+00
2.474834938791909966e+00 3.562925926884991101e-02 3.530313504642079714e+00
2.524972042580039933e+00 1.843293541084700671e-01 3.511267816702209998e+00
2.333160357611910207e+00 3.419899224000600979e-01 3.229189053245229868e+00
2.226160863876009977e+00 2.886974094632499543e-01 3.411131772838059462e+00
2.183745467568280141e+00 2.898407812590999555e-01 3.401005241197259998e+00
2.565127101415160205e+00 3.487469532066999056e-01 3.566750567371300029e+00
2.175393191646399771e+00 6.604366242514997376e-02 3.764712074050870605e+00
2.308868230432859825e+00 1.536492573889999824e-01 3.748864733742060196e+00
2.051094080536639996e+00 3.852052946361900210e-01 3.180962927371269622e+00
2.492380584571959989e+00 1.659337467034099900e-01 3.522596148252109316e+00
2.476716812365290288e+00 1.427219153224298931e-01 3.522408263857559341e+00
2.435379240157379943e+00 2.087172206768400651e-01 3.554928484193999871e+00
2.415158298370060130e+00 -1.154903228229300360e-01 3.609295967319550158e+00
2.550206681126740094e+00 1.361158696318999217e-01 3.501106757329759844e+00
2.412061782033159574e+00 6.809265578183992806e-02 3.576544076407300210e+00
2.234902159507759833e+00 3.232212627952099071e-01 3.362235953940009736e+00
2.477174966244700016e+00 4.289833490692099849e-01 3.319655368129669881e+00
2.202380845595099945e+00 7.851196775776003722e-02 3.762756538178479992e+00
2.050393687944899845e+00 3.835057507763000029e-01 3.181886799950119915e+00
2.378223003012839953e+00 1.601769074860099895e-01 3.637570565030110004e+00
2.451470978583659921e+00 -1.019882392026101314e-01 3.585268445894829625e+00
2.475122225550699717e+00 3.638443307782007752e-02 3.530870471248360509e+00
2.522882094833839961e+00 4.583012883131099002e-01 3.224315678453770317e+00
2.444632908431629836e+00 4.052334528654799595e-01 3.263338468157169991e+00
2.100491151919439581e+00 3.487859374174498983e-01 3.273943181152969562e+00
2.474117925612749680e+00 1.487137190255800601e-01 3.520493810639149679e+00
2.437771685209969785e+00 1.941753879386399761e-01 3.548982790655609953e+00
2.257424628951730128e+00 9.649910264968997176e-02 3.736167466899959599e+00
2.332434209776669931e+00 3.401764355936299777e-01 3.225891895160460265e+00
2.175286380792489815e+00 4.349827291847500055e-01 3.153836730847259684e+00
2.369552375693969815e+00 2.391402233541298772e-01 3.560588980935719405e+00
2.360845296597439802e+00 3.025409428768399689e-01 3.534540076022479660e+00
2.620575912004610153e+00 1.204937005612499723e-01 3.523965115040959439e+00
2.481570660391759553e+00 2.604832374805498008e-01 3.547298377539790160e+00
2.224401433554949570e+00 3.422645003276300057e-01 3.365652771775680563e+00
2.299890356695109883e+00 1.141926938837299899e-01 3.719075431518179542e+00
2.410921090246770149e+00 9.940704064041988586e-02 3.570114933056450113e+00
2.556284438077859988e+00 1.444852606752499158e-01 3.503852586715470174e+00
2.452430794557649563e+00 1.528100998913499708e-01 3.544873202922920186e+00
2.124045913594599710e+00 3.223077671769299934e-01 3.344365940783349700e+00
2.424252158681439617e+00 1.234828982360799965e-01 3.573488824642460315e+00
2.373091190749109902e+00 1.372869729942999273e-01 3.663613379933850389e+00
2.400774071393580122e+00 3.548481296577699062e-01 3.484212621296210344e+00
2.413283884189589834e+00 1.833566166450399937e-01 3.582628979714869821e+00
2.050304000095030332e+00 3.865464664564499664e-01 3.183457543454419891e+00
2.205618738181279959e+00 5.450270220268998989e-02 3.717071243499129984e+00
2.526923554761790314e+00 8.659480798363999865e-02 3.499658873174950280e+00
2.382448236936119734e+00 3.300161996232400252e-01 3.362202412794439432e+00
2.355390869860180203e+00 2.702222950474399976e-01 3.584994240338060578e+00
2.273333926707289621e+00 1.240202668434798872e-01 3.748009672949729421e+00
2.312065295564940115e+00 5.341784856833992068e-02 3.762812052261679696e+00
2.297814923295719680e+00 7.640366762451994420e-02 3.748510842504619411e+00
2.089678397611310245e+00 3.450962282712900508e-01 3.229866706998239856e+00
2.123080145399120156e+00 3.236161408941798934e-01 3.344987897259599663e+00
2.079935190342619755e+00 3.538140636502699055e-01 3.220912243826669741e+00
2.099353048980599823e+00 3.482062356870699871e-01 3.268804227835309995e+00
2.387664555153000023e+00 -6.224806378551994701e-02 3.677088058387659508e+00
2.566229571103459950e+00 1.233697179646700004e-01 3.501078254266069223e+00
2.460729493942079849e+00 4.461474349297499531e-01 3.196954872806510028e+00
2.490007377306059588e+00 1.985973405596003216e-02 3.533112793282300323e+00
2.333023482778259883e+00 3.407439888528199790e-01 3.227972073796979480e+00
2.299383778795970112e+00 9.380153866847995570e-02 3.713102281831789142e+00
2.770614900336279884e+00 2.584365100067199661e-01 3.611481480137300082e+00
2.566595777292040026e+00 1.234511031833500083e-01 3.504661145900889174e+00
2.340225805260609526e+00 2.402424398598398403e-01 3.607342659174109123e+00
2.579663334106490069e+00 5.282990384796000249e-01 3.248691448456510145e+00
2.419036901466149914e+00 6.959138412715987210e-02 3.504891956559649913e+00
2.436528155433739684e+00 6.222717579389991371e-02 3.601012090977639524e+00
2.407619565039469833e+00 9.388395561372991915e-02 3.559803842434379639e+00
2.260474567736920015e+00 2.738737130534300013e-01 3.501652349489649652e+00
2.477210770539009843e+00 4.257984366693299272e-01 3.318954637765520133e+00
2.524137997037259495e+00 4.599704867490699289e-01 3.219912066196769729e+00
2.418459120844679511e+00 9.413358042961994521e-02 3.554506782471859694e+00
2.403110938153839804e+00 1.549776769023099576e-01 3.580862972157450308e+00
2.392030593506150105e+00 2.121633482537600424e-01 3.570147511397030016e+00
2.283402870154689790e+00 8.793304515820993261e-02 3.749222685531839794e+00
2.485828430813959766e+00 2.945907148151699628e-01 3.593639202004009547e+00
2.329875846169839448e+00 2.982532021725599058e-01 3.293182052633279788e+00
2.526400214871050043e+00 3.466171076412900565e-01 3.554334082253220117e+00
2.291922455988919971e+00 1.512596742321000165e-01 3.743960563679160636e+00
2.184385727457160087e+00 2.894562999603699227e-01 3.401946943899250009e+00
2.524151647047209401e+00 3.603379940134698867e-01 3.535885113134539459e+00
2.205845554318649704e+00 8.084687545894997385e-02 3.755655217889099617e+00
2.308349229708589689e+00 1.510592041455000034e-01 3.726957374597329675e+00
1.904106220313700026e+00 2.639965978421401349e-01 3.325538161938680126e+00
2.412304431253649906e+00 1.414484735261599124e-01 3.564080936268790190e+00
2.745116763902600177e+00 3.535232154215298683e-01 3.644352792976230049e+00
2.199482707602909759e+00 1.235206985441200667e-01 3.784733433240970335e+00
2.721918404864999808e+00 3.485390945811798202e-01 3.661775397088320005e+00
2.529611751780839857e+00 1.309401992727899366e-01 3.504827072409470112e+00
2.787238903891169794e+00 2.335578630029399028e-01 3.608090075753469961e+00
2.788171214020299882e+00 2.292101891608900877e-01 3.601342887493349743e+00
2.783712177213230277e+00 2.655760394944900460e-01 3.621660344656379316e+00
