2.662089846503139512e+00 2.756929625352600444e-01 3.781274007632239975e+00
2.245518052232839956e+00 1.783462086564800431e-01 3.750543187169530057e+00
2.153295622335580362e+00 -9.895117715025991689e-02 3.823848870216490337e+00
2.339948556441620031e+00 1.606131301551401713e-01 3.693287061885830003e+00
2.500348531681599873e+00 7.991702279768003736e-02 3.657002441214699751e+00
2.251704167090400333e+00 4.651540217892002893e-02 3.835600688465169661e+00
2.399356637777920298e+00 2.232587250027199821e-01 3.673855498774520001e+00
2.055046454584480209e+00 5.257017794236007457e-02 3.910558630696830296e+00
2.561869829012980215e+00 3.881812231367399169e-01 3.551378354454870045e+00
2.425865213586320124e+00 3.680870935460006654e-02 3.638283965437949963e+00
2.381489695679620322e+00 3.808083926179000600e-01 3.443937759266220144e+00
2.438204513498299697e+00 4.056538520462200093e-01 3.345389312054130038e+00
2.290766591867160251e+00 1.673234397346000102e-01 3.704300394206039737e+00
2.418486611355300298e+00 4.477526064362200020e-01 3.354803965590119841e+00
2.470062491933380233e+00 7.330100811778006431e-02 3.629160366003350457e+00
1.966105784018860048e+00 3.374614335612201033e-01 3.289136524509739701e+00
2.281292581519319906e+00 1.888564976423599551e-01 3.688328141854419595e+00
2.317807267122740100e+00 -9.428790875699866181e-03 3.671435158200159421e+00
2.154093387360440204e+00 5.721006002916001476e-02 3.860724566114280165e+00
2.285576607656179871e+00 1.853118863880199307e-01 3.693002832828329751e+00
2.680713152144720279e+00 5.158730288684004739e-02 3.692106668386049950e+00
2.107823411686680082e+00 2.187545256401302041e-04 3.859656567851640130e+00
2.671354265043440090e+00 6.755420502747994105e-02 3.705341958628770360e+00
2.138831281763979852e+00 -4.527341892846004079e-02 3.835327239564719992e+00
2.505382314761499973e+00 9.178136329026004292e-02 3.646696774118220130e+00
2.377157450765400082e+00 9.840001470544007534e-02 3.642007917926109783e+00
2.322904492900240037e+00 7.015089494332005238e-02 3.688159154449210053e+00
2.276378250691339922e+00 1.874994994706600804e-01 3.682223232776180133e+00
2.356848891511400090e+00 9.978856036140010266e-02 3.667824318613319701e+00
2.401203789123639964e+00 3.770627122655601515e-01 3.423052212537700534e+00
2.292394961166119849e+00 5.778046241652001758e-02 3.752452278561579924e+00
2.065379148151559985e+00 1.950472320840400120e-01 3.536406323469139856e+00
2.539353217950140351e+00 3.131096820021800897e-01 3.702490032890640048e+00
2.237247787164060142e+00 1.938094623827400498e-01 3.723497846921580035e+00
2.096715427781780328e+00 2.196539999963800782e-01 3.496228331731259686e+00
2.034715197021800037e+00 2.878246857968000394e-01 3.480404835431369914e+00
2.033807115796959941e+00 2.779774511021600447e-01 3.460744577223340723e+00
2.300608496903459699e+00 -1.081646447052600490e-01 3.732301289775149744e+00
2.323294388929140197e+00 9.170546365225989982e-02 3.683934105883749588e+00
2.313780550976300088e+00 1.324170769915799517e-01 3.711308886621250025e+00
2.286035009516620420e+00 1.668797678878200519e-01 3.700290017718629976e+00
1.895106757236820094e+00 2.148613366084999865e-01 3.452127494057330104e+00
2.262075407589639653e+00 4.582289984075998968e-02 3.837192332331200273e+00
1.953907769246220116e+00 2.564144633539400808e-01 3.455190471468279956e+00
2.397893947954239824e+00 1.146145390297999556e-01 3.650693800114329868e+00
2.515304373771320101e+00 7.312719063728007063e-02 3.649462455412870288e+00
2.349738173437899924e+00 -7.252184731621996727e-02 3.675686887227220367e+00
2.374301763771880402e+00 -1.433121294407996293e-02 3.650121050559749669e+00
2.427309109751320193e+00 1.334533538239200401e-01 3.631732735666610257e+00
2.375693363861760332e+00 6.672378347988000558e-02 3.642832688719249923e+00
2.378640143565720066e+00 9.747615440820001087e-02 3.643514057229800152e+00
1.982962971026200227e+00 2.623939015618800830e-01 3.389528150824780095e+00
2.186484605238860013e+00 1.100166456888601041e-01 3.862170845943930342e+00
2.244749889655559993e+00 2.931349491777201499e-01 3.344694506559840352e+00
2.237426451022940022e+00 3.756813501647000009e-01 3.412073160048110232e+00
2.132672761980360043e+00 2.423078129891999555e-01 3.524270270792309923e+00
2.334861651940180138e+00 3.448379513245991568e-02 3.669979659218880030e+00
2.376815248692560445e+00 -1.612397439511999431e-01 3.606164403086780101e+00
2.468858406340600276e+00 2.974060663312401709e-01 3.687563509193239941e+00
2.406924044877739810e+00 4.393494277036598672e-01 3.334435176159909808e+00
2.201547485057339770e+00 7.222069285198001731e-02 3.840644178526450236e+00
2.070014190885020255e+00 2.188987261682001639e-02 3.877343807754340510e+00
2.205245794287360006e+00 1.072371524135999898e-01 3.864316075193960476e+00
2.193059699457180045e+00 3.050852047233992836e-02 3.855177466338059578e+00
2.394164019179040093e+00 1.156377236041999379e-01 3.642360010946049886e+00
2.337135489676220423e+00 1.594735864890200472e-01 3.673200282060029576e+00
2.310320717421760151e+00 -1.641459829163601225e-01 3.728214722823469884e+00
2.451977318469360068e+00 8.479424556272008306e-02 3.622333547178580027e+00
2.311009763960619967e+00 1.933447759534012711e-02 3.694756803696349845e+00
2.370285109334400175e+00 6.817838830751998813e-02 3.646454119621359791e+00
2.143119145289340111e+00 2.764937929032999508e-01 3.475471706435999675e+00
2.385132711464179600e+00 -1.669079147418999765e-01 3.668644819953850167e+00
2.351806855544539943e+00 3.505619217890004746e-02 3.689058235746060177e+00
2.265849512600579985e+00 2.482341002044599620e-01 3.665417765657419835e+00
2.507830125804600296e+00 3.412169525318000107e-01 3.638560549889060081e+00
2.055904710192240081e+00 4.122816687656000179e-02 3.890140235336640107e+00
2.145582419178720279e+00 2.834323853524400305e-01 3.484007300423990205e+00
2.096350422908299649e+00 2.200142060023399515e-01 3.497673622118379733e+00
2.371262508971800020e+00 -6.907051389832002952e-02 3.643044052441330116e+00
2.347401262783599840e+00 -1.513334132434799861e-01 3.704995980096709829e+00
2.498844136220260026e+00 -6.383462129986000599e-02 3.636361751286099953e+00
2.383032678266100213e+00 3.689761229707800294e-01 3.438027149899459900e+00
2.436421520645000172e+00 4.063060714900799675e-01 3.343852741584489863e+00
2.356420815945360125e+00 3.546779008866400296e-01 3.381220216802880429e+00
2.011243244217819637e+00 3.039115597197800667e-01 3.383970329041200209e+00
2.298987926175680041e+00 -1.082326779864800081e-01 3.728025337701380337e+00
2.423563153958339988e+00 3.382373636370000769e-02 3.624087146165950291e+00
2.364687935696339949e+00 4.053099778000999742e-01 3.350329442348670028e+00
2.375674548987840140e+00 9.871083984759998486e-02 3.639891399720220022e+00
2.314480293863919957e+00 9.252207721283994823e-02 3.685639426893029924e+00
2.472049377706060369e+00 -1.265092714678600072e-01 3.593633268476830178e+00
2.339426427977380207e+00 1.448715616127401185e-01 3.667363123474810305e+00
2.259503265891260160e+00 1.973046438029400496e-01 3.703635145209630330e+00
2.259521376708439888e+00 2.213959210319199067e-01 3.699561534307409971e+00
2.259515377505720402e+00 2.417788733449600103e-01 3.635013347698270003e+00
2.261031134619880145e+00 2.442413938168400134e-01 3.649452244388859956e+00
2.384676070556360106e+00 2.407080492452800535e-01 3.689046274851529805e+00
2.244071121249800349e+00 2.913207947622399874e-01 3.341387635941569734e+00
2.368351086261520244e+00 3.583535057131201351e-01 3.480327140466940250e+00
2.014623612073259906e+00 2.988051617473400090e-01 3.388077990513550297e+00
2.133453609626879910e+00 2.405211386817600050e-01 3.525292075783080126e+00
2.506997841614920119e+00 2.629383543568800108e-01 3.711315461190070053e+00
1.964426888535520055e+00 3.395536458219199916e-01 3.282145178115119855e+00
2.085194956058240123e+00 3.947332040858399504e-01 3.265828288997939755e+00
2.271703905365660248e+00 1.909915525385000312e-01 3.677213027187239636e+00
2.003030053053939774e+00 3.068821786727399803e-01 3.364016297968950298e+00
2.262466836642440082e+00 2.005920149628799831e-01 3.698987312807569872e+00
2.521527608818260102e+00 6.811146342150004029e-02 3.646886102048259470e+00
2.384337724118539725e+00 2.104467034165800610e-01 3.666471455286820280e+00
2.161697393489080188e+00 3.564417191224000248e-01 3.395951052005029780e+00
1.993400690533279951e+00 3.125021962548799048e-01 3.342356423013839617e+00
2.216168241357159729e+00 2.669788811850800081e-01 3.386090706942120221e+00
1.892457645196299998e+00 2.024068561112999931e-01 3.423268448755859783e+00
2.353494908097919946e+00 1.032562600521199636e-01 3.663742381721990071e+00
2.350154443566960349e+00 5.292517143480002240e-03 3.632643007293450133e+00
1.910452570729520128e+00 2.064951190260399527e-01 3.405881950715369921e+00
2.344506444189780048e+00 2.111507256786004927e-02 3.717985558784450362e+00
2.373457669714440055e+00 -9.717871972508002054e-02 3.668027700399419722e+00
2.324177708926299601e+00 7.450551699941998507e-02 3.691793598991349956e+00
2.310890664039519926e+00 1.304274956656799600e-01 3.701243763343259996e+00
2.335864854239779742e+00 9.646352148021986039e-02 3.590387329285360085e+00
2.313985697312340051e+00 1.345857702353800422e-01 3.700465025457009727e+00
1.963808677303819916e+00 3.421365859035400692e-01 3.292203945295760548e+00
2.244970558528500248e+00 1.664891147690599760e-01 3.726054736743109608e+00
2.101148951243700047e+00 9.670833175900006573e-03 3.830463667255139981e+00
2.270887082985499905e+00 1.285602483996600154e-01 3.741562617924530265e+00
2.697706747814339945e+00 1.287972901289996530e-02 3.674512550689849721e+00
2.568063883403380210e+00 3.936343086545799896e-01 3.555661003512570417e+00
2.684510722186620235e+00 5.739272764586006437e-02 3.710351239475879748e+00
2.083481133474160085e+00 2.411108637698000101e-01 3.513839553161870022e+00
2.611062683250400251e+00 2.366518134753199942e-01 3.773469099551669981e+00
2.427922753896019969e+00 3.565560089665997801e-02 3.620514873474969697e+00
2.402211150619059765e+00 5.760643358333999986e-02 3.590534965359559738e+00
2.165072655912360311e+00 2.224551278886400252e-01 3.599065950883370224e+00
2.419844580650480026e+00 -1.666206947625198942e-01 3.608113710753270365e+00
2.436581888981460331e+00 6.423405618186001087e-02 3.628230753286829646e+00
2.093900269652100299e+00 2.447756614937400266e-01 3.495403369950460082e+00
2.317968649058180119e+00 1.289712038142200035e-01 3.722897715125139673e+00
2.293151432953179913e+00 2.054646603875401323e-01 3.650609676588460140e+00
2.257490178715680251e+00 2.223957873540801100e-01 3.701171406251200224e+00
2.295239196194359899e+00 4.817369559985200111e-01 3.217073702645979694e+00
2.265908869248060231e+00 1.503815881621800021e-01 3.800062943570320151e+00
2.206467212220400320e+00 7.021779256640048317e-03 3.878685201687180228e+00
2.317376584499259984e+00 -1.805202979718600331e-01 3.703217381159370269e+00
2.200388493512120291e+00 3.522380725497599729e-01 3.405410704113870146e+00
2.001402440573560426e+00 3.002281120420800531e-01 3.339666197805430503e+00
2.027869313467100199e+00 2.311774064593000166e-01 3.539082469055039759e+00
2.032010566322099976e+00 2.765490515862999987e-01 3.458545515699019468e+00
3.201598012317500519e+00 1.217743771665340313e+00 3.952528622800990377e+00
2.010215953041420089e+00 3.033306031930600999e-01 3.378808223215900242e+00
2.282132599750899882e+00 -1.101979730153399006e-01 3.795158377542289685e+00
2.097433842049500008e+00 -6.779640736737996276e-02 3.838060137801569738e+00
2.467784649069280078e+00 7.178756623035997819e-02 3.622724444888910433e+00
2.085330842011380081e+00 -4.619550463193999867e-02 3.886637624137660119e+00
2.444538228644059785e+00 -6.212996966034006752e-02 3.633303900180010260e+00
2.389143281307279931e+00 -3.033593567976000660e-02 3.653329642962080293e+00
2.244620963473740183e+00 2.918867045290199358e-01 3.343479028363729899e+00
2.707673976125279935e+00 1.357474688840004662e-02 3.702660633421260172e+00
2.195614905045480292e+00 4.741419675491997943e-02 3.828551330176179768e+00
2.236622364012980313e+00 3.685915165423800377e-01 3.404819227887159627e+00
2.263449922550299753e+00 4.844252543425997537e-02 3.839693025821259820e+00
2.671733202428860032e+00 2.039192783026200773e-01 3.737404343287349828e+00
2.468068460786640106e+00 7.187686457219999436e-02 3.626314614776189771e+00
2.219384756154039628e+00 3.660816997933600825e-01 3.395422292332769931e+00
1.981348633910620105e+00 2.646915238548600002e-01 3.392019586370810469e+00
2.241316716360279848e+00 1.927551667109998479e-01 3.723263838302219852e+00
2.321893447250539921e+00 -1.341107041260003463e-03 3.687853486290239680e+00
2.462420285695199773e+00 4.357612708994400008e-01 3.381655730711219832e+00
2.399567874565540215e+00 3.812092921723000960e-01 3.460140912530699886e+00
2.431765934402120077e+00 3.930469337568009980e-02 3.639101835293890197e+00
2.164393966736939845e+00 2.139493451624999154e-01 3.579327748529260056e+00
2.421902940008480165e+00 6.609216505171999767e-02 3.634803729528409910e+00
2.132649300189340291e+00 2.408515573375000218e-01 3.529657880410029591e+00
2.411559769027640243e+00 4.302367724400000815e-01 3.358223880628349534e+00
2.493762545780960238e+00 4.754593634827199433e-01 3.369304695660879645e+00
2.319678247750279976e+00 2.044051149539982681e-02 3.623282621619740240e+00
2.511045966406819652e+00 -6.165671221401997082e-02 3.658191269927880018e+00
2.146041104463920046e+00 2.383173773156000430e-01 3.555058892234320034e+00
2.413886571956799898e+00 3.956232706604399518e-01 3.414225497105189522e+00
2.422736074717319887e+00 4.044677141724800085e-01 3.432146948284529930e+00
2.307026409783199838e+00 3.713298625668004505e-02 3.635949303918769804e+00
2.344787588070220252e+00 6.355539307721996822e-02 3.663888245783659681e+00
2.296142846341000077e+00 -1.228732620997599612e-01 3.738553858838229882e+00
2.498333249575700243e+00 -6.096626878330008159e-02 3.631148621000499954e+00
2.387355688435659928e+00 3.810385263425801194e-01 3.435004120587840326e+00
2.164616882758040095e+00 2.272762848888801313e-01 3.615620006518450058e+00
2.448223099838400252e+00 4.200451579661201307e-01 3.355132680057850258e+00
2.160507654571920177e+00 2.226147096583999674e-01 3.606877263304620218e+00
2.437807102652179925e+00 4.079373747372601611e-01 3.339473891607360301e+00
2.318347013234720144e+00 4.518142022807991598e-02 3.672784128711619633e+00
2.027120943811079989e+00 2.291335547814799534e-01 3.530324802713739718e+00
3.170878222356539933e+00 1.183047877816820082e+00 3.912961671119339790e+00
1.964873972784260125e+00 3.419307115343800940e-01 3.281655423095820368e+00
2.303391214965079925e+00 1.063704685221599777e-01 3.698560933493249436e+00
2.334757609812299961e+00 1.532018198854199764e-01 3.663523971735310081e+00
2.336473662357660075e+00 1.572740974534199698e-01 3.681163466320929611e+00
2.285663844034520054e+00 1.580983427253200291e-01 3.664490114319399972e+00
2.293506161564260015e+00 1.636877599781799142e-01 3.687389087966249868e+00
2.509891495234640058e+00 9.198381928984000755e-02 3.656883982744079553e+00
2.270225192524879976e+00 9.094787429679990209e-02 3.775012108203020134e+00
2.178701320344820225e+00 4.194837583190003105e-02 3.864308393886580095e+00
2.414372404909280068e+00 4.489607203310400085e-01 3.344436858672319879e+00
2.128520713543320397e+00 -5.368722633000000410e-02 3.833208678755970489e+00
2.388073813012620228e+00 2.446596868484999798e-01 3.712779487219839858e+00
2.068582251015340212e+00 2.379381209693000598e-01 3.578093739539359941e+00
2.239254302688959974e+00 2.497067484006399440e-01 3.408745915819759720e+00
2.567767259398600288e+00 3.939550327236800986e-01 3.553504778569130274e+00
2.193033275245759750e+00 6.572931069295995243e-02 3.834869877768839697e+00
2.430401921379639951e+00 2.958620687851200581e-01 3.674252155375750117e+00
2.188382020317459986e+00 1.051061803487399748e-01 3.859025291773749977e+00
2.091141403429860102e+00 2.437145818577399203e-01 3.514108258430220122e+00
2.428810391278100056e+00 3.095461478911799014e-01 3.655707714063200164e+00
2.603377313130319948e+00 -6.655383994632008138e-02 3.752188164370239942e+00
2.579314977758739857e+00 1.509099830245398954e-01 3.765679146958540002e+00
2.100908966426699997e+00 3.615744718170005312e-02 3.868949918110099695e+00
2.411892286062499835e+00 3.148540880993800362e-01 3.615532475946070079e+00
2.312749887062319765e+00 9.262753461623995932e-02 3.682045990515320444e+00
2.666251562958259935e+00 2.050614960721401370e-01 3.730642472294079859e+00
2.094572410502279602e+00 7.904231805156008983e-02 3.897721766844060465e+00
2.623365594904259801e+00 2.950014181936198576e-01 3.786229742607110094e+00
2.623018097181760044e+00 2.957002508727599177e-01 3.783881276506749991e+00
2.431218842919939949e+00 7.997080181798005283e-02 3.625589239752959880e+00
2.684705139776100147e+00 2.108829962626999621e-01 3.747861701187140238e+00
2.653088584626480007e+00 2.750271032885999722e-01 3.779001569008530126e+00
2.081459289771160126e+00 -1.431872729596000982e-02 3.857258750737520003e+00
2.004895746922920274e+00 -1.511895355431996935e-02 3.967338116849029817e+00
