2.142192318066769907e+00 1.104768754216199911e-01 3.854565740755179881e+00
2.039917106221210030e+00 -1.644286937883198130e-01 3.923407956510870598e+00
2.141972029813929979e+00 -2.186945393264000392e-02 3.939045372079239549e+00
2.470269949438580248e+00 3.112663023594899880e-01 3.670659030056059535e+00
2.299577536320479787e+00 1.513607756210500477e-01 3.782991695189799941e+00
2.011577065925020058e+00 -1.235334219190898364e-01 3.951104434982709357e+00
2.193011146552680035e+00 -1.570495051034399014e-01 3.846962744186100736e+00
2.191940507348649980e+00 1.375695655587501620e-01 3.759086989555459724e+00
2.162014905812060128e+00 -2.322477574074500173e-01 3.872972673255479670e+00
2.470459269355470333e+00 3.121712251978500663e-01 3.666587015576410202e+00
2.574731323859530185e+00 -3.154966574727985362e-02 3.807335733468629968e+00
2.306805241115680083e+00 3.074726200970699375e-01 3.560141429963070259e+00
2.304480267408020033e+00 3.081788040845399590e-01 3.557671445842229829e+00
2.440296509962959881e+00 -8.330199943219929182e-03 3.811367334927210138e+00
2.188546749251280232e+00 9.838904424933009318e-02 3.809705084746100034e+00
2.335080931249679637e+00 3.766986537981600880e-01 3.465943308535489820e+00
2.117082788818700045e+00 2.950145825519400744e-01 3.524196690400019705e+00
2.367397161626510371e+00 -3.341730930698227908e-04 3.739708548727009862e+00
2.516596621842079884e+00 2.117268100394301134e-01 3.894594144829969906e+00
2.198438877040340245e+00 5.998037156009011772e-02 3.783679719002019937e+00
2.180192255793059974e+00 1.202561330408600249e-01 3.793562745162859962e+00
2.327214786371439637e+00 5.855341515217005188e-02 3.742735578838319199e+00
1.998619600314319955e+00 -1.758719927572298114e-01 3.980505405389049400e+00
2.575262607874529763e+00 -2.830878388634999743e-02 3.809111686100519201e+00
2.004778004628470001e+00 1.570322107304899517e-01 3.594380497459209955e+00
2.329270713080880295e+00 9.237104646520055695e-03 3.734640431361880175e+00
1.985593524538790122e+00 -3.406798406932987078e-02 3.962071804640990180e+00
2.565945522640249887e+00 -1.214427563491998763e-02 3.822134905010799777e+00
2.129160766596670307e+00 1.232332598324700212e-01 3.827378655743030045e+00
2.218422532446809647e+00 4.195142874501289754e-04 3.794043132611080615e+00
2.259831035031360180e+00 -1.717629628497799321e-01 3.756862783977559239e+00
2.313667810586020224e+00 3.062119269893200380e-01 3.533223911427660013e+00
1.969434978869860187e+00 1.332761937131399788e-01 3.634978331799460172e+00
2.041273423397440112e+00 2.318926306964801953e-01 3.587305890999100022e+00
2.314536342277770053e+00 -1.790564530841000646e-01 3.702363265771639433e+00
2.241385136888140117e+00 -1.438534806344900496e-01 3.783813482746899659e+00
2.441081770148640029e+00 2.370688846469100608e-01 3.816500565043109638e+00
1.943181546339090016e+00 2.271452064076801558e-01 3.578556121717259231e+00
1.942616040947499956e+00 2.174189941970199880e-01 3.558822916853040752e+00
2.210334207121410266e+00 6.281150921761996520e-02 3.817239079202670027e+00
2.152264279640919931e+00 -2.286337196462989718e-02 3.940957760612460170e+00
2.241599255215500186e+00 -1.428978893101000014e-01 3.781630349522229650e+00
2.326298396263810186e+00 6.099464682681010608e-02 3.741270823281420022e+00
2.276286459150000052e+00 2.635883650999004679e-02 3.751320369321859971e+00
2.150344144906870092e+00 3.095298106511700786e-01 3.517104547914350121e+00
2.038384471358269945e+00 1.786638254728601383e-01 3.625220928446459823e+00
2.229935479218680072e+00 -3.548785047157998473e-02 3.776050830175369910e+00
2.370677378787959810e+00 2.234415260780200918e-01 3.799283146687180590e+00
2.323933559332389986e+00 3.687215448259599238e-01 3.445175647841389743e+00
2.092426661290609946e+00 5.225188538700020757e-03 3.942654819291989909e+00
2.081252120198210154e+00 -3.131479530110997667e-02 3.947476080152290123e+00
1.958434183954820051e+00 -4.152230849216997921e-02 3.974930942737509909e+00
2.096363701344119868e+00 4.001243056006004162e-02 3.966624303295760434e+00
2.082311364837299728e+00 -3.629626825403997614e-02 3.956683850358829524e+00
2.292345303647250088e+00 4.407770392343002275e-02 3.750754344228319326e+00
2.197976046507470027e+00 -2.336091451708899869e-01 3.832388355862399898e+00
2.349867665096099678e+00 1.169920368272009403e-02 3.732381338076200095e+00
2.258081518429760237e+00 -6.582217909940990541e-02 3.788662177164970224e+00
2.267019499662759952e+00 -2.703347273929956884e-03 3.753834852629560181e+00
2.051324182221599735e+00 2.127655359327301210e-01 3.576963855972469908e+00
1.987972526560730202e+00 -1.314331479427999771e-01 3.940189871241360109e+00
2.061361394965389948e+00 1.037541427643007275e-02 3.970973228270890054e+00
2.246280359652419900e+00 -3.548505261977991099e-02 3.795654514979550420e+00
1.985582343302810138e+00 -1.318910422659299586e-01 3.937710681849679872e+00
2.042902028030470163e+00 1.880848207422701202e-01 3.631851950986419553e+00
2.436113173194570436e+00 2.347845673086100260e-01 3.810932642005170123e+00
2.282512787911330054e+00 -1.658036447665199309e-01 3.720868966904260056e+00
2.053712029467110067e+00 2.195917687486100278e-01 3.585610755807839389e+00
2.297455262894730232e+00 -1.169120185859098826e-01 3.735066798185050274e+00
2.392056293537979883e+00 -1.382632765560200538e-01 3.747051155819489665e+00
2.352175373452889851e+00 3.348110806385301008e-01 3.455331201158339915e+00
1.923223911062959868e+00 2.443387732548099600e-01 3.481523100614629662e+00
2.235957766145779679e+00 -6.007000986848004542e-02 3.782421333187560464e+00
2.273472537015139849e+00 2.769397178271004734e-02 3.747613335419879732e+00
1.972707732230490008e+00 1.423119860085300670e-01 3.653312010506439833e+00
2.425216127951910217e+00 2.775841009900499867e-01 3.598543842738259890e+00
2.147550924589410215e+00 -2.335231199619985931e-02 3.938213114993709851e+00
2.171022730596479988e+00 1.227139672804801185e-01 3.782164246163549848e+00
2.328592066940240013e+00 6.667830189526002815e-02 3.760338804993719641e+00
2.418111095081020068e+00 -7.064283698839990411e-03 3.759011233267210095e+00
2.138028304379240296e+00 1.142831493894200801e-01 3.847761378363319551e+00
2.284443256023299895e+00 1.390145118716299977e-01 3.775069379625150212e+00
2.041515210873920516e+00 2.322601013750800747e-01 3.579850163413570208e+00
2.126856430507400031e+00 2.015960675186200812e-01 3.489867423026660198e+00
1.800441763028820086e+00 1.460647410711899963e-01 3.516513439196829793e+00
2.250689299559470058e+00 3.275632094267999506e-02 3.770781488168359452e+00
2.237681373968370302e+00 -4.934739263210002891e-02 3.824261048142529873e+00
2.264843130606180033e+00 -1.681821681407100200e-01 3.774582905316860248e+00
2.210942136495530175e+00 6.502377584799012844e-02 3.806419147228170097e+00
1.879802695680600211e+00 2.843197115949401277e-01 3.388526426610150466e+00
2.142082533501589836e+00 9.875379443228010645e-02 3.830006996576369893e+00
1.706240252579650063e+00 5.551131924683011531e-02 3.675176549722050545e+00
2.165115497642720044e+00 6.933563072611997891e-02 3.864401464745749415e+00
2.049742030295759854e+00 4.729043649170094898e-03 3.936252459707979767e+00
2.113468251565669753e+00 9.462709059400720157e-04 3.931263426055140009e+00
2.476666679480050259e+00 3.174264157549099852e-01 3.671091964390170048e+00
2.314989716105470219e+00 3.573104376794400960e-01 3.443881480428530040e+00
2.578645579612480088e+00 -2.269814401599984377e-02 3.827498231907790149e+00
2.601788671741299908e+00 -1.866447880502003498e-02 3.864377878222700069e+00
1.989531853675589934e+00 1.789117317583000522e-01 3.613245581197840117e+00
2.324505330769009781e+00 -3.672805526408995380e-02 3.729537271120809905e+00
2.300381053625800032e+00 -1.391760087633003851e-02 3.698887267427969583e+00
2.067837786299770109e+00 1.575529999544101334e-01 3.700885388854899816e+00
2.233428844752739728e+00 3.962828595770001572e-02 3.778732285734260010e+00
1.658888850549350202e+00 6.953170158791005528e-02 3.575545850663109704e+00
2.217243730627500131e+00 4.148052963480199362e-01 3.324604138667099917e+00
2.059638809490709654e+00 1.200645549181000860e-02 3.963753279874990376e+00
2.205351384935770209e+00 -2.500609913400399509e-01 3.807534550165350140e+00
2.588610509068720145e+00 -3.053448191767998976e-02 3.824252428397599601e+00
2.081899744162550192e+00 -3.665989047653994692e-02 3.965470389770190174e+00
1.932893923596679997e+00 1.704434899858600638e-01 3.636676040303469470e+00
1.922343841403420184e+00 2.438111508516301318e-01 3.476328173872350824e+00
2.265685391688279982e+00 -1.368178591899915642e-03 3.737710738222229878e+00
2.262760068700000460e+00 2.297873077936013475e-02 3.730327402415100302e+00
2.172340972357400091e+00 -8.606428961107998044e-02 3.845657953091840220e+00
2.332651096542200264e+00 9.821621316330020335e-03 3.739103228738339446e+00
2.164984992712110312e+00 -6.616540171005003135e-02 3.854825518083449865e+00
2.169225619439650199e+00 -1.791939784226999621e-01 3.898711904172210474e+00
1.710066496593420027e+00 4.424573966458994478e-02 3.662241061863889868e+00
1.984536580149129925e+00 -1.317674418802899372e-01 3.936031664835789812e+00
2.282993658330569886e+00 4.201967379640009215e-02 3.727311017496159451e+00
2.027183114533490205e+00 -1.726871923125499197e-01 3.933183482824790467e+00
2.365281493611790076e+00 -1.752498769809873735e-03 3.733196064376559598e+00
2.144939872410450032e+00 1.927957477273499198e-01 3.516323976620270741e+00
2.191590188032220166e+00 -2.164625312702900817e-01 3.850738589686350188e+00
2.309576749889740377e+00 3.192756432300901115e-01 3.551994545356300215e+00
2.600794000989820276e+00 -6.711967716339989343e-02 3.820296008617120265e+00
2.086180521414699562e+00 -1.934660804729004813e-02 3.930244851265659811e+00
2.149569336814080245e+00 3.024993698427201338e-01 3.509789877553290083e+00
2.153632671164539936e+00 -2.029543401146988169e-02 3.943514789497269746e+00
2.301536773715699979e+00 3.762074104187002055e-02 3.736374872426869942e+00
2.132572503462009994e+00 3.005233496884998634e-01 3.499843035398820135e+00
2.209156468710840038e+00 2.176292780289001971e-02 3.776009694893000201e+00
2.024916093117250071e+00 -1.685809229672600162e-01 3.916814588377570239e+00
1.689514501278249980e+00 6.003351863777006692e-02 3.620254364892399934e+00
2.192370937001210329e+00 -1.583684168671999903e-01 3.839369055900389682e+00
2.310981435791499727e+00 3.102312064169299721e-01 3.570265383934169812e+00
2.038150134170310324e+00 1.771838510217501050e-01 3.630597016929310250e+00
2.262143043651839935e+00 -2.351823432930298385e-01 3.746462842503950341e+00
2.094091658063589989e+00 2.789980045963300070e-01 3.550686818804440037e+00
2.327558231195950178e+00 3.593707749500301696e-01 3.469047339868219559e+00
2.284517269587840183e+00 -1.629835774000600312e-01 3.741248512113109825e+00
2.203272457980649968e+00 -3.189200561019978064e-02 3.741179108079879967e+00
2.066996728473410094e+00 1.623083228734501504e-01 3.717443394444940097e+00
2.363998572029689882e+00 3.481572606207299914e-01 3.467051620445280147e+00
2.353743757636240108e+00 3.364226969258901634e-01 3.451007062262210212e+00
2.213649108176900082e+00 -2.433899466885997009e-02 3.778394893789839948e+00
1.881193688855899993e+00 2.841326130060700117e-01 3.378015542610009803e+00
2.351657238975390030e+00 2.844113984466006828e-02 3.733836331931779995e+00
2.199620954059570366e+00 3.712962735965008587e-02 3.804027659984780207e+00
2.197801011241069968e+00 4.048375410352011983e-02 3.784003128027119800e+00
2.233385054057709596e+00 8.321397804652003183e-02 3.770251441055710195e+00
1.702434802378490097e+00 6.473376418432003065e-02 3.636941741355010471e+00
2.406843937397840083e+00 1.708204822876002726e-02 3.768770943821319719e+00
2.163639885157140341e+00 2.230004558539000481e-02 3.879314240701200234e+00
2.083585066883670400e+00 -2.247706285174000396e-02 3.914027388751200043e+00
1.694621713405960239e+00 6.639121534119013512e-02 3.730531572237520521e+00
2.027387618056730290e+00 -1.923369507315898508e-01 3.965644278530999323e+00
1.689624675738119919e+00 6.226020076108995660e-02 3.603899769744650428e+00
1.702755299233700059e+00 2.988932785220055344e-03 3.717014051694100374e+00
1.970786472295090075e+00 1.361503187672400972e-01 3.633845390508939843e+00
2.167322896195369886e+00 -1.789736176377998977e-01 3.893647802959810278e+00
2.418817139610000222e+00 2.925700904613400266e-01 3.678198012634579683e+00
1.972531660912320017e+00 1.758651095193700109e-01 3.676982184983949686e+00
2.148720397370800228e+00 1.835708580067199613e-01 3.513139937698720239e+00
2.079621642864230235e+00 3.838544600088011904e-02 3.960795351734689440e+00
2.077124094709170254e+00 5.025612715077004689e-02 3.971554309945900307e+00
1.705859425238660076e+00 4.830466993182003232e-02 3.680854239611239365e+00
2.474439153430660010e+00 7.350913951480003705e-02 3.880014682953450311e+00
1.989968464661100223e+00 -2.809845161390001067e-02 3.967589459772949745e+00
2.333140000897360178e+00 5.732177060497001264e-02 3.750597864139550097e+00
1.992638570112220009e+00 -6.229258886320981903e-02 3.971954062155780285e+00
2.309063420340780048e+00 2.481040923642200968e-01 3.707562663703059869e+00
2.168772690557029925e+00 5.543568168921009232e-02 3.839197535935039873e+00
2.316524840083149961e+00 2.428330133756500531e-01 3.725597911171729670e+00
2.165325683911030197e+00 8.631009420821011968e-02 3.919662365968400231e+00
2.422350698142280212e+00 2.964268824915400891e-01 3.684766793853409439e+00
2.035069250233959792e+00 -1.070435593280499309e-01 3.936826445063389635e+00
2.508932522354900385e+00 9.526510935733006891e-02 3.897548641567680328e+00
1.997410751690110065e+00 -1.733571089765998385e-01 3.962424712333610266e+00
1.986191285279560015e+00 1.658188957007006303e-02 3.997008390988960436e+00
2.047880563558999611e+00 2.474766261169997206e-02 3.931968609057370223e+00
2.214096243778260309e+00 7.519043531713004436e-02 3.764132783178339992e+00
1.961963981213750152e+00 -3.943986183777997701e-02 3.979829815830830064e+00
2.316926360183430234e+00 -1.527128955911993824e-02 3.736913439948100546e+00
2.521615246061270188e+00 2.169148902468598927e-01 3.900379103201720099e+00
2.584815972581110177e+00 9.840631784914999347e-02 3.852405589082409598e+00
2.585920456779819965e+00 9.402183458063018140e-02 3.845708393235890199e+00
2.581988877335180010e+00 1.305491733638600160e-01 3.865844263250370005e+00
2.551229240380010310e+00 1.954195666502800965e-01 3.896331001940880334e+00
1.700516697711369929e+00 2.192565364949006224e-02 3.679103835526889910e+00
1.700377683322530142e+00 2.029952130505002783e-02 3.677518467499849564e+00
