-1.737400413625098672e-01 -1.420539242432939941e+00 2.825366938171780085e+00
3.090759504742299768e-01 -1.261312446158609823e+00 2.835974248252989938e+00
-8.268348915032996960e-02 -6.266777563351999536e-01 2.957144244014870083e+00
2.532618239924900871e-01 -1.322435712997380053e+00 2.778713547414820795e+00
2.540094979873400716e-01 -1.368229551865769889e+00 2.868389411120260135e+00
4.214148177359698932e-01 -5.326753528415699712e-01 2.856692678863119728e+00
-2.256608833932099989e-01 -1.230186535280539895e+00 2.955183953652050111e+00
1.269710344087069842e+00 -7.642905966118699324e-01 2.692418344606399838e+00
4.070958209086700252e-01 -5.811102954693099232e-01 2.942292369152220033e+00
2.338756784857100035e-01 -1.233125376903939863e+00 3.018423656611740391e+00
-1.978032363094799906e-01 -1.279351146786329885e+00 2.941267425435670546e+00
1.117052075042580306e+00 -7.663852052628600253e-01 2.747925657538869970e+00
9.216951067569499889e-01 -6.766011957120799947e-01 3.009978293407910233e+00
4.780555821010400441e-01 -6.349371807104500220e-01 2.990469792492390422e+00
9.648059058006098754e-01 -6.412710751608999837e-01 2.996664762108120161e+00
2.575207711938301003e-01 -7.447005490870299838e-01 2.962819626244650451e+00
-1.855936161773599213e-01 -7.212301482354001037e-01 3.053283576947440459e+00
4.113048315703501379e-01 -3.599106670279800246e-01 2.637166647513760065e+00
-1.523431018418500149e-01 -9.893800987494000276e-01 2.929507425114880270e+00
-1.828408571585499742e-01 -7.189635667062800328e-01 3.057667029107569601e+00
-6.172026735835989264e-02 -4.830279328208400003e-01 2.798918953624870198e+00
-5.606496598401999876e-01 -6.423045025990798962e-01 2.892717336062049949e+00
-4.121496605842098759e-01 -1.298858615561929719e+00 2.886032445791150369e+00
3.252751608474800937e-01 -4.087300225650699614e-01 2.724627388181700027e+00
1.300036474694409971e+00 -7.694556423356000430e-01 2.701200473867570562e+00
5.612174528757399861e-01 -7.582264834301699619e-01 2.950338602644089647e+00
4.111610203235299688e-01 -3.631990819721699904e-01 2.637743837189920448e+00
5.802870386673101288e-01 -4.120071974349599486e-01 2.670039323872300141e+00
1.119343829947029967e+00 -7.103306525187998988e-01 2.736087232418610071e+00
1.117624376560870214e+00 -7.651126304148900825e-01 2.750836154621770113e+00
9.030067983799300313e-01 -7.663065314815599161e-01 2.953344392449139821e+00
9.401383221432900728e-01 -8.010615874840900652e-01 2.924803266821970116e+00
1.092081731964099856e+00 -5.717993591386399954e-01 2.898835143974030082e+00
2.418058601649900607e-01 -1.313712871915669878e+00 2.935845476024240064e+00
2.569009128442699685e-01 -6.876045792772900178e-01 3.011419764937170118e+00
-1.851734241742098996e-01 -5.603323644811399884e-01 2.883499246311500119e+00
4.388930183219300618e-01 -7.220771252341799951e-01 3.107671645387270587e+00
-5.533272737433199140e-01 -6.452281347141199941e-01 2.895344572440350372e+00
1.074937308223039789e+00 -4.513291589673199544e-01 2.802038909102929853e+00
4.871932984792004540e-02 -5.637162266032500479e-01 2.904177460984690207e+00
5.042207624388400644e-01 -4.955595119383000569e-01 2.752636375586130502e+00
5.303914797339700504e-01 -4.720313613964799426e-01 2.726180177948559713e+00
1.078893389643420075e+00 -5.315771661620899424e-01 2.857956541141010387e+00
1.025576808572730148e+00 -6.520325267593499730e-01 2.969863897403350439e+00
-1.836770218249899056e-01 -5.635032681720599790e-01 2.883650195051830067e+00
8.721596848903100385e-01 -6.983334004953499763e-01 3.026896133188550220e+00
5.058360062206003205e-01 -6.126993605415800292e-01 2.968527173115740325e+00
2.479093381254200423e-01 -1.125631680530679857e+00 2.859051575650110255e+00
6.472283820864400683e-01 -5.604353746928200097e-01 2.856739655377349862e+00
5.532537778472500500e-01 -7.607849694474699831e-01 2.947403783438729885e+00
-3.180840703096299849e-01 -1.032104363541459957e+00 2.979644768554410739e+00
-2.451928815761299507e-01 -1.530950037700179900e+00 2.945977492574220147e+00
5.828954944637901869e-01 -4.235828287223299959e-01 2.672827630948970246e+00
-5.433405388011399717e-01 -7.514932789718200556e-01 2.858818445516940088e+00
-1.892708670055898712e-01 -7.257395824175799648e-01 3.053793792369570603e+00
-2.971039277024599135e-01 -7.467014007546299847e-01 3.078381143876260495e+00
-4.363055689369499390e-01 -1.272611626892759862e+00 2.899137728090830368e+00
-2.206927415595399955e-01 -1.331067415685849964e+00 2.882492641005220513e+00
9.380513798018900173e-01 -7.589828428586300468e-01 2.958666618987110031e+00
6.402030092293898855e-01 -5.586145446352699384e-01 2.847694279409150209e+00
4.756537655757798744e-01 -5.111077360826300486e-01 2.791045318555790189e+00
3.934901794692599042e-01 -5.793158092166099671e-01 2.936756133298420224e+00
6.036202671788898355e-01 -6.306207510045199749e-01 3.010204712530250237e+00
1.246099860847130092e+00 -6.209944396977299386e-01 2.738157594537190320e+00
-5.397933379909991558e-02 -6.664582886804499839e-01 3.017981805396990680e+00
9.224527750237699886e-01 -7.060407840252299616e-01 3.002709123849310213e+00
-2.320717323515198993e-01 -1.518947966112179859e+00 2.967706493079790508e+00
-3.297024616839999700e-01 -1.030325433368289856e+00 2.976799576113000168e+00
-1.817069764555199751e-01 -5.653876757348800242e-01 2.883977135876010234e+00
-1.860884377032099302e-01 -1.322138423603969937e+00 2.854860545333800292e+00
1.298294674251039726e+00 -7.947242266757799101e-01 2.672077152372809739e+00
3.027544845549899888e-01 -5.612626920451000423e-01 2.905328041996589672e+00
9.441167097867800839e-01 -7.621197840551700020e-01 2.975172720813010319e+00
1.121624276129020270e+00 -8.038703156870600219e-01 2.660660683668799820e+00
2.467906575939899927e-01 -1.313419724563809954e+00 2.932178908086899849e+00
1.223503633507850186e+00 -5.062557141645399605e-01 2.817646462730940549e+00
1.075358085985919754e+00 -8.395482824457901616e-01 2.868817295872720052e+00
1.084307068476740188e+00 -5.482903315854500415e-01 2.914921706324450135e+00
5.544120748280400024e-01 -7.630441684847599770e-01 2.954706787956740133e+00
9.131487121464202383e-01 -6.905333888420199795e-01 3.027668267925720080e+00
4.131865750857800501e-01 -3.689454672768599508e-01 2.646136368686530016e+00
1.076392368940620070e+00 -7.037010444372600038e-01 2.815028877272350183e+00
1.085787112883199734e-01 -5.850275986244298787e-01 2.907019044961760112e+00
1.174747886592200086e+00 -8.347798016419600842e-01 2.651280644654880447e+00
9.387048653960502476e-01 -8.068896638403399990e-01 2.929259475691559977e+00
5.955760165063098688e-01 -6.674320640694899609e-01 2.991802087463829807e+00
5.448179621160101904e-01 -7.237186518209201003e-01 3.045878714789850061e+00
6.155266731759602150e-01 -7.094533498945999606e-01 3.022249126243339745e+00
5.442767647789700236e-01 -4.701584991371200450e-01 2.721833206020720208e+00
1.069939838707379742e+00 -8.658876116956499835e-01 2.789804549439700132e+00
2.970386555285101648e-01 -5.633272563922799847e-01 2.900111255512360486e+00
5.142551239270199970e-01 -4.448823133593199364e-01 2.708439703186189984e+00
4.523691460014599430e-01 -9.890672611559200300e-01 2.895943763534010618e+00
9.336082930341601527e-01 -8.092296439433299682e-01 2.928654326499110283e+00
1.072076073334760071e+00 -7.902630352076700504e-01 2.837844380458689919e+00
1.069154144258659844e+00 -8.542379258437500233e-01 2.855338750019080329e+00
1.258265800235660148e+00 -9.013239074679000318e-01 2.742320626057480393e+00
6.451940759862097030e-01 -3.723632732347500474e-01 2.600247767205880134e+00
5.424771740325201597e-01 -5.170185220288999739e-01 2.776794505490960407e+00
4.938939645670700207e-01 -6.383700946470000082e-01 2.988741986522440275e+00
2.263607336128100611e-01 -5.734437519106799774e-01 2.909499613560100340e+00
5.805543101158402441e-01 -6.209239419887300215e-01 2.976917442735290464e+00
1.079150199503799978e+00 -7.653115652126800672e-01 2.904170457373620451e+00
9.332187994728199376e-01 -6.485259571899499864e-01 3.056985794398250356e+00
5.198834277448399765e-01 -8.168537531919100037e-01 2.916151385521530415e+00
-4.327296006869998379e-01 -7.739344282868100278e-01 2.973067216421110270e+00
-6.701829408447990133e-02 -4.901088694082700314e-01 2.801743601871040212e+00
-1.630595861168397942e-01 -1.216446395201119968e+00 3.051072355334480068e+00
5.302536109807299836e-01 -4.732533242329499679e-01 2.720565210016300028e+00
-1.605356032479299255e-01 -7.415127250858100094e-01 3.041101758249890263e+00
-1.718323172796999421e-01 -1.425977559124849803e+00 2.825870089675970309e+00
3.253443685130008589e-02 -5.629742125484999971e-01 2.900104274718129815e+00
2.529439913268102247e-01 -1.365009123285400028e+00 2.865088892031360412e+00
2.526491728926901770e-01 -1.247031654785550003e+00 2.986587889274500363e+00
-4.928544437780798537e-01 -6.350575130030400306e-01 2.878122957694869921e+00
2.528422937113700142e-01 -1.282709492942049945e+00 2.794675725784500298e+00
2.490813397323099476e-01 -1.321890346017989826e+00 2.765577553412080114e+00
3.875385037850009873e-03 -5.468963004889100255e-01 2.882990147513989854e+00
-2.884134128498005989e-02 -5.898028297352599925e-01 2.929599902935670297e+00
-2.828429962687898369e-01 -1.020472139122209798e+00 2.972679175008870356e+00
4.257773242112400380e-01 -7.253744954115500798e-01 3.105979761392030358e+00
1.022703302338729969e+00 -6.186882661012299556e-01 3.001742882867370010e+00
5.027429758714002661e-01 -7.470565383864800069e-01 3.037542193328900630e+00
1.489720726508829696e+00 -5.229911366539800044e-01 2.873087763581950504e+00
1.091320500867610122e+00 -6.546678008668900262e-01 2.841914426435850238e+00
1.346252269071890328e+00 -5.079803664781299410e-01 2.806061544420600740e+00
5.158885932562201626e-01 -8.182148653418200857e-01 2.915125818747360320e+00
2.763989699655011734e-02 -5.958313691244100374e-01 2.913363528549270498e+00
-4.788818286564098248e-01 -7.434329083981799924e-01 2.885195677759060384e+00
9.244750419692798760e-01 -6.441990565365199872e-01 3.042470420194370195e+00
1.061003990885970083e+00 -7.016383831834899221e-01 2.969621249317770495e+00
9.746206537474101372e-01 -6.479134420046800402e-01 3.016153616850030250e+00
1.125855772607560201e+00 -4.921011929853100764e-01 2.812106395413990434e+00
2.380447274544499336e-01 -9.961874424028399622e-01 2.766914293192190399e+00
1.092506781849230002e+00 -6.089759036761799305e-01 2.874706529613459960e+00
-2.222557748285798329e-01 -1.235414246305389874e+00 2.927845683683280242e+00
3.995936229578199717e-01 -1.236552532448900454e-01 2.690495504757290046e+00
4.352129347176602048e-01 -5.019091787036999985e-01 2.816921138360170218e+00
8.948572792924799346e-01 -7.029693314335699883e-01 3.003015788381180329e+00
2.744510153350001591e-01 -1.222345902613659829e+00 2.883642818392650575e+00
1.383281377278599011e-01 -5.926407411822499638e-01 2.940141420269810180e+00
1.013875192201499909e-01 -6.167835256208800132e-01 2.968852685372100009e+00
1.475240014562900770e-01 -5.919820694894200042e-01 2.945326453940910305e+00
5.248427657692001924e-01 -5.204647330819700546e-01 2.797938851104370350e+00
9.323671091532698130e-01 -7.533071315889899866e-01 2.983742211983290371e+00
3.331474635462599032e-01 -3.981475685431000167e-01 2.695588556174310035e+00
8.876568069583602449e-01 -6.756595113011198972e-01 3.073250146218960310e+00
4.672975166723601914e-01 -7.563822931904300439e-01 3.027147096040520236e+00
2.891220147773901905e-01 -7.784172630434600393e-01 2.924377428469100426e+00
-4.909448570887299801e-01 -6.813419857884199793e-01 2.838434871563120243e+00
4.601669054771601042e-01 -4.893794335398300444e-01 2.776025717574519991e+00
1.260508066707669794e+00 -8.535349858534698742e-01 2.645599800610280106e+00
-1.913719566718900533e-01 -5.564172069794799391e-01 2.881778116997039785e+00
5.987624498980402832e-01 -4.698575971058600587e-01 2.796444076134560142e+00
1.429535341346900301e-01 -9.653776209167100886e-01 2.837986707248679963e+00
-1.557210067007300802e-01 -1.426983186700449879e+00 2.876846340826170412e+00
4.203234948180599728e-01 -5.345840786277700207e-01 2.857165062474450234e+00
-5.021190532083298352e-01 -6.826201684290500449e-01 2.837498076531410174e+00
1.106407339633119769e+00 -6.972679162595599722e-01 2.790560275696340131e+00
2.677464974936399900e-01 -5.380494707507799124e-01 2.883254077157129558e+00
1.998210035938200457e-01 -1.117596703860429974e+00 2.911298207091000290e+00
1.033893060042479828e+00 -6.792679454905801162e-01 2.938180259716000720e+00
5.220702210757298678e-01 -4.855336263796700136e-01 2.750899423337509919e+00
-4.398363272662998424e-01 -1.209462555981130061e+00 2.961428948046390008e+00
-2.904466602432598243e-01 -1.020057184889889834e+00 2.968438241851530268e+00
2.357688330208300709e-01 -1.196764542965929712e+00 2.833554294964730325e+00
8.651033036830398926e-01 -3.289644354106299740e-01 2.679216418072650097e+00
1.065643940060640116e+00 -8.283553645763299667e-01 2.874348033242900335e+00
9.577272256918200055e-01 -3.475670254512899793e-01 2.723277070668610023e+00
8.515406087615007280e-02 -5.732229739989700423e-01 2.905799456867730335e+00
2.372468348070401190e-01 -5.572667225786199774e-01 2.894218891996440224e+00
1.784934888109501738e-01 -5.841561476930700048e-01 2.932072567451410539e+00
6.665237965826101840e-01 -3.500970226927200279e-01 2.663987020658350247e+00
5.674104115439992935e-02 -6.123485235989100106e-01 2.937882160820739941e+00
5.147258440437200155e-01 -1.996133263743699593e-01 2.386096776402630404e+00
1.093728293230620263e+00 -5.942788588292700069e-01 2.884584606749320379e+00
-4.256432657474698567e-01 -1.348289275740329973e+00 2.816845356584650517e+00
1.101189251441919925e+00 -5.746875964628299638e-01 2.943118335935690055e+00
-1.362593492987598243e-01 -5.480380251750799347e-01 2.873940232663040550e+00
7.383317908720155032e-03 -6.560058765284200177e-01 2.996564965041689899e+00
5.470679349881800713e-01 -8.898451553080899412e-01 2.965422173089770297e+00
7.669502132649498316e-01 -8.568209573997899176e-01 3.050394747908350190e+00
-2.672207920030898465e-01 -1.373012589914439863e+00 3.044364055877610387e+00
-1.671220986583398793e-01 -9.936733108149099492e-01 2.933831130959789757e+00
-1.160231561302800252e-01 -1.259881599759089754e+00 2.988048860687619879e+00
-2.117770394112099552e-01 -1.348623954020609750e+00 2.896570823328640021e+00
-1.923273268853298856e-01 -1.528138188116749729e+00 3.024375778778630508e+00
-1.953451141676099123e-01 -1.332169076116999973e+00 3.085736146524350243e+00
-2.199289230358498770e-01 -1.325132637280769909e+00 2.870327739979930293e+00
2.559761527197701447e-01 -1.371626885648819849e+00 2.870185196727910171e+00
-6.414088786680993692e-02 -4.822598849552899303e-01 2.791086953024300321e+00
-5.459293718176598809e-01 -7.533085339118400503e-01 2.860112624264590231e+00
9.316783462468599675e-01 -6.532135879978399062e-01 3.065628788493949930e+00
8.697970514610101622e-01 -8.179972496891699807e-01 2.913551131624089852e+00
-8.852951144369980430e-02 -5.191020089665200343e-01 2.836471288563160442e+00
-2.394314961826299326e-01 -1.535814453479929842e+00 2.993503204228999959e+00
-8.588822505666993123e-02 -6.308971140900099250e-01 2.948713358118150385e+00
-7.542445326831992425e-02 -6.662586939268499986e-01 2.917271163442600734e+00
-2.626429083110398688e-01 -1.378935988513829924e+00 3.052398505250230265e+00
-3.474575530185985972e-02 -6.290579829466500517e-01 2.949642530048830036e+00
-1.543342628432599617e-01 -1.666146136560989754e+00 3.171315670163709743e+00
-1.852722498152100661e-01 -1.591299287182519784e+00 3.079221213510110022e+00
-1.163612934361399898e-01 -5.514947004851399326e-01 2.903191910669620235e+00
2.755318932716900315e-01 -1.430244380083579792e+00 2.824769493484789784e+00
-5.865458679489954363e-03 -5.629863872640700206e-01 2.903249079420270107e+00
3.482126496304600582e-01 -3.283677712988000152e-01 3.701399002661870163e+00
-5.523019728267098971e-01 -6.424957456775999276e-01 2.881362005377929858e+00
-5.976027219363998499e-01 -7.196570245501899832e-01 2.853623233833660233e+00
2.561808084988900225e-01 -5.335328104168199914e-01 2.891570547238540012e+00
4.984342845788399812e-01 -3.701195389969500482e-01 2.679548284759180277e+00
2.161455969988300696e-01 -1.158245404137029810e+00 2.977707994941340530e+00
2.525910547625001001e-01 -1.343569082788949709e+00 2.722849469136940037e+00
5.143335134458600910e-01 -1.500138961268839832e+00 3.019592567709799891e+00
3.867102497318700705e-01 -1.428618751913619978e+00 2.835090767897129993e+00
7.661291980560801518e-01 -4.412139391890300688e-01 2.645184867381519922e+00
5.439807099846200034e-01 -9.258789193036299769e-01 2.977853661728159906e+00
-8.213769380188995495e-02 -5.095140677270899587e-01 2.839320639602989971e+00
7.607191867926198503e-01 -7.557540799456999858e-01 3.088625516325110176e+00
4.767525631194701186e-01 -8.949316847772100791e-01 2.904563922957509980e+00
4.513032885377200598e-01 -9.889561758183200713e-01 2.900841391589839890e+00
-5.595154784399999359e-01 -6.948212567957500196e-01 2.861094037375080390e+00
1.077030933524759870e+00 -5.962895238640399942e-01 2.902596562775630495e+00
-5.574097039507099893e-01 -6.930870575918699483e-01 2.840035934167750131e+00
2.763788085011009699e-02 -6.437306674991900568e-01 3.004575175418420230e+00
4.815754055469799733e-01 -4.281643435979599621e-01 2.745796766297539993e+00
5.571528633524599483e-01 6.095679838367998316e-02 2.663686306296519923e+00
2.977556849498200764e-01 -1.349234724184749767e+00 2.734625744862209995e+00
-4.302945825854198603e-01 -1.279788554629409880e+00 2.920675605159280597e+00
5.374166484307901781e-01 4.062357324137996772e-02 2.577419639336139934e+00
-3.364626785602600201e-01 -9.838008017511500336e-01 3.005871052346569705e+00
5.738691771194198710e-01 4.783822857580999344e-02 3.254293147703370082e+00
1.192518552613440086e+00 -8.320518192824299941e-01 2.561603481835009966e+00
1.369631903756939995e+00 -8.491562284163600705e-01 2.641276797914600127e+00
5.902164541410700460e-01 -4.230111852846499820e-01 2.670965969130109752e+00
2.088990439643300112e-01 -6.545316275491900315e-01 3.022089300110730292e+00
3.302699559849200384e-01 -1.087751807312309804e+00 2.909356386406479977e+00
2.887661689828300293e-01 -7.583431701121799984e-01 3.000688930827520196e+00
-1.876009855034299068e-01 -5.615094494935199965e-01 2.884247304245830090e+00
1.407410111131309982e+00 -8.637079940751298812e-01 2.675601117920110017e+00
1.362093461031200103e+00 -8.539359008073500457e-01 2.658460749274730084e+00
1.340671721235960234e+00 -8.144012870945201987e-01 2.692649431148880890e+00
1.354450554946390106e+00 -8.832303286931799668e-01 2.696367138454530021e+00
1.333979801971609813e+00 -7.374986655378600320e-01 2.665298249331190306e+00
4.468793320128600088e-01 -4.304012859429899862e-01 2.708429414581900119e+00
-7.315739035681001479e-02 -5.805473961489299173e-01 2.931709339244620072e+00
4.362628319058302617e-01 -4.473019181769199992e-01 2.732374794132379936e+00
2.757634908398099993e-01 -1.317329266225359952e+00 2.895595928334179892e+00
2.079801167177600663e-01 -1.286755830952529989e+00 2.894207569440520267e+00
1.031874671315569980e+00 -2.732212031501599636e-01 2.593956387526609841e+00
8.920911671904500073e-01 -3.636056210404400302e-01 2.692475867132239742e+00
1.047773330037500283e+00 -8.717793749894200417e-01 2.845125688454850366e+00
1.207673330611349627e+00 -5.173543250922100212e-01 2.809812743729910078e+00
8.898521294003599591e-01 -7.014510104198000695e-01 3.093508426321880389e+00
7.382891933938698914e-01 -6.979847166604400410e-01 3.062945763729889581e+00
9.829521089965099767e-01 -6.871485094909599578e-01 3.075241343109599956e+00
9.132293161201100462e-01 -8.104830771878900331e-01 2.926656286946870189e+00
2.470685115301499701e-01 -1.331324699580689996e+00 2.913525276330160008e+00
5.210671116832498173e-01 -1.984666408366500268e-01 2.389565825951919908e+00
-1.519238332200099073e-01 -1.359751621205729899e+00 2.843841480040509850e+00
5.549106221947590178e+00 -3.306196936575750200e+00 5.520368144641630614e+00
2.959066244688930425e+00 -4.457539846383979487e+00 6.142103962565269804e+00
6.704564538772479487e+00 -2.434784155110279791e+00 4.540423786492139513e+00
6.459759391437559728e+00 -3.416901417963980059e+00 5.651573368669790653e+00
4.446937753408898297e-01 -2.581174489011399675e-01 2.847216149031240207e+00
6.174874676261770112e+00 -3.341639177094409607e+00 5.481083412051201087e+00
5.975888588980030391e+00 -4.623723830816549807e+00 7.213807958729799630e+00
6.729922301227198922e+00 -1.210588354652439858e+00 4.617080914496400901e+00
8.795843191380249948e+00 -2.215731621845470123e+00 4.903319195965770483e+00
5.941575490006159477e+00 -3.253983427712719756e+00 5.358736195505030331e+00
4.744501802696490245e+00 -4.039043210519579929e+00 6.388097928406809345e+00
8.382105364301599693e+00 -2.845627576183130003e+00 5.203267573913628929e+00
5.776184736105619777e+00 -3.768882149763630451e+00 5.939252130188169332e+00
6.962136132695229129e+00 -3.650757773743680268e+00 5.920065940250500702e+00
6.902662524759159979e+00 -9.612440656054701549e-01 5.031081180235999817e+00
2.802666201512360011e+00 -4.679174448483180093e+00 6.761784105031719783e+00
4.994494324343360603e+00 -3.838428974448380160e+00 5.741666898855769752e+00
4.414619615825589705e+00 -3.892729963010380434e+00 6.209613365101231075e+00
6.226983026762149542e+00 -4.212243715117089948e+00 6.056460905038590248e+00
8.830253129284159286e+00 -3.390033267524999783e+00 5.917522996769380761e+00
-1.658044518629498976e-01 -9.781432835279200155e-01 2.902272574786830095e+00
5.449617490074100123e-01 -4.182401162965799779e-01 2.640199181960620312e+00
6.183491772279369414e+00 -4.935486239300959532e+00 7.633145471657930337e+00
5.040818509915940382e+00 -3.711738429691499697e+00 6.012743006520159916e+00
5.977903318584430359e+00 -3.480561398627170178e+00 5.775505703128289703e+00
8.225699975128229369e+00 -2.884946668538780123e+00 4.760294020631990364e+00
4.583027890969069595e+00 -3.211427746701479791e+00 5.184416679299530095e+00
1.161523645511139868e+01 -4.909271986231349416e+00 8.030548633954930793e+00
4.179405261985101872e-01 -3.929819278553100537e-01 2.666268020775430347e+00
-5.658396508911598399e-01 -6.445392236526199525e-01 2.888716487324540338e+00
6.845566423123298883e+00 -1.829361822666519366e+00 4.317958184003069633e+00
6.261859953171629911e+00 -9.852899598244200252e-01 4.772898617538730903e+00
3.303186183394013486e-02 -5.394006036966100259e-01 2.881464635818590025e+00
1.064069646312119755e+00 -7.213994947880599806e-01 2.866609443432830417e+00
2.650496602919301115e-01 -5.371481103568199744e-01 2.873311044666220226e+00
1.020399767752699915e+00 -3.787806906503299875e-01 2.558822171770819942e+00
