1.949595777943399777e-01 1.622301966947600205e-01 1.125315278070960101e+00
1.125997323828099861e-01 2.576097331115399514e-01 1.129534618203909879e+00
3.607520642754600271e-01 7.921645472193998561e-02 1.309200545538390159e+00
8.718250271776997740e-02 -3.198759572866200496e-01 1.814415687590570148e+00
-5.190005841886002891e-02 -1.220380797598400041e-01 1.628479471882960050e+00
3.371173363321997019e-02 1.584363331172800038e-01 1.035992217430409923e+00
8.167848733682001039e-02 -2.344481187230200159e-01 1.737006031559179986e+00
4.628819951003100286e-01 2.889656851141399474e-01 1.034997883270190044e+00
-3.601524973604500746e-01 -6.742391069042000806e-01 2.686114115837760163e+00
5.020814396432999871e-01 3.146496528599995735e-03 1.164254965122009988e+00
7.987209831249598713e-01 1.021230821721399867e-01 1.211297959251670164e+00
3.049562792050799498e-01 1.614097806452199912e-01 1.216482162657259725e+00
8.015598112665998920e-02 2.029532642254400221e-01 1.031680994377899951e+00
1.613164584510399790e-01 1.420307584719600058e-01 1.143350086288959844e+00
-6.421120694871004786e-02 -2.532449260197399687e-01 1.788154966076889840e+00
9.091667059766998793e-02 -9.704824705851998468e-02 1.497690872819740227e+00
3.604717741561500044e-01 7.669951869289999558e-02 1.313221364893040199e+00
5.843036981245000594e-02 2.859540908778999690e-01 1.089893865398410044e+00
7.660983392719999951e-02 1.861007106665000244e-01 1.022394970285690041e+00
1.025199202400199905e-01 1.836496339700799951e-01 1.057144902857130031e+00
2.054727104613399968e-01 -6.060562271384000582e-02 1.455384642205910239e+00
1.611425335336399978e-01 1.440469810345599844e-01 1.142335125432010212e+00
-1.043613089441500497e-01 2.194978772048999938e-01 1.208019818003130075e+00
-6.440980246778996166e-02 -2.531981206269600104e-01 1.787934194058929949e+00
5.040029170873299158e-01 3.634060164520003244e-03 1.171346642385270087e+00
4.858090700905995374e-02 -4.624431225726000072e-02 1.405416489948730030e+00
3.489598224437000518e-01 2.571866046805000305e-01 1.053285988737709955e+00
1.465441748045299697e-01 2.024527633422000539e-02 1.293036683105629914e+00
5.242510473310099117e-01 1.896582730914400106e-01 1.103426172805689776e+00
-2.026043342307000394e-01 -1.814004091905000449e-01 1.701760940992490090e+00
8.737017568150000357e-02 -9.778187013890000945e-02 1.509599681409050209e+00
-7.924532043985002550e-02 -9.719261877220000678e-02 1.499856222401499961e+00
7.868603832542798715e-01 1.076625802383200242e-01 1.210090377052839949e+00
-6.551439169012998609e-02 -1.468724260069200205e-01 1.632476818046070033e+00
-6.551439169012998609e-02 -1.468724260069200205e-01 1.632476818046070033e+00
-6.252455685723004586e-02 -2.509689215759200454e-01 1.784022522849199932e+00
6.160652660754699639e-01 1.980292765910799946e-01 1.084343538561949982e+00
6.854185035435399476e-01 1.836369947521599988e-01 1.097981130063399924e+00
9.175898858886999410e-02 -1.762557900219199891e-01 1.638296198761900024e+00
3.573708553409700173e-01 7.216030561428000978e-02 1.312650497362499946e+00
7.957572395192999415e-02 4.699385991261999240e-02 1.352769567515960114e+00
1.608701337849999802e-01 -2.936583372362000510e-01 1.787040038740770109e+00
6.589171056066799315e-01 1.216113213501999676e-02 1.320685583046650180e+00
-6.564489957094998829e-02 -1.477596785947999924e-01 1.626641573446829803e+00
6.608778342592599442e-01 1.373828663003999473e-02 1.318689343417480009e+00
4.627827397437799251e-01 -4.020474746450800052e-01 1.362574675777899813e+00
2.225444692457199947e-01 9.939404897297998698e-02 1.137320255806230085e+00
1.662867970379999782e-01 1.916613000999000116e-01 1.143814031867569803e+00
1.242688559537100113e-01 2.184245289764399911e-01 1.119090649350739985e+00
7.648173571772998169e-02 -9.960429772367999923e-02 1.506242707172499973e+00
-6.546926808216400051e-01 -8.586880446699599601e-01 2.974737963454889833e+00
-3.803359917788501354e-01 -7.007828974209999728e-01 2.750900920687530338e+00
7.168338418283599633e-01 8.647398147139995217e-03 1.323037492368499990e+00
7.153013180651099923e-01 6.003229380939997112e-03 1.314319250771000203e+00
9.381121241010009770e-03 -6.261188202896000865e-02 1.410982423564280053e+00
6.367131617266700294e-01 2.503835224880799903e-01 1.041890399211869989e+00
4.550173184521100200e-01 -3.922651876068600219e-01 1.334130455740669907e+00
7.881126185982898491e-01 1.207416596059600195e-01 1.206349182893390104e+00
7.847353117880498941e-01 1.172432831155999916e-01 1.192019108885010059e+00
8.620302490818999852e-02 -1.739879560734399755e-01 1.652718365949020107e+00
5.650924077332999396e-01 1.809697717736000189e-01 1.111100240339590206e+00
1.023968514762999688e-01 2.711264876346999309e-01 1.089932915106100131e+00
6.831986976351799301e-01 1.825660419552200264e-01 1.098414891434480012e+00
6.475833337231499121e-01 1.608776982094999863e-01 1.118941244731380014e+00
2.144848849630299759e-01 8.028104730551999246e-02 1.350986533502199771e+00
7.648142463393002577e-02 1.528665101873200038e-01 1.224821255185410296e+00
1.579104712394399646e-01 3.558043398125999845e-02 1.335016214337570117e+00
4.565958880407799958e-01 9.915331528021999186e-02 1.350351549616670033e+00
1.219910501326998409e-02 3.724071862179996473e-03 1.355176016509470172e+00
1.127363442736994958e-02 3.060230456280000483e-03 1.357674720199699925e+00
7.215998293391000240e-02 1.518615784607399988e-01 1.233439630531989906e+00
1.807171763274399989e-01 1.399140112070599851e-01 1.160501381671050103e+00
9.381604751836994383e-02 -3.347340924042200294e-01 1.869488082477899882e+00
8.682488087783599706e-01 -2.436730907866000231e-02 1.187391008062210096e+00
-1.738330916338599874e-01 2.263597556859600068e-01 1.173802071536479863e+00
5.551561506303099858e-01 1.080860951863400060e-01 1.199715474207800225e+00
3.640402111178300260e-01 -9.320289197115799729e-01 2.300192958292139878e+00
5.059098883727100038e-01 -9.548093641144599353e-01 2.334794767306250129e+00
5.165156377611599403e-01 -9.809442218237600652e-01 2.411818202437100211e+00
5.073096120588600488e-01 -9.599019191724600386e-01 2.349786434282219894e+00
-5.504968446065101606e-01 -1.055741360172739896e+00 2.917374990016639913e+00
-5.548338485720201163e-01 -1.052079033808879904e+00 2.912131066776239674e+00
-5.966872164286000091e-01 -1.101516626138300037e+00 3.049427381827669592e+00
1.131385882953800104e-01 2.574888376326199824e-01 1.129093662691030175e+00
8.625780353036700543e-01 -2.238868015721999852e-02 1.177775262745480056e+00
6.426515523808900010e-01 2.632893113303599320e-01 1.034035188867589827e+00
1.625153346502760110e+00 -9.822725351495600332e-01 2.409123537149099992e+00
8.008565031639099940e-01 -2.501382100825999544e-02 1.176906118564429837e+00
1.512853802546299808e-01 1.574252571531999795e-02 1.330235997889339883e+00
1.542645367211870067e+00 -1.050861767178020045e+00 2.421843242077519776e+00
1.515790603610150056e+00 -1.263705943088899719e+00 2.705878054729859983e+00
7.470313469559799469e-01 2.260325462336200131e-01 1.041299246151859981e+00
1.396026809266410096e+00 -9.057198899910600121e-01 2.296315418249499363e+00
1.638794014584000314e+00 -1.027480832253899967e+00 2.484009566831620219e+00
1.638275310032089926e+00 -1.032977533942739834e+00 2.484862867127839881e+00
1.567391879420700462e+00 -1.079677319004499925e+00 2.473635633673559653e+00
1.451992520950009968e+00 -1.336809162737059964e+00 2.673154920016790115e+00
9.720555100817199756e-01 -1.041688206823319973e+00 2.422971316683149912e+00
1.121495425646660271e+00 -1.231057229164360001e+00 2.875754738468269789e+00
2.858068615437999727e-01 2.304321809660000303e-02 1.165583998283709954e+00
6.479285914712800132e-01 1.641930886667199996e-01 1.117429543899989941e+00
1.081808040478239974e+00 2.272228615034599941e-01 1.028449940118089989e+00
1.020517419068559972e+00 2.139171331572399803e-01 1.060180739371350045e+00
1.024121209375679964e+00 2.117093634381200240e-01 1.060999367976879659e+00
1.030286085237759997e+00 2.148764930922399952e-01 1.074353802885190001e+00
9.927066267407999023e-01 2.102228612636999894e-01 1.091387881021840256e+00
4.623718613862699556e-01 -4.037443189851200320e-01 1.363064990676420063e+00
6.379433806035600396e-01 2.519582627258400431e-01 1.045600417498409929e+00
7.654824748725099770e-01 2.142134059343399621e-01 1.043293937766619717e+00
7.864786020588498960e-01 -4.353805441243999708e-01 1.425619698352019959e+00
7.879601654096100027e-01 -4.345445715937600317e-01 1.447269761018699974e+00
1.131805896764099817e-01 2.560124435128399711e-01 1.127500319309140187e+00
1.402961145210959826e+00 -6.825997637426600706e-01 2.043521948281949996e+00
8.941505902348899637e-01 2.679012055007599646e-01 1.009603590117009952e+00
5.009475807229200051e-01 -9.615529382955200211e-01 2.351239146149900261e+00
5.157118496038699540e-01 -9.543161030081199758e-01 2.350899025421540056e+00
1.523967866212049938e+00 -8.537826620672001043e-01 2.308134460045399905e+00
1.852474753909299776e-01 1.421609676553199919e-01 1.151978203527679989e+00
7.271611861465200333e-01 4.924464134238000501e-02 1.287767477983950082e+00
4.588237517522200104e-01 -4.008957136602200322e-01 1.366898523240559937e+00
7.054028508331100511e-01 2.464665898608399686e-01 1.033949188859669910e+00
4.888204923160699433e-01 -4.733419702669199869e-01 1.405693767287010232e+00
1.491049725651199531e-01 1.948599770467999981e-02 1.298023324636220055e+00
1.535294937394720005e+00 -4.409396948710200270e-01 1.638177471901359983e+00
1.447353557759470277e+00 -4.917869216241199659e-01 1.733047766074309992e+00
1.560924056277469996e+00 -5.590588017445200508e-01 1.921710554292600293e+00
1.541154266876670231e+00 -7.532115558709199243e-01 1.922050341749039992e+00
1.533915912764380218e+00 -7.382002393830799925e-01 1.911334143692689835e+00
1.599024492933930119e+00 -7.708391951323800839e-01 2.041404235024809832e+00
1.464332245001329857e+00 -5.915908882673800440e-01 1.980487998136280181e+00
1.450360155632729908e+00 -6.013498922816800096e-01 2.001595062219569954e+00
1.501479852029780071e+00 -6.685937663418799470e-01 2.021522572912980209e+00
1.456263625580479948e+00 -6.409179958052800830e-01 1.940706875577109969e+00
1.917728777246040295e+00 -7.817578915133399642e-01 2.139917702511700437e+00
1.684031877994210280e+00 -6.591493444824599868e-01 2.002379642322550168e+00
1.737676558107740021e+00 -7.063543806569400063e-01 1.922323681988789890e+00
1.779238655377710199e+00 -7.140156046280600188e-01 2.076867021390130130e+00
1.848545431077200041e+00 -7.886453118168000875e-01 2.133007628663900146e+00
1.829971989212270111e+00 -7.821683513312199798e-01 2.121521745009229853e+00
2.002669860246460320e+00 -8.492187042506600392e-01 2.095700637900120178e+00
8.690355537617799886e-01 -2.668570788041800257e-01 1.008033511753519962e+00
4.053501967250400240e-01 2.446668872479599854e-01 1.059064071997629863e+00
9.820125334949200147e-01 4.571684221687999372e-02 1.201809825496879647e+00
9.798272379744699112e-01 4.645107645677999664e-02 1.201986417112030026e+00
5.429624265220500678e-01 -3.974987942911000216e-01 1.322691688227930040e+00
5.797523805106600259e-01 2.454971080962399799e-01 1.051668726622269956e+00
2.536772076034800039e-01 -9.438658959689799621e-01 2.266834199550190387e+00
3.656390729850899635e-01 -8.967118260174401501e-01 2.255474332071549792e+00
1.632868740784460204e+00 -1.018029456869259830e+00 2.287516905812900347e+00
1.503443337878570096e+00 -1.247653226509519930e+00 2.650035902812969635e+00
1.520015645545380156e+00 -1.272864800726880130e+00 2.808687753259520026e+00
1.373621825401430074e+00 -1.313700238565080003e+00 2.937594474184610061e+00
7.043027709968100458e-01 1.785634682420400021e-01 1.103272256531719897e+00
8.152390842542399652e-01 1.090497378588599769e-01 1.167887788705799901e+00
9.856193921868100505e-01 1.447375304016400022e-01 1.165408061450020183e+00
-6.797221986896004320e-02 -5.621471038044000001e-02 1.402982006148119964e+00
7.682819174117999639e-01 2.525482540285000077e-01 1.016773651822529878e+00
7.876949867697898844e-01 1.072786727490599862e-01 1.210232999350770111e+00
1.519873284555650184e+00 -6.605827462573000686e-01 2.033620746488459474e+00
8.113055293665599743e-01 -2.260685418955999879e-02 1.199430307324310219e+00
6.132165910433500233e-01 2.047381709321999810e-01 1.077111471159439837e+00
1.454988081343449924e+00 -6.530274712879999832e-01 1.943704132981659782e+00
1.003161490589909999e+00 2.874209648104000120e-02 1.148688044148710174e+00
5.270891818496099557e-01 1.914043506231399849e-01 1.111118879836040074e+00
1.121335429771310066e+00 1.022411043149399901e-01 1.105466752545150255e+00
4.977040306069000497e-01 1.937679541737000188e-01 1.099362794976900037e+00
6.298341471329600427e-01 1.665725872086399884e-01 1.122547714101330030e+00
2.033175631934299732e-01 1.895684132983199710e-01 1.230519737251859924e+00
2.336985810734699964e-01 2.152765411778000126e-02 1.155004871809449885e+00
9.610116550899798771e-01 1.299337754693200009e-01 1.159236853396869993e+00
1.577013494474200084e-01 6.283074782318000262e-02 1.372866743470890105e+00
8.140891884563098424e-01 1.011055456100400096e-01 1.239384944779230002e+00
-6.533650131136004013e-02 -1.185898584872400047e-01 1.554370404789670035e+00
8.085799543770200160e-01 -8.341121006321999820e-02 1.137367485644039888e+00
5.711487034139500762e-01 3.487552524899999173e-02 1.430200036807719899e+00
7.050168828461399473e-01 1.205276102278599742e-01 1.174601864117269967e+00
6.698182608114499059e-01 2.393747271216999373e-01 1.032156007179039880e+00
2.044718447664599648e-01 -1.293203736996000226e-02 1.341299774545339885e+00
1.071513293725729898e+00 -1.210612170205979998e+00 2.795520055931790093e+00
