2.091451277528769914e+00 -2.419950568123399037e-01 3.730628500323709851e+00
2.344117659888340199e+00 1.461784886339099754e-01 3.337883029712849670e+00
2.254009640899259814e+00 -2.448310030788999891e-01 3.676750420908819983e+00
2.495193325601140266e+00 -2.502275037264600210e-01 3.579099236303459719e+00
2.304532050956310307e+00 2.253756636140600844e-01 3.366623018667490363e+00
2.079468122576860090e+00 1.626926673502099852e-01 3.370914775076289338e+00
2.298188547464619980e+00 2.231075426787100247e-01 3.363997096905709583e+00
2.445281099743310094e+00 2.201255075082100832e-01 3.435447535613540104e+00
2.064785613805249831e+00 2.226098010235399993e-01 3.045767670833829932e+00
2.055241559630290205e+00 2.319144251799200029e-01 3.207014424408670017e+00
2.328995229099230180e+00 -2.740793810819874832e-03 3.613389053938769635e+00
2.043801140699180063e+00 3.517091541712401015e-01 3.406350165171490474e+00
2.270441652118599940e+00 1.333684036462100542e-01 3.317577970859619363e+00
2.050446496764950055e+00 2.374785717255299966e-01 3.202827359408160213e+00
2.454174556728050405e+00 -9.958363386015989249e-02 3.603874780335580397e+00
2.052501078981370242e+00 2.340569016265299784e-01 3.206940215888299583e+00
2.423036481955500143e+00 -1.192653257615399753e-01 3.592654221459570252e+00
2.394008471924260029e+00 -3.950343418330399259e-01 3.760554542606990402e+00
1.994758048247710081e+00 -7.879815672567996865e-02 3.809086597134609953e+00
2.049119590836170346e+00 2.379545543422499909e-01 3.202168765871490130e+00
2.271656833511980000e+00 3.462990088600004235e-02 3.637962670759160133e+00
2.418915395700460103e+00 -3.755341315058002838e-02 3.604634936809609336e+00
2.084826183025960233e+00 1.855977550606399684e-01 3.331072869522699875e+00
2.078771924655339998e+00 1.624966636994299996e-01 3.375757467019689706e+00
2.297769041652790278e+00 -5.964299130928990555e-02 3.648729254938399613e+00
2.456362987320800162e+00 -1.002928692913500619e-01 3.604456668664350438e+00
2.130204037344410217e+00 9.573581092791999536e-02 3.418751854410859714e+00
2.418078359281880196e+00 -8.644486250291993912e-02 3.594109609692719864e+00
2.273614287269160261e+00 3.183854513970002520e-02 3.638250595114169705e+00
2.544208884492769940e+00 6.560497668422998752e-02 3.762581148762149219e+00
2.263916637960799783e+00 -2.438181063508998991e-01 3.652223797266950456e+00
2.461472685232290125e+00 -5.230276453669002734e-02 3.630445284788949678e+00
2.399997797174409975e+00 -3.334050304339499227e-01 3.539310734147219861e+00
2.402329843603619786e+00 -3.349179112602798658e-01 3.543686303770729573e+00
2.248136146032300164e+00 -3.251420110219999104e-02 3.699150905155700109e+00
2.081121494214870360e+00 -1.875757181771099957e-01 3.743042336273520121e+00
2.487681436773270249e+00 -8.625344586284994230e-02 3.628290638259540124e+00
2.141699608983220315e+00 3.067608443985700428e-01 3.196225694227129210e+00
2.216719502901829841e+00 4.061165165382008002e-02 3.664471174054500402e+00
2.247576580421710268e+00 -1.824109789058099840e-01 3.681755109634649692e+00
2.363738886822880136e+00 -6.428523870086988445e-02 3.602540886949469723e+00
2.299512924796659696e+00 -8.803048561142995387e-02 3.636928710804210318e+00
2.514469394954029990e+00 -1.115496689734999380e-01 3.649049385852110028e+00
1.989687272385760153e+00 2.301765189444300308e-01 3.196779748395779386e+00
2.492662080813819792e+00 -2.501775292668499406e-01 3.586733988933590744e+00
2.331630344045840353e+00 -2.613717602124800421e-01 3.596122776781220054e+00
2.343560251588310273e+00 1.972192145203801039e-01 3.429185572385729408e+00
2.111033520012029818e+00 1.027142334898200060e-01 3.490627139541300217e+00
2.255622536147510182e+00 2.002395927450300039e-01 3.353139235671780405e+00
2.095183431288090148e+00 -2.443499150900200201e-01 3.737172414993789715e+00
2.418734456373799802e+00 -4.320419728059987641e-02 3.603742489154499573e+00
2.278082352548690181e+00 1.262572980799699929e-01 3.339313324709319630e+00
2.344382536564070030e+00 -2.628569825545098992e-01 3.639535131150469560e+00
2.227475384962130267e+00 2.226719696371599611e-01 3.339743674254230577e+00
2.231850420136280100e+00 -3.405608619702699680e-01 3.661186749147669950e+00
2.526755959874519952e+00 -5.518465519745996417e-02 3.698977904767620117e+00
2.323881575926979970e+00 -5.250935089629982233e-03 3.622220110770999923e+00
2.087585851164260209e+00 7.341916265036002587e-02 3.452623964908839937e+00
2.173324025776180335e+00 1.672986330478999917e-01 3.421092415404459963e+00
2.124017784414570009e+00 -1.094692922439300387e-01 3.774698166125729948e+00
2.373425410327460128e+00 -2.112767506064398559e-01 3.594904127554439555e+00
2.266315547606450043e+00 2.198847817342599043e-01 3.367691571662120076e+00
2.072865541919310051e+00 1.689160022648800719e-01 3.368044719048529423e+00
2.311851424543360345e+00 -2.331693537999399157e-01 3.621792783083289891e+00
2.527520900858960307e+00 1.220805696872001578e-02 3.709957211334309335e+00
2.314688519238340181e+00 -2.324058051489900634e-01 3.612471310402949776e+00
2.274975077117090017e+00 -3.135522220418000550e-01 3.585300693932329530e+00
2.511409285515520118e+00 2.490242406564001088e-01 3.336460795966740278e+00
2.329208601970220283e+00 -9.629537892182987724e-02 3.616819450927380331e+00
2.249571625365690331e+00 -2.656542654190799380e-01 3.674484223896420154e+00
2.127945997171050152e+00 9.598719795625004769e-02 3.420013090227199903e+00
2.077443133253700225e+00 1.716832744381699416e-01 3.398537083269340009e+00
2.644725970291720074e+00 -1.506799565176598077e-01 3.695176479472870312e+00
2.420457150131019919e+00 3.591349456065298651e-01 3.174828743555550226e+00
2.078920576559800004e+00 1.629398163374199959e-01 3.378395398029740093e+00
2.250609589842210045e+00 -2.643128204230799638e-01 3.664768947579659653e+00
2.310211757101860108e+00 1.189071178018599739e-01 3.420328565258239806e+00
2.266875354193509828e+00 9.498867531557003696e-02 3.614769857785209872e+00
2.293302547606210329e+00 -2.626887220126000733e-02 3.662289480133449793e+00
2.271820029438449851e+00 1.171281940104001995e-02 3.649068279339330090e+00
2.274485959572760230e+00 1.208297521610007808e-02 3.631584007323669816e+00
2.211298058351840012e+00 -1.119020374803199602e-01 3.771655114298390288e+00
2.325985132209860140e+00 -3.311180726248899586e-01 3.604780833427090769e+00
1.997142494435180105e+00 2.296588071823900679e-01 3.208073660431939977e+00
2.044581531982660128e+00 2.191322650882600587e-01 3.228719862442340549e+00
3.184540683852910004e+00 8.848327426250000016e-01 4.137144151767819800e+00
2.417340332656360502e+00 -8.798113861959983018e-02 3.593970729653469753e+00
2.312453596617610074e+00 -2.321397092937900752e-01 3.619718586001289928e+00
2.347280578329780099e+00 -1.761397554450899738e-01 3.602565768209579744e+00
2.418420821196800130e+00 -3.497723610832992325e-02 3.603198413101190489e+00
2.358721033381339982e+00 -9.556896634630995813e-02 3.601005600511610005e+00
2.316030120897620392e+00 -8.138953971660001230e-02 3.529331146118340534e+00
2.171118288447219768e+00 8.807826273664992600e-02 3.507205600542939727e+00
2.399134495970590031e+00 -5.058245886679990644e-02 3.571680635067079557e+00
2.249329099500180007e+00 -2.665379791249699593e-01 3.679577924798719479e+00
2.388895362730960148e+00 2.403951997406700847e-01 3.415862177893560059e+00
2.039917277953060104e+00 1.568228274795199773e-01 3.298764512249859671e+00
1.992157782207020222e+00 2.290417412066400593e-01 3.208250347247370904e+00
2.297301817015670267e+00 2.380040285418600354e-01 3.371268319632360289e+00
3.203429845833480449e+00 8.808354351343801181e-01 4.100676406340969748e+00
2.524924854354230419e+00 -1.333825082296998255e-01 3.675694609697960580e+00
2.242450205548849773e+00 -2.589092912748799935e-01 3.742083015357890119e+00
2.431725324185180170e+00 -3.286639345985098992e-01 3.551284779778740130e+00
2.019694184768510148e+00 4.333429388927700354e-01 3.268593295218059858e+00
2.121591533948639974e+00 1.201841733391799671e-01 3.437236391731140372e+00
2.668683244735480020e+00 -1.923245451546799489e-01 3.713125973820949888e+00
2.531880938849470297e+00 3.966893070741301375e-01 3.167020458016500228e+00
2.052961186352399992e+00 -1.396443601084999542e-01 3.756808265815400283e+00
2.154329721414730336e+00 -7.871179446665999002e-02 3.766614834159690339e+00
2.139634565039170155e+00 -1.142934520701799905e-01 3.767747782596980066e+00
2.016304163865569876e+00 4.343743644621000377e-01 3.274793254819890365e+00
2.013730195549749968e+00 -1.147669243050499777e-01 3.777238600109299682e+00
2.396673868215559722e+00 -1.250619729414398362e-01 3.596132510909740176e+00
2.325049152403040331e+00 2.089550523053299580e-01 3.358685206411090363e+00
1.993304957586000015e+00 -1.229675818778799279e-01 3.785981558837140604e+00
2.047935313801629853e+00 2.413856002389499489e-01 3.202727585015259670e+00
2.138952601778969953e+00 -1.197569089360699945e-01 3.776714703818749186e+00
2.175301907090320341e+00 9.720515555198000479e-02 3.467129963735949616e+00
2.397618834239500174e+00 -3.372805889135399027e-01 3.552598848773519613e+00
2.382192513167620262e+00 -4.921807666114991209e-02 3.606891786295189917e+00
2.364090059529040388e+00 -7.006343501139006280e-02 3.602206644440999916e+00
2.504552472192009827e+00 -2.538685059703799651e-01 3.673753391788709521e+00
2.325756618853650259e+00 -4.222673179599123472e-04 3.630533218838229992e+00
2.438917935155320293e+00 -8.572400134885993506e-02 3.594879252244520096e+00
2.311913342374640301e+00 -2.319048702309100540e-01 3.618920880977110066e+00
2.281199598612290380e+00 -1.373325543842799368e-01 3.638046915683170290e+00
2.352953649804939928e+00 -9.365448226438005674e-02 3.603753671203869580e+00
2.380318963431609980e+00 -3.095197999902000174e-01 3.535788197872769878e+00
2.183158553737469809e+00 1.478367939128500397e-01 3.411175757473640324e+00
2.542976832371490303e+00 -3.072589986141898710e-01 3.567958675748700514e+00
2.373626849764439939e+00 -2.075994804911899805e-01 3.593129075524999827e+00
2.447200187166330032e+00 7.382569484725298725e-01 3.846573466624369608e+00
1.990882862144660148e+00 2.310921184268500128e-01 3.203311094929369496e+00
2.041919344181290175e+00 -1.060080010689599117e-01 3.781272150187709791e+00
2.120050571004210127e+00 -7.209559242231999843e-02 3.790587188457279488e+00
2.110226581716170280e+00 -5.161305040511998676e-02 3.813933955595549818e+00
2.323827368678370142e+00 -1.263044614405899879e-01 3.640349782104610021e+00
2.266998145983110113e+00 9.642116562635000276e-02 3.616768095909370651e+00
2.340289253999070063e+00 -3.269680798580499315e-01 3.590389034185839989e+00
2.541307633502539964e+00 1.945068422967899946e-01 3.571117299013559787e+00
2.247808051568959797e+00 -4.402180759846990865e-02 3.697434736605529793e+00
1.999787070788640264e+00 -9.451128543567993701e-02 3.788731816629219651e+00
2.510121320537070488e+00 -2.179619810936898605e-01 3.636154029745009453e+00
2.682981007218540270e+00 -6.659162887348996085e-02 3.771123678021050196e+00
2.688814832979260050e+00 -5.503001849185007455e-02 3.802179264697270078e+00
2.695195259921690401e+00 -6.371612693479006273e-02 3.836977970664399606e+00
2.184831184672940019e+00 1.540294991867099950e-01 3.420445107829650055e+00
2.484532014390129717e+00 -2.688729711464299954e-01 3.578141255623250139e+00
2.044097521980630106e+00 2.217814189910800038e-01 3.242087379979969874e+00
2.296483461374540180e+00 -3.113995317815299591e-01 3.642925982804269935e+00
2.466184869456910178e+00 -2.393482472129298544e-01 3.606708745803110183e+00
2.347544772704280192e+00 -1.754534228662198991e-01 3.603215523498720430e+00
2.312087586645430015e+00 -1.441542151772700064e-01 3.616147101636570049e+00
2.389205066586180148e+00 2.059651312564401704e-01 3.451967450529039638e+00
2.294139502489739968e+00 -6.472615553625005180e-02 3.634516132458029958e+00
2.264359924550920056e+00 -2.112532258132499563e-01 3.640340140497539956e+00
2.327432417970370260e+00 -1.490485385961987097e-02 3.624209742099700371e+00
2.253708634366100139e+00 6.919647126192002284e-02 3.659883594515640048e+00
2.382013139196169860e+00 -3.282506495185800177e-01 3.560991315040380023e+00
2.726072624311320247e+00 -1.702214941365200462e-01 3.783108163429250048e+00
2.048925691941000160e+00 2.405543742078800062e-01 3.195148915228059217e+00
2.162827515219429841e+00 7.180041582099999653e-02 3.451267827900860397e+00
2.543525099010519597e+00 6.487933071493989790e-02 3.784258115661220501e+00
2.394618953900260028e+00 2.006720151411601205e-01 3.410356014320039542e+00
2.354183201825080118e+00 1.851999088680600924e-01 3.401592591972780077e+00
2.264447733337529911e+00 3.840108930058999670e-02 3.625558883625189743e+00
2.252645989007779903e+00 4.800269427381004261e-02 3.646056196694580365e+00
2.378661841697230273e+00 4.486009252091005539e-02 3.635237756842180090e+00
2.372265909653040072e+00 -2.459420810943898084e-01 3.581367951543899864e+00
2.167352856387740001e+00 1.063122160065199662e-01 3.429657436315419972e+00
2.295178930250200366e+00 -3.035766383424998716e-01 3.599374846103350123e+00
2.078776950170720283e+00 1.626897167263699484e-01 3.372534436406530389e+00
2.245941849860630057e+00 -3.036921869387499417e-01 3.662578167227259485e+00
2.001271615979230312e+00 4.421645286890700244e-01 3.203387778189449975e+00
1.935817285454150216e+00 1.337208739714900174e-01 3.297775586548130633e+00
2.300596785216090012e+00 -8.403141522563994936e-02 3.641006171252850088e+00
2.263030698212940006e+00 -2.154808573803999594e-01 3.677149690117479608e+00
2.225337179227619977e+00 -2.692235704972398280e-01 3.725037823547359572e+00
2.241857194397270270e+00 -1.716571518859899004e-01 3.687705309174310386e+00
2.219356944338049864e+00 4.283667430268012222e-02 3.681641084746809511e+00
2.529923925941069740e+00 -5.795340652896996403e-02 3.695322119647750370e+00
2.528519506969309827e+00 -5.605592159481992409e-02 3.686647829712430102e+00
2.234816042247130152e+00 -6.702615121464000625e-02 3.720467774939580252e+00
2.070339095349430281e+00 -1.999437267624999959e-01 3.740391288581410123e+00
2.618017867830809919e+00 -2.121601541970996596e-02 3.763866129136749450e+00
2.617417384715550188e+00 -2.067928333713997535e-02 3.755933591140269812e+00
2.266524729749570533e+00 1.226346777227500517e-01 3.336758102763440093e+00
2.307227210431010089e+00 1.572352042743400680e-01 3.299460640776049836e+00
2.522642878199260252e+00 -2.920767057579499171e-01 3.585908917543820351e+00
2.667368548291440433e+00 -1.903882379889399457e-01 3.712187177363800217e+00
2.147942709021879892e+00 -1.020505048000599491e-01 3.752078483571489542e+00
2.297012457601149915e+00 2.314050990066500724e-01 3.363528666436449654e+00
2.212490710965070217e+00 -1.095830197180099330e-01 3.774519539959519498e+00
2.173964078999980121e+00 1.692939169035200808e-01 3.423242275140999880e+00
2.646802099404570008e+00 1.045804508760073137e-03 3.752929515875609745e+00
2.684347814067289839e+00 -5.402434148090001775e-02 3.771447972489079703e+00
2.422031712915160284e+00 -8.265698080903999267e-02 3.598996573528640219e+00
2.452565810936820245e+00 -1.006274447012099338e-01 3.600645997228169470e+00
2.392792541112310101e+00 -5.581541245457000144e-02 3.593585423609179763e+00
2.038151676743030105e+00 1.591768426104400169e-01 3.301095535439840134e+00
2.493838835915619612e+00 -1.064724656110799250e-01 3.625136154989430537e+00
2.294701345642740087e+00 -6.516158838698005162e-02 3.619027079086369447e+00
2.077262159956029919e+00 -2.444982446186800273e-01 3.721788425962749614e+00
2.226854637294239936e+00 4.160295255401996739e-02 3.665853747563369680e+00
2.464463930614940068e+00 -2.374167172488698685e-01 3.600263046109239973e+00
2.323478394841870021e+00 -2.896582347159948334e-03 3.638107882541019578e+00
2.377941805356310390e+00 7.619449019849000582e-02 3.683679035642800415e+00
2.141806062320710247e+00 -4.539115413297989399e-02 3.784657646253609897e+00
2.500612953187160148e+00 8.277255032340996577e-02 3.714383644320290223e+00
2.121980271611610291e+00 1.196790353568900067e-01 3.438255352624500105e+00
2.046980619292249948e+00 -1.038828760455499656e-01 3.775127877249650155e+00
2.113519536529190113e+00 -5.484903774430993639e-02 3.750969557907110286e+00
2.403576814920779903e+00 -1.098365246078099600e-01 3.593245625719140079e+00
2.139726616021470296e+00 -1.160088811787799989e-01 3.766020347820130176e+00
2.249000957430160152e+00 2.706226565482006130e-02 3.640590115905409263e+00
4.068281172611899699e+00 -8.586483439084395819e-01 8.463953031843020725e+00
5.836248247995699856e+00 9.822611309047996064e-02 8.468583131778309792e+00
2.417510751026130222e+00 -8.820164557644988301e-02 3.594268333888960498e+00
4.731869199676989268e+00 6.706968274796198948e-01 5.456907673449020280e+00
4.681434710491740425e+00 7.124668151441999608e-01 5.316561141100829779e+00
4.912675035515770006e+00 3.946317490442902698e-01 6.121274005895769754e+00
4.636064427369439578e+00 7.031133120989598861e-01 5.247305839353999524e+00
4.656427982307530300e+00 7.132538557146299585e-01 5.268222777450569438e+00
4.861985767459000130e+00 5.055909048497999603e-01 5.949257811347249181e+00
2.459814291777039585e+00 7.179659356481993271e-02 3.661886963324070265e+00
2.660516808658770493e+00 -2.570293528011990958e-02 3.751135666337200192e+00
2.626381894813050177e+00 -5.529229216615982878e-02 3.766541483964529924e+00
2.658425401536350208e+00 5.929401089790176105e-03 3.765858946825229481e+00
