2.778808744640579587e+00 3.428685248807199493e-01 3.641207264591590054e+00
2.364578496687099740e+00 2.352311658036700948e-01 3.613272777241379963e+00
2.458818764436530024e+00 2.208116988963599869e-01 3.554786046497720342e+00
2.400730786065549793e+00 3.510508261525600027e-01 3.239353854759490225e+00
2.620848047020760241e+00 1.448524861205000569e-01 3.515628723525040300e+00
2.673310743004309931e+00 4.552075626394701535e-01 3.418163035133730432e+00
2.479722133311989651e+00 1.547516574121999833e-01 3.523553179138580127e+00
2.433380887392079917e+00 1.609113651266599887e-01 3.526720722087979709e+00
2.429449478783880068e+00 -2.904766215940002283e-02 3.600656113446860651e+00
2.389786930941760090e+00 1.823303030252600432e-01 3.613954959536190614e+00
2.408744693131649850e+00 2.658230253691999945e-01 3.516120449925610458e+00
2.673280103025129861e+00 4.561566543086401637e-01 3.414096794073920194e+00
2.382146708375770139e+00 3.225527346990599842e-01 3.313401689248880899e+00
2.355840655376939985e+00 4.255813310033900176e-01 3.272448868155650281e+00
2.349527689555650056e+00 4.223250246148200215e-01 3.271098754929349539e+00
2.505807421847189964e+00 4.434553971175900777e-01 3.314462664244300250e+00
2.503346231362920005e+00 4.440549935304001217e-01 3.312098759622870148e+00
2.450064620716799979e+00 1.718182039560701146e-01 3.532271640333449980e+00
2.666609312532320253e+00 1.332465745753400599e-01 3.556493685675850003e+00
2.547304439443140112e+00 1.001140245580099397e-01 3.497020095384439919e+00
2.624053197987920250e+00 1.579952861505200534e-01 3.505496978204059921e+00
2.492014787137329712e+00 4.457238730313100028e-01 3.308413915514380577e+00
2.510496058007799292e+00 6.243320843405998355e-01 3.039829149825259869e+00
2.526323097347179747e+00 5.149334244375999292e-01 3.219937305302750019e+00
2.748229428508709660e+00 2.368200706950099876e-01 3.625261260210900005e+00
2.525205593932869697e+00 5.139659608256199608e-01 3.220855602466289991e+00
2.590447417855170187e+00 1.378721089020401580e-01 3.488001327897600312e+00
2.803733248343709850e+00 1.161894999874101275e-01 3.544767647415819845e+00
2.833980104915609921e+00 5.885507744949014519e-02 3.528498796435100004e+00
2.420459940781550134e+00 1.884942492339899411e-01 3.539575241579970388e+00
2.076258747055439891e+00 3.939533837630799784e-01 3.157242176563309854e+00
2.144764163572760118e+00 3.340446983363600797e-01 3.314355829581479895e+00
2.277483670265460169e+00 1.101279089694200408e-01 3.722524963239520090e+00
2.403828782157659827e+00 2.440946475878900124e-01 3.555437190845930573e+00
2.361232553543910040e+00 2.500764685793299691e-01 3.571176879159120077e+00
2.549470640603510141e+00 4.775273872012300025e-01 3.206735050473110249e+00
2.352240375968099872e+00 1.165287156840300598e-01 3.687285518149380437e+00
2.380469498988819765e+00 3.198314088064799776e-01 3.282001060963439798e+00
2.214070571402570131e+00 2.764671837977998869e-01 3.359514216571199974e+00
2.567596678686869804e+00 -2.354409268097001906e-02 3.476808220293320595e+00
2.551679807769239972e+00 1.453920639144400395e-01 3.484618440216560309e+00
2.500939249478579818e+00 4.482487812482399692e-01 3.288518247449669474e+00
2.560044880169209947e+00 -1.043962758051699691e-01 3.441549233771300287e+00
2.531653552849949751e+00 -2.040568761604999448e-02 3.497161473081619398e+00
2.413663486850469830e+00 -5.112891924689000334e-02 3.647902422221470431e+00
2.625464456926509982e+00 1.569964926430499896e-01 3.505454236382420596e+00
2.497068973689150262e+00 1.603596619230000520e-01 3.502183786581990255e+00
2.444056577411389597e+00 1.300252297878201069e-01 3.548453013295610248e+00
2.394462760792309908e+00 2.462045587973700211e-01 3.544787257139620174e+00
2.018567356199099549e+00 3.778432339913101456e-01 3.163065084645600322e+00
2.477007709370189659e+00 1.608341779128499294e-01 3.528225537356290076e+00
2.511595082025199765e+00 4.428039333054201165e-01 3.287272303931860762e+00
2.776900745660029646e+00 2.159262571151301380e-01 3.614168682951990341e+00
2.288856882174199914e+00 1.156606097504200292e-01 3.728691853553930180e+00
2.526376408099699766e+00 1.587311699220000927e-02 3.497350142922879712e+00
2.272646441617840019e+00 4.127862033886400273e-01 3.260003903322409968e+00
2.475353120505809912e+00 -1.206412701287995493e-02 3.526006724391270275e+00
2.351293591040680031e+00 1.045259789851890053e+00 3.658199360789989640e+00
2.212059148057589741e+00 2.764779396236899389e-01 3.361159426989719812e+00
2.148158575286640115e+00 3.432486701520500727e-01 3.347015901445639763e+00
2.799499027819029706e+00 1.184589132127901179e-01 3.544368207880969734e+00
2.147294917821620075e+00 3.336771331074800395e-01 3.327217966649980596e+00
2.586862374110449725e+00 1.870488695549200053e-01 3.494013002971100512e+00
2.443846137847949684e+00 1.516435967734200418e-01 3.544553728577059637e+00
2.433579220889559913e+00 1.916799194933499484e-01 3.572643064909490462e+00
2.404839407433040144e+00 2.255733956738099621e-01 3.562437050911009706e+00
2.391536782764060121e+00 1.413113901233399305e-01 3.634972531217179892e+00
2.450202199499889932e+00 1.546111082568007999e-02 3.549202438013150385e+00
2.517472377542089745e+00 1.769740354359199408e-01 3.510902813870590222e+00
2.474421517611800070e+00 -1.170115907019997348e-02 3.533529294740629823e+00
2.497204332246400149e+00 4.748330525139005109e-02 3.508603912177520101e+00
2.270663929812159587e+00 2.794236273068499976e-01 3.439170544024519494e+00
2.524087959513409807e+00 1.770215872315399341e-01 3.464963830910860132e+00
2.515594641635740203e+00 4.583767378444999485e-01 3.302528205272380113e+00
2.428528052646339752e+00 -5.099821303851004295e-02 3.604947882877659993e+00
2.551607581095749921e+00 -1.050138683284199681e-01 3.466187581527230499e+00
2.096112826884319880e+00 3.178509172289000206e-01 3.256297746524099868e+00
2.212263335759309779e+00 2.770819534729800360e-01 3.365377295084079456e+00
2.356528404348289918e+00 3.560344499494300097e-01 3.209253037581910384e+00
2.713671880034469908e+00 3.385149440112599217e-01 3.668204867623689580e+00
2.347799940018649778e+00 4.373436909151200425e-01 3.277955635794099543e+00
3.266225944257770131e+00 1.237640368378570166e+00 3.809326843693350284e+00
2.456733950304039737e+00 9.495658771373999274e-02 3.529609328506049692e+00
2.503900074547349863e+00 4.579351410534101552e-01 3.306891311876610118e+00
2.592368042531279837e+00 -9.470522397418990046e-02 3.447362013339439812e+00
2.205426417052259502e+00 3.005047536216800541e-01 3.378515523717939395e+00
2.832013999317509967e+00 8.154480970413013896e-02 3.558877938896210402e+00
2.503032043244779903e+00 -9.863508442031998502e-02 3.462386190531979935e+00
2.584094333123459819e+00 3.609697202947000916e-01 3.549828138124400567e+00
2.517110566548149908e+00 6.149126612970300387e-01 3.029502948637019966e+00
2.324318691986639873e+00 1.266626569370699618e-01 3.702189882836369961e+00
2.536776384456340239e+00 1.043876789935400118e-01 3.491693312694100548e+00
2.513628718940130291e+00 1.780250731267198905e-01 3.502624352838229704e+00
2.455822043657939879e+00 2.199009794851100041e-01 3.534714153696110195e+00
2.572000492223519785e+00 1.489939055893800268e-01 3.481536813139039843e+00
2.433545599825920114e+00 7.882441606201001649e-02 3.554395913681010377e+00
2.491025069279610094e+00 1.299068196349500437e-01 3.506238435381130003e+00
2.256759654530330117e+00 3.348060178563700973e-01 3.340797572368280122e+00
2.525727290301159833e+00 1.943845342707006818e-02 3.495457863234820550e+00
2.106856052042390015e+00 3.519788611560999980e-01 3.208916153789930004e+00
2.294233110995989477e+00 1.298648682361000506e-01 3.731822834183019744e+00
2.285842790000260027e+00 1.500862926407899867e-01 3.755943643878150162e+00
2.122968794193940134e+00 3.560213176091699960e-01 3.246412708261110058e+00
2.398071670287210022e+00 1.698725129906200060e-01 3.616045320214330339e+00
2.080903065968120025e+00 4.037392893716900133e-01 3.162765722995330542e+00
2.257999588822300119e+00 3.374990957480299425e-01 3.347853809812410653e+00
2.259134240977750174e+00 3.416773378313601173e-01 3.349412354187090379e+00
2.145601051931599557e+00 2.713185106156000836e-01 3.368122718741360266e+00
2.639896659731959971e+00 -2.685663377512004235e-02 3.462274274966110177e+00
2.206353832103619794e+00 3.048321206921700277e-01 3.381536216000509576e+00
2.474427748434210095e+00 -9.097745969869996951e-02 3.561654284240230339e+00
2.526789327607209756e+00 1.769579063502002558e-02 3.484982863674920495e+00
2.276186608755689456e+00 2.803706180867999720e-01 3.467363115384910266e+00
2.508300999809609966e+00 4.494542600472900551e-01 3.293551019724140438e+00
2.545201793738590013e+00 4.741344541765000198e-01 3.208171061851670114e+00
2.283316701172609875e+00 2.860233512390999433e-01 3.482071685783880710e+00
2.123253560033049769e+00 3.601661633702100129e-01 3.251084301131879961e+00
2.544928836063780064e+00 9.728362240587007381e-02 3.482803747092130031e+00
2.473590770030719810e+00 4.711827770967700335e-01 3.215367997917670362e+00
2.494297572726429824e+00 1.289377250818999343e-01 3.494880318747480175e+00
2.495556083538569947e+00 1.606636579847700030e-01 3.500087597614770729e+00
2.387509837132589574e+00 3.327759250066100183e-01 3.319890987884209999e+00
2.185340395249990131e+00 2.595096721976999365e-01 3.419556959225570125e+00
2.458425959921210158e+00 2.054523989071400658e-01 3.528631545848400108e+00
2.377570016481059589e+00 2.552469259466301210e-01 3.566518498061950204e+00
2.379997123881429921e+00 2.377083805695099361e-01 3.555366731281769610e+00
2.380819197432339607e+00 2.805589223947999589e-01 3.574642995539040413e+00
2.550685504544230042e+00 -1.047423444976900431e-01 3.467277396287669511e+00
2.355861377768819764e+00 3.542531073141500508e-01 3.205926001134060677e+00
2.380675455539539964e+00 1.011753246373700565e-01 3.695161526754589865e+00
2.248555387087189494e+00 2.978519341690899491e-01 3.390159593829749518e+00
2.797130021507749476e+00 3.468562777006299891e-01 3.689479088339670199e+00
2.198767052812919953e+00 4.484479451907799064e-01 3.132958038958689961e+00
2.454853452489619947e+00 4.158942446985199881e-01 3.299672405512640516e+00
2.096996287524439673e+00 3.183552732928499607e-01 3.257165751872999948e+00
2.364419704367810127e+00 3.211363562000800753e-01 3.310065484205499509e+00
2.114754368374959892e+00 3.632218343297700658e-01 3.231263327144150210e+00
2.548967672623219993e+00 2.024862158810200041e-01 3.510948283956059512e+00
2.380680972078040192e+00 3.132677923653000018e-01 3.514457216703580578e+00
2.642215127996339952e+00 1.337527543333800750e-01 3.505116412728789932e+00
2.408863343947509783e+00 5.408480563970996524e-02 3.633350753625760099e+00
2.631095423241859965e+00 1.590994285697200916e-01 3.519582120848549600e+00
2.246038689231060204e+00 3.537105715595600941e-01 3.344299503993990008e+00
2.672470621443699734e+00 2.063671312410799707e-01 3.581782624281589555e+00
2.319138168229720076e+00 1.222184709704599581e-01 3.695996494204790039e+00
2.454836269760059864e+00 9.901481116431992691e-02 3.535218551158560096e+00
2.014155063839830007e+00 2.732594077245800168e-01 3.340129712623649993e+00
2.521552233640859786e+00 1.550586849235399689e-01 3.494503786347209484e+00
2.432194510234949814e+00 1.102001471040299774e-01 3.548316120446430411e+00
2.473522208820559953e+00 1.642746185159099648e-01 3.524231666875180302e+00
2.025244617777359757e+00 2.598529199596100181e-01 3.272539941557099930e+00
2.527858257030899836e+00 -1.932753809958998037e-02 3.485309559126640089e+00
2.467230989595879720e+00 8.112392094419001998e-02 3.577303986599989827e+00
2.442633843335189958e+00 1.622513338028600538e-01 3.554401000478280004e+00
2.413604048266219770e+00 -5.439040101295988805e-02 3.654092509621159834e+00
2.355033413496439909e+00 2.510124040973300552e-01 3.603109859458649922e+00
2.674366499147999843e+00 1.945012253772799848e-01 3.562730107818169678e+00
2.465025942446970042e+00 2.033925997136198927e-01 3.538067057909589863e+00
2.578921395348749979e+00 1.616697220200500884e-01 3.490243883295570448e+00
2.435828390686429756e+00 1.691945236603000779e-01 3.554497024081370249e+00
2.420758374599790042e+00 3.665258080644600014e-01 3.465257747367569863e+00
2.433612851234910224e+00 1.940155659325200621e-01 3.561832039930139970e+00
2.225461670158130012e+00 6.169176461214997964e-02 3.692087068748180378e+00
2.820042794395480001e+00 8.269702303486992090e-02 3.530086066046029813e+00
2.884346502132089984e+00 6.796143333833004618e-02 3.575436442553059813e+00
2.806087426890019998e+00 1.263106859881599764e-01 3.566733717439330320e+00
2.728723748414680017e+00 3.026395942831500152e-01 3.633331606004100323e+00
2.549201485804749812e+00 9.928120874416002106e-02 3.479215281247259206e+00
2.557203441071900230e+00 1.279555430230299717e-01 3.487277224676609499e+00
2.555404196897149927e+00 1.903549899016500624e-01 3.507195936658289881e+00
2.285621150969079807e+00 9.915852907841993247e-02 3.717239708428150102e+00
2.113039230159439619e+00 3.568937145236299457e-01 3.206832478964519950e+00
2.766956846312859764e+00 2.466969751545000644e-01 3.612840900061890181e+00
2.764890785693279618e+00 2.467025499982099523e-01 3.605139914060149664e+00
2.680372775895259796e+00 3.191798403089101122e-01 3.585162882071480261e+00
2.770712432261619895e+00 3.804703619473499554e-01 3.639758254404200422e+00
2.091233668147429725e+00 3.693040095035700077e-01 3.191379940924780279e+00
3.264694696693589471e+00 1.256128547781870219e+00 3.864605727492380183e+00
3.259988594826239705e+00 1.253052884021969904e+00 3.860727148549960575e+00
2.103330077456609715e+00 3.656258816983399829e-01 3.197855021174309975e+00
2.409085982725200026e+00 -5.290386607385000328e-02 3.653099553797710008e+00
2.483519769495909912e+00 4.617309490395300475e-01 3.179873411787540238e+00
2.568465344074359891e+00 1.778268966429963349e-03 3.490338746226170130e+00
2.512486493206499638e+00 3.182224646974002313e-02 3.511415245376140248e+00
2.328390534264349832e+00 3.171057290667900208e-01 3.253168974924239620e+00
2.356418722281279798e+00 3.548016505594699943e-01 3.208020033168649920e+00
2.830288267953079639e+00 8.322792599074002595e-02 3.558137654598880317e+00
2.789829339590560231e+00 2.720347608945300477e-01 3.596150312849929698e+00
2.588460509525509767e+00 1.364396037893200186e-01 3.485154791408009878e+00
2.431509808878759671e+00 1.060407401519499193e-01 3.543296303497069921e+00
2.280597447262570299e+00 2.825011070364901178e-01 3.479474569665789829e+00
2.094466495584930144e+00 3.200683152022599787e-01 3.258840411415540039e+00
2.633820802948969586e+00 1.376633647297700325e-01 3.501838339786970344e+00
2.432901157271749604e+00 1.509863743888899545e-01 3.531052063772150085e+00
2.227932169712190102e+00 3.295463242251900349e-01 3.411119413497119446e+00
2.359716922484049739e+00 2.499338587146899826e-01 3.586261150492549454e+00
2.507557852221579786e+00 4.438663386361698659e-01 3.290180924441280297e+00
2.457751408257159653e+00 7.289795244801999807e-02 3.579107184014960197e+00
2.497455636317500005e+00 1.293261920874300697e-01 3.502768836408780118e+00
2.422813920775639840e+00 -6.436159745905012386e-02 3.596167261423480532e+00
2.619731465305699558e+00 2.750996180070020003e-03 3.486735485219660369e+00
2.475850140146800271e+00 9.483849498134006017e-02 3.553573946582639920e+00
2.497777353306309678e+00 4.462398797166300390e-01 3.299425071881739946e+00
2.498631912965540103e+00 4.401067522333800275e-01 3.301831084679750283e+00
2.556765156854190035e+00 4.880040603074999872e-01 3.219537657270210129e+00
2.546498149774649722e+00 4.758665952860900994e-01 3.203803629740260117e+00
2.439980096589740022e+00 1.051794015975599517e-01 3.532746200426820415e+00
2.344154883138469980e+00 1.164447158917409908e+00 3.376050884332050472e+00
3.265433545767050028e+00 1.261026750801069962e+00 3.781500244268319655e+00
2.391787837904449709e+00 1.481453479404900020e-01 3.636149648671250567e+00
2.302513313777300397e+00 9.545701628786007475e-02 3.725622533054949947e+00
2.504968412372969411e+00 3.057754021682099754e-01 3.575064092798320381e+00
2.184338554186649795e+00 2.927972063535699832e-01 3.443578967385199974e+00
2.413176685097859764e+00 2.252375652371900738e-01 3.564374704711440245e+00
2.310507273990499932e+00 1.589165981366300051e-01 3.721205093920890050e+00
2.511828200898789998e+00 6.102381566076598984e-01 3.020355631891149972e+00
2.838686069123359523e+00 8.348776008162994700e-02 3.571767319265460650e+00
2.206058169491689647e+00 3.001151717182299894e-01 3.379460868801779760e+00
4.730640229519529782e+00 1.630366999471559941e+00 4.167203096878820290e+00
2.699113682337739739e+00 2.162303015592199618e-01 3.624560012257630248e+00
2.224949808873999846e+00 8.758316571559993102e-02 3.730973614743949618e+00
2.540787012445600013e+00 1.202278213134300167e-01 3.487132196690599706e+00
2.776290044040039984e+00 2.150942966856999039e-01 3.598839407091679377e+00
2.739655060367979900e+00 3.610905087764300081e-01 3.646854532163449569e+00
2.257948084341659722e+00 3.302985741904500561e-01 3.350903556285500073e+00
2.551409014679709486e+00 1.435858668860700571e-01 3.484931461475039960e+00
4.889584402833840215e+00 1.321579863719200443e+00 4.679066706570960577e+00
4.947222373238600035e+00 1.239630052485360068e+00 4.831569217433000496e+00
5.088317547159969756e+00 1.185209570772409959e+00 5.106248227925330063e+00
2.807785958120310177e+00 2.430918597736101416e-01 3.585900369702760493e+00
2.655096338020749958e+00 -7.571451667187001355e-02 3.427725760347970052e+00
4.927564338251309017e+00 1.264544862852609919e+00 4.788937654576640668e+00
6.179066916223189487e+00 1.444397148421940447e+00 7.232429166917470731e+00
2.311438899957139803e+00 4.134448966451599317e-01 3.274917402055669946e+00
2.769803909033119904e+00 3.420037812334900673e-01 3.639017467679820150e+00
