1.941876958433050193e+00 -2.323553793328399508e-01 3.937438574992440099e+00
1.732129902234100127e+00 -2.364613735583698806e-01 4.072119502110769673e+00
1.884161861783079983e+00 -4.104446811391004868e-02 4.017054243637719679e+00
1.449824387750660026e+00 2.545544143236000423e-02 3.668040020488720021e+00
1.504642029141700199e+00 -3.025861953542000049e-01 4.106091040800269987e+00
2.113747849632700238e+00 -1.002878881880400197e-01 3.945226485085219892e+00
1.844615752892429850e+00 -1.030014305856400414e-01 4.094884719521090233e+00
2.220900051862350288e+00 1.968347208224900391e-01 3.851371580081509816e+00
2.028576183671590094e+00 5.380737008995001291e-02 3.950764863903450053e+00
1.705338091010620172e+00 -1.928926198319199647e-01 4.097152264071610261e+00
1.930475803814239999e+00 -5.798489662033995407e-02 3.933115636240819946e+00
1.890875991545740042e+00 -2.433587989103799809e-01 4.008180322891000458e+00
1.783964601088379842e+00 -3.558160960996004096e-02 4.109526938467849888e+00
1.426534829277660066e+00 3.461462907524998078e-02 3.652105239701489925e+00
1.880244462813129847e+00 -2.822528546627006696e-02 4.014110662001819207e+00
1.642837758579110075e+00 -7.369840196994004167e-02 4.147387935840970208e+00
1.922389797217859853e+00 4.898859447870995698e-02 3.918382860909760179e+00
1.456304609923890103e+00 -5.124534555414000936e-02 3.876386460778109999e+00
1.361063904718790019e+00 -7.572045817414996272e-02 3.989426526189379985e+00
1.656696852827590050e+00 2.118449121782499112e-01 3.520082732395079628e+00
1.921717268433210002e+00 -1.681045975713100216e-01 3.939107212879399800e+00
1.746686038490639969e+00 -8.096568921692004484e-02 4.108943426674300348e+00
2.049559995364719889e+00 -9.101291667007999076e-02 3.905982778696680313e+00
1.686435156259210144e+00 -1.013777685473199464e-01 4.105350095954140244e+00
1.995915244329140137e+00 -6.809525776510999551e-02 3.916562736119239663e+00
1.597027296469130109e+00 2.040935016770199506e-01 3.518987457591349788e+00
1.895315653673130152e+00 -9.745559187648999977e-02 4.016813822678329871e+00
1.767699339068130149e+00 -1.017584311756700721e-01 4.106115454166619827e+00
1.465040308172949945e+00 -1.839678001407800134e-01 4.120621420900560494e+00
2.173878047856280027e+00 1.274921779176799719e-01 3.994924724966109952e+00
1.859656163563500053e+00 4.359980867607998745e-02 3.981953597825529823e+00
1.697652883570840210e+00 1.471472129497798931e-01 3.698149981313240353e+00
1.937316138133269972e+00 -6.810593603610004543e-02 3.952199753421259842e+00
1.929539613383999930e+00 -2.624479776979005141e-02 3.978362673625070123e+00
1.428496758782620057e+00 -4.557177741965995343e-02 3.832628690019590056e+00
1.784111304020369992e+00 1.012412208164799043e-01 3.772310835876609314e+00
1.782714938882330014e+00 -1.119925060636500214e-01 4.107772480331979281e+00
1.803758811743420010e+00 1.334179030429800128e-01 3.725006028796569613e+00
1.496381230169550047e+00 -3.059872080516701232e-01 4.102006863560060168e+00
1.686200859538879993e+00 -9.746166979877002312e-02 4.117729573629949513e+00
1.958412592802710073e+00 -1.275641629071100902e-01 3.960446973468399801e+00
1.886371738117800012e+00 -4.165003062380995269e-02 4.017341110056060316e+00
1.806035762285920221e+00 1.401350293725099339e-01 3.733767527985840218e+00
1.994722123548950066e+00 -6.764364624995000685e-02 3.914293866766730190e+00
2.014391699536999703e+00 7.299783680680987930e-02 3.964229044645739997e+00
1.850093180299340112e+00 -1.049702556530900943e-01 4.094514438233810338e+00
1.674871693894900204e+00 1.845949515842599253e-01 3.576006317098779697e+00
1.553631984885539996e+00 8.769483299655994601e-02 3.645060955450329487e+00
1.857115094832179958e+00 4.428720586469003795e-02 3.998311104424969731e+00
1.931195460382010287e+00 -2.424621740090004973e-02 3.967611000048919756e+00
1.863870058719340195e+00 1.561157488212999711e-02 3.985342142591670189e+00
2.227752987646970162e+00 2.024273232983400672e-01 3.852273059892520113e+00
1.427530660181730138e+00 -5.368019710118004939e-02 3.820131925069329970e+00
2.041240519155490318e+00 -1.364654096944200035e-01 3.900844241098159859e+00
1.906720458566669940e+00 9.837678478993988618e-02 3.900084795705229368e+00
1.381998005348130221e+00 -2.296805637586996074e-02 3.755472282583479871e+00
1.382008295109760088e+00 -2.263381230155003809e-02 3.758808072458369676e+00
1.658132117931909955e+00 2.134906097563299965e-01 3.509641149260459780e+00
1.985048464497100262e+00 -7.166395311857998163e-02 3.896236973105599688e+00
1.861219239643860046e+00 -2.626415257956899452e-01 4.058007610746510174e+00
1.678968417725829942e+00 -1.989826401276400536e-01 4.080013787532640102e+00
1.698937608991140102e+00 1.480539175138599339e-01 3.689990083866280024e+00
1.673899663146580119e+00 1.847464607533099712e-01 3.577929333767769560e+00
1.298181006132850035e+00 -3.995171349187004450e-02 3.806859058092039838e+00
1.837183998503600035e+00 2.087744851750198971e-01 3.643757878160080121e+00
1.977112155715890163e+00 -2.084063248219901188e-01 3.887096066962909546e+00
1.301876017527010099e+00 -2.531314048124005955e-02 3.746951996382809735e+00
1.956687719455940222e+00 -1.618157556274300024e-01 3.939781575311700035e+00
1.329442301482799849e+00 -3.531493960109005625e-02 3.786399259499349856e+00
1.346980685889820117e+00 -6.247136023440125197e-03 3.801523040375329732e+00
1.477431510698250072e+00 -2.365430928119999776e-01 4.114650679847489556e+00
1.482041676218590176e+00 -2.359516248706299835e-01 4.101811959563830712e+00
1.483436017415260100e+00 -2.246354485481500407e-01 4.117613240370790351e+00
1.303057349926420194e+00 -2.468674000789000678e-02 3.743763290390770049e+00
1.924723396789610019e+00 -7.471920146048000033e-02 3.918570704757200041e+00
1.790130929646210234e+00 -9.581395378657003858e-02 4.081608771926209300e+00
1.914454516620930136e+00 2.134103440757299519e-01 3.665304358948639596e+00
1.918885853390580154e+00 -1.115652433524100262e-01 3.949963670775349822e+00
1.898194836426950083e+00 2.127631182799199494e-01 3.654037568282469728e+00
1.928081244919070070e+00 -6.761877201717003683e-02 3.937468870876450033e+00
1.863578378881169950e+00 4.208669302242989962e-02 3.982175392098249667e+00
1.427757658228899995e+00 1.299870939239006207e-02 3.740163832681900224e+00
1.890729215830019960e+00 -2.447249896714101536e-01 4.000569443747889586e+00
1.671859502754959870e+00 1.893570272843900226e-01 3.571405463123840551e+00
1.424315294149570033e+00 4.117012931827995770e-02 3.648998554163859875e+00
1.382803722434620131e+00 -2.298312591081003164e-02 3.755722994240539681e+00
1.803773907224920148e+00 8.379090153669005447e-02 3.866650727959939804e+00
1.917720027612240141e+00 -5.109427066247007598e-02 3.964517975596779653e+00
1.374306200461150151e+00 -3.384092754944001413e-02 3.718017938802870237e+00
1.874717215363669975e+00 -6.170821664347009294e-02 4.036772570329651089e+00
1.427471398904700095e+00 4.004314747629000859e-02 3.649162088362469802e+00
1.429360362642160043e+00 1.497621055967995884e-02 3.723855433726249942e+00
1.768834450316830065e+00 -9.888276049862998462e-02 4.115247361235299550e+00
1.428260572958699903e+00 -4.359957162576000300e-02 3.838083302040600220e+00
1.931381768877470151e+00 2.116867173391599466e-01 3.665567153065009798e+00
1.273376656914640082e+00 -7.871648686680993157e-02 3.951746076689710563e+00
1.274675280892820117e+00 -8.086532492487008561e-02 3.948143801186169366e+00
1.350198827683110059e+00 -8.432540008570021950e-03 3.709430905859359751e+00
1.786204495533780134e+00 -3.730555763695003746e-02 4.111116286357789917e+00
1.340627399089600047e+00 -3.257642935836008169e-02 3.798203706186829898e+00
1.377926898354240093e+00 -4.731166934787006673e-02 3.825562740542849838e+00
1.321039657154309932e+00 -2.311066747894002793e-02 3.755465974759760073e+00
1.699169964903990193e+00 7.446566883008998161e-02 3.797166340032539722e+00
1.314975242104170050e+00 1.632514210005997501e-02 3.665968990093569690e+00
1.362495687510870024e+00 -7.323723717235008923e-02 3.989507697458839708e+00
1.377035025547470148e+00 -4.403764758757006126e-02 3.843097956342169663e+00
1.909642619944640130e+00 2.048055900729698897e-01 3.775223844231379910e+00
1.783793402873430134e+00 1.032946693789999482e-01 3.769261441222219844e+00
2.111398726780850055e+00 2.071241167827699292e-01 3.683237087426869838e+00
2.065059060564349736e+00 2.080709826974699861e-01 3.711865817077629970e+00
1.945028981572370030e+00 -1.230503784531399858e-01 3.943115724117059795e+00
1.322411939011120197e+00 -1.104683284506000063e-01 4.081226648185309891e+00
2.088010333137230390e+00 -1.044488601541900263e-01 3.916750603071509573e+00
1.803367720390010254e+00 6.701615050970999299e-02 3.838750816555629886e+00
1.866805805160790088e+00 -1.586209025541099882e-01 3.986902787298370665e+00
1.868301756607199993e+00 2.063187983127001690e-02 3.904388265712319672e+00
1.462920464397970077e+00 -1.800650999291200094e-01 4.117852130517549725e+00
1.895865686850660037e+00 8.738737857417994137e-02 3.916114992631389846e+00
1.472456099355260006e+00 -1.245877920054300203e-01 4.147782517891210219e+00
1.804587868289970087e+00 -3.995311860363998102e-02 4.096486536256760402e+00
1.475183287880840188e+00 1.125754074629199963e-01 3.635387450826709888e+00
1.475956802519980293e+00 1.169161018557799969e-01 3.644050551491679890e+00
1.903618369515629904e+00 3.157718073454995888e-02 3.953947866183709969e+00
1.287471414840140049e+00 5.199628860259930541e-03 3.669962222502059834e+00
1.444802914936610172e+00 -1.596026431370023424e-03 3.782226279942949798e+00
1.453592490964149997e+00 -5.372881360169001752e-02 3.875086353556589813e+00
1.690193973931690019e+00 -1.299611773782899382e-01 4.115969893638530053e+00
1.885881199034280087e+00 -2.970736263289008861e-02 3.996960799297639699e+00
1.337876576145709873e+00 -1.649690742281001432e-02 3.720538355224339622e+00
1.860308829583980028e+00 -9.680864612886008747e-02 4.105955111353528864e+00
1.476583198894880100e+00 1.097242586279200127e-01 3.628373427334159906e+00
1.467114742382640058e+00 -1.848664222396199652e-01 4.099121047099949955e+00
1.848801852508519916e+00 -3.152647403506300683e-01 4.040461646799959894e+00
1.789748767335720192e+00 -9.638931636407005454e-02 4.080591661251160573e+00
2.147392323616619692e+00 1.668284197608199126e-01 3.823674820847029920e+00
1.685718537401770023e+00 1.620412991770399658e-01 3.599714860483330003e+00
1.508873843162420236e+00 -2.299822995903500478e-01 4.123364634865040124e+00
1.300141815849180205e+00 -2.448495700200997716e-02 3.752395237461320310e+00
1.478784754257310041e+00 -2.369704269490700010e-01 4.111199084483190269e+00
1.389798077284430056e+00 -2.552137545289500098e-01 4.264968478427139331e+00
1.686313129734030136e+00 -5.205348579071006343e-02 4.139066243994309779e+00
2.034991881654990120e+00 -1.143341493385399699e-01 3.907432365946750252e+00
4.495713306817830102e+00 6.315301220094899914e-01 5.813782508675490845e+00
2.300630181506409855e+00 9.956030959989981000e-03 4.056204526659120013e+00
2.273296471789709727e+00 7.765621711083997569e-02 4.083651175192329674e+00
1.667183219418610030e+00 -1.438042236644300198e-01 4.097336818437449679e+00
1.430695636515950220e+00 -2.507837592527989434e-02 3.799980401025940147e+00
1.430542338179790152e+00 -2.670877722900005802e-02 3.798400744396499995e+00
1.423501113246600003e+00 4.193822947971997950e-02 3.646603966235379968e+00
1.267813537589219886e+00 1.740935338500004814e-03 3.649426860304619602e+00
