2.953908963166400614e-01 -2.432118593255200301e-01 2.725809768683320033e+00
4.280908037727599869e-01 -2.866342604636000213e-01 2.717664157120760038e+00
-1.804079874631980829e-02 -1.310768997604579988e+00 3.232506172814129997e+00
5.754213642851100374e-01 -4.313156381091000080e-01 3.024553206279110285e+00
1.167733400806839850e+00 -3.700778936654600115e-01 2.653660109331450023e+00
1.053689657881910158e+00 -4.788016959957600016e-01 2.694059951866919711e+00
1.040742397417800280e+00 -4.723017264046600050e-01 2.692226610913970308e+00
-1.756302502580997515e-01 -4.581570256696799737e-01 3.154942813809240132e+00
-2.117740702210795245e-01 -6.388671712459399465e-01 3.474909289770109933e+00
-6.680975421866008901e-02 -8.709868258558199905e-01 3.234873141718229927e+00
4.479240959594399385e-01 -3.327405908411600333e-01 2.811184926341320001e+00
9.425929484466100128e-01 -5.730846874416999359e-01 2.881521996826890586e+00
3.658164120418401222e-01 -1.149236988773419954e+00 3.161666464538930299e+00
6.083941157128900379e-01 5.436753731151600100e-01 2.783522387158759770e+00
-1.727014829106097160e-01 -9.146408391181799491e-01 3.314016543315689844e+00
-4.628448588966597166e-01 -8.251581419142199891e-01 3.741409085845810001e+00
1.037320283853050196e+00 -2.908422655036800308e-01 2.717139119742160158e+00
2.822317105951899219e-01 -5.025332155928000644e-01 3.182139462362219895e+00
-8.304841526835993193e-02 -3.730329091169800604e-01 3.007471495530650074e+00
-2.950451559094298126e-01 -1.188430491530160005e+00 3.331549934186860185e+00
4.339254530272702581e-01 -3.418414549061000174e-01 2.821780614830350142e+00
1.037533268952470333e+00 -3.041041670422000021e-01 2.797198379679280311e+00
-8.106661673512993715e-02 -8.735416226301999654e-01 3.236776389318919644e+00
-1.695240657836196707e-01 -4.609888730204000362e-01 3.155661595795160146e+00
-1.726154960389014725e-02 -1.120281192059940034e+00 3.243414139500790050e+00
2.479974625920402520e-01 -2.856332496075399963e-01 2.836834110605169990e+00
1.036037236048510390e+00 -3.003443512419600170e-01 2.709686731030739981e+00
1.030953045437320359e+00 -3.135184435336800246e-01 2.803094348054379736e+00
3.602179200870201381e-01 -1.148957495926079986e+00 3.148841264488460467e+00
1.057041971977439765e+00 -6.161674315993800333e-01 2.786148279387449911e+00
4.214704258890198396e-01 -3.441580069021800137e-01 2.816266872728370174e+00
-4.771147192020497307e-01 -6.209582895785999979e-01 3.393799702480300162e+00
1.145718886702090433e+00 -2.620249511771599593e-01 2.660513082106960248e+00
9.339029941626102449e-01 -5.335767522077199398e-01 2.921600468942020079e+00
4.456320608991801713e-01 -3.406088796675800223e-01 2.823614998341249738e+00
-8.327538176884985432e-02 -1.152111293678139914e+00 3.263284280589249686e+00
-4.792850247802700192e-01 -1.231119388121699965e+00 3.416352197705089466e+00
4.738812611041196554e-01 4.481938303675399582e-01 2.870237542044770329e+00
6.163001769380000994e-01 -3.732136601976199786e-01 2.876779729900210469e+00
1.046486230621800129e+00 -5.395497709213599169e-01 2.658897762754640404e+00
1.046110616230120360e+00 -5.677650514836800610e-01 2.745169874947320121e+00
1.042100892613170071e+00 -5.397016340215998742e-01 2.659981521865059761e+00
2.312803589976200058e-01 -4.260123675117400421e-01 3.063455235616450167e+00
-1.091628107443398665e-01 -6.117090561386799852e-01 3.338129213024660036e+00
-6.906001811624973286e-02 -4.962751218209799919e-01 3.200085327406489988e+00
-9.533397876163984819e-02 -5.865157604624799959e-01 3.336305557408419720e+00
-4.474569815585298649e-01 -6.689623860379400044e-01 3.220666803953870172e+00
-1.751053311012298330e-01 -9.167210496882201021e-01 3.311663366880949866e+00
2.823583660695301312e-01 5.221976074505199072e-01 2.793784599670960489e+00
-3.201931723268199859e-01 -9.307072924434800498e-01 3.890287786722399943e+00
1.047674972702740348e+00 -3.552409582645200126e-01 2.780690056126560172e+00
3.897494995306600707e-01 -3.464967709256000505e-01 2.902368821175220326e+00
-3.772002106340299754e-01 -8.925533755877600450e-01 3.845764668700919930e+00
3.874084538889199791e-01 -3.653443076447800419e-01 2.943577696885189887e+00
1.030137513381240488e+00 -3.146825608813399455e-01 2.803702131737510150e+00
1.030137513381240488e+00 -3.146825608813399455e-01 2.803702131737510150e+00
-2.516115065698998343e-01 -9.877393592915799658e-01 3.959551169349750488e+00
-1.800060908872198606e-01 -4.566256602127000130e-01 3.155454038527050198e+00
-1.954925224433101683e-01 -9.782091440417999273e-01 4.013255935070340286e+00
-4.490633210025498645e-01 -1.213059449827339931e+00 3.353311454960870019e+00
-6.252354218012001752e-02 -3.542771901388800382e-01 3.002212457673119950e+00
2.884093151419901968e-01 -1.070774227104499987e+00 3.046400817273210215e+00
3.599055089154603593e-01 -1.198480249672519982e+00 3.093871528112420499e+00
2.531247578067301607e-01 -8.590463349435000229e-01 2.953368836295810596e+00
2.647383636673301677e-01 -1.874571136833599883e-01 2.719406419975260114e+00
-4.879811674051197645e-01 -1.286436070336880011e+00 3.350785141527739874e+00
-2.013692342262698443e-01 -9.161185294028999504e-01 3.309693062350510306e+00
6.075767738454000977e-01 -3.742173179907600233e-01 2.877670931176660396e+00
4.827275665578301123e-01 4.537627865622400614e-01 2.862290271827940380e+00
5.933595359994301432e-01 4.046954142591999148e-01 2.991595380858120379e+00
9.410619685303203141e-01 -5.763604812040599157e-01 2.888392938123029996e+00
-4.013915537436497649e-01 -6.983720644091599983e-01 3.281388232796940141e+00
-5.317401358352898955e-01 -6.651027372503800494e-01 3.307878495468550284e+00
-5.846842534617396892e-01 -7.449663329590600069e-01 3.643265403938110047e+00
-5.159185947581198528e-01 -5.879775627593599729e-01 3.270222832062460228e+00
-1.352404109708800206e-01 -1.219258137775580009e+00 3.223363608929449953e+00
2.436247316212203362e-01 -4.237417604826000384e-01 3.062845643182700250e+00
-8.373980120154977946e-02 -1.076388893012119929e+00 3.368823933796680326e+00
4.956289247002498843e-01 -5.583532543420005601e-02 2.675445482807759845e+00
1.906088318261400794e-01 -8.280542975751199464e-01 3.056629618898780265e+00
-1.462613017683798144e-01 -4.619652293170600221e-01 3.152717661067410138e+00
4.440085548484300482e-01 -1.423174461173800642e-01 2.606739881777370371e+00
-2.424872216931599489e-01 -9.066809411477599889e-01 3.387229434008439899e+00
-2.743087846362799453e-01 -7.384436883683400676e-01 3.590724726104369768e+00
1.910296294704498798e-01 -8.295513706815199617e-01 3.057045106816220326e+00
-3.934388344488297662e-01 -1.084037501292720140e+00 3.494928475751799990e+00
3.519712784446602516e-01 -1.114403176561759912e+00 2.995414040098399955e+00
-6.930305374543999086e-02 -1.076349954866040015e+00 3.371589977367600355e+00
-4.268492248824800050e-01 -1.237233295544279965e+00 3.319725703781519766e+00
-6.208729997449013993e-02 -1.075001931230539887e+00 3.373494645359029764e+00
-3.000076890506298000e-01 -6.827125550841599555e-01 3.402522406017340462e+00
1.233808333889299114e-01 -4.789343832392400357e-01 3.162269288074980089e+00
-4.569524977776397989e-01 -8.215078486313800443e-01 3.745692847994489760e+00
2.089713965644799387e-01 2.970907132502798587e-01 3.226180387319719678e+00
5.868274896380800687e-01 -3.749545222605999983e-01 2.879655649485379776e+00
9.595893196686202664e-01 -5.230539451451799993e-01 2.905509672843729962e+00
1.188752587325250243e+00 -5.321274904353798796e-01 2.555339027765790139e+00
6.403252809316200000e-01 4.326394935163199729e-01 2.992989185040640265e+00
6.133425163118901846e-01 3.986059548500800465e-01 2.916626453505180017e+00
6.548126464300498828e-01 2.801122451506799504e-01 2.984737944971419754e+00
1.246998671923610136e+00 -6.233937381758600793e-01 2.665324171164429767e+00
8.485898750233600296e-01 3.993228420469799311e-01 2.989797722862390650e+00
2.737346160465801148e-01 -8.544973278396000849e-01 2.971051897808259845e+00
-4.441805370590978796e-02 -1.304148664799539947e+00 3.219905817226790035e+00
5.943161211893301932e-01 4.071377980919598794e-01 2.989100952196599881e+00
-4.880914083736699327e-01 -6.891935075295800850e-01 3.265460773033689534e+00
-4.600432454789497028e-01 -7.187358326119399621e-01 3.305603779733570224e+00
1.456333491250610290e+00 -5.842584801887600321e-01 2.509750856347140235e+00
7.974602921472202510e-01 3.652878348238000616e-01 2.994460167340120549e+00
7.893304138798700187e-01 3.605763025943799494e-01 2.992899867146829873e+00
-2.695859315953199609e-01 -6.608161803231200615e-01 3.453891589704340070e+00
-2.535517832416600559e-01 -6.493243254310000490e-01 3.461717294968700287e+00
-5.460584307040972085e-02 -8.855111400715198755e-01 3.271121713050340052e+00
-2.259685623943796795e-01 -7.252808907455801091e-01 3.478106989273470173e+00
-1.327881181084100692e-01 -4.366712050448400273e-01 3.133258318606539916e+00
-3.462916208530395501e-01 -9.451699286304000580e-01 3.871190067012559854e+00
-4.543023129330899801e-01 -7.159969529821800238e-01 3.307313844024169835e+00
-4.568734844001198780e-01 -7.173800001112999869e-01 3.306491222807530050e+00
-5.339347705587698112e-01 -6.579734925872400275e-01 3.305321106687659771e+00
-3.899111698354498223e-01 -1.278751584898639937e+00 3.269836275292879790e+00
5.729095454335901838e-01 -9.088517609742002845e-02 2.519650620517530193e+00
5.731989141027900025e-01 -4.184891175805000030e-01 3.030888464896009715e+00
-4.532465052072800482e-01 -7.139246707471600395e-01 3.303888788792519904e+00
-3.875592127655098640e-01 -8.142076066760000064e-01 3.659539956850020204e+00
-4.954858127268098045e-01 -1.230709697266979985e+00 3.435274896650169829e+00
3.869574619880800093e-01 -1.267634083242480170e+00 3.053175848470099929e+00
-5.866794021862200559e-01 -7.457499692021600790e-01 3.641169951351900025e+00
1.051482405200840020e+00 -3.481539832871000106e-01 2.783993946636270422e+00
-4.934345647424699388e-01 -1.276747166539260014e+00 3.373071094290270189e+00
-3.740239160734999402e-01 -8.096043476217000823e-01 3.668472219007609780e+00
-4.727127423109396265e-01 -1.129573693443659987e+00 3.541578395276490099e+00
4.690278236025202663e-01 -9.302457392977999673e-01 3.124041202976820308e+00
-1.913961227139098220e-01 -4.810212372688000282e-01 3.066415626629059865e+00
-4.448862273438098924e-01 -6.105497730199800355e-01 3.218995457957370299e+00
-1.914594796952100442e-01 -8.078846612203400834e-01 3.370167890045629999e+00
4.270725815426501537e-01 4.218427918008599842e-01 2.962636571040889955e+00
4.476696987704003039e-01 2.062309108518999845e-01 3.238881858514510270e+00
1.244772675736600664e-01 -4.806251470304400142e-01 3.160842612593360190e+00
-5.424530761132599910e-01 -6.574130013326000554e-01 3.302958970883819845e+00
-4.113329799722098556e-01 -7.005164950011799618e-01 3.273776467560829850e+00
1.125454117394820042e+00 -2.585189758388000136e-01 2.627870666322400517e+00
-5.171011769334297181e-01 -1.320402292494839980e+00 3.383144229465820274e+00
-3.192986718193500106e-01 -9.303801467129400038e-01 3.893805696428570329e+00
-1.019843038702696880e-01 -1.191976166103939860e+00 3.247513203067310172e+00
-5.100087221813998095e-01 -1.271983894870239995e+00 3.365882494130040037e+00
-4.176811920543099799e-01 -1.171455470307579905e+00 3.384680836086989775e+00
5.641830589864702539e-01 1.167583376336600032e-01 2.564428342351310341e+00
1.151971856802439742e+00 -5.324710414353599486e-01 2.572558309053400549e+00
-5.221806573674097063e-01 -1.327699539821979968e+00 3.413623573751530138e+00
7.319575398111397568e-01 3.141608018428799221e-01 2.968732815179880191e+00
-4.734438805122995753e-01 -1.127602052026039914e+00 3.538799367587860178e+00
1.192464098442310050e+00 -6.356868522862599846e-01 2.544521595450030205e+00
1.016592333750701016e-01 -5.199705893707400328e-01 3.261229857782570019e+00
-2.942568715843099092e-01 -7.468680505911400314e-01 3.592235668148669792e+00
-3.561397026197600235e-01 -1.347193870231400137e+00 3.244552041542720033e+00
-4.749183685941700261e-01 -1.225210533672880020e+00 3.406457685289080217e+00
-4.729577973491199128e-01 -8.266417246213000336e-01 3.740448353545669846e+00
-4.985034344126397787e-01 -1.255785365862180036e+00 3.490145207783410086e+00
-5.358364937599499056e-01 -5.437521803885200233e-01 3.322303777914819900e+00
4.889936451323697586e-01 -4.548241958838000198e-01 3.065192467298979651e+00
5.741649190294502159e-01 -1.046444080506600538e-01 2.512620847892249820e+00
5.315241746896601782e-01 3.402475557123599281e-01 2.927073117365680321e+00
-4.855069005589095488e-01 -1.172793332287940027e+00 3.495508844684789729e+00
-4.233157821474298199e-01 -1.250583696568559944e+00 3.295735421110120189e+00
-7.958299574524985154e-02 -1.151635701265240064e+00 3.262280292119400293e+00
-4.327296176174397768e-01 -1.188461481663340091e+00 3.416441219076789881e+00
6.153911556246403070e-01 3.905254925955199963e-01 2.922474361629320505e+00
-4.347012953879600961e-01 -1.188702714342420030e+00 3.472056584378830024e+00
1.387056430351600866e-01 -1.077926179937940043e+00 3.060655275392449859e+00
2.995214261544101308e-01 -1.068300122736459912e+00 3.082794467145789863e+00
2.373078896815898897e-01 -2.753896812948199990e-01 2.806862348008750008e+00
-5.990449617303972296e-02 -4.665727518417200348e-01 3.155985757623760435e+00
-4.663983467830697949e-01 -8.967326115350400251e-01 3.701675043808200005e+00
-3.997977724052396153e-01 -1.083967946416680039e+00 3.490578334717640008e+00
7.264882285648988081e-02 -5.354760246278200686e-01 3.260898465121110146e+00
-8.533727218989972663e-02 -5.962989012661999988e-01 3.353903249225659966e+00
5.048367918712015623e-02 -5.271261498478599927e-01 3.237852343239210118e+00
-6.581363436585996318e-02 -1.072718187298780101e+00 3.346237775913369905e+00
-5.192337018722898989e-01 -6.059375033513200171e-01 3.341541150237300251e+00
9.770581746492204012e-01 -5.587692054449000523e-01 2.877400582492450454e+00
-4.745598681141598441e-01 -1.226657562235380139e+00 3.405450813051249970e+00
4.656605757751601793e-01 -3.332342301406200358e-01 2.824470051633990231e+00
-2.486577702948198354e-01 -1.383937832698300063e+00 4.093036805359430375e+00
-4.618393365710597998e-01 -1.076615434449240016e+00 3.847598060150819954e+00
1.623728729961869899e+00 -4.124517213700999441e-01 3.019617732490510242e+00
1.730760113987120263e+00 -4.630418591518799531e-01 3.015911188949880195e+00
1.736011967690500146e+00 -4.232285364025999974e-01 3.029597720131800287e+00
3.860267693504400022e-01 -1.204240979253220045e+00 4.341223412669229731e+00
1.481167690707130280e+00 -5.954806627203801384e-01 3.298101970851770481e+00
4.974081030091899169e-01 -4.501539638507800478e-01 3.065351733641249687e+00
9.313655833359502090e-01 -4.418434294903000326e-01 2.960009885227710136e+00
-6.341152805913985446e-02 -4.642664136800000452e-01 3.156954169957780110e+00
-6.075439175853003526e-02 -4.964917205947400047e-01 3.202603750716890296e+00
3.899228582388101216e-01 2.072247055112400038e-01 2.656551080803900344e+00
3.389220190776403019e-01 -3.082043545999599843e-01 2.807428030305699984e+00
5.104685551150028644e+00 5.794963200031200135e-01 9.328822994237602195e-01
1.397895531514159906e+00 -6.074898993814799031e-01 2.521797725816540048e+00
5.010546880685589954e+00 5.754831964584399273e-01 1.127288954852820213e+00
4.543931951239921219e-03 -4.401655752546600464e-01 3.123014183959109680e+00
-4.660182387976198326e-01 -8.236295212636599583e-01 3.743020932875450235e+00
-4.660182387976198326e-01 -8.236295212636599583e-01 3.743020932875450235e+00
5.099550525521779676e+00 1.007093990137439832e+00 1.306509770107380008e+00
4.145785762370350014e+00 9.370060449529600266e-01 1.516285781202060701e+00
-4.743408901755098439e-01 -7.089477214366199931e-01 3.260764507715069982e+00
-4.363670920931799202e-01 -6.828482861746599797e-01 3.262819383938489803e+00
4.808797656392500564e-01 4.456211915085399045e-01 2.869105792448070069e+00
4.575504187538809830e+00 6.513371693834597576e-01 1.344190387763330552e+00
4.078541677057510029e+00 1.109108960343460071e+00 1.063629385451950071e+00
