1.111528048533640067e+00 -3.114643294636400550e-01 3.955696296414189739e+00
1.703432181876739948e+00 -1.821910624468600082e-01 3.938129207050050429e+00
2.069752190419710036e+00 3.980013497119000432e-02 4.091074150710659829e+00
1.740711211724160101e+00 -1.999360178547199829e-01 3.913012980484769976e+00
1.652395064121739754e+00 4.171892586200542929e-04 4.000438380611470279e+00
1.080343003904880028e+00 -3.264330832880024680e-03 3.620272929143010021e+00
1.671841192522220076e+00 -6.880677128345996652e-02 4.007153937716450898e+00
1.696916412974269983e+00 8.839953396699851140e-04 3.939102827257599859e+00
1.628655128967080090e+00 -1.312331925572400304e-01 4.082639358053109291e+00
1.687231657101109894e+00 1.648824641479500475e-01 3.683295552950639706e+00
1.499357885514569944e+00 -2.120235088306700044e-01 4.066351694899410063e+00
1.048362806273609893e+00 -1.215053595188300140e-01 3.961653437245360010e+00
1.674600121083019921e+00 -2.710358196133800246e-01 3.994877557870640583e+00
1.227238301058570125e+00 2.289396964164996939e-02 3.629988437233589771e+00
1.426024786014080004e+00 -9.852708627423995003e-02 4.129552742426690237e+00
1.115399517166830057e+00 -1.351208312903299791e-01 4.038962255641040500e+00
1.749576166731859894e+00 -1.274889031752600710e-01 3.931641629855509912e+00
1.424291335284630033e+00 -9.318560264532999016e-02 4.129063895909889759e+00
1.464968375961010150e+00 1.974040097730500043e-01 3.508145403213479341e+00
1.550132573292970051e+00 6.196337051589001499e-02 3.727489839946890093e+00
1.786019316535960133e+00 -9.650968466595999384e-02 3.909609020772670362e+00
1.693538532984109946e+00 5.434710817030008467e-03 3.937305260409659891e+00
1.405211264990559927e+00 1.909510939995200940e-01 3.505114352139190093e+00
1.681817672535439900e+00 -1.254311443034399898e-01 4.006243143396400086e+00
1.965551040053989951e+00 9.384808180803000388e-02 3.996775996531519937e+00
1.726372910063009858e+00 -9.587962250975001766e-02 3.943458118092009634e+00
1.718677031565369884e+00 -5.431797469859001026e-02 3.970117643844489841e+00
1.709747379958019842e+00 -2.312101194612598554e-01 3.947572471013450102e+00
1.841388833162039829e+00 -6.861906999955996733e-02 3.907193360023050399e+00
1.222018887633689932e+00 -6.040985654050995413e-02 3.809029374217720143e+00
1.582293746483180108e+00 7.977651524757994883e-02 3.762084701958769539e+00
1.542774535289199944e+00 8.734908203671992721e-02 3.745238099822660427e+00
1.896399896773659943e+00 8.797053555181993945e-02 3.971826112442519818e+00
1.566215863829649946e+00 -1.391181245653500542e-01 4.093493405378479721e+00
1.786217522974880012e+00 -1.023037804145600638e-01 3.909500583561009712e+00
1.248017834561929940e+00 3.440716066852994581e-02 3.667792823907549682e+00
1.464547635831680017e+00 -2.234244012358400644e-01 4.065584297761430044e+00
1.406657922558619989e+00 1.920973860918199771e-01 3.511557910541489580e+00
1.469767170459250094e+00 -1.226989864752699999e-01 4.100795261606710262e+00
1.674028172948999860e+00 -6.946432462796003904e-02 4.007496416165190922e+00
1.606190520704819713e+00 1.188496374666599964e-01 3.724919772047309507e+00
1.669311453204119777e+00 -2.907244536149201086e-01 3.979368923389619894e+00
1.784905646162019854e+00 -9.599368164189997499e-02 3.907313647649079957e+00
1.634099029747969833e+00 -1.333121037839899992e-01 4.082399231756530078e+00
1.445231271585380117e+00 -1.294570453724600001e-01 4.098393416439839676e+00
1.564158018336009759e+00 -1.369701180666700324e-01 4.086824906660970314e+00
1.707711961135899958e+00 -1.348265329750599761e-01 3.945001713691959733e+00
1.647165124178969986e+00 1.739389245389005856e-02 3.989129963443149851e+00
1.720701429759490031e+00 -5.217060875695000988e-02 3.959458128047470105e+00
1.700861594654299758e+00 7.209154593773997588e-02 3.893423963683809941e+00
1.178377204204670070e+00 -3.549236292256996439e-02 3.730922423582540670e+00
1.178292702066189968e+00 -3.521585300184998379e-02 3.734262441779370167e+00
1.775162450543809944e+00 -1.240251247164699810e-01 3.896240344177940074e+00
1.775705541252579955e+00 -9.949484311758000077e-02 3.888904576130440383e+00
1.461571949288430039e+00 -2.233780789624899565e-01 4.061073055705909596e+00
1.874028288936379960e+00 -1.352182989886599462e-01 3.902578551162589449e+00
1.204078143092409903e+00 -7.070903797634991994e-02 3.823365460629259971e+00
1.092695541507229917e+00 -5.156025585297002722e-02 3.779448806090300206e+00
1.499399626987800049e+00 1.290396261940399691e-01 3.679833497982319734e+00
1.121371874329279983e+00 -3.500185545439993273e-02 3.723033845441660272e+00
1.121243927339850011e+00 3.687467681236999972e-02 3.597034153322550054e+00
1.124656355219289861e+00 -4.724213310259001153e-02 3.760026350695670150e+00
9.943466663517699367e-01 2.633714016125004997e-02 3.635607390250799931e+00
1.263343433841640051e+00 -2.564945595570800041e-01 4.076263820291719853e+00
1.718152581255909750e+00 1.909553463496300174e-01 3.661073344231899895e+00
1.499607705162949944e+00 -2.643341015068501609e-01 4.045877032220769998e+00
1.122210503914730095e+00 -3.855907994282997686e-02 3.707288494404589851e+00
1.084278839930559846e+00 -5.178484553279960600e-03 3.641973715322660343e+00
1.706769369020679772e+00 -7.866699875692001465e-02 3.955481827720489729e+00
1.661370335816939825e+00 -8.959987349722003946e-02 4.026206819213159704e+00
1.228377278930590011e+00 2.835103500398999943e-02 3.627172184642550423e+00
1.552390372664709917e+00 -1.258449212841299958e-01 4.100779355083840727e+00
1.098587656209490060e+00 -3.421148832711001786e-02 3.724299953318270351e+00
1.081027878656710017e+00 5.269639486699673192e-04 3.618209189553460270e+00
1.081954558949929979e+00 3.838006139889993396e-03 3.616654403106400295e+00
1.081070104898810058e+00 3.537450320290014272e-03 3.614299028310770101e+00
1.197368804762659833e+00 1.940373544337997691e-02 3.656663768332259590e+00
1.064042289873370128e+00 -9.438611963666998506e-02 3.919208454080630233e+00
9.653361220965899214e-01 1.155566612726993680e-02 3.616793770505769778e+00
1.603906542204499797e+00 4.625573615834011054e-02 3.844005847790779917e+00
1.475393167315790066e+00 1.769685706103100720e-01 3.554936228801550246e+00
1.017005802974639828e+00 -7.318620884240012447e-03 3.662579753752599476e+00
1.849232763061749774e+00 -7.252221672725001067e-02 3.917338058645029708e+00
1.138454881928739892e+00 -1.887578182889400047e-01 4.090465162610350092e+00
1.494650065049059950e+00 -2.136409462993399400e-01 4.060912451188790406e+00
1.176830412866179953e+00 -3.681790229471800235e-01 4.138735399192089659e+00
1.646524117526709796e+00 3.123592407629993684e-03 3.990651368721779946e+00
1.571159385665789943e+00 -6.459152591904998575e-02 4.098273080595189910e+00
1.543186457972089753e+00 8.687545870956997485e-02 3.746263069705939586e+00
1.135530853277229912e+00 -4.494705942681004318e-02 3.772209484183360217e+00
1.117457721370789914e+00 -3.433050645309004834e-02 3.729076610547729764e+00
1.504764732383550019e+00 2.702274440687008061e-02 3.786472460254839856e+00
1.201678728915639871e+00 -6.646308687747998212e-02 3.832267457284979528e+00
1.114950405788140086e+00 6.759873327259968701e-03 3.640155494000389957e+00
9.929451930421999695e-01 -8.667761975811996700e-02 3.884003540575180047e+00
1.150700042380129906e+00 -8.935158415695002021e-02 3.963329543185839743e+00
1.097890469630349974e+00 -2.218013795453699921e-01 3.960716435414229686e+00
1.138040022079330083e+00 -4.649432729791003194e-02 3.758882884016309767e+00
1.118699768625579960e+00 -4.728891114105993054e-02 3.762738449879139857e+00
9.023219877607200345e-01 -8.975876630071999429e-02 3.824407342126439513e+00
9.009987637045600017e-01 -8.947230940311998171e-02 3.826985244136789532e+00
1.501287140555390032e+00 1.346363999756700069e-01 3.688019456219350012e+00
1.211711755706919913e+00 -6.375270750316003321e-02 3.800104153014030484e+00
1.223027356405320010e+00 -5.823168271803996765e-02 3.814372730195120464e+00
1.703840073806470068e+00 -1.834046504746900119e-01 3.941346935902759974e+00
1.085094874283109911e+00 -5.176602120129991658e-03 3.645141639769780006e+00
1.170304957391219869e+00 -5.795530595062009516e-02 3.817968808373980227e+00
1.035920761978019966e+00 -3.219184083758008796e-02 3.746912218289829788e+00
1.582111930378409914e+00 8.188845253445004024e-02 3.759064241083269753e+00
1.370481108163640105e+00 5.154869340267997924e-02 3.580952359994889811e+00
1.867122454990599811e+00 1.815945333445200816e-01 3.712049391079820015e+00
1.737762827803499777e+00 -1.962723273724200634e-01 3.915863744595489582e+00
1.048577218457400040e+00 -5.880710307239966905e-03 3.642717448192779983e+00
1.139528993006329927e+00 -1.226186123973100339e-01 4.000313668375039988e+00
1.138602753146319868e+00 -1.247620515037600186e-01 3.991112886585110431e+00
1.093032829108069981e+00 5.285813141042999819e-02 3.753033863892880184e+00
1.154501400625830065e+00 8.838630677619002673e-02 3.588689385062850068e+00
1.138248889217449822e+00 -1.916173818615500291e-01 4.103466005726430055e+00
1.127268921791329870e+00 -1.862032301679900081e-01 4.157170538493279111e+00
1.278684621154309919e+00 1.070578634525100048e-01 3.629315789740279907e+00
1.254685686072529949e+00 -1.457584787938300819e-01 4.123904570679949977e+00
1.576345308581720062e+00 -1.225744965085199811e-01 4.071821967942710785e+00
1.049541637825060159e+00 -6.369273022539978513e-03 3.637818148381750660e+00
1.474659400419650046e+00 -1.209538421033500288e-01 4.094399535360000009e+00
9.965029573566099863e-01 -8.811606069311000988e-02 3.876756369166200145e+00
1.278589448410420104e+00 1.042455176885800361e-01 3.624896650495040173e+00
1.674408859645380110e+00 -5.716504645774000970e-02 3.987326937654910086e+00
1.502232545910779926e+00 1.336805227534199614e-01 3.698137466635629700e+00
1.135486607630829869e+00 -2.747860916041006130e-02 3.694795812777819766e+00
1.120078339756749974e+00 -1.258968147610006749e-03 3.620183621462819801e+00
1.205481242526490027e+00 -7.164408822355000650e-02 3.825310814428870110e+00
1.012135869240029962e+00 -5.520698888529002035e-02 3.772589658846290384e+00
1.099730999458840008e+00 -2.235832333595600407e-01 3.950032756804809697e+00
1.513263227782949860e+00 3.304795416323008661e-02 3.785763421718599808e+00
1.091785057308990003e+00 -2.591277459915299897e-01 3.972184305008370053e+00
1.219092640652610138e+00 -6.267807508750999901e-02 3.800656443904139703e+00
1.452725707409920020e+00 -1.964905450320000302e-01 4.085501837522349966e+00
1.007298825494890027e+00 -4.989034506875000829e-02 3.777691652997680283e+00
1.170993037806880022e+00 -6.061432133759997454e-02 3.808104137370290410e+00
1.255249220449099923e+00 -1.428064618367400063e-01 4.140532454559080477e+00
1.008115652189589984e+00 -5.060072002181004169e-02 3.773492586705639695e+00
1.574399605272780001e+00 -1.232037071812199236e-01 4.066819655761969798e+00
1.171890583690640142e+00 -6.001570183896004496e-02 3.805687934166799735e+00
9.970043101883999670e-01 2.279199792328001628e-02 3.634598726729860285e+00
9.826690855138500158e-01 -1.778410643021100523e-01 4.082770146004870426e+00
1.038650608768699968e+00 -3.289865705131400087e-01 4.138503453000470067e+00
1.259781123606839914e+00 -2.576047836469199659e-01 4.085528860298399678e+00
1.636558773528239863e+00 -2.047656492560800401e-01 4.036709907018479981e+00
1.176785480921419991e+00 -3.703195930410601022e-01 4.145436168132619947e+00
1.278303840678409964e+00 -3.269703754261899520e-01 4.118301469791809666e+00
1.520904189544419971e+00 -2.600873735257399622e-01 4.050628513898409722e+00
9.670729363909400522e-01 7.186040207180000028e-03 3.613156997849119811e+00
1.165783830457590042e+00 -2.765826193200500160e-01 4.236196792687039192e+00
1.622943039570949875e+00 -1.451652168028499390e-01 4.113263142102680625e+00
1.108623930614879960e+00 -3.101760814508800479e-01 3.946883368154700200e+00
1.514923534263020066e+00 3.529669161734000360e-02 3.786543711152669633e+00
1.053242233030299957e+00 -1.197575256003399757e-01 3.968493100063250623e+00
9.731092152654500227e-01 -2.772682286338700175e-01 3.989900634907589616e+00
1.119460030948560059e+00 -1.333853361874400290e-01 3.991387936541540338e+00
1.481464974965429837e+00 -2.889244370235700132e-01 4.100506289458330400e+00
1.098935648935539966e+00 -2.217889050319000188e-01 3.964167476112319566e+00
9.957015142773799621e-01 -2.133461014010999968e-01 4.045612910427879960e+00
8.748190609431800713e-01 -7.368132428298002079e-02 3.778950050677840178e+00
1.625947622148209870e+00 5.696843982713001298e-02 3.880305073375600156e+00
1.874075650515109936e+00 9.645003510290989235e-02 3.960675100993940490e+00
2.033682011533910039e+00 6.421078810187003105e-02 4.090999811951429699e+00
1.838867644006690005e+00 -1.221182640393499996e-01 3.900493215137720071e+00
2.087894813858550247e+00 -2.741006363781006705e-02 4.059740458324199608e+00
2.061155087120239759e+00 4.037726364664001588e-02 4.087554663285110301e+00
1.211352432031269855e+00 -2.027055249054099950e-01 4.132410653727379923e+00
1.195448469851619899e+00 7.253448512257992808e-02 3.622908069395789799e+00
1.270056792844159954e+00 -2.643134282547199843e-01 4.088523055789829996e+00
2.076475586309439958e+00 -6.460614839487999195e-02 4.024472577303640719e+00
1.162133940093979856e+00 -3.346873393074006886e-02 3.719865538448190012e+00
1.241143627913700032e+00 1.697275270761799959e-01 3.525082610068730027e+00
