8.097785883572400367e-01 -2.863540193237699705e-01 4.031821237672179592e+00
9.637795736620999865e-01 -3.233439064230699822e-01 3.941702512199849906e+00
1.558108910403270153e+00 -2.044202975189799987e-01 3.940998282022250443e+00
9.471409429829900084e-01 -1.281471395185995732e-02 3.607392252329470139e+00
1.526630604713469896e+00 -9.087603965741991585e-02 4.009811199169890372e+00
9.020411076915799686e-01 -4.935101352845099876e-01 3.927235821908479974e+00
9.404529965177199635e-01 4.253165959866000989e-02 3.529824726933960211e+00
9.038006868164900620e-01 -1.323374177869499901e-01 3.947068952520710106e+00
1.577065524389600126e+00 -1.077558001491800144e-01 3.928269546529960188e+00
1.421512385550209867e+00 -8.354118204824989569e-02 4.096511209599070114e+00
1.094150735038520006e+00 1.069918344073000904e-02 3.621252045237519646e+00
6.846781666537700151e-01 -1.073286007218400007e-01 3.789755937280859577e+00
1.277085310951200148e+00 -1.169310505263899680e-01 4.125304709239870249e+00
1.573899517184069952e+00 -2.480064837799833555e-04 3.915707124181710519e+00
1.575515888986260160e+00 4.347228715499418250e-04 3.919167014292099793e+00
1.138714324655740073e+00 -3.371203545794199674e-01 4.070073988435000345e+00
1.103219299183530122e+00 -8.184019307575998714e-02 3.838784646108179821e+00
1.005082224396439905e+00 -1.044233116240999848e-01 3.951493670966649496e+00
1.003568496427940104e+00 -1.040521928533199858e-01 3.954272467341110264e+00
1.341378210955709971e+00 1.777836633229300523e-01 3.511833043118489872e+00
1.056399496880270128e+00 -1.157846374094995134e-02 3.635530561510610159e+00
1.275459340954979925e+00 -1.115572778856300795e-01 4.124800667485239103e+00
1.338126081505139897e+00 1.816586667882000294e-01 3.506954427198549773e+00
1.371160328707770049e+00 2.411452405118996722e-02 3.767283724278429169e+00
1.382641043115420132e+00 -1.274067483061399608e-01 4.092693278214779795e+00
1.414897722478690056e+00 4.354300546602002386e-02 3.727724143020299863e+00
1.642926327564329991e+00 -1.200520721936199631e-01 3.915242868454490210e+00
1.551517935918169888e+00 -1.664769574548990994e-02 3.941020335586229884e+00
9.229563738450899946e-01 -1.086889146678299556e-01 3.903263454219310535e+00
1.097099059444810010e+00 -2.195348683351399655e-01 4.085743107817400244e+00
1.823308633234450138e+00 6.663551407353002221e-02 4.008386639164410070e+00
1.574705135469200101e+00 -7.701217332120996462e-02 3.974148325096140244e+00
1.554759432174880107e+00 -3.861123955650996864e-02 3.959780143623039539e+00
1.643977209548489915e+00 -1.212024357245499728e-01 3.916943651071219890e+00
1.407502475204939874e+00 6.895701933747999668e-02 3.745416342387180020e+00
1.434515066410679829e+00 -1.198129634982099678e-01 4.081210561455380414e+00
1.292594432802210092e+00 -1.493776853562499562e-01 4.094076168202110289e+00
1.417478039251840016e+00 -1.597870100610200295e-01 4.092828631069069800e+00
1.124831039046199965e+00 -3.422461716431800527e-01 4.065985545069570328e+00
1.528795617435590115e+00 -9.157386567091990726e-02 4.010209081522690511e+00
1.343406029816920144e+00 1.905088693470501360e-01 3.513407275005400177e+00
1.470415522774660033e+00 9.552382737631004428e-02 3.725197205812099899e+00
1.471989325153209904e+00 9.944643917146001044e-02 3.727016673305870054e+00
1.641884866518690034e+00 -1.195040051365299782e-01 3.912921179456180010e+00
1.608961354064490257e+00 -6.843893723232002957e-02 3.935456381098719980e+00
1.296591872564090142e+00 -1.480237599702100004e-01 4.094495744083980426e+00
1.577056747998510033e+00 -7.484258990890002572e-02 3.963560716257199967e+00
1.041542634009560153e+00 -4.736816253143993904e-02 3.720472052904230331e+00
1.415827760229960042e+00 -1.601379017321499787e-01 4.101469139442079026e+00
1.365162701962579828e+00 1.124953558661900832e-01 3.680065320388380190e+00
1.492985780768720128e+00 -3.122565368339299541e-01 4.043979741699160080e+00
1.366662280723680123e+00 1.117616280233600379e-01 3.679105783816760233e+00
1.023647459166780127e+00 -4.477506447586987459e-02 3.700061437660170149e+00
9.868509114401399218e-01 -5.832888612568998266e-02 3.748034766090719838e+00
8.612880824863500262e-01 1.821237804879000111e-02 3.620559221714709786e+00
1.116995684619769946e+00 -2.802343097337899880e-01 4.086217455144409705e+00
1.730091742426250301e+00 -1.602407421366599527e-01 3.913966000893469577e+00
1.571301990865439979e+00 1.701563390641498974e-01 3.654476318714709571e+00
1.350018162362560004e+00 -2.835485733167300015e-01 4.042676418459079990e+00
1.511265075738370101e+00 -6.251401917730048385e-03 3.975846892292919765e+00
1.092364787227949829e+00 1.740368798756003477e-02 3.618184078851679697e+00
1.575661098042800079e+00 -1.981251877192600763e-01 3.982269788767019758e+00
1.042331290532130028e+00 -4.742031201296004195e-02 3.720767966333730303e+00
1.562777975604209946e+00 -1.010674033467199306e-01 3.959049876187710204e+00
1.515282530264969951e+00 -1.115852966735299545e-01 4.028448582049019677e+00
9.479479347882900919e-01 -9.024850505649939514e-03 3.605370449023909796e+00
8.647086721381099794e-01 1.573405034873009978e-02 3.623182693242000152e+00
1.376370125169980252e+00 1.654563086027999175e-02 3.784178626079480079e+00
1.145951290101419939e+00 8.877549565561004830e-02 3.615598182644609970e+00
9.481493569923800102e-01 -5.994258419069975474e-03 3.601480833151939898e+00
9.196798542401399823e-01 -1.031492149162899497e-01 3.908801076840560107e+00
8.722028003262000118e-01 -1.701859383321996377e-02 3.644911915232539990e+00
1.465190723354609981e+00 2.625453542037003984e-02 3.845563320769599613e+00
1.346912239484680196e+00 1.607874995588900457e-01 3.553889089281939917e+00
8.826120594486799309e-01 -1.598404599816000138e-02 3.647937091646840102e+00
1.706314465458290019e+00 -9.722411845891998361e-02 3.924829569830019960e+00
1.127966745307760199e+00 -3.106579436044900056e-01 4.058794389384569712e+00
7.001687137705800978e-01 -7.171986279931996666e-02 3.735822293545590256e+00
1.491835241666620071e+00 -3.117727112183099614e-01 4.038711325623840054e+00
8.704396483026799469e-01 1.298301393670003856e-02 3.617793203089360254e+00
9.701906817975400887e-01 -6.332749185399277891e-04 3.613348151871730085e+00
9.374767071458499634e-01 2.482758475118002073e-02 3.538458213725860002e+00
9.367965611295299144e-01 2.531940360880002849e-02 3.540273228790769444e+00
1.503032548302880134e+00 -1.842191037311996515e-02 3.993054197642309955e+00
1.423589438691419851e+00 -8.538625234172997347e-02 4.098183548204380244e+00
1.407877953301429841e+00 6.847062302108997134e-02 3.746449298053970089e+00
1.048842285812820130e+00 -1.440821970079997350e-03 3.654075933236759610e+00
1.006599759345820022e+00 -1.020004620973999909e-01 3.951716972208350054e+00
9.375954612516999020e-01 2.272163754625000642e-02 3.541008341688320016e+00
7.051486800303099489e-01 -9.651804849216996662e-02 3.783024753537699958e+00
7.030907405487100137e-01 -9.563982388857000805e-02 3.790021824223199776e+00
6.330972890152100074e-01 -1.132068383056699656e-01 3.794179804723300187e+00
9.867368879557800732e-01 -5.181510775958997339e-02 3.714746661307930076e+00
1.024740556855809892e+00 -4.322212473445991021e-02 3.705364678641169807e+00
6.859880240159800247e-01 -9.173142900981995362e-02 3.764939522583280240e+00
9.806693637506599392e-01 -5.781392989646000347e-02 3.752559668449779728e+00
9.808226463006900486e-01 -5.828557477710993862e-02 3.750583635822080097e+00
7.621347181940599791e-01 -9.727461494233996531e-02 3.806095155752680093e+00
7.607468626133100376e-01 -9.697898739055996198e-02 3.808637795853449859e+00
1.563357443328849961e+00 7.022111645989004280e-02 3.677687548981880106e+00
1.368423181021360069e+00 1.172794904150499806e-01 3.687373123671259911e+00
9.477682817275900895e-01 -8.210282672209912036e-03 3.606887952986570056e+00
1.072479121737059948e+00 -7.658867543258993105e-02 3.790365159496810410e+00
1.083495906050940150e+00 -7.134581055957994744e-02 3.804968571286760248e+00
9.763509964291700038e-01 -3.573444137216200689e-01 3.907439521101029989e+00
9.770679688216199477e-01 -3.563659690097799593e-01 3.896252139584329921e+00
8.388596221788300333e-01 -3.295479801281999688e-01 4.023243118109769867e+00
6.562967740007399353e-01 -1.683223362925799771e-01 3.920592435641919948e+00
9.536690345907700150e-01 -2.355080558284099457e-01 3.939733631046050011e+00
8.782844523816000226e-01 -5.114601577319966008e-03 3.672409623188619854e+00
7.713998956502799986e-01 -2.637761573588199848e-01 4.105257957026140048e+00
9.668604320528599860e-01 -1.249197835897299935e-01 3.945774936427949520e+00
8.534013297612499382e-01 -2.241440081044899779e-01 4.025035703666730136e+00
9.908952340773399259e-01 3.158837731523000958e-02 3.597187453546090374e+00
9.511785179153999792e-01 -1.494620012787994945e-02 3.632369132234389841e+00
8.612034603983099723e-01 1.660503529420997992e-02 3.615281188653229894e+00
8.987823255142999290e-01 -4.164684451311001512e-02 3.732603260705269932e+00
1.340205812170910171e+00 1.845894115149099290e-01 3.511759402677849806e+00
1.446346739544810189e+00 6.272904031284004533e-02 3.760273892574160115e+00
9.147338604440200527e-01 -1.499385609155995391e-02 3.628949137013340209e+00
1.733414465172270269e+00 -1.599791171513899046e-01 3.919809351288119803e+00
8.330204806668000117e-01 6.906012939530026262e-03 3.604428311937109441e+00
1.106504496137850069e+00 -2.698516370581599544e-01 4.019540323430209838e+00
9.483931864846399939e-01 -9.976323918189977658e-03 3.612013880017049594e+00
1.023721806168220061e+00 7.768692446545005792e-02 3.578381032103719939e+00
1.095292658902820015e+00 -2.154918471587299877e-01 4.082953005475269848e+00
1.147057498315120050e+00 9.394645258986000780e-02 3.622477959181169993e+00
1.661431476287970055e+00 -1.150192558078000360e-02 3.934727064949699926e+00
1.105165750003559877e+00 -1.611062124146699914e-01 4.114721104114479999e+00
9.158229000571800338e-01 -1.547255460726998377e-02 3.624075044824549785e+00
9.479964699038100351e-01 -6.906799029029908610e-03 3.609142400687110008e+00
8.548668633669200823e-01 -9.757673259413993105e-02 3.860993537677909870e+00
1.552450116510129874e+00 -1.769360033194999904e-02 3.949706650186099566e+00
9.532724878046199279e-01 -1.363594056501998830e-02 3.630409941139599805e+00
1.369075383992050199e+00 1.162518520560599788e-01 3.697507234861350245e+00
9.126259378855299254e-01 -2.696041574965002408e-02 3.605095174374849609e+00
9.516600103310399739e-01 -2.347911051958199713e-01 3.937130205619360002e+00
9.524578096464999533e-01 -2.347199614762599529e-01 3.935505138344559839e+00
9.019831839343199764e-01 -1.330231851911899688e-01 3.949004413948469683e+00
1.031618302778469998e+00 -7.277745551509995359e-02 3.797273944908349907e+00
1.105326903763419910e+00 -1.582554596688599546e-01 4.131375404008139185e+00
1.808315651767369747e+00 1.107576264941300126e-01 3.836911238822430015e+00
9.600044139448700165e-01 -4.561029451941994717e-02 3.712685317159590159e+00
8.639099683306700195e-01 1.462654688319003915e-02 3.619602124190300252e+00
1.250854723623469944e+00 1.577037206096800759e-01 3.512350523876020425e+00
8.338539962198799893e-01 -1.881683143803900560e-01 4.066018535524559496e+00
8.856474918419899867e-01 -3.405784463695200048e-01 4.122353976053149793e+00
8.862312161105601049e-01 -3.398033037447799609e-01 4.124535394059369864e+00
8.316598150516499866e-01 9.327705938090014026e-03 3.597184231423339984e+00
1.062851908430490155e+00 6.433822573355002516e-02 3.622269322875620201e+00
1.181196839828110079e+00 1.148191663122499762e-01 3.562590216039609903e+00
1.125761316243059973e+00 -3.426726106743099298e-01 4.108685628610340146e+00
1.371247980368810016e+00 -2.797035636006399706e-01 4.048030132336769782e+00
8.343068289387000069e-01 -3.325186408199565236e-04 3.597262446555459903e+00
9.518968160153299385e-01 2.142898404631998766e-02 3.568822958965829795e+00
1.473530582750439910e+00 -1.669400623192199840e-01 4.114096650538769495e+00
9.611398842029099665e-01 -3.219565898227700340e-01 3.932821714038179817e+00
9.280450899983699875e-01 6.432258772695004234e-02 3.555038210922999653e+00
1.377630683277330181e+00 1.717829322590003205e-02 3.785639746916869885e+00
1.464985298539760006e+00 7.265913668167012229e-02 3.793685940312190308e+00
9.085214748519300221e-01 -1.307131746484399282e-01 3.954048974481569889e+00
9.459000522186800097e-01 2.128557097468003478e-02 3.560372495304729767e+00
9.490544547346200233e-01 -1.371666777134199489e-01 3.954226128800900408e+00
8.250971414191099473e-01 -2.869028729705800362e-01 3.972334490844720012e+00
9.561815999682999889e-01 2.078614070827000671e-02 3.566010303635749779e+00
1.714011297164420133e+00 -9.814410031767001330e-02 3.914321663735540024e+00
1.587201773203469779e+00 -6.495350510055003523e-02 3.922320802505799620e+00
8.331430206946000006e-01 -1.867018842218799990e-01 4.079992884103989859e+00
1.023001543578210049e+00 7.736224308956002327e-02 3.578353969758139907e+00
9.738420871966999570e-01 -1.456298619734799349e-01 3.978653808058859820e+00
1.157745426024059832e+00 -2.598417276994299807e-01 4.396501539111079992e+00
9.107102878650999989e-01 -4.848356613948995308e-02 3.740689331546950047e+00
1.030724004472820088e+00 -7.368543427080997965e-02 3.792878473700279862e+00
7.361669354926300146e-01 -8.046723679522993500e-02 3.760003434621140173e+00
1.486416980293139956e+00 3.637896328439993443e-02 3.882511214346190176e+00
1.476427314230859933e+00 2.293512047855006397e-02 3.853142891538250403e+00
1.116909604752680085e+00 -2.625407923308499814e-01 4.084335812115849507e+00
1.483637707050319943e+00 -2.313872055932500449e-01 4.031602513641930230e+00
1.298618852795490053e+00 -1.516682356741299587e-01 4.100966644359200330e+00
1.569397779108909985e+00 5.379362553581001904e-02 3.926903326127019422e+00
1.524890834169380094e+00 -6.366791098980989494e-02 4.015779895463159832e+00
1.319807760790490114e+00 -2.855723812560499453e-01 4.041589649195110212e+00
1.326935197855190207e+00 -9.916064828344001159e-02 4.139535846568859867e+00
7.610717583968000799e-01 -9.094281679025995047e-02 3.808778174898619806e+00
1.680690548498140036e+00 -1.675722640788099294e-01 3.907238064189490157e+00
9.039759087439400709e-01 -5.209363376661002576e-02 3.730523187786410677e+00
1.941753983973220077e+00 -5.710050619855988607e-02 4.073931724447730218e+00
1.915452733765099946e+00 1.099424180493002723e-02 4.101411059823290017e+00
1.060629168967859970e+00 -2.173269298795399984e-01 4.121707790271509353e+00
1.063437208841010007e+00 6.092976867485999648e-02 3.613605252745629492e+00
1.125440488114179960e+00 -3.417926461954899908e-01 4.075618914028599882e+00
1.113473601453029982e+00 1.578359968622600196e-01 3.517637049317329900e+00
