1.327099760031539954e+00 -2.904782924784600207e-01 3.930887565959109597e+00
1.364874507978260043e+00 -3.093475047453799198e-01 3.907383197159030264e+00
7.923749628775599296e-01 -1.107930471046300325e-01 3.672344473284749444e+00
1.128023791369300088e+00 -3.638703103276099138e-01 4.033871241025160259e+00
7.321199324668999919e-01 -7.351184909264002476e-02 3.584171458526209886e+00
1.296976083646899980e+00 -1.775232798429799419e-01 4.001258932233310084e+00
9.004243909348399466e-01 -6.616805322790000887e-02 3.620169756387360049e+00
1.246700403954460024e+00 -2.397221005251400361e-01 4.072419347001769552e+00
6.634767514718600268e-01 -5.593106408091499393e-01 3.891888282427620194e+00
1.114900695745219883e+00 -3.137259780498500294e-01 4.046682191156000030e+00
6.753073921685599501e-01 -1.988573258018100087e-01 3.919738385033109562e+00
1.290968015517760081e+00 -3.792645209582600208e-01 3.983390478919899724e+00
8.792885419311800010e-01 -5.473788250361000252e-02 3.602767500270019241e+00
3.286600199495600116e-01 -2.766745770949899930e-01 3.881978084834430298e+00
1.122945408073399820e+00 -3.671918941954399607e-01 4.053120077102059682e+00
4.677318470801600236e-01 -1.366021735238199808e-01 3.704885367950220054e+00
1.042032847006979956e+00 -1.930628077915499952e-01 4.108495856229899879e+00
5.429300876778000440e-01 -1.519327680627599597e-01 3.763946330862659728e+00
1.415089664784299872e+00 -2.081764698198799168e-01 3.909451157702069857e+00
1.160367298841079808e+00 -2.084929877830499212e-01 4.087699843004889644e+00
6.964316676239999948e-01 -1.748722893863699501e-01 3.877034793456750172e+00
6.981826619889199836e-01 -1.063560462563200304e-01 3.721173623644020267e+00
1.328092947956619918e+00 -1.250796303768099138e-01 3.953224036472740011e+00
1.058940318398760017e+00 -2.307216856821099893e-01 4.077448541302230112e+00
1.174989790284319824e+00 -2.406469965721500515e-01 4.060411573453249545e+00
1.062961902352159926e+00 -2.294980388321999909e-01 4.078012662054080195e+00
1.181872081615860104e+00 -2.424439361884300204e-01 4.072853246679580153e+00
1.278807448689220028e+00 -4.030680656932399963e-01 4.015352610855889459e+00
1.259635735483000119e+00 -4.008837786996599650e-01 4.031345420298160676e+00
8.048934619315799566e-01 -1.097227976968599972e-01 3.678272833535729536e+00
1.113866569358019865e+00 -3.654407224711900271e-01 4.024769001557059411e+00
4.278666203032600035e-01 -2.957722949584899452e-01 3.850578233444459819e+00
1.133396164683520002e+00 -6.065702102111997229e-02 3.777353248586920120e+00
2.490087938664600209e-01 -2.022820829297299339e-01 3.760735492281579884e+00
6.801873646062199796e-01 -2.933282022636799491e-01 3.920986860251269857e+00
8.220249075404199024e-01 -1.153770387002400200e-01 3.701593952752729511e+00
6.604433232833200051e-01 -1.337995243180399862e-01 3.750299897336299537e+00
7.553340039646000426e-01 -6.215965163430997587e-02 3.591055144031470192e+00
2.555598255205400182e-01 -1.625840811878900005e-01 3.677435389755179695e+00
7.248823178596199845e-01 -3.366728107881999943e-02 3.517641707472869861e+00
1.140147354264000157e+00 -4.024084582593001613e-02 3.772187843219470427e+00
9.763764172664600727e-01 -2.429060916593994701e-02 3.565381755869689862e+00
4.098969124955600396e-01 -1.683375786153399889e-01 3.759590907310719654e+00
9.994343317475999910e-01 2.857966539720996346e-02 3.659789613787329809e+00
4.453571024626200026e-01 -4.132281208938799466e-01 3.801062343156230483e+00
4.642347610302399730e-01 -1.478498390677199792e-01 3.732364675810199817e+00
7.602222768459599989e-01 -1.230060884425999979e-01 3.727232309066579763e+00
4.942285680816800308e-01 -6.071865064977499671e-01 3.707751114293969863e+00
4.309184452610199667e-01 -2.240570371601900423e-01 3.888206765674959264e+00
2.281022897408399586e-01 -1.658282828896200101e-01 3.689973547116719654e+00
6.616393841692800315e-01 -6.512220319525996448e-02 3.647336893392499668e+00
5.344942525378000298e-01 -3.295748935906799848e-01 4.071113579637419377e+00
4.695214470067800017e-01 -5.291209287793299243e-01 3.748547161126219329e+00
6.199516593853999780e-01 -2.907377914666100516e-01 3.994176832887129880e+00
6.438878838208599298e-01 -5.641714437993998743e-01 3.879211213285790105e+00
6.792724891918999752e-01 -1.035249373928400218e-01 3.707273068538469829e+00
8.707214316053399905e-01 -2.372327618335700050e-01 4.092433060061779315e+00
7.009026304812999708e-01 -7.636137232894002480e-02 3.603648415906909985e+00
8.503746075228398871e-01 -5.887575650746001976e-02 3.628041434409920107e+00
6.734143477859400040e-01 -1.995289432576999866e-01 3.921605178349029774e+00
8.704770526223200022e-01 -2.347423040804599847e-01 4.109144025607179174e+00
6.481998276632600087e-01 -4.463068590536994895e-02 3.591779943897660310e+00
3.285325823192000172e-01 -2.754287885062600139e-01 3.883126366172219512e+00
3.283552815319600304e-01 -2.763422486380999743e-01 3.881987456281239979e+00
7.274213447108399677e-01 -3.897730184022200617e-01 3.902959476623079738e+00
3.247919293943000163e-01 -1.688643561493599898e-01 3.727247250663829892e+00
2.784288739437599802e-01 -1.360704237100399949e-01 3.692705231082320072e+00
7.946150157868799857e-01 -1.124387389165200091e-01 3.687056807672600023e+00
7.629569923602399495e-01 -1.109367849778700177e-01 3.703134556292009716e+00
6.501152485562600170e-01 -1.161880223643700361e-01 3.727373067286760211e+00
3.782196480778399761e-01 -1.722717044255900332e-01 3.774855319571929879e+00
3.776653375318400063e-01 -1.742134399787499954e-01 3.770146597405370059e+00
3.758340524493999912e-01 -1.746794735173400337e-01 3.769851166072359927e+00
3.533773812793399860e-01 -1.782245600601599644e-01 3.747600181516430151e+00
4.657578432368599808e-01 -1.475130320152400198e-01 3.729826593522830080e+00
3.152575903510199673e-01 -1.567164441659700258e-01 3.772471067617219731e+00
7.439675350441998791e-01 -2.149216743671200081e-01 3.953022177490260081e+00
4.686561300567200217e-01 -5.266000776829399266e-01 3.754460625678659902e+00
9.120605489236199848e-01 -3.434665797365900053e-01 4.373358300363659801e+00
6.907507395560199548e-01 -1.108880664847799735e-01 3.715545653843070006e+00
7.685088672715200131e-01 -1.171021106076700347e-01 3.683773615078609787e+00
6.305712377899399534e-01 -3.086642032573000405e-02 3.551801751405879948e+00
6.491368605934799696e-01 -1.071629644083500477e-01 3.733195345539589649e+00
2.597863343995199803e-01 -2.133965007592600049e-01 3.787105376714020366e+00
2.401382373143799986e-01 -1.341164154928100316e-01 3.610604573588099608e+00
7.510376636565799791e-01 -2.113133784641500479e-01 3.947624561885579642e+00
1.040649856195039913e+00 -2.658852051856300247e-01 4.090809170921890114e+00
1.253365494766800037e+00 -2.352674354361600217e-01 4.068772794493919598e+00
7.385795308755200850e-01 -3.551906712046998260e-02 3.552322944407729999e+00
4.948831766227399509e-01 -6.095442982653000996e-01 3.709789620155949486e+00
5.148475413116799793e-01 -1.380005421394000231e-01 3.729123110290399890e+00
4.108767197159000073e-01 -1.695316306887599822e-01 3.756299313721629840e+00
6.596614182031399487e-01 -1.354260018895300788e-01 3.746764110165159867e+00
2.487947539660799734e-01 -2.173108919811800044e-01 3.785466401919659774e+00
2.623538392417199550e-01 -2.126014866377400336e-01 3.792508508063399564e+00
2.129529575388000029e-01 -2.404139759962100054e-01 3.820465495805989597e+00
4.266545529186400176e-01 -4.663172250733299551e-01 3.778848489631229768e+00
2.669909546892799690e-01 -1.489228559178700229e-01 3.658843430007889808e+00
7.042206105501600533e-01 -7.550320768720999998e-02 3.604753507608229768e+00
7.759387531734999177e-01 -1.854314485314299543e-01 3.939498824678799860e+00
8.803555928915000051e-01 -3.383073368554999627e-01 4.060164320506729929e+00
1.268079772206639921e+00 -2.468214614312200239e-01 4.037594607905299782e+00
1.271154057422779982e+00 -2.473772344010000679e-01 4.046736252585789728e+00
2.545035480471999900e-01 -1.093930670737499888e-01 3.563302904041810493e+00
8.804530169893198810e-01 -1.466789083545100014e-01 3.839011614053309707e+00
5.944661310434999901e-01 -3.932662010728800173e-01 4.059552466936429127e+00
7.567173551391599418e-01 -2.135760198754999561e-01 3.934999390338799863e+00
5.260850626186800438e-01 -6.057088549533500288e-01 4.192832324974510527e+00
6.661233345234800485e-01 -5.292815561663799517e-01 3.918978633624079944e+00
1.083654611674760071e+00 -3.665297737599099159e-01 4.022769822407710194e+00
5.379881311022000068e-01 -1.502547343762399845e-01 3.778350247864619593e+00
2.613930183965599841e-01 -2.587192132317200355e-01 3.892790384659599479e+00
1.451654430394419881e+00 -2.566323932587600276e-01 3.901487297009650579e+00
1.079468651602959905e+00 -3.725316411404600569e-01 4.018925946271859395e+00
3.317474421460199774e-01 -1.666361561128300028e-01 3.718384704668059815e+00
9.059809719681001239e-01 9.391602860833997424e-02 3.503026777972909844e+00
