2.091412214860469909e+00 -8.059850682201002980e-02 3.874938093885670121e+00
1.857002577638009910e+00 -1.788202467909700277e-01 4.036294790952410061e+00
1.990537111091669864e+00 4.067495706388002397e-02 3.962205870159419607e+00
2.087769558731769948e+00 1.617183562155999343e-02 3.912654938668369553e+00
1.567850037619820114e+00 2.619112286051994420e-02 3.632593001061619642e+00
1.979858813728830214e+00 -9.166867761524005731e-02 4.046012459692679641e+00
2.153080391661579718e+00 7.426571155672989644e-02 3.898835590282479835e+00
1.844412838853540126e+00 -1.871298211143599954e-01 4.051051656804589562e+00
2.029119164049439927e+00 -2.289254013608200689e-01 3.956057693079540361e+00
1.778704443542570068e+00 -7.120688376958000942e-02 4.104730826412119171e+00
1.868902058573449931e+00 -2.314530950537500575e-01 4.029052350606299626e+00
2.044179481726070335e+00 1.224652046007599360e-01 3.665070860524969998e+00
2.076178063767490034e+00 -3.193294067432994598e-02 3.889514846832989647e+00
1.582264151765270022e+00 -5.258819611195997279e-02 3.833719210100919650e+00
1.492707315682559877e+00 -8.258228233217002057e-02 3.954968836592609893e+00
2.215840644125049774e+00 -8.036296097952000395e-02 3.858395313057449982e+00
1.776618279473010098e+00 -6.598543896565012279e-02 4.104331194899209834e+00
1.604128712997419992e+00 -1.353597961809800410e-01 4.121460421033470212e+00
2.031990294219180093e+00 4.877278421767999861e-02 3.903239322473179840e+00
1.830282059995460120e+00 7.182995435911992965e-02 3.738939636638309416e+00
2.054880287556540175e+00 -1.516114522353300131e-01 3.887178155993289419e+00
1.827552923407839813e+00 -2.388567025586799675e-01 4.079542220497089922e+00
1.831436479431260089e+00 -1.271273071503499774e-01 4.057727233801660560e+00
1.868788854024369783e+00 9.409316706703990674e-02 3.695615716310769461e+00
2.178508392108879921e+00 -6.900569375056009314e-02 3.851450038202679949e+00
1.979508135401769842e+00 5.407755244247997028e-02 3.934449494832269689e+00
1.876581002285569788e+00 -2.311584477716299713e-01 4.030917140243469809e+00
1.830365599903659657e+00 7.194645601687998937e-02 3.734278864646259688e+00
1.515353800799159822e+00 -1.531694146674011936e-02 3.716095217856009825e+00
1.604745762113769958e+00 -1.882118141063000571e-01 4.081580325497269790e+00
2.318106525667220197e+00 5.143174213269002815e-02 3.960351618882919755e+00
2.234469361067159987e+00 2.566621521545799922e-01 3.571375230207959994e+00
1.985695140727219865e+00 5.685085439780002137e-02 3.934749441464669761e+00
2.092547313261430286e+00 -8.089549852610006253e-02 3.882753856216579980e+00
1.866647181678140033e+00 9.432505563425985784e-02 3.697069031117689253e+00
1.811415497945629838e+00 1.670452685114599545e-01 3.676997021727179682e+00
2.066848293180449936e+00 -5.124009433666004698e-02 3.901207717676449693e+00
2.058178510736250022e+00 -1.006459233525008878e-02 3.928165839929949499e+00
2.145428647010370060e+00 -3.384401163177014338e-02 3.874424459222919559e+00
2.112412620651650030e+00 -1.606447097062200235e-01 3.870493306439899417e+00
2.177626152012489769e+00 -1.717783469225003801e-02 3.858138451422739923e+00
1.533065168800340050e+00 1.210914794620998602e-02 3.623176639251389997e+00
1.554234574622999965e+00 -4.773582706246004559e-02 3.796722787461050075e+00
2.031707414641460208e+00 1.572115681149300892e-01 3.558951107610259790e+00
1.794022772305260194e+00 -1.027609721201599435e-01 4.072509293659710039e+00
1.935854967217840006e+00 -2.776691814666004676e-02 4.071513670328640089e+00
1.918773244622840046e+00 -1.033147958717900994e-01 4.060557758175789900e+00
2.124874659616649897e+00 -5.418043591820015381e-02 3.863790387343199573e+00
2.031232255904829920e+00 -3.056070405477300245e-01 3.941432264549879605e+00
2.090926008020450144e+00 -8.095470492002004859e-02 3.887881991490549360e+00
1.918709993922199875e+00 1.476147072711399000e-01 3.680803050219549899e+00
1.565969091663629964e+00 4.761351266304991725e-02 3.653947519626629781e+00
1.822090571005349879e+00 -9.281972823578998888e-02 4.073502659561949457e+00
2.055270868539860185e+00 -1.357261837600043375e-03 3.904501431863010019e+00
1.818766982221410089e+00 -1.942353214441300824e-01 4.036328542748359283e+00
2.016827475442629858e+00 -2.769631230694996615e-02 3.968157328297579944e+00
1.920973643228109928e+00 1.543057883692899868e-01 3.689587894220359932e+00
2.105891638303170055e+00 -2.149643235713100120e-01 3.862583258808820030e+00
2.230703833505010003e+00 2.556430778972700324e-01 3.575016506638059699e+00
2.144274475382420331e+00 2.099955407132499952e-01 3.605152511836120066e+00
1.797218156023399960e+00 1.853316344000199845e-01 3.579153384859149689e+00
2.088208368499589795e+00 6.431977511598963027e-04 3.886601357985290051e+00
2.018678696494829783e+00 1.034479835516298740e-01 3.848916995926579876e+00
2.138542802216770067e+00 9.269445078954990924e-02 3.912970573423820042e+00
2.031169464958430204e+00 1.554700834221599548e-01 3.555579888583580317e+00
1.916197885774450160e+00 -1.013394758733999756e-01 4.054016873606049565e+00
2.023534109558060123e+00 5.167846087192989879e-02 3.891403068485309369e+00
2.023432128787220119e+00 1.155931183063400036e-01 3.865155847543019885e+00
2.265143038808040021e+00 -8.949811631560999903e-02 3.880203893094089640e+00
1.783548471867559826e+00 1.954471097626999665e-01 3.536320108312559718e+00
1.668365089512139798e+00 9.285818805828000011e-02 3.607492738108789787e+00
2.050754448573839817e+00 -9.125162489391008824e-02 3.903953854795839895e+00
2.065797099764150158e+00 -6.849659334585006532e-02 3.908921231670949847e+00
1.983611418711149987e+00 5.722610858530996492e-02 3.951181569597949306e+00
2.006920730652209883e+00 -5.000240439848002705e-02 3.993312994411410077e+00
2.059435816631189908e+00 -7.863619972979962736e-03 3.917399711033889620e+00
1.991122376530389815e+00 2.901450972762986691e-02 3.937624046168689773e+00
1.562128196748830078e+00 6.532527370699980906e-03 3.760820605983929976e+00
1.584550242025269950e+00 -5.201542144757009822e-02 3.847886322432469974e+00
2.171864696319630195e+00 -1.146875851572200511e-01 3.845920716608129286e+00
1.865790831557040175e+00 1.195911122482300470e-01 3.696296588380289627e+00
2.190565012428790315e+00 2.905209550324699963e-01 3.617870425379439592e+00
1.520585291156769880e+00 2.293810898791998065e-02 3.658987180949469842e+00
2.028100993738889635e+00 1.145241998517398940e-01 3.852326183197139375e+00
1.898053895144809822e+00 -5.401522179006001956e-02 4.066676207800309584e+00
1.504617569333779992e+00 -2.604352048308999912e-02 3.721265710030530194e+00
1.504712717029689895e+00 -2.575177464373001879e-02 3.724604145281889878e+00
1.809824795905549788e+00 1.582445152371899644e-01 3.651944135827850157e+00
1.924424439944919740e+00 7.844879057476006334e-02 3.787824082493270073e+00
1.589887399016999936e+00 1.121403411153399365e-01 3.593210445578399970e+00
2.181682261636620268e+00 -6.858839046237003023e-02 3.856080116442219818e+00
2.005008501565010093e+00 -1.368417999909400384e-01 3.962876462565809277e+00
2.001737055070210047e+00 -2.500243886522299785e-01 4.006447747274210158e+00
1.566073430863499816e+00 -4.876537987300089139e-03 3.748047640344649878e+00
1.817814429460430148e+00 -1.940597850734400720e-01 4.034599431401029612e+00
2.213993231618990087e+00 -8.166872312209011442e-02 3.851778500727239596e+00
2.078226482595320057e+00 -3.107791166396001170e-02 3.894676612860669351e+00
2.014238407375669837e+00 1.233883758036399270e-01 3.624880842585669782e+00
1.946689222268540131e+00 2.252907713073000195e-01 3.599681472550639860e+00
2.110286206397220088e+00 -1.889767448155701413e-01 3.833030208239519343e+00
2.261777676991899799e+00 2.862810471367299714e-01 3.606065475508249740e+00
2.089576091515390033e+00 -1.439253718431700024e-01 3.886928872144240543e+00
1.629383763870880131e+00 -2.471424831433599589e-01 4.080762788216829584e+00
1.623250180095920037e+00 -2.392225283311699702e-01 4.061563990948419800e+00
1.624655779026110025e+00 -2.280620763779300231e-01 4.077474651023409891e+00
1.996300928546709930e+00 -2.630902857415799989e-01 3.988788900126359671e+00
2.024734324767380134e+00 -2.882132529920801156e-01 3.959508484679429507e+00
2.182589637252280390e+00 2.419462587503899975e-01 3.669341563549779472e+00
2.057171525979379911e+00 -5.093792636111010852e-02 3.886758206460879883e+00
1.857350177835809912e+00 -2.326907994271101288e-01 4.017290386454609674e+00
2.182853216510050043e+00 2.302357465209399212e-01 3.653270121262399694e+00
1.548432320311369903e+00 1.193352943485004314e-02 3.705143864326519765e+00
2.058194316790459943e+00 -1.439358339554900890e-01 3.903964194721509795e+00
1.541183524827289819e+00 4.110536249903995465e-02 3.614518009623589379e+00
1.505430278021250068e+00 -2.602925859971005895e-02 3.721492788628799619e+00
1.506163463609579978e+00 -1.540312260915999154e-02 3.733174108348879638e+00
1.924879874654250145e+00 9.622333477039002325e-02 3.821682142569299945e+00
2.232562584865040112e+00 2.571872448181599102e-01 3.570783788153290228e+00
1.762384274097979819e+00 2.272398821194200336e-01 3.473824362742129690e+00
2.046959096904649833e+00 -3.519198992117006375e-02 3.914323396568499369e+00
1.560697256003570121e+00 1.599261836870990994e-02 3.722481401883169561e+00
2.006561306604879746e+00 -4.845515103040998195e-02 3.987635949787879941e+00
1.544385601104790062e+00 4.010468999075000873e-02 3.614574496346289578e+00
1.548244883467420063e+00 1.784462758954996620e-02 3.815563927152519241e+00
1.549473759338759971e+00 1.418228229811996366e-02 3.688825115979410096e+00
1.554080471970220145e+00 -4.584460385080002531e-02 3.802208924291619940e+00
2.140262682878760092e+00 9.626124542613995194e-02 3.936944422007909505e+00
1.919371559642550018e+00 -2.859668032848999841e-02 4.064840658258050077e+00
1.561124257087620038e+00 -6.586407004600669524e-04 3.766441655247319886e+00
1.464940389668400123e+00 -3.785897933880000288e-02 3.765037143764949690e+00
1.784967811801089876e+00 9.289611777879991372e-02 3.760841397859789659e+00
1.494040463140680064e+00 -8.004453449501003348e-02 3.955043207407829442e+00
2.217765463963000006e+00 -8.101519856009009590e-02 3.860913296611700130e+00
1.610578685414989941e+00 -1.289327024047300929e-01 4.109341238647589378e+00
1.826480888073399811e+00 -9.081686292825008611e-02 4.066824456582150304e+00
1.811872422823670004e+00 1.594451173036000036e-01 3.660030191553069745e+00
1.588733742689400152e+00 1.146736527832800667e-01 3.600439232556549740e+00
2.183807975749080033e+00 -2.118432489394006524e-02 3.867783364865029494e+00
1.589587903888880049e+00 1.189310073448600624e-01 3.609136048340380043e+00
2.029259000612219754e+00 4.697119266901000900e-02 3.905319486599819090e+00
1.518501172855379888e+00 2.834460439326996761e-02 3.646015896476579865e+00
1.567278580350960127e+00 -2.497470383230060431e-03 3.746488287560359343e+00
2.009192661500990074e+00 1.533215129713011438e-02 4.028285133430840048e+00
2.287310385990179995e+00 2.135949192630500759e-01 3.807538040794129941e+00
1.868585806159619889e+00 -1.724620849910601383e-01 4.044587727346319994e+00
1.554986698550480106e+00 -5.058699892781004515e-02 3.789676341326079445e+00
1.459263163766579829e+00 -2.091274870023007715e-02 3.687715614203529668e+00
1.995610994687559980e+00 -8.498945657494016981e-02 4.056709826412909337e+00
1.539409489311990065e+00 -5.986454503923011039e-02 3.813982508109190039e+00
1.590039347759280020e+00 1.119711664261600070e-01 3.593348584876080221e+00
1.606220422947219895e+00 -1.887512394848200326e-01 4.060018524999669864e+00
1.808774641889189905e+00 -1.676151003888600166e-01 4.059437340039639963e+00
2.035619452371700167e+00 1.701638183570997054e-02 3.873064230526349849e+00
1.611935578635080191e+00 -1.258472561251600119e-01 4.125898935735179407e+00
1.990921762537809947e+00 -3.028774722230100913e-01 3.988535851682759592e+00
1.924374293459090168e+00 -8.709446542941007285e-02 4.033405221493639559e+00
2.263489798629479743e+00 1.936046770607400269e-01 3.769952377745529937e+00
1.795981619521489936e+00 1.730486128274399960e-01 3.559388277564739855e+00
2.267278557053249877e+00 1.814043213030398505e-01 3.862393946091749797e+00
1.823311985893339759e+00 -4.606204783797002156e-02 4.096201971142040321e+00
2.320296486807670089e+00 4.907421335229988912e-02 3.961932802827769162e+00
1.620314427046599892e+00 -2.404917923447300043e-01 4.071026227777699624e+00
2.412298920488220144e+00 3.575659339074999110e-02 3.977012341852169897e+00
2.397073193328169705e+00 1.312166202509097435e-01 4.015058735267119872e+00
1.800777604136919674e+00 -1.044738946805101043e-01 4.078869880664819370e+00
1.827415203227579887e+00 -2.371034495456000313e-01 4.018830228174628871e+00
2.164933133159210321e+00 -9.291253917401998130e-02 3.852994775035459618e+00
2.371714703935050128e+00 1.291256694698599272e-01 4.027549701458600140e+00
2.178028172633240001e+00 -7.077176671478008219e-02 3.851739925630690120e+00
2.431655049880970143e+00 7.871877276179994887e-03 3.982330836396770213e+00
2.429656672009360197e+00 4.008747962736991521e-02 3.995744082356209592e+00
1.804348281652779828e+00 -1.396278173839300418e-01 4.053023856315579820e+00
1.571425049709739952e+00 -1.883852483360300978e-01 4.120542951045489843e+00
1.631143535119630172e+00 -2.465360961202801016e-01 4.073425669958879780e+00
