1.231571793768280187e+00 -6.623918041387799605e-01 3.774513170150849639e+00
1.028382254694270248e+00 -6.928740689860599655e-01 3.899111059421049852e+00
7.928377791139799013e-01 -7.213146295414900599e-01 3.916042787759759669e+00
7.899094190176699781e-01 -7.197973346346699941e-01 3.914718325024560741e+00
9.922386036184002722e-02 -5.621681018170300304e-01 3.720117661176289836e+00
6.877896571995499864e-01 -4.414014260709500093e-01 3.573201956733160323e+00
1.195194416764119971e+00 -4.870891571279700183e-01 3.862709895202369736e+00
8.097209249901499151e-01 -7.863067878407199451e-01 3.902488303575780471e+00
6.234452300443800166e-01 -3.926345479292800422e-01 3.493976804472410436e+00
7.937674243376999783e-01 -3.934078836083800268e-01 3.519782848556340049e+00
1.239426327203290157e+00 -4.813569598311400188e-01 3.801431046417000026e+00
5.123239176800100658e-01 -6.246695955294800928e-01 3.943361758251220373e+00
5.590325612560300694e-01 -9.096116579524600176e-01 3.746934682605770561e+00
3.648849059212400103e-01 -4.954374444314499915e-01 3.672479396942150309e+00
3.762980852065500592e-01 -9.333966410679399583e-01 3.589943234189000520e+00
3.282814022483599992e-01 -5.817660233463000097e-01 3.779730486341730256e+00
1.022379853009609985e+00 -6.997342178126899626e-01 3.906571205983849993e+00
1.160052289520010049e+00 -6.214555131046299863e-01 3.915707999199750766e+00
2.443121971143900062e-01 -5.055294617255899903e-01 3.672270450537079789e+00
6.306943072168000874e-01 -7.477079785597999795e-01 3.777260890547619709e+00
7.984734514864599841e-01 -7.896470973632900847e-01 3.886935374507130447e+00
1.026183057673770049e+00 -6.942899496309999918e-01 3.900112781521610117e+00
7.970440544366098612e-01 -7.239276526560700642e-01 3.924713784786860060e+00
6.177601543798599826e-01 -3.268183460448800259e-01 3.424979857533299921e+00
5.833484974723499583e-01 -5.553105781637800442e-01 3.815649115906359690e+00
1.196040710483140090e+00 -7.559002929131000137e-01 3.818544498081239524e+00
7.719679374513300774e-01 -3.795302360755600235e-01 3.505208733976189706e+00
-7.719290281178994850e-02 -6.030608079989701054e-01 3.727962378484099837e+00
2.328691867634100354e-01 -6.202423100370400011e-01 3.791279364100979876e+00
1.206635937910710110e+00 -5.444021485553300899e-01 3.858380382484080329e+00
3.781213305445599859e-01 -6.865599959920201112e-01 3.756258640137850158e+00
5.894178168712099763e-01 -4.442528521500300198e-01 3.620136689287459575e+00
1.155287820522189923e+00 -6.205326836965401327e-01 3.915909638209569721e+00
1.175022788515150074e+00 -7.875779270846001712e-01 3.870821248622659638e+00
6.568315610768798996e-01 -6.891355541666299711e-01 3.807511868342220218e+00
1.149053514748540117e+00 -8.262257692302699130e-01 3.830316970888340222e+00
1.033203648533379981e+00 -7.451471811562401237e-01 3.884670037820369792e+00
7.333876809314299194e-01 -4.014170821538200484e-01 3.517772772932220349e+00
3.650890369658400525e-01 -4.634813294868100342e-01 3.623151487093740464e+00
9.608539504260299458e-01 -5.801236329446999296e-01 3.980040336960689373e+00
1.236409947219730299e+00 -4.763503056889000220e-01 3.800342376844660031e+00
6.025549392245100888e-01 -5.269486230093000101e-01 3.774761151064319975e+00
5.969075845629000510e-01 -4.406080267692100150e-01 3.628119903214920505e+00
1.292714379140280201e+00 -6.892545842201298623e-01 3.746893499136669803e+00
1.125453338496760214e+00 -5.613941805977400445e-01 3.958822155226920714e+00
9.539297994744000420e-01 -6.212747968792200481e-01 3.952735939891400818e+00
7.947512004419300391e-01 -7.916773240897900799e-01 3.896252606166019206e+00
1.167039152877139996e+00 -7.823001868011800752e-01 3.865562956618580515e+00
6.393106085280400031e-01 -4.404665881171900277e-01 3.587766903586629752e+00
7.735223938472300942e-01 -3.738329734374800095e-01 3.503175762200350540e+00
6.578508053504000808e-01 -4.514616994491500446e-01 3.586855734585900457e+00
3.323273257301100347e-01 -1.055183479466780039e+00 3.718392657342059593e+00
6.801657633499500477e-01 -4.257025084581400054e-01 3.541837404710760140e+00
2.479860298043100042e-01 -5.078449104198500264e-01 3.665237624359809487e+00
1.482819843792300418e-01 -5.302961801985900392e-01 3.684822661431369717e+00
5.495749932866800247e-01 -3.977769946630200226e-01 3.533446603874459413e+00
3.291150152105700166e-01 -1.054399267478679958e+00 3.697945910641560197e+00
3.667808385047700015e-01 -4.914066728954500363e-01 3.660680374557379935e+00
3.520322021970100357e-01 -1.124746328921599980e+00 3.678329355648840782e+00
6.133861526841999368e-01 -3.450767230887600290e-01 3.433122477631970426e+00
6.140478269518699905e-01 -3.477917469012200558e-01 3.433465777169210753e+00
3.402915288792400794e-01 -7.489300059012899968e-01 3.687778856727850219e+00
3.775683102152500026e-01 -9.316069456537601212e-01 3.569648248414879710e+00
5.060054734672900789e-01 -7.582780892269500583e-01 3.897187717063309798e+00
3.388828998819000127e-01 -5.682631965592700451e-01 3.808413117551209481e+00
5.510355598802201271e-01 -3.975897723317900478e-01 3.538526597807019947e+00
3.577358886891900402e-01 -8.583491426432100502e-01 3.620726261603810059e+00
5.385738757723000925e-01 -9.124990684863198975e-01 3.735053424392110522e+00
7.876348180411300026e-01 -6.181904083220399748e-01 3.969908653350549876e+00
5.880800932378300594e-01 -4.043721222688400063e-01 3.491113356606260432e+00
7.884791655449800984e-01 -6.176807708578400113e-01 3.986777139273480763e+00
6.375117057449000146e-01 -4.403270373320800068e-01 3.593250213460249753e+00
5.838190720651599275e-01 -4.068749295456400294e-01 3.489544903110769702e+00
2.328490831395000349e-01 -6.191378787031600606e-01 3.792570335408400162e+00
2.325756941737000261e-01 -6.199065617079200230e-01 3.791346674641260073e+00
6.285927599758800444e-01 -7.440552235146900006e-01 3.773522915669799360e+00
6.603019696388099380e-01 -4.445025240348799977e-01 3.605579061359760473e+00
7.469667134052400126e-01 -4.448807173064099896e-01 3.535023513857559863e+00
5.490310658363299900e-01 -4.500071514743800294e-01 3.636186645817169882e+00
2.789540549469899933e-01 -5.051013472582900343e-01 3.694067499301819879e+00
2.780571637573100441e-01 -5.064618255957100690e-01 3.689210098058460119e+00
2.761981669568800424e-01 -5.068480882802299803e-01 3.688979872220159884e+00
2.322064810288700099e-01 -4.922901956478300534e-01 3.644370988226509844e+00
1.789068797774400199e-01 -4.874046538014299990e-01 3.617596960298159914e+00
6.181889872572600142e-01 -4.400232936170900278e-01 3.572218432724979742e+00
6.644819055915900385e-01 -4.484689360644300571e-01 3.585318846771500034e+00
6.359532857395600036e-01 -4.498924305646900268e-01 3.598428262222809870e+00
3.071865710666100702e-01 -5.594323641185100504e-01 3.794375459295060260e+00
3.120112303006599697e-01 -5.616040784598199664e-01 3.785920846594149403e+00
3.496673494745700106e-01 -1.126168988678980076e+00 3.677576774879840471e+00
2.739046138541599840e-01 -8.883299405747000499e-01 3.620381559737380073e+00
5.486789946945700436e-01 -4.417108455112200294e-01 3.643068156953619408e+00
1.060842315450400142e-01 -5.827886469300200822e-01 3.756399207143830132e+00
5.397248185004999144e-01 -3.649842699257600520e-01 3.508180408646260240e+00
3.210290536597900646e-01 -1.245346230408910015e+00 3.752240521090119962e+00
3.362133061520000132e-01 -1.011357593303459979e+00 3.736131511004099792e+00
7.501250007860800206e-01 -4.704357685998299954e-01 3.600185862378710411e+00
9.001536717858499292e-01 -3.430404439858900645e-01 3.514225555291440095e+00
7.473077612278100634e-01 -3.840277625654400229e-01 3.534278925145639683e+00
3.268540974347600159e-01 -6.366838900606599516e-01 3.747010615430950153e+00
4.165927038945500538e-01 -1.087188439373840021e+00 3.772274800668590444e+00
4.378895424977700679e-01 -1.127927994397170064e+00 3.943530186528230175e+00
1.214911391713899697e-01 -4.765366898001500151e-01 3.604234694762950220e+00
4.094162874818300657e-01 -4.678278048613400131e-01 3.624588491044359984e+00
3.876210048134799968e-01 -9.547269873582100441e-01 3.607448570960400502e+00
1.146637646654430132e+00 -4.272923460919700878e-01 3.703300253586560231e+00
6.602222263220098863e-01 -5.726819796568900500e-01 3.837015696580950319e+00
3.601869983571600597e-01 -4.668060726973100039e-01 3.615384345509769837e+00
1.168026003892500109e+00 -6.221459434565099755e-01 3.922295167411499861e+00
1.002423866141310071e+00 -7.736484058278300102e-01 3.923311517125830150e+00
1.308329913482500217e-01 -5.423380171437399699e-01 3.696514496669569994e+00
8.176408325113899700e-01 -7.843879264289799202e-01 3.909492258928460195e+00
2.786206534124600065e-01 -9.988050826105401292e-01 3.709162276423199955e+00
6.437863498281399810e-01 -5.533243139465100491e-01 3.804521329144559871e+00
5.239105910306199876e-01 -6.537998321878699670e-01 3.886530189788380163e+00
5.591535933067900421e-01 -4.716071683267299974e-01 3.652563934011269886e+00
1.632133487156400276e-01 -5.445868107430500427e-01 3.714266459110199925e+00
1.616462501651300121e-01 -4.657289469239200286e-01 3.588879832578840023e+00
6.853506493481900108e-01 -5.465955702221000356e-01 3.830380360848829824e+00
2.344465975789000456e-01 -4.919852839759900620e-01 3.639453249119380729e+00
5.476727471765299171e-01 -8.392087752020600533e-01 3.914083100286439354e+00
5.560316158358900029e-01 -8.472588826545299767e-01 3.963314036597250123e+00
1.294352181501200738e-01 -1.021139877410810026e+00 3.690062220716479935e+00
1.186408882551210020e+00 -7.176732862733701257e-01 3.896560493677750259e+00
1.148582506195500313e-01 -4.807034366713600626e-01 3.592564005490319623e+00
7.846952607519098732e-01 -4.986610174716300525e-01 3.728617918591039526e+00
9.305083459066999796e-02 -5.565523950351600746e-01 3.709609224881219802e+00
2.246956812722900321e-01 -4.919657134868200554e-01 3.655016402828309197e+00
1.746433521329499861e-01 -4.860291054520100573e-01 3.621822620089770517e+00
1.543174036451700204e-01 -4.974636330258700445e-01 3.590932217803070259e+00
6.969934764352300194e-01 -3.466777362740800505e-01 3.521973309623660064e+00
2.733053572256500807e-01 -8.911822424622299899e-01 3.623466311441390530e+00
1.651461864517199951e-01 -5.442277074424799466e-01 3.721349130291550011e+00
1.032882154332570135e+00 -7.592581858814499984e-01 3.918981293118620535e+00
4.807615349377900582e-01 -4.958934117624400062e-01 3.698044754550160462e+00
7.651169453899799855e-01 -4.784516168123900126e-01 3.703862988264839728e+00
1.147199973802300044e-01 -4.972452965081600174e-01 3.632311680028839973e+00
4.175011831973699516e-01 -5.685967542679299935e-01 3.818138809908020015e+00
4.010643103920300545e-01 -9.783339016856100745e-01 3.665291555998200224e+00
4.075139242009100382e-01 -4.723867939494000301e-01 3.631422738794180205e+00
5.569296971236000759e-01 -4.724979849685100319e-01 3.643664435357160336e+00
