7.082767850201698856e-01 -6.201908444795800612e-01 3.813874488518900208e+00
7.550624786066000294e-01 -3.223556118478799748e-01 3.592156028869899487e+00
1.265558054477709859e+00 -3.427178538489999982e-01 3.879107996699759475e+00
1.114306961013169950e+00 -6.015645500334999562e-01 3.909008654369800162e+00
8.884237715974501182e-01 -6.499907661651299629e-01 3.934393324557290406e+00
6.888856533746401389e-01 -2.786169640005899950e-01 3.511517363585090479e+00
8.593492241219999883e-01 -2.738699334171800226e-01 3.535927161827659759e+00
5.871581956004299219e-01 -4.946178798280700395e-01 3.971006398480869670e+00
1.235986261284049981e+00 -4.805679480991000285e-01 3.948211314072819889e+00
6.399749309778899331e-01 -7.861521364101800025e-01 3.786140359050199855e+00
1.371695588135959820e+00 -4.399591802179100286e-01 3.795062994328270101e+00
8.808030191637499229e-01 -5.884980326959299290e-01 3.957529933163770330e+00
1.098743653121780017e+00 -5.577991734509299970e-01 3.933141373490289361e+00
7.075471032308000563e-01 -6.213127900984599661e-01 3.809159534773299605e+00
1.433581416243129958e+00 -3.225028429867500268e-01 3.825034419012810716e+00
1.102355259735809945e+00 -5.525302656121799938e-01 3.926432380851919923e+00
6.481182496789199554e-01 -7.874040594651400271e-01 3.798296727060919586e+00
1.180267379452089926e+00 -4.108977509428899944e-01 3.970116971242529047e+00
3.066020689260300358e-01 -5.038079612512700312e-01 3.821181829646390860e+00
7.865774754859600204e-01 -4.966931783468899742e-01 3.915773131633650372e+00
6.715517529277499342e-01 -5.155353856823799985e-01 3.894982066270820553e+00
1.278479332275979985e+00 -3.998428113950999729e-01 3.877055740471719858e+00
4.533020146064799527e-01 -5.677064258729900281e-01 3.787733592715049724e+00
1.518324242657969947e+00 -6.068928449532700053e-01 3.774112649118049667e+00
1.327912344578319859e+00 -3.154624341760700057e-01 3.791391555269369995e+00
7.323428561315898921e-01 -5.608723573354700287e-01 3.836748157371490109e+00
1.228167462097170093e+00 -6.839961386656099318e-01 3.861135527507629561e+00
1.110607018708039906e+00 -6.037840699121900245e-01 3.913046524887009880e+00
4.365919383299100565e-01 -3.487142506482999726e-01 3.649947058433959945e+00
1.313439684824450060e+00 -3.581561609479099739e-01 3.836961394153449945e+00
7.577152228888199836e-01 -4.046323771550799919e-01 3.842482178565379769e+00
1.110589517431139983e+00 -6.063224523944399369e-01 3.928266991626439442e+00
4.334242976993699648e-01 -3.507627234140899830e-01 3.645635932416710467e+00
1.034605118623089792e+00 -4.368891504086200306e-01 4.002111349559279496e+00
7.987136565360299922e-01 -3.169888457169700580e-01 3.612839335435849897e+00
6.735646672108299704e-01 -4.016577814836099769e-01 3.797773792523610581e+00
1.309258565978570044e+00 -3.572598712312399782e-01 3.832446669531579531e+00
1.367556184696790078e+00 -5.469014643528200548e-01 3.770942024501139578e+00
1.449290213387939952e+00 -4.116838381136099789e-01 3.775834239153589955e+00
1.393631487839829708e+00 -4.381225313668499766e-01 3.778054365435389528e+00
1.028575838250100016e+00 -4.793051971807399947e-01 3.976588432070940371e+00
8.735569720409399608e-01 -6.560046655992400888e-01 3.928508551622660327e+00
1.053154458892169965e+00 -4.709233602148499842e-01 3.967580618875669707e+00
1.171339656895839854e+00 -4.833611157180900397e-01 3.953040718344809967e+00
1.263218120431939706e+00 -6.391567439707299680e-01 3.876955418611269799e+00
9.678810476732899737e-01 -2.174392226396900107e-01 3.521291099978769878e+00
1.336562244807429911e+00 -5.127960928857600020e-01 3.838956666911100157e+00
1.245237615446719737e+00 -6.381904289866999758e-01 3.894387095755900141e+00
8.572087658748899219e-01 -3.746373858958800263e-01 3.742295065938380461e+00
8.108778822110598306e-01 -2.741090871891900260e-01 3.560251284067749822e+00
1.179025502028060002e+00 -5.140907962391599861e-01 3.981288418361719650e+00
6.137895865173299548e-01 -2.844374772323899903e-01 3.552587438719250201e+00
1.063948372767999917e+00 -5.613313272021500655e-01 3.920773790238869516e+00
1.050038001912469987e+00 -5.424460235357499993e-01 3.969994729570270664e+00
7.066812114833700420e-01 -3.220832719249200338e-01 3.607069410455119751e+00
7.315389911537799605e-01 -2.385081335613300213e-01 3.491616589953089544e+00
7.679742445965700437e-01 -3.217235142130600023e-01 3.597244296589019896e+00
7.521182615752499689e-01 -3.129557107048900333e-01 3.663885820157090301e+00
1.273078714435889935e+00 -6.134755847715800403e-01 3.838360968019399522e+00
6.930156347386999816e-01 -2.829048409720399948e-01 3.532839563549559969e+00
1.125833797438799966e+00 -2.799019918138200280e-01 3.670978335400699955e+00
4.169984708600299461e-01 -9.386542561581898703e-01 3.765508274794870047e+00
7.468018218853500478e-01 -3.081768353980099961e-01 3.560233645639129918e+00
2.289594827667000010e-01 -3.868913444724000339e-01 3.661911366464720707e+00
7.028113109311999729e-01 -6.227830321798599744e-01 3.787745936037220318e+00
3.178393637892799606e-01 -3.963838556864299756e-01 3.690483714651310088e+00
1.102892290121749941e+00 -2.799826541888299491e-01 3.676149413800570365e+00
6.154617357513401110e-01 -2.840437388269200225e-01 3.551774057311320121e+00
6.704143612229700455e-01 -5.210795313373899340e-01 3.848415485512370005e+00
6.599291311626900303e-01 -5.230850879412599630e-01 3.833786945561899806e+00
1.396773003239900335e-01 -4.556644336938799889e-01 3.757606555861899622e+00
2.467723318293199575e-01 -4.201057784144900387e-01 3.736116615022569754e+00
4.136202000923099864e-01 -9.388037555372900078e-01 3.745073786875730448e+00
6.566649618407400801e-01 -3.262008435771600046e-01 3.637500202252880399e+00
7.625072859470500841e-01 -3.252654409433399785e-01 3.580500344840039872e+00
4.361224371369599728e-01 -3.770522094011399816e-01 3.684271241495720162e+00
1.944718307017899439e-01 -3.694750768400200114e-01 3.618712966445220225e+00
6.288793818349700526e-01 -3.512319903017500078e-01 3.677339868646689602e+00
1.813789783115199727e-01 -4.717270621566699851e-01 3.786722068346069392e+00
4.812400798270700109e-01 -3.780554879281600167e-01 3.729194841956440243e+00
7.993921277533699854e-01 -2.697329782763002726e-02 3.600891727457289804e+00
9.928665005682996147e-02 -4.154867334436999626e-01 3.653857253096999713e+00
6.260174561275200222e-01 -2.836327998192400002e-01 3.554416508865079649e+00
4.454979255218800560e-01 -3.417805085801799980e-01 3.644679508366079901e+00
1.239970570457689991e+00 -6.346226397796199681e-01 3.887907050502760420e+00
2.197234871413200064e-01 -3.747673282343900181e-01 3.631448819947670437e+00
6.771373454406999226e-01 -2.339055303787300200e-01 3.448835269670669668e+00
7.258039234839199771e-01 -3.223437616521700466e-01 3.615948475597569711e+00
6.008485917300698809e-01 -3.835148001278499974e-01 3.767243585061749833e+00
6.995054656851198427e-01 -5.309040217181499877e-01 3.828071588845749496e+00
4.498064050578499673e-01 -3.708759473607500246e-01 3.696188576301369544e+00
4.166447022588699589e-01 -6.338323552362800095e-01 3.722203470373919743e+00
9.127516782012201624e-01 -1.702203683707499970e-01 3.452563918568229973e+00
4.318306460963000082e-01 -3.640398793570199798e-01 3.672375964284100291e+00
5.093691478626599656e-01 -3.759052425864600200e-01 3.709387116079460256e+00
4.578904997365499385e-01 -8.202202960042099811e-01 3.611417249034169608e+00
4.058967716014599825e-01 -4.542545009464200034e-01 3.821252831951340134e+00
4.113246718335499819e-01 -4.484114658095200157e-01 3.835278228706240355e+00
1.932083667658599235e-01 -3.789613840999600525e-01 3.645626438810640302e+00
8.904272343539798573e-01 -1.843365902533800060e-01 3.520726276769519991e+00
1.306311650454429873e+00 -5.220716469576500707e-01 3.801004091312729649e+00
7.337330558599099994e-01 -2.348387007261000248e-01 3.503618934271300667e+00
4.107676787023299969e-01 -9.520354658091300104e-01 3.799698244207109887e+00
6.593850065611499556e-01 -2.815403004444999580e-01 3.535752919765280389e+00
8.492762596675500486e-01 -5.305992916995799780e-01 3.958691501462899609e+00
1.279535217916199508e-01 -3.828245278092199944e-01 3.627320827728199859e+00
1.415700128553639692e+00 -3.312415621382100439e-01 3.805340610808290336e+00
8.623846811908899568e-01 -4.798544581440800094e-01 3.994990527131459856e+00
8.100168190117700284e-01 -2.672237114896299781e-01 3.547854585979810516e+00
6.538235536466898701e-01 -2.913828724838100070e-01 3.509433169408209707e+00
1.125387018033970010e+00 -2.815227620824700683e-01 3.671466463737509400e+00
6.915808340933600196e-01 -5.688296181490499759e-01 3.835875122465409959e+00
6.536488662516100057e-01 -4.296006028321199821e-01 3.841896648430200401e+00
8.633360478685401240e-01 -4.786230638622200328e-01 4.011816014909260097e+00
7.798525754815399669e-01 -3.583794130142600176e-01 3.688557941628939574e+00
7.049185645638000874e-01 -3.217632209223100226e-01 3.612556928897210362e+00
5.739424666510299922e-01 -2.519715301551300191e-01 3.508607912705669740e+00
6.496190588815800027e-01 -2.940590631380899933e-01 3.508004665325390015e+00
6.573505475691099331e-01 -2.918869725002299909e-01 3.549347394970410186e+00
3.065620230926999756e-01 -5.026517876148199893e-01 3.822426192459619898e+00
5.762449242528999704e-01 -2.616731315125400137e-01 3.507653781522780179e+00
7.053230140618900190e-01 -6.178745017866300593e-01 3.805291309016010537e+00
7.219470029697401259e-01 -2.941517473256100024e-01 3.543500482788449979e+00
6.604683276495399991e-01 -4.279928229332899958e-01 3.846840632612670063e+00
6.869151889560001223e-01 -2.401359064921200215e-01 3.468036884461099589e+00
2.922803000842799648e-01 -3.847119398238900145e-01 3.675611712546589693e+00
6.895934362761499958e-01 -2.773248416078399892e-01 3.511085785139139936e+00
5.723653555993200026e-01 -5.825123145599100383e-01 3.853968061907630194e+00
2.844577887924699677e-01 -4.025397971455000334e-01 3.716008033259040388e+00
4.551297594869299634e-01 -3.556856999714300138e-01 3.643493363010310127e+00
6.170345030631900762e-01 -3.319598385793199880e-01 3.656585192284939723e+00
3.489297208390199634e-01 -3.916379331014400167e-01 3.718919137258819951e+00
3.461846048273899967e-01 -3.936657636254899950e-01 3.713930929702989658e+00
3.221921831619000143e-01 -3.955500710251499963e-01 3.693127345002530149e+00
6.789129499908899135e-01 -2.322184266182700241e-01 3.449885592041330717e+00
8.735294294199700271e-01 -6.268322071218399572e-01 3.931823155628759281e+00
1.081160795837669886e+00 -4.232312184843499692e-01 3.996677715142370246e+00
2.479045993374699719e-01 -3.797501116306900015e-01 3.642610838747549984e+00
7.320370752227198796e-01 -3.295202607584599708e-01 3.604746452270999768e+00
7.036506718488297896e-01 -3.311428267305600026e-01 3.618138420540439881e+00
4.729607656681899530e-01 -3.770857141635399756e-01 3.692107932793500247e+00
6.795806507697299548e-01 -2.167890838178500035e-01 3.430206263162210334e+00
8.737933162559199385e-01 -2.674605032585299913e-01 3.559369325063610034e+00
3.841259647107799213e-01 -4.433959301419900245e-01 3.812752525470249232e+00
7.054465270868599536e-01 -3.063959966740900098e-01 3.563095998293589695e+00
4.359161620334099374e-01 -1.010796017806229852e+00 3.727518238867429723e+00
7.244882147785201010e-01 -3.068416427704100391e-01 3.555678143672150071e+00
1.350200546690199510e-01 -3.843847623273700109e-01 3.653997152606669907e+00
6.165125368608099787e-01 -3.233970161502499607e-01 3.663120747186209947e+00
1.039738501805999915e+00 -4.738069304686000072e-01 3.998295708989299868e+00
9.643243180614000654e-01 -2.210154947808000148e-01 3.527416170924380090e+00
8.127628429114299724e-01 -2.651125964350500297e-01 3.550406166724290102e+00
4.217019661165699040e-01 -8.946981951527499533e-01 3.777511702691409567e+00
6.682539614528799632e-01 -4.001466499623199669e-01 3.791355065272320246e+00
5.024641775937499499e-01 -9.661830640438999751e-01 3.819969571972479550e+00
5.066077406139999351e-01 -4.743280454084800035e-01 3.879995245374720625e+00
6.428321157672498565e-01 -7.142395362664599734e-01 4.021688505199599639e+00
5.285872636525099644e-01 -5.548660636504499921e-01 3.902413201656909969e+00
1.214297129314339863e+00 -2.908792193696200234e-01 3.717770086138719954e+00
7.328651270209798341e-01 -4.432454953286300570e-01 3.861386683590589897e+00
9.805877435511994866e-02 -4.138913909960300064e-01 3.655584999018030246e+00
1.273539531241570044e+00 -4.300095614196499660e-01 3.920958460456350103e+00
1.242396760249449894e+00 -4.758478446525700178e-01 3.944444225453070274e+00
1.933357339216399406e-01 -3.828623530110299988e-01 3.642279462791949918e+00
2.480884841783799755e-01 -4.005437890175599924e-01 3.681858943998840061e+00
1.276146507723739942e+00 -4.316046054259999876e-01 3.870217784804979466e+00
1.273365294520049762e+00 -4.030689348205899747e-01 3.860684579565230479e+00
1.046228525106950080e+00 -5.430916753788199713e-01 3.961500394181920015e+00
1.080868944796780085e+00 -6.314505669683501132e-01 3.953085144257070915e+00
1.052431380796490012e+00 -4.711297035618000062e-01 3.972573496303420271e+00
8.963401445780698751e-01 -6.475766019791899808e-01 3.941246441082349783e+00
1.229068632123599736e+00 -4.976065886909499802e-01 3.970575528349430172e+00
6.712845796866300230e-01 -5.627113370931500214e-01 3.956266410473570083e+00
2.107242125861499560e-01 -4.366367694920800235e-01 3.747292513634939759e+00
7.005977616631300364e-01 -5.312927021179699727e-01 3.831485977925670028e+00
7.156909832061699728e-01 -4.256894100289499994e-01 3.828257036853809581e+00
5.991035599054099769e-01 -5.257699094653300875e-01 3.915333167929509806e+00
4.586769917980199063e-01 -8.227237056900100765e-01 3.613222123002589825e+00
4.821315094055900752e-01 -3.539391372594700158e-01 3.666295802057529585e+00
2.329487895737499814e-01 -3.932014717165500106e-01 3.675058567234469997e+00
3.802026879985799801e-01 -3.874920382885900239e-01 3.698348991799489838e+00
1.688801234266799622e-01 -3.901103229467099975e-01 3.575923963748570245e+00
1.869967767822099947e-01 -4.631240418799099645e-01 3.770921045261310667e+00
5.759143950098499776e-01 -2.433078564488500017e-01 3.498255013063589658e+00
4.333404515193899353e-01 -7.381220445201499558e-01 3.632844306483350216e+00
2.298717865677900041e-01 -3.597434963306099798e-01 3.613166116008169837e+00
1.240490585057439921e+00 -2.730801311336200632e-01 3.765742526944800161e+00
7.572470165287699118e-01 -4.168097143366399915e-01 3.853472184140140477e+00
8.526270045424200195e-01 -5.880732781151100097e-01 3.943052785171190067e+00
8.692435301505900824e-01 -5.782206950841599635e-01 3.954651965983759787e+00
1.234352414235150075e+00 -5.537079303517200568e-01 3.888807650413879990e+00
6.580261030800700350e-01 -2.943767046499499718e-01 3.573040439637329868e+00
6.349578417151999776e-01 -7.125439552995200820e-01 3.988809795897039656e+00
7.247609076431800190e-01 -2.911774643333400192e-01 3.495321987996300450e+00
8.545584303602800080e-01 -3.705632266100800098e-01 3.749000069993219775e+00
5.837787847093600657e-01 -6.331842309504500665e-01 3.970225448123549938e+00
4.346230207190999728e-01 -7.501033910138700245e-01 3.667030857673069910e+00
1.645676295984099258e-01 -4.472367882611300027e-01 3.738106537252890327e+00
2.233992862773599986e-01 -3.915461779216500293e-01 3.616588225690610336e+00
1.325804062764230018e+00 -2.626312727397500657e-01 3.807839734051329472e+00
1.587033018852899713e-01 -3.949283728755499934e-01 3.661662384341149767e+00
3.529834676205999555e-01 -7.803327965215300921e-01 3.664377680616810018e+00
1.054545556727640054e+00 -5.447993306423200011e-01 3.976484365066939475e+00
2.835802206854800001e-01 -4.209796013808899673e-01 3.730760813681070154e+00
6.701723609438299256e-01 -4.103607529747200222e-01 3.804894249777880155e+00
1.915827983608799634e-01 -4.389645324678599914e-01 3.719977841702900356e+00
8.745801850712298098e-01 -6.564979586762200725e-01 3.938104832465559646e+00
6.651634922052700460e-01 -4.058537934594699803e-01 3.816966365496630154e+00
7.121658660386600559e-01 -4.395227393427699747e-01 3.845819719593909447e+00
6.255782656149500021e-01 -3.539068751580499717e-01 3.664920353419869770e+00
1.045725722638619848e+00 -5.462089981751899748e-01 3.968522461048549665e+00
