-1.118115149136820197e+00 -5.947698580439799709e-01 3.234414242126190331e+00
-1.753119432386400223e-01 -8.160815645922900874e-01 3.690396461433469000e+00
-9.266098189792800754e-01 -1.143068329444860032e+00 3.439642999340599694e+00
-6.241681112624200001e-01 -4.865206963441500165e-01 3.442039890321190398e+00
-6.694776565236399968e-01 -5.687622913957899318e-01 3.564771186482669663e+00
-7.644284941827800273e-01 -4.581988833185600130e-01 3.369071615111200124e+00
-1.034443654396230095e+00 -6.010534525760899971e-01 3.576497426451269668e+00
-1.065423663818570121e+00 -4.815954559665600598e-01 3.267484536670290041e+00
-4.519950765405700288e-01 -6.110394655636299799e-01 3.671348995940999949e+00
-5.831859081143899726e-01 -4.091363880189999858e-01 3.321016420894009613e+00
-4.546420103671900415e-01 -6.166312962757800609e-01 3.653986276759329854e+00
-8.429495360602700105e-01 -8.770867479646300424e-01 3.450008533015939349e+00
-1.017710919710669959e+00 -8.859317097274399533e-01 3.438599053994789934e+00
-4.931175041424600280e-01 -5.333655486938899681e-01 3.544221225384990070e+00
-1.963234531169300023e-01 -7.372827382453499556e-01 3.878628772808459857e+00
-5.743293351889000586e-01 -5.570827738556100028e-01 3.562056003162009432e+00
-2.057307903447300190e-01 -6.212146364770401163e-01 3.725200503128820451e+00
-3.973924225560699908e-01 -5.331461281122500395e-01 3.555208548492529985e+00
-8.487364929721600282e-01 -5.888733775580299312e-01 3.546926153984300001e+00
-9.698848478511600257e-01 -8.904637713083001227e-01 3.445080398800770105e+00
-5.544513600598299785e-01 -6.439396764470599610e-01 3.650881505220799461e+00
-2.097640780599600296e-01 -7.128216257900299446e-01 3.774243741855690004e+00
-3.015699225053100063e-01 -9.474880069193900578e-01 3.535878869947800318e+00
-1.429223302144230212e+00 -6.982370886129600773e-01 3.615204105460730233e+00
-1.055125435156369917e+00 -8.994140553325300491e-01 3.457205336840599941e+00
-2.066750336111400355e-01 -6.213886519396500940e-01 3.720285897987710477e+00
-6.118353335159700812e-01 -5.003096180769499579e-01 3.456116137704420055e+00
-7.203846162724600877e-01 -5.158984099529400069e-01 3.464201462390409603e+00
-5.545267591774600824e-01 -6.428744514639199714e-01 3.652203015895880256e+00
-6.297819855490800478e-01 -5.446177960911000593e-01 3.548548320923660349e+00
-2.017156060582900035e-01 -6.216093734049600306e-01 3.732774616726930006e+00
-6.259686806676599824e-01 -4.892151218187700268e-01 3.479683865242690466e+00
-4.829591419874000313e-01 -5.336286440988899926e-01 3.560734808513699612e+00
-5.326440769464200198e-01 -1.273841152423689893e+00 3.597969565774399747e+00
-8.272359734275099852e-01 -6.339100382119899901e-01 3.548790742042669422e+00
-6.838146825285800201e-01 -4.913848671113700273e-01 3.440025945219299608e+00
-6.058689940222400372e-01 -5.582753946217799967e-01 3.562754382455640467e+00
-5.991650632576399627e-01 -4.515032358379399979e-01 3.400339240159089726e+00
-1.231383310858719993e+00 -1.133751920292620063e+00 3.286591000063249446e+00
-8.835475990940200308e-01 -5.881262669649800490e-01 3.554723891502860056e+00
-9.201300874765999671e-01 -1.133976619596140045e+00 3.419045020822689906e+00
-1.018099240554930063e+00 -5.998053402681000623e-01 3.520487526652789967e+00
-6.445698474719200322e-01 -5.656492480793200439e-01 3.554974176804930330e+00
-8.554620224900200132e-01 -5.933611082329000030e-01 3.569279902051169628e+00
-5.982773892218200551e-01 -5.472979381891900363e-01 3.566865692972820412e+00
-5.805906971522000193e-01 -4.243192245436600007e-01 3.362525462934829790e+00
-1.085533740871639896e+00 -1.173679478576240109e+00 3.283585090021479580e+00
-1.108223741788370020e+00 -5.332244647298299833e-01 3.216059399883069325e+00
-6.551359114485000301e-01 -4.888243843566200120e-01 3.444598382964750627e+00
-7.180472138493599887e-01 -5.199061585235600358e-01 3.473850267252990065e+00
-6.734538870676900491e-01 -5.621900683494600592e-01 3.553768227096520071e+00
-6.812777062864399102e-01 -4.915845278415200137e-01 3.433668991605729914e+00
-6.815476799222899285e-01 -4.909713788911599930e-01 3.444446398974859491e+00
-7.338192609197999872e-01 -4.988358572036299954e-01 3.442414869617669737e+00
-7.651369347895000672e-01 -4.568795542191900205e-01 3.362461305692139746e+00
-8.705823868884299266e-01 -1.166342674011960012e+00 3.613370561407279524e+00
-6.510930264668699508e-01 -4.399625283848700441e-01 3.362211096498230134e+00
-9.183791620775000331e-01 -1.149013684800299862e+00 3.411920655717599615e+00
-5.800022099579700274e-01 -4.049114455823900061e-01 3.319078361318069881e+00
-9.214900559765200061e-01 -1.223697364094539886e+00 3.435497734051459418e+00
-9.397861425454899775e-01 -1.201879182491359943e+00 3.403097258399210290e+00
-7.650182114457799720e-01 -4.573254096645000266e-01 3.371714463258330241e+00
-8.290164022979500391e-01 -8.807745106841100569e-01 3.462130945722759812e+00
-1.205282656686910148e+00 -1.074530776881960081e+00 3.353467593967930149e+00
-1.024008520244600096e+00 -6.091354957346799548e-01 3.515657794661690261e+00
-1.052366831149160076e+00 -4.831573502488100136e-01 3.266798482998550135e+00
-6.445988735303100903e-01 -5.299093514836800134e-01 3.534876765187819458e+00
-9.904715330085399616e-01 -1.036825138544360092e+00 3.433762345536049310e+00
-7.110253373636800100e-01 -4.585859587251600589e-01 3.368664041116749885e+00
-4.977114660817800185e-01 -1.139043171053560011e+00 3.581826522932350265e+00
-3.623642293431800221e-01 -5.025602772294800458e-01 3.541600794443409583e+00
-3.807474472921000275e-01 -5.151661233020400354e-01 3.476721851453859813e+00
-6.664125481868798939e-01 -5.910674302764000743e-01 3.598155390983800217e+00
-3.223330346273199920e-01 -5.335103627972199725e-01 3.584057744265179757e+00
-6.233204775988200330e-01 -4.862589330284999845e-01 3.445146323973530045e+00
-6.792646705168600141e-01 -4.518571021067600002e-01 3.364131992183960307e+00
-1.045771887831600022e+00 -5.949289846864000975e-01 3.233047618236669862e+00
-1.152363356782529991e+00 -1.111222731714450074e+00 3.324587593254830331e+00
-1.209612734500119968e+00 -1.210454165187800024e+00 3.262474270539259535e+00
-1.063501843637979949e+00 -5.919375348108399937e-01 3.242805073591229714e+00
-4.815509866360500046e-01 -1.041704191560689940e+00 3.626348750590939751e+00
-1.200650684546140212e+00 -1.069156160252429988e+00 3.337929055427049541e+00
-1.062357548096950044e+00 -6.282795918705299520e-01 3.298823834854119674e+00
-1.138706631033610028e+00 -1.137252366356630073e+00 3.551871800243479704e+00
-1.084569822158250041e+00 -1.147288201710049860e+00 3.492393961586819806e+00
-2.227262554996500277e-01 -6.674336158091700444e-01 3.628058301038119993e+00
-5.273873760560100488e-01 -1.196333214098259878e+00 3.707607800327680003e+00
-6.824406891444501078e-01 -4.908866421691300275e-01 3.433091670618860114e+00
-1.098645769816219975e+00 -1.195004204889829946e+00 3.323546973697750317e+00
-9.168444618908400123e-01 -1.130883378971220043e+00 3.413592212848129748e+00
-1.100306577054309898e+00 -6.641108051120601097e-01 3.557054249481169883e+00
-1.285155487777019934e+00 -1.076306369969630028e+00 3.326304085908689423e+00
-6.570315941690000328e-01 -5.288824917488600397e-01 3.494158688677210023e+00
-9.344449199273801021e-01 -1.192919031074189951e+00 3.444394681848219619e+00
-1.154042392231739989e+00 -1.085955326575990032e+00 3.334989634737669739e+00
-9.703044864361400901e-01 -5.974573578226000103e-01 3.525292781615299909e+00
-3.437064868964899711e-01 -5.134800098377800825e-01 3.522495134356679714e+00
-1.278988339660439788e+00 -1.073272101716920002e+00 3.322715746321540209e+00
-9.332137318502899959e-01 -1.151482639176580003e+00 3.458180676687499400e+00
-5.467022692239900117e-01 -5.511093437631600089e-01 3.565707478597070157e+00
-6.452975262499800468e-01 -4.409679921451500340e-01 3.365593182237350156e+00
-1.125634152998229887e+00 -6.245394226375600155e-01 3.269588137959660301e+00
-1.053399446087889935e+00 -5.921966734327499537e-01 3.252549776198169873e+00
-5.695312499224500780e-01 -4.948259691972900498e-01 3.473946345524450585e+00
-9.324854207823101149e-01 -1.207222596693400041e+00 3.392422452464909810e+00
-1.031788907175300141e+00 -5.210394029162299656e-01 3.371569656170160023e+00
-1.649537039450199860e-01 -8.885668075265400478e-01 3.763756188664419966e+00
-1.041592785201619797e+00 -5.356330842425500727e-01 3.222183552048799804e+00
-1.060576920728570016e+00 -5.931940479220800810e-01 3.245978921515979998e+00
-1.392119053579699561e-01 -9.512851185045099189e-01 3.915086836411159510e+00
-1.235184472289279967e+00 -1.138650544620310123e+00 3.257395168337139602e+00
-6.784584025669699869e-01 -4.929580329439200437e-01 3.430931543576879683e+00
-1.172293738285790088e+00 -6.103405103630199502e-01 3.289591348434440121e+00
-9.211291959289400477e-01 -8.836916684836599867e-01 3.450403757340799515e+00
-1.128382025885730222e+00 -6.253950188671300037e-01 3.291289395644620086e+00
-2.807237733554199810e-01 -7.121920529101100072e-01 3.765169349628439299e+00
-1.891149595888900192e-01 -9.246463834538400928e-01 3.774189482618710123e+00
-2.925061915813499946e-01 -9.557769555422099828e-01 3.792132152099360276e+00
-5.474126702947199608e-01 -5.520605251204100394e-01 3.575724599311770113e+00
-9.140195432221400740e-01 -1.202032092804240060e+00 3.389055435046830489e+00
-1.061247679290570067e+00 -6.001614212615600241e-01 3.531304264076490007e+00
-8.895236663004999489e-01 -1.049183574959170029e+00 3.496618850847990068e+00
-1.293037290425129937e+00 -1.083877993375029991e+00 3.337668859599579818e+00
-5.257277367784600752e-01 -9.086362652220398850e-01 3.457719521915040062e+00
-1.284350512135880029e+00 -9.852958552712500762e-01 3.431479953715519393e+00
-9.989756797545600309e-01 -8.867290920632500129e-01 3.431866535343639946e+00
-9.533854948167199694e-01 -1.152688622686099951e+00 3.490823127560919836e+00
-1.076680250426659935e+00 -1.219963685477989834e+00 3.421218498896229754e+00
-5.293595920712199643e-01 -1.107857523498130048e+00 3.691759874679600095e+00
-5.302598169268100126e-01 -1.114200402774379928e+00 3.704619346818099679e+00
-2.603903452609900304e-01 -7.145785079348599966e-01 3.825638338280750617e+00
-7.290629701388899875e-01 -1.204194264427699945e+00 3.752527865383449956e+00
-1.002626366801740110e+00 -8.897614551847701225e-01 3.446049526240850369e+00
-6.682130251766500439e-01 -5.722652299124599828e-01 3.551256354307160024e+00
-9.180848961093599492e-01 -1.099930609042980123e+00 3.489648686465719685e+00
-1.631356055459119991e+00 -8.275394596021199423e-01 3.861372951152159949e+00
-9.444199642043299425e-01 -1.160507674809350132e+00 3.464019404935839930e+00
-7.244627522888300586e-01 -4.468718105586300116e-01 3.414138859516950397e+00
-5.640526678141499772e-01 -6.473421596301500713e-01 3.599753557373759350e+00
-5.519069050429099565e-01 -5.465738015187999732e-01 3.555532476931130503e+00
-3.823967263254199889e-01 -3.769448132988100220e-01 3.308967332399600281e+00
-5.530675658144099671e-01 -5.202193244861199606e-01 3.513584376469180093e+00
-9.233404212720400794e-01 -1.169693959216079993e+00 3.454602096258759580e+00
-4.239892642816400214e-01 -1.005661339494960060e+00 3.487528433374740722e+00
-5.279804398235899976e-01 -1.119113461100129880e+00 3.712933378306799703e+00
-4.507142148001200277e-01 -6.064242238763899451e-01 3.674519519947740065e+00
-6.478351298344300346e-01 -4.319132808931199774e-01 3.358398882003220010e+00
-1.039882833188619848e+00 -8.975043328966401113e-01 3.448142562016130341e+00
