-9.008689292929400461e-01 -6.020119985858600753e-01 3.287594102754479941e+00
7.747782399060998415e-02 -7.707491424532899593e-01 3.687771453049209391e+00
-7.808505245209298451e-01 -1.154519293540550162e+00 3.716621250880930205e+00
2.265937429877300513e-01 -7.569047677276899977e-01 3.832791057902389831e+00
-5.894121577220799990e-01 -6.163358226806400220e-01 3.576000752189400167e+00
-6.838878399747000403e-01 -1.104976044757380205e+00 3.506480726629379596e+00
-7.964755045158998792e-01 -5.991287693457200136e-01 3.623979285129919958e+00
-7.595143509880299959e-01 -8.872355400651499302e-01 3.497965299138269479e+00
-2.550029330879999279e-03 -9.276363150800799318e-01 3.643506011323539795e+00
-4.336497417833299894e-01 -5.692214789619099991e-01 3.617185486631290026e+00
-3.714331917127700056e-01 -3.895238107936500049e-01 3.339126581613429678e+00
-5.996670098793399628e-01 -8.674708219729599934e-01 3.489358400233379953e+00
-8.439834339679799236e-01 -5.397331472627999727e-01 3.272746801800780148e+00
-8.397156928779400120e-01 -1.188384596340940069e+00 3.637419733266660238e+00
6.403796931232003109e-02 -6.902444185921799980e-01 3.875974801756440158e+00
2.326396688408899349e-01 -7.616862070398100482e-01 3.843205295896389373e+00
-8.623280127109099746e-01 -1.118507472568269989e+00 3.559474180552149924e+00
-3.407852102816499862e-01 -5.332438007947499781e-01 3.580936223618709668e+00
-3.439891500560799953e-01 -5.353986182296799345e-01 3.591029348262939180e+00
4.338896118009971659e-03 -9.303582056191298522e-01 3.656186399595830139e+00
-1.659723843966600110e-01 -5.009083653460000285e-01 3.563008044460639567e+00
-6.137153591803099495e-01 -5.784523934920100530e-01 3.582977038745109866e+00
6.830046174129000836e-02 -4.632092970540500065e-01 3.530159026922469856e+00
1.192158822972499976e-01 -8.949414013302100512e-01 3.866702230597809375e+00
-5.128839087390002494e-02 -9.103906827266400326e-01 3.542844174713499328e+00
-3.451684164721000037e-01 -4.721252808349200025e-01 3.488246975020939722e+00
-7.078954150736299633e-01 -1.061083190438489865e+00 3.590576798726630159e+00
-8.096697893332998053e-01 -8.998929621472799845e-01 3.509768097302500500e+00
1.045874810205199568e-01 -7.153995379692600354e-01 3.716451596784200007e+00
-1.070190836674890011e+00 -7.236102263775699983e-01 3.674249593642829659e+00
-8.466120665826399883e-01 -4.822578535250199860e-01 3.329265358185119261e+00
4.676874854154199346e-01 -8.015280355228600051e-01 3.835834271023419895e+00
-1.563605148218399910e-01 -4.672668762208600501e-01 3.515557150729999414e+00
4.007857048953199497e-01 -6.303059375068400527e-01 3.914201395179020437e+00
-3.445256572588299981e-01 -4.768553652443500157e-01 3.506685698572209908e+00
6.386196171958996581e-02 -5.493529738259299577e-01 3.683389116163610311e+00
3.933052817955999814e-01 -6.704000598222800145e-01 3.885506501262160128e+00
-3.873622344743999912e-01 -4.799385113425800320e-01 3.476810001456519750e+00
-2.354653914781100199e-01 -1.057003093686749828e+00 3.594355757981269939e+00
3.848867467661998276e-02 -4.126032903234200244e-01 3.441768337947739731e+00
-3.926946128230299760e-01 -4.617962421463699951e-01 3.467707924934089192e+00
-1.187608503708900143e-01 -5.037806094860699524e-01 3.600800025483110289e+00
-4.943293952648599721e-01 -5.006205491966599919e-01 3.491696588001319768e+00
3.955832276778004086e-02 -4.126060810567200310e-01 3.446948153362380474e+00
-2.216714944694997413e-02 -9.289202415138300140e-01 3.630030871756289912e+00
3.770796414362997950e-02 -5.778301484674699395e-01 3.723753525592710112e+00
3.974916106139980698e-03 -3.742952182658000337e-01 3.397529390487259882e+00
-3.113889712604999693e-01 -6.166208198307400190e-01 3.670730257702579991e+00
-3.974971052919799575e-01 -5.236709851673799765e-01 3.570691623759939759e+00
7.551474027282001344e-02 -7.676669151962001170e-01 3.679145483491620183e+00
-3.018471723557900055e-01 -4.885477897924699886e-01 3.534790004459149593e+00
4.417738844496998940e-02 -5.771634147028700257e-01 3.729342354030410256e+00
-4.005729353598099785e-01 -4.691866489549100239e-01 3.501061847084949719e+00
-2.503183307206899855e-01 -5.042238095866300451e-01 3.578697137925729521e+00
-2.509221104808099789e-01 -5.054335116648700499e-01 3.573755303051210142e+00
-2.527789769885799842e-01 -5.056889395599599712e-01 3.573374677530620325e+00
-2.921043689347199712e-01 -4.873935767667800234e-01 3.525877879103619605e+00
4.486675212417599035e-01 -6.207965884685799907e-01 3.913570100308239930e+00
6.771537153187007219e-02 -4.632467184330300025e-01 3.532472397104469586e+00
-2.336357814621099760e-01 -5.621234239129699883e-01 3.679592854648910283e+00
-2.197275026898700134e-01 -1.128258756626829840e+00 3.553361799180910552e+00
9.668523941061002436e-02 -5.941484650780100019e-01 3.743450514360270098e+00
3.282462731059998529e-02 -3.787732234208400217e-01 3.416584730036159812e+00
-5.863231563637700816e-01 -6.298453998849300461e-01 3.585702301797649483e+00
-6.492175742963599561e-01 -5.825285941045600380e-01 3.582526405838279970e+00
-3.728858192705200025e-01 -4.407076997547800246e-01 3.431340483248719764e+00
-6.698758631717398604e-01 -1.199254464336299897e+00 3.488270877905519818e+00
-3.639481913433399995e-01 -3.979217547143399925e-01 3.399656704697079590e+00
-8.404258767016800080e-01 -6.017215972378000544e-01 3.307370224988540386e+00
-8.137963505012699716e-01 -5.205081787477700006e-01 3.448348556333050041e+00
-5.137012594519899666e-01 -4.504883185701700210e-01 3.401981585777229533e+00
-4.605331253117500023e-01 -4.747370077743700012e-01 3.465039808848949576e+00
-3.804937591589599988e-01 -4.314189274306799993e-01 3.419780762663899409e+00
-3.980738286410400173e-01 -4.634710365622199957e-01 3.477761689229700082e+00
-1.126641873335299804e-01 -4.746274515178500186e-01 3.520281036885450021e+00
-3.402636609241900256e-01 -4.513362444814300045e-01 3.471606772698629939e+00
4.332007691358500390e-01 -8.297179864084300860e-01 3.869526249340369262e+00
4.337693608546399071e-01 -8.251555937747000469e-01 3.856376288373380312e+00
-2.844471015960600146e-01 -9.969643542587400820e-01 3.582344451821419362e+00
-6.479864392117600236e-01 -5.792680220057999652e-01 3.592876733085719643e+00
-4.929203094814900155e-01 -4.438050704248900358e-01 3.412427633009969874e+00
-3.182431363394099821e-01 -5.080974487290099706e-01 3.564946269398830303e+00
-6.188498755239000282e-01 -5.829238606157800540e-01 3.605752139250520294e+00
-3.562186868920299565e-01 -4.551323394504700470e-01 3.465777295498430277e+00
-3.648499263356099753e-01 -5.245541757995499932e-01 3.587081574850330412e+00
-3.846645541566700022e-01 -3.927481242076100165e-01 3.344827831478710323e+00
-5.271734633555399396e-01 -4.619598524350599922e-01 3.443395737552459757e+00
-4.227222064663599954e-01 -4.220422649941399929e-01 3.386236365153199479e+00
1.866845125509000169e-01 -5.100279342140600081e-01 3.589064750328760489e+00
-8.951347180508200108e-01 -5.403430939853199888e-01 3.267930937585240336e+00
-6.687117885042499488e-01 -1.177478422757289866e+00 3.443292676524849938e+00
9.880490809305003674e-02 -6.201582837786500102e-01 3.778275733817089588e+00
4.631844229773002253e-02 -6.248686588414900100e-01 3.698598039106870239e+00
-4.317906317095799862e-01 -4.707284095458599826e-01 3.467821069709680515e+00
-8.138449209797199435e-01 -5.195052303007400285e-01 3.441070596149439886e+00
-3.628836539742099632e-01 -4.017252105943500129e-01 3.376615717346050261e+00
-4.912195875860199124e-01 -5.043659434077800707e-01 3.501232102213159614e+00
-2.135584787875799972e-01 -1.142111753235659943e+00 3.584510961082219893e+00
-4.398594500926699680e-01 -5.432485092477500332e-01 3.578779859690389920e+00
-3.003835601238399877e-01 -4.867518661060000196e-01 3.535922055410539500e+00
-3.471966081714999985e-01 -4.768504922366400001e-01 3.499141526683639647e+00
-2.759490634404999643e-01 -8.877150738507200156e-01 3.498995179606359862e+00
-4.583781150822199280e-01 -4.749093036567000325e-01 3.458542638996200402e+00
-6.265903068095699524e-01 -1.076006594009689898e+00 3.606013127288050235e+00
-6.695541545673799888e-01 -1.179115571714099975e+00 3.449810484358799556e+00
-5.479871678490499942e-01 -4.453589331387499684e-01 3.392177498922889889e+00
-5.281224501897399115e-01 -4.436500614657999941e-01 3.393296070041719403e+00
-6.850389362741998722e-02 -7.347352389191799116e-01 3.741097987408779524e+00
-4.351338099556399941e-01 -4.229680403008599932e-01 3.384759288337419569e+00
1.133860144527000235e-01 -8.658742381124999721e-01 3.857503980511159725e+00
-4.528901709777699569e-01 -4.475336626705100351e-01 3.481424727510850303e+00
-6.746718257244599393e-01 -1.163958374277779928e+00 3.443945296228320352e+00
-6.618478293919000111e-01 -1.217643874506179946e+00 3.483838974580259595e+00
4.132668848916700721e-01 -7.379291786565099764e-01 3.883210626410849464e+00
-5.472878954458999523e-01 -4.456598890720200323e-01 3.401410821236280135e+00
-4.662114403726899670e-01 -4.117302185106300194e-01 3.406519038482789696e+00
4.653564566579300177e-01 -8.127840493440099401e-01 3.854721878790309475e+00
-4.616712089491699644e-01 -4.171322255566700110e-01 3.379041828769790534e+00
-5.848628767831000053e-01 -8.703004396536000442e-01 3.500650679587660186e+00
-9.096749393353799062e-01 -6.321044916363399713e-01 3.334720044355359292e+00
-8.388370531408301245e-01 -4.868863911398499944e-01 3.314558381321529801e+00
-4.138163756316299846e-01 -5.099005636387500262e-01 3.557774705745949895e+00
-1.333725065857999659e-01 -4.688763067957200104e-01 3.546919703636659982e+00
-1.550015369604199889e-01 -4.833243527131400041e-01 3.483440842239979851e+00
-8.937975816353999070e-02 -4.972206322084600227e-01 3.587221485491019379e+00
-8.855225799754800065e-01 -5.380450607753599623e-01 3.252987516982360106e+00
-4.926755619709000111e-02 -5.087633519419300088e-01 3.598314689999249971e+00
-4.083646346181299958e-01 -4.841722492131300126e-01 3.504753740783249860e+00
-9.028967948980298752e-01 -1.094869468253529821e+00 3.612713116090489507e+00
-3.188058799880099659e-01 -5.279260732260500077e-01 3.583098747384870109e+00
-2.163188525357599978e-01 -4.982349956529800172e-01 3.581216452924199878e+00
-4.133214375575499644e-01 -5.488406711959300521e-01 3.578188264208209901e+00
-7.796972519491500719e-01 -1.221554228524389885e+00 3.599698400296170497e+00
-2.206373589182999972e-01 -1.011810188818199840e+00 3.645263334343939121e+00
-1.776378304743599923e-01 -1.041678969870719840e+00 3.626124191395420304e+00
-8.756142270578399778e-01 -1.140040124099619856e+00 3.612214573194319378e+00
-5.071768251088999424e-01 -1.183069021946280053e+00 3.767100176043159721e+00
-6.897253509833899399e-01 -8.900544546772100052e-01 3.535629352791950453e+00
5.812527622948998607e-02 -5.615694472546899352e-01 3.700368223952829716e+00
-8.519265053224298612e-01 -5.371646678814899767e-01 3.280922992554809348e+00
-4.287218017810000004e-01 -5.100844480696000716e-01 3.517882564304259496e+00
-7.535217040074699835e-01 -6.017587842022500411e-01 3.580686936452889491e+00
-1.153901171237099732e-01 -4.791686235242300085e-01 3.526842848247190076e+00
-3.133142496649699571e-01 -5.258911174730500626e-01 3.582821514715989863e+00
-3.179140539198199722e-01 -5.189421400953000418e-01 3.548927220849059871e+00
-4.291022394936699902e-01 -4.236421012456099700e-01 3.387792946449569520e+00
-8.581031240511899361e-01 -6.309605102341100391e-01 3.362029860511209556e+00
-9.047801104604699107e-01 -6.315792736443099908e-01 3.323516851616229673e+00
-1.159621564269799898e-01 -4.995192102633200237e-01 3.575003385323319627e+00
-4.306002545609999288e-01 -5.710838635413000297e-01 3.624357001620059471e+00
-5.873808085134599732e-01 -6.268742909409800168e-01 3.600387866955540694e+00
4.196363535441999248e-02 -4.879571429101000057e-01 3.575574170957180442e+00
-1.658874458526998774e-02 -5.218932058514500483e-01 3.619762909923370131e+00
5.909221309098994235e-02 -5.580995570762700142e-01 3.689609818200030311e+00
1.022215010560199588e-01 -5.389262043794400547e-01 3.781066450240180288e+00
9.579156829384005700e-02 -8.415435686222000333e-01 3.761227610237479979e+00
-2.790532105777998595e-02 -9.184988066766800463e-01 3.817124422274240203e+00
1.336739758011199486e-01 -9.006737762511400902e-01 3.911446545191039625e+00
2.840884513994399452e-01 -8.327773821555199962e-01 3.893318269367640028e+00
-4.921529195178799831e-01 -4.532828919979400295e-01 3.371041071960060087e+00
-4.263995644940010710e-03 -8.714692434522799402e-01 3.912917400115599520e+00
1.782348958548900519e-01 -6.520156953999100002e-01 3.866832563163310255e+00
2.575967057846999531e-01 -7.079310487604200119e-01 3.907237826003200354e+00
7.410330736497000581e-02 -8.785858919700699765e-01 3.773549995269090296e+00
-9.907644494688999659e-02 -3.198153825404300155e-01 3.327541401760109707e+00
1.401850608605800241e-01 -4.760809964898600199e-01 3.507099234592359949e+00
-6.582683448605999299e-01 -1.196341685813960165e+00 3.436770053584780271e+00
-1.619945863634799921e-01 -5.064259839006799435e-01 3.556886549761739680e+00
-2.813939788995399871e-01 -8.835681598540200410e-01 3.478059624357380031e+00
-5.292142428283599376e-01 -4.656048089671599999e-01 3.419985301797119348e+00
-4.271340864782799951e-01 -1.174035297291200042e+00 3.771550702298360314e+00
-2.602015018349599917e-01 -1.157006893861999952e+00 3.698072539295980121e+00
-4.394545292684799986e-01 -4.757523967347799809e-01 3.499606726535180456e+00
-8.388648625958099458e-01 -1.163468312082310163e+00 3.592029340784209879e+00
-4.947864644774899734e-01 -5.013094187242900235e-01 3.488792517074109867e+00
6.118721374612995367e-02 -4.643564551024900178e-01 3.521614839058849533e+00
-2.947231127973199971e-01 -4.866616436334800233e-01 3.523018227020620508e+00
4.050983332509598966e-01 -7.380341767005400566e-01 3.874468070266419595e+00
1.769934543515700454e-01 -5.125733843241699894e-01 3.568174861384649788e+00
-2.138591224154299808e-01 -1.016624944820029963e+00 3.651378327149809699e+00
