-1.730157779041289867e+00 -1.170229893623429884e+00 3.103078288455930256e+00
-2.297778058768789933e+00 -6.605102391557200470e-01 3.173140272963530073e+00
-1.507185947710660168e+00 -5.683298969981800397e-01 3.260457908703759955e+00
-1.742067750365180245e+00 -9.814319527958199618e-01 3.097040666149699639e+00
-1.349560069050270039e+00 -5.651968910900699861e-01 3.321067739241989614e+00
-1.699895088756570027e+00 -4.770404011599800320e-01 3.258824472900750280e+00
-2.105161032159549972e+00 -4.423231191757099334e-01 3.203306819753500179e+00
-2.307853067267259917e+00 -6.519162539367100440e-01 3.201950813067459656e+00
-1.699396668040430214e+00 -7.622364178118898881e-01 3.110072173052899736e+00
-1.699716070185270045e+00 -4.822817840608699669e-01 3.231877603411230204e+00
-1.904786281020020233e+00 -9.229132220520899210e-01 2.960960648201630185e+00
-1.882095949516560118e+00 -1.052242093625350039e+00 2.932530635624490234e+00
-1.680490566277349940e+00 -4.722188209345399290e-01 2.978104452625109921e+00
-1.846279407123960103e+00 -1.042490764151720040e+00 3.223970269134089683e+00
-1.927436906071070100e+00 -1.203666306991360013e+00 3.083379906959569983e+00
-1.896305517258579876e+00 -1.008956974573979926e+00 2.893370668312210015e+00
-2.075060859726230333e+00 -8.450446157199900110e-01 2.872072223128760093e+00
-2.111561825922270152e+00 -7.871234212585300760e-01 2.961746589494190118e+00
-1.733938022596510198e+00 -9.512994249635500221e-01 3.180801467442520014e+00
-1.257301203713329985e+00 -5.851243552595499775e-01 3.338043758871290123e+00
-1.675699025674760367e+00 -3.143901876747499657e-01 2.928118072729579691e+00
-1.517710521792940082e+00 -5.244985113684799138e-01 3.266977989286390383e+00
-1.699839789131250001e+00 -7.632689551244300485e-01 3.106279982123820282e+00
-1.285219372736980059e+00 -6.788423786509499847e-01 3.417206452669120154e+00
-1.697061024970920151e+00 -6.168204217573800552e-01 3.168521614048919410e+00
-1.705033800885739970e+00 -6.554351838280401132e-01 3.153656901479210184e+00
-2.103712327284430028e+00 -4.419515782790599534e-01 3.208881856005340261e+00
-1.784173613311540008e+00 -7.445676605184698982e-01 3.100698944574430627e+00
-1.380299812961950146e+00 -5.543223840640899569e-01 3.318829738095160131e+00
-1.603645301040030002e+00 -3.952517401743299574e-01 2.900057198034899919e+00
-1.301815396707100003e+00 -5.544337869167399457e-01 3.315921249959259853e+00
-1.364926500630770034e+00 -5.880940142626600586e-01 3.353133555728960324e+00
-1.511849370961700023e+00 -5.824851320933499554e-01 3.268461189806959766e+00
-1.550755161351000000e+00 -5.149062953197799386e-01 3.257320506538020410e+00
-1.551430707683140175e+00 -5.128788331938399780e-01 3.268030751156620006e+00
-1.671981421764850095e+00 -4.778651703070999623e-01 3.207580413455080048e+00
-1.530262483966650100e+00 -5.278660453157699717e-01 3.286882021660860076e+00
-1.360542741604980232e+00 -4.421214189491999846e-01 3.171818861484360319e+00
-1.360570234062389972e+00 -4.709111774728299560e-01 3.198635736621030290e+00
-1.729832182372180061e+00 -1.065972140002710011e+00 3.253802718702339725e+00
-1.636747452144280190e+00 -3.885818866850599962e-01 3.085608398016610021e+00
-1.674587885668389786e+00 -3.689424033843399786e-01 2.918853387920170128e+00
-1.908486601100950253e+00 -9.110315620099400657e-01 2.937132625446459588e+00
-1.307990460420640044e+00 -5.349018241263698847e-01 3.301667796439420322e+00
-1.623382713118840082e+00 -3.265740444545599530e-01 2.967531798306910051e+00
-1.987899266583080138e+00 -8.372782464149799431e-01 2.920528411717219885e+00
-1.650110770916070058e+00 -4.390367689435499821e-01 2.929650799406640083e+00
-2.057759209091770014e+00 -8.363733769985699507e-01 2.856849632080149526e+00
-1.944552185228690000e+00 -8.499738460967500853e-01 2.935214625643309816e+00
-1.625160857221779942e+00 -3.835384098299099431e-01 2.915690666867139846e+00
-1.973389361149370025e+00 -8.677028127750301412e-01 3.072908091489949811e+00
-1.650216891004429920e+00 -4.934111218498299367e-01 3.227356237792490035e+00
-1.912081478484900066e+00 -9.106231155884001449e-01 2.934977597158890283e+00
-2.004148898250509792e+00 -8.205923444224398899e-01 2.891584169197829901e+00
-1.972500317474199960e+00 -8.308465124625901144e-01 2.905884378403150059e+00
-2.010708720326010113e+00 -8.672502512256898832e-01 3.031223934733350056e+00
-1.969930748002309828e+00 -9.706036309889300995e-01 2.831364390364699890e+00
-1.748885692257639901e+00 -1.022223825710949940e+00 3.092711274637959917e+00
-1.698361563482350123e+00 -4.225601313516199609e-01 2.902225766296389953e+00
-1.515891819331040002e+00 -5.800861416536600146e-01 3.282727072660279966e+00
-1.214248339747870054e+00 -5.227180258846200189e-01 3.261140289841750750e+00
-1.648695837118290042e+00 -4.403632461179999846e-01 2.933295935782890496e+00
-1.627512215182440158e+00 -3.902165532489599853e-01 3.070073249867190324e+00
-1.980010202580980039e+00 -8.994250991942800422e-01 2.841379338027230084e+00
-1.946946482470240047e+00 -8.513640648182301263e-01 2.936212051147360391e+00
-1.696091330858760182e+00 -8.921200130351500945e-01 3.037256038017900117e+00
-1.816888200816080268e+00 -1.015629340024980065e+00 3.160146784999819936e+00
-1.771116209461850222e+00 -5.160709089194999155e-01 3.222142713479089871e+00
-1.607727916800989920e+00 -5.008393833107299686e-01 3.249078307285650169e+00
-1.687550431328660006e+00 -4.440826106721700306e-01 2.930903040046400232e+00
-1.638580374255980132e+00 -4.858464953626699390e-01 3.236792405466140110e+00
-1.647355017446549885e+00 -4.879962523545299247e-01 3.224733558151529955e+00
-1.935370056331940036e+00 -8.475695218898000594e-01 2.929819492820090687e+00
-1.731168240162439975e+00 -4.522750073968500040e-01 2.960212331104550287e+00
-2.069563652894089945e+00 -8.858344771882600277e-01 2.821871503458679875e+00
-1.963206857813950101e+00 -9.641922944279999186e-01 2.819728904650300016e+00
-1.898201710601419956e+00 -9.109645282645799647e-01 2.953505063264960206e+00
-1.683107103471989996e+00 -4.487323917913799143e-01 2.935465987910579777e+00
-1.674761468498880079e+00 -4.505335377482100334e-01 2.931360757349610324e+00
-2.227812542503339710e+00 -8.558950818637800495e-01 2.968188895752920331e+00
-1.233871253895930220e+00 -5.900023189942500412e-01 3.357117386647409774e+00
-1.321061746682399951e+00 -5.596570472964199627e-01 3.251697354726630351e+00
-1.918914961488780158e+00 -1.089413438188520100e+00 2.985436357170000221e+00
-1.688912158407690045e+00 -4.453521495907099559e-01 2.931642391695599592e+00
-2.151834243882920106e+00 -4.973583094715699482e-01 3.186703649066510380e+00
-1.660119650883500109e+00 -7.788837475153400636e-01 3.137548289261239631e+00
-1.720115356258659967e+00 -4.554573170084700307e-01 2.954247241861450046e+00
-1.678191577123710143e+00 -4.693235467500199709e-01 2.966617823936999798e+00
-2.004978901907509936e+00 -7.448176878690799807e-01 3.005426820668810173e+00
-1.778963131737909986e+00 -1.103453470781889934e+00 3.064153728307090319e+00
-1.758005466268450112e+00 -1.192322239288549968e+00 3.059742562160169932e+00
-1.988310096199310095e+00 -9.034887108739000361e-01 2.846927786013949913e+00
-1.334598697608990081e+00 -5.637518822988599743e-01 3.348756712435050353e+00
-1.733316622313960220e+00 -1.003853288822909917e+00 3.064988805213110012e+00
-1.701274186150169898e+00 -3.304657235127799741e-01 2.890701576365070302e+00
-1.884401925232249919e+00 -1.045704133639659972e+00 3.214440702203120281e+00
-1.900475068214360075e+00 -9.585400380412498755e-01 2.968690828968949980e+00
-2.316705487930129870e+00 -8.888874377637998592e-01 3.052141648542320063e+00
-1.928788099676820078e+00 -1.238735049667859967e+00 3.133044731107379910e+00
-1.649269503512019952e+00 -4.399995649913199802e-01 2.921768845638579748e+00
-1.888621978077110075e+00 -1.075203442456519998e+00 3.168182324312960318e+00
-2.497791564507060080e+00 -8.149768060247701840e-01 3.260479999643759896e+00
-2.469541483577240015e+00 -8.049113440459398916e-01 3.234168991271899607e+00
-2.315347598314299926e+00 -7.592376406341099226e-01 3.131186077136320023e+00
-1.610978766913919946e+00 -1.155310890649219990e+00 3.402876514034460342e+00
-1.641260728787750089e+00 -1.156238500751759934e+00 3.411385469180359564e+00
-2.078534283992110154e+00 -8.453908327082599872e-01 2.886010716937719600e+00
-2.413004120030049826e+00 -9.269478943133300231e-01 3.143878448560630368e+00
-2.318955285672290145e+00 -8.911891765490100870e-01 3.050404488835820160e+00
-2.310088625698929921e+00 -8.857232102770700166e-01 3.046687340197990146e+00
-1.906843051745160222e+00 -1.085534163514489947e+00 3.194289837610949867e+00
-1.671846425059100083e+00 -4.726242060420699498e-01 2.980957949347759595e+00
-1.916186731828759982e+00 -1.220449860600119951e+00 3.194635042018459714e+00
-1.739422180300719933e+00 -1.115688192630659881e+00 3.077508492616420455e+00
-2.003963051706350029e+00 -9.635298705349499837e-01 2.807911602534139739e+00
-2.341715070079370076e+00 -6.641440602745198873e-01 3.236893877572970091e+00
-2.241704614601910173e+00 -6.186806414037999691e-01 3.140849621532030511e+00
-1.851731763096529981e+00 -1.047034980523410042e+00 3.245215194378409329e+00
-1.895874917887949929e+00 -9.585081343392201081e-01 2.958883906669259822e+00
-1.981900243722729993e+00 -9.765587404174700392e-01 2.841961336434999374e+00
-2.562582903088860053e+00 -8.305515292463099275e-01 3.323585533695809779e+00
-1.769916933667040171e+00 -1.091869572567420121e+00 3.038510634261349708e+00
-1.757359923754119979e+00 -6.014032079304099110e-01 3.150688407307630001e+00
-1.740947833266980105e+00 -1.025589496172420123e+00 3.093525305151950455e+00
-1.876851749031519967e+00 -8.986624615691300999e-01 2.923080316665550349e+00
-1.697581583205449940e+00 -4.718603994356899700e-01 3.019054167858420179e+00
-2.539708533126370238e+00 -8.456108921686600333e-01 3.307046862044380475e+00
-2.135767760700280071e+00 -7.953153012596501092e-01 2.983505137743549973e+00
-1.346471885981380012e+00 -5.681079594956499612e-01 3.307706999364639522e+00
-2.003529484523450144e+00 -9.655920784855500649e-01 2.807849759768900277e+00
-2.028082000375770022e+00 -7.522608753511299540e-01 3.039677285153370434e+00
-1.752340828883379942e+00 -9.676035923736399091e-01 3.111093716299540013e+00
-1.659195152456359956e+00 -4.630642794101299531e-01 3.099303513231379981e+00
-2.033148517535370292e+00 -9.835728367087299695e-01 2.841797356347150139e+00
-1.697001909597970037e+00 -6.529317458909900118e-01 3.137732172374169792e+00
-1.614223169618369758e+00 -3.346413583199499553e-01 2.928073558862160031e+00
-1.733644076365409958e+00 -9.997630165926401080e-01 3.132307688491319908e+00
-1.802413833924410014e+00 -1.003722731236829979e+00 3.134893329937219697e+00
-1.753763856914160035e+00 -9.702151524463600296e-01 3.106742567488050000e+00
-2.039053773527389701e+00 -3.375172715525399658e-01 3.055238477354209614e+00
-1.639026275747849981e+00 -4.848778356168399473e-01 3.136670222212980086e+00
-1.331980850321420107e+00 -4.971427951714300075e-01 3.225564884462479576e+00
-1.912623439041090112e+00 -1.088332701019809834e+00 3.199232884621589612e+00
-1.885363967248719907e+00 -1.047413291050720119e+00 3.192143402437389810e+00
-1.900262115003769958e+00 -9.893273196830099092e-01 3.011591886990559352e+00
-1.742951481647469825e+00 -1.108809489193399944e+00 3.064026042520000104e+00
-1.302688903251270069e+00 -4.907085374611400153e-01 3.244871902503270178e+00
-1.849210645970100098e+00 -9.388358883043999015e-01 3.028899732257460009e+00
-1.729835502378080037e+00 -1.160244305668920006e+00 3.010621904249959790e+00
-1.759295059456160049e+00 -1.202199648016019973e+00 3.122158667446639946e+00
-1.916393333850880287e+00 -1.221431123947110065e+00 3.108177847242490799e+00
-1.993560445407460247e+00 -1.274619940711519961e+00 3.196781326336330054e+00
-1.910548587243590113e+00 -1.214360656469720023e+00 3.186877673993540050e+00
-2.302214246876510106e+00 -6.430167035129700226e-01 3.195955969441819811e+00
-2.265519462643669879e+00 -6.417614645367000215e-01 3.159108345083749825e+00
-2.313400181622819574e+00 -5.847201612819998839e-01 3.234984334825029784e+00
-2.384996758234560588e+00 -5.125109859425599490e-01 3.393479529786119997e+00
-2.280170371708059918e+00 -5.098556195274399627e-01 3.258055994896119856e+00
-2.271467446925959699e+00 -5.092234719535699838e-01 3.249621961984700214e+00
-1.767294942442290129e+00 -1.026230331186489986e+00 3.114072937351650694e+00
-1.689963087405490061e+00 -5.932973806200299016e-01 3.168563476054509387e+00
-1.337746682539640020e+00 -5.843587829229299757e-01 3.408541381556930538e+00
-1.581738271647369798e+00 -5.049973930054199034e-01 3.234874052041869064e+00
-1.729330320272150168e+00 -9.882295630709800882e-01 3.135039101755880075e+00
-1.939181108241879947e+00 -9.327673906203299836e-01 3.121692622977399800e+00
-1.650824949346719972e+00 -4.812384121657899971e-01 3.214904036236720053e+00
-1.723721813640710199e+00 -2.315267276812199848e-01 2.991150199976149615e+00
-1.873409292150020056e+00 -1.134955465606320102e+00 3.121255340347850016e+00
-2.107101187154349908e+00 -4.396906684691599398e-01 3.200093670537549784e+00
-9.502556693122322429e+00 -2.230518893895689914e+00 6.766377677809709112e+00
-8.660607450057391077e+00 -1.367676723696860330e+00 6.247465132163010360e+00
-7.486942685769029993e+00 -2.379098885887890535e+00 7.433029848704910236e+00
-8.160699104126610592e+00 -2.296332965919980040e+00 7.624272438577348154e+00
-8.407678943984009834e+00 -2.505012114199379969e+00 6.506708745469379274e+00
-8.090268121987591599e+00 -2.267809869526430155e+00 7.565624250977038834e+00
-1.727281993330010090e+00 -1.130398426300230019e+00 3.121469955785720174e+00
-8.729465578070492171e+00 -2.192393589581620450e+00 7.068326261341439931e+00
-8.828959153595718590e+00 -2.571099278944749766e+00 6.853986673338500424e+00
-8.367775530441559084e+00 -1.623284945331829876e+00 6.470980454325259146e+00
-1.646696057896040122e+00 -9.350980634815699855e-01 3.130450712707339989e+00
-9.119255003826999939e+00 -2.705018317919829940e+00 6.987758787645190317e+00
-8.788608373868481038e+00 -2.198926988546240135e+00 7.152025289148228993e+00
-8.859012326976511531e+00 -2.268302982466880113e+00 7.435045053604229182e+00
-1.743356556130850166e+00 -1.084157764282400072e+00 3.294172256466440629e+00
-8.639199315827568171e+00 -1.734761033439650157e+00 5.978241202884979622e+00
-8.678093664337239943e+00 -1.818161887001779720e+00 6.858801741523719464e+00
-8.333798910032690799e+00 -1.316799951410100311e+00 6.082701656376199750e+00
-2.328053757186189898e+00 -5.218803535689200412e-01 3.298671669978550547e+00
-9.473893947421409223e+00 -2.342343255456509787e+00 7.640585404394850677e+00
-8.944108842142949101e+00 -2.207781822623479773e+00 7.494764174862658557e+00
-2.784545655874989922e+00 -5.432382219146301150e-01 3.814666499648350140e+00
-9.785155838880680079e+00 -2.290473892795250155e+00 6.966142399400239604e+00
-2.465817673230919826e+00 -8.064163795507401922e-01 3.232456383183020421e+00
-9.731275178942720316e+00 -2.415443469234729967e+00 7.211357072441779259e+00
