-1.764693535609640040e+00 -9.388169763235100218e-01 3.561900600956330099e+00
-1.029283921488880038e+00 -6.269755283296399861e-01 3.506357496703599974e+00
-1.144973902960360057e+00 -1.137423422311259813e+00 3.397133436081960056e+00
-8.721098819044199590e-01 -5.743355070077700297e-01 3.538832584066519793e+00
-9.520413721235599924e-01 -4.593927853671599948e-01 3.338989220143060432e+00
-1.238181925413599949e+00 -5.919730239474099154e-01 3.531049508189770592e+00
-1.640093985590800107e+00 -6.747386791962399766e-01 3.543070679369479947e+00
-1.212315394551299885e+00 -8.805807249559799432e-01 3.403426319251009691e+00
-6.624566972670399290e-01 -6.256739782532099170e-01 3.656538812469329880e+00
-1.299121212086639998e+00 -5.196765315438299782e-01 3.165126301032469947e+00
-1.240384071009539957e+00 -6.000758539503699973e-01 3.504912703810000085e+00
-7.666873966041000132e-01 -4.174931370419200372e-01 3.300862730152390512e+00
-6.596717274116800089e-01 -1.099751360524519939e+00 3.613150676249560433e+00
-6.643991789353400623e-01 -6.310969075190200339e-01 3.639030031516349961e+00
-1.225544964274819959e+00 -8.768314732093599462e-01 3.392674893823349525e+00
-1.529359199311659978e+00 -6.929589445156899563e-01 3.536889611131219802e+00
-1.170220061890340002e+00 -1.101841234903679911e+00 3.437727330174070062e+00
-1.582442327797819903e+00 -1.034170907951410090e+00 3.331494897731699822e+00
-7.810744732226799769e-01 -5.684701802032600115e-01 3.550835915134639809e+00
-4.782736577453799987e-01 -9.937542199930698983e-01 3.645789007595259701e+00
-5.986953403296000342e-01 -5.496504074644099624e-01 3.543878562931169984e+00
-1.050828331563619988e+00 -5.871669377727499750e-01 3.511415444109979855e+00
-7.649140628328598979e-01 -6.543617642657599820e-01 3.630497875455210188e+00
-1.459727155961439982e+00 -1.056345702088539840e+00 3.279123623883739569e+00
-1.417013399326700007e+00 -1.057526348385689818e+00 3.293575801706980055e+00
-1.075669719917240030e+00 -8.845487688445499153e-01 3.425450403057010096e+00
-1.638027060808020074e+00 -6.733422429545999899e-01 3.548276022936230234e+00
-7.723768623696999347e-01 -5.662251471564099248e-01 3.550054994979320089e+00
-8.060902475316800153e-01 -5.078920715119299434e-01 3.433756403234129895e+00
-7.091355945827200191e-01 -5.427838814863099604e-01 3.515661672327549780e+00
-7.330702781992399775e-01 -9.262283421571599895e-01 3.465335746492979929e+00
-8.087433405338999570e-01 -4.892304150829899778e-01 3.424529935195479879e+00
-8.019133910331399662e-01 -5.071127199469499525e-01 3.450421641908460124e+00
-9.154517440894399671e-01 -5.191330188001599399e-01 3.435999982758480176e+00
-6.609317573944000213e-01 -6.239622364482200201e-01 3.654550644822940342e+00
-8.171077664620799430e-01 -5.000046263641599875e-01 3.449627229024639696e+00
-7.650169128418800035e-01 -6.532987889507599899e-01 3.631819346197739939e+00
-1.221800956567399954e+00 -5.296341278010799902e-01 3.156199029858259841e+00
-6.843856513727000213e-01 -5.467123982077699562e-01 3.544865651359339953e+00
-7.055046165664999869e-01 -1.169521006424459886e+00 3.513821592578769692e+00
-8.816031562922800324e-01 -4.774697964299000064e-01 3.383630699157520016e+00
-7.655112874975400494e-01 -1.284450538480089943e+00 3.575371937604840067e+00
-1.149714349285519965e+00 -1.199204797543699907e+00 3.396743309201180061e+00
-1.228369821287500052e+00 -5.098628755775299615e-01 3.356438478134259995e+00
-9.199844576284998965e-01 -4.663194481423499904e-01 3.345847480423299825e+00
-8.766994872098600178e-01 -4.960282807910900149e-01 3.413928207245120028e+00
-7.885361465367599632e-01 -4.594482866512800134e-01 3.378995886901699386e+00
-7.563916498737800476e-01 -4.835436774611199806e-01 3.434558815777709828e+00
-4.829829253031799885e-01 -9.508372461657900176e-01 3.678325602541800077e+00
-1.153812802346980027e+00 -1.086230931399259969e+00 3.414581671078690039e+00
-1.137051450071079994e+00 -1.128530714624039977e+00 3.376957279006500112e+00
-1.218849496239539976e+00 -5.911956972638999774e-01 3.475990817666810173e+00
-1.143228179872820105e+00 -1.134905948196009984e+00 3.391992952142400153e+00
-8.466125100055998942e-01 -5.721932246392199550e-01 3.530384740039539615e+00
-1.058905335329279884e+00 -5.914553968690799968e-01 3.533357040405080252e+00
-7.718447749197799856e-01 -4.858248978984799904e-01 3.426880735485830609e+00
-7.807146591239400024e-01 -4.195966666717699800e-01 3.304959125861400171e+00
-8.256693173018399001e-01 -4.459078447412500035e-01 3.341125397038209766e+00
-9.000326674266400095e-01 -4.614618462162000112e-01 3.347190736054559856e+00
-9.273164366943600356e-01 -5.010724666445000031e-01 3.410348497908839871e+00
-1.289948740939280025e+00 -5.200305824708699731e-01 3.167587944855910109e+00
-1.227497672253839989e+00 -5.087658693421099887e-01 3.349226480811630324e+00
-1.315566983344200080e+00 -1.182869831230560109e+00 3.273701718173420261e+00
-8.805996224738199540e-01 -4.763923187380099677e-01 3.390280272133899597e+00
-9.137920057224000470e-01 -5.232636610036600633e-01 3.445736921891020099e+00
-7.041720820518799773e-01 -1.184269734402000118e+00 3.545141428796619643e+00
-7.339406136040800277e-01 -9.242381882802499504e-01 3.458998283036970101e+00
-8.057312581882599689e-01 -5.670132836228399809e-01 3.553302931128269559e+00
-8.738385241766399858e-01 -4.963085009045399842e-01 3.407713439407340505e+00
-1.313659417782480077e+00 -5.793055905084099066e-01 3.201426782144890293e+00
-9.270180735799400384e-01 -5.014717021334500480e-01 3.413626476237960006e+00
-9.223633450221799812e-01 -4.692696719434900077e-01 3.339398670180000028e+00
-9.523445107587800162e-01 -4.580239846141900273e-01 3.332357991405600295e+00
-9.326653978119199273e-01 -4.581097670646500086e-01 3.335749680737930323e+00
-1.099225596746020051e+00 -1.163510525681699992e+00 3.573452988381929707e+00
-5.252777645993599309e-01 -7.047137760089299263e-01 3.820312679669449984e+00
-1.142866655218359950e+00 -1.218178774714819834e+00 3.392824282573480232e+00
-1.293837075188559949e+00 -5.214613048811900242e-01 3.184875329125270049e+00
-9.527352309523200447e-01 -4.585051496529199966e-01 3.341601887635320178e+00
-8.701274191812999881e-01 -4.320170913767300003e-01 3.356603204358159953e+00
-1.038311122724919988e+00 -8.793399405126099966e-01 3.426188490247550789e+00
-1.415716342711380138e+00 -1.057455072470079971e+00 3.296705696257630436e+00
-1.319983013907599867e+00 -6.109809051248999978e-01 3.230184591881899880e+00
-1.358180779202180055e+00 -1.100608408895960011e+00 3.281580673717789942e+00
-8.441463496514599596e-01 -5.364141157434599849e-01 3.510509620666810271e+00
-1.204013576345700054e+00 -1.024798734014100043e+00 3.383167102938650306e+00
-1.204137501617479789e+00 -1.028680659213019988e+00 3.388461905759960313e+00
-8.987500845369600366e-01 -4.619242464052599750e-01 3.341406524144860501e+00
-7.244131532863600231e-01 -1.151112092241859841e+00 3.561837430167160257e+00
-8.717154857489599618e-01 -5.968571655596799364e-01 3.572209798501199796e+00
-8.164061178696000454e-01 -4.933546384551599773e-01 3.422271069018920198e+00
-8.665501266108399658e-01 -4.564620635127200066e-01 3.338598641643700127e+00
-7.854669637879799771e-01 -4.586058319239499914e-01 3.374757201909720283e+00
-1.362846345191319974e+00 -1.096147354390770046e+00 3.270466850958270388e+00
-1.385445185259979839e+00 -1.076048077495909805e+00 3.496464119890639655e+00
-1.250417209162780097e+00 -4.614607664994699876e-01 3.220948663277360069e+00
-1.526573912552820156e+00 -6.937590455822399971e-01 3.539518559337710535e+00
-1.249091697296520032e+00 -5.805824107259399680e-01 3.196341749914159980e+00
-1.260436066792239851e+00 -1.222696661869449919e+00 3.514516379906809984e+00
-5.924352308171999537e-01 -5.566279934012500208e-01 3.537474636855250321e+00
-1.406934786083080091e+00 -1.067410397094319841e+00 3.270147590680060112e+00
-1.532459520954499999e+00 -1.078937624808369966e+00 3.222769050222239695e+00
-7.067637240654800479e-01 -1.054650395454389766e+00 3.607683966341050041e+00
-1.410054741649179988e+00 -1.052219076621129901e+00 3.281463699417979996e+00
-6.646268012121199220e-01 -1.087989201335080036e+00 3.592837627314540150e+00
-1.443932502906720039e+00 -1.120445938924469864e+00 3.197726682943069942e+00
-1.305554549891639882e+00 -1.135468238235910032e+00 3.441426412306930693e+00
-7.629916705385799691e-01 -1.207583030007080005e+00 3.685556746335429956e+00
-8.026479476878001229e-01 -5.056931135868100169e-01 3.445672243385270228e+00
-1.147807805970259887e+00 -8.901035053688499676e-01 3.448649307767640337e+00
-6.311550605022600013e-01 -1.031352285206349917e+00 3.519237888002740178e+00
-1.499613967724340080e+00 -9.672179498156898703e-01 3.381594122451839990e+00
-8.797951608745999685e-01 -4.738621864451399990e-01 3.397318386383679556e+00
-1.305386063813660069e+00 -6.522673855241000185e-01 3.507803331863390106e+00
-1.494041096749819886e+00 -1.055928734848329942e+00 3.265343610798539853e+00
-1.155035666670299888e+00 -1.186934583086709960e+00 3.401191216256920224e+00
-1.374589458479440029e+00 -1.154590883970310067e+00 3.257416534439030009e+00
-1.190950917999819891e+00 -5.978686737760299241e-01 3.492831102241639840e+00
-1.171321757390680007e+00 -5.907863539884399273e-01 3.483331686031100105e+00
-1.362013188113819995e+00 -1.101440374520050058e+00 3.280046205862180209e+00
-1.152883791301380079e+00 -1.145627410064079976e+00 3.415249340889429774e+00
-7.489503323684200131e-01 -5.616339017434799352e-01 3.546362055566190108e+00
-7.490180417079599362e-01 -5.538657510311000287e-01 3.512333817872639763e+00
-1.587424118557620112e+00 -1.036101900276130028e+00 3.328599883417240335e+00
-8.616642588898999477e-01 -4.528020515512199973e-01 3.322500703931590138e+00
-1.313811440707379985e+00 -6.107503720781399803e-01 3.219620252123450044e+00
-1.543110023197680203e+00 -1.088316416036569922e+00 3.241069956123209916e+00
-8.737102717101199456e-01 -5.967080159422100127e-01 3.573350039992550187e+00
-7.646074254777999180e-01 -5.041724612207699741e-01 3.453830314281990610e+00
-1.345065519139359900e+00 -5.355730581413700175e-01 3.155762871626130561e+00
-1.302869739024780094e+00 -6.131916231995300226e-01 3.231633697758180102e+00
-1.584415628931060027e+00 -1.103799842477449999e+00 3.293213975787840031e+00
-1.246849237186720138e+00 -5.810429705956299262e-01 3.199778005679990489e+00
-7.747580714840400784e-01 -4.201894166960100097e-01 3.298132539432829802e+00
-1.221454065661419897e+00 -5.114463768960699763e-01 3.326989905902719702e+00
-1.579290233459720083e+00 -1.032866771552880092e+00 3.317434381163739676e+00
-1.153759288029799990e+00 -1.178148632029770049e+00 3.379536157796589890e+00
-1.150941574160859959e+00 -1.155595656297339957e+00 3.359387552362070206e+00
-1.129714102063279935e+00 -8.785139135048199988e-01 3.409586805349260175e+00
-1.209527765569359925e+00 -1.149831688113979844e+00 3.492639005035300226e+00
-1.645246933650859944e+00 -5.723362930144799687e-01 3.418070335054450126e+00
-7.004506633468600141e-01 -1.221290366737739941e+00 3.655309965507870018e+00
-7.342660791313799784e-01 -1.153793713952529831e+00 3.501619718449480168e+00
-1.299799986238920013e+00 -6.527915865353499658e-01 3.509937977587930025e+00
-1.190160433277540175e+00 -5.922261839926700189e-01 3.489377549775499965e+00
-7.313249607098200045e-01 -1.090442502574589856e+00 3.531111385444559936e+00
-1.610496234586419995e+00 -8.659910534001900029e-01 3.437519821137060116e+00
-1.317739818971799926e+00 -6.115673183024299409e-01 3.241140657591610186e+00
-7.849035829952000221e-01 -4.887901790616699937e-01 3.391325544956190097e+00
-7.660212760364999429e-01 -5.038220766856400523e-01 3.447427749460230118e+00
-1.356652061660100106e+00 -1.063041292117659964e+00 3.261990775735569947e+00
-1.411715439235899927e+00 -1.179885991637400044e+00 3.179340237169649974e+00
-1.276758536500339991e+00 -5.980841038436000012e-01 3.208375710318109864e+00
-1.672055884539759951e+00 -1.130550055812799881e+00 3.362571322915240302e+00
-1.754968271881120145e+00 -7.684803750461599581e-01 3.636501925993600004e+00
-1.295720279446479939e+00 -5.819926644597599452e-01 3.193780825534440204e+00
-5.005873969166200199e-01 -7.339403222998699405e-01 3.758738057321320269e+00
-7.524110440875999561e-01 -4.962677042111499626e-01 3.523020409787149809e+00
-1.636216813668659897e+00 -1.098044449506209830e+00 3.380326021209560494e+00
-1.669702136545420101e+00 -1.119246051699520184e+00 3.447103189535570156e+00
-1.161222322176820088e+00 -1.202539193078079993e+00 3.368023744915789930e+00
-1.132080862849240033e+00 -1.196676240291500104e+00 3.346961582268160207e+00
-7.864479585864999622e-01 -4.584198940045700055e-01 3.376101849758439855e+00
-1.472361366247000092e+00 -1.123577322859359962e+00 3.219512202457220251e+00
-1.262491179921020112e+00 -5.898536464445199856e-01 3.484506610943970184e+00
-7.207062212941799384e-01 -1.112274483827489835e+00 3.595605550935199624e+00
-1.257288039030780125e+00 -6.117665866154000653e-01 3.231157860196770315e+00
-1.671001537232680079e+00 -7.418814790672699777e-01 3.538655492005210235e+00
-1.107244383034979851e+00 -1.045295650230630091e+00 3.456504585929780049e+00
-7.705621100485200436e-01 -6.539150128928999939e-01 3.606982769576479786e+00
-1.502811481845520047e+00 -1.063215414218809940e+00 3.276233745518649876e+00
-7.365717633741999393e-01 -9.193522722467999397e-01 3.437682880906500316e+00
-1.200010460440160021e+00 -6.852738109710299064e-01 3.472054272293950028e+00
-1.487244869006280057e+00 -9.598539278591899926e-01 3.353222458201049694e+00
-1.206525480743100065e+00 -8.783586186707299515e-01 3.386939135336460183e+00
-7.272341521980399959e-01 -5.286566378628200225e-01 3.480119019515799828e+00
-1.174792550298680016e+00 -1.146130799839379932e+00 3.446771348148280012e+00
-8.252827889881599877e-01 -5.851016523471099795e-01 3.651325879830109589e+00
-1.141660430733419940e+00 -1.105149486636979983e+00 3.403538833833990473e+00
-1.161422155390559929e+00 -1.138267885947660041e+00 3.408344131070059735e+00
-1.332503628422200048e+00 -1.140170552557069783e+00 3.314636394164890199e+00
-1.405132080856619892e+00 -1.065852504134680023e+00 3.267454387969690011e+00
-1.256396403573419862e+00 -1.222079591112560149e+00 3.514200661105650436e+00
-1.256985340705480070e+00 -1.218775952156310183e+00 3.504721124220090189e+00
-6.663733511084999339e-01 -1.083629827875889795e+00 3.598244453948280075e+00
-1.259351967142180007e+00 -1.225209368645099994e+00 3.517034349613169741e+00
-1.747096929422599976e+00 -6.493555755552800068e-01 3.524841087764059910e+00
-1.326478694535059955e+00 -1.189807536756939843e+00 3.626816261361369698e+00
-1.850913342071039969e+00 -1.109557281718219990e+00 3.620148155667899825e+00
-1.797844583621920123e+00 -1.104244437898690201e+00 3.552687936269210311e+00
-1.897619898604580024e+00 -1.130292726248000035e+00 3.692901257326069775e+00
-1.877497754000800212e+00 -1.116109306541340107e+00 3.661507314688379644e+00
-1.783885792337839948e+00 -1.088236724952409862e+00 3.527624676865130038e+00
-7.591630508585198722e-01 -1.111355321001419982e+00 3.652497596190720230e+00
-7.624176643060200931e-01 -1.125391611768599809e+00 3.682869448142030322e+00
-1.757072603181360160e+00 -1.042313280115950036e+00 3.523967052761390217e+00
-1.759193051162459831e+00 -1.042812169881039974e+00 3.530744749257369808e+00
-7.359794416623000046e-01 -1.233308929261709874e+00 3.677727747140720371e+00
-1.865954382033540027e+00 -9.515130542352898679e-01 3.717783707550440297e+00
-1.267725412304179899e+00 -5.990321154275899396e-01 3.210708707281099805e+00
-1.826512915583960117e+00 -7.493326573791599943e-01 3.700407693112059526e+00
-1.332977395077640015e+00 -1.185379238929090029e+00 3.558651585376789939e+00
-4.836053301007799954e-01 -7.373438944158199337e-01 3.820184509860510502e+00
-5.431257336030399507e-01 -7.901231316929999693e-01 3.708300942330360339e+00
-1.227016125885419751e+00 -8.814902898955099264e-01 3.393997177222800143e+00
-1.325375764658139888e+00 -1.137352753314969878e+00 3.554314120119499876e+00
-7.646226060042800032e-01 -1.196404225556299883e+00 3.652342911457520103e+00
-1.807242460105300097e+00 -9.439452145894200452e-01 3.645830671953690150e+00
-1.796142439776160282e+00 -9.467253814990699290e-01 3.632303803695430489e+00
-1.319337716172239938e+00 -1.180473730112269859e+00 3.606275545053150289e+00
-1.211042403904979858e+00 -8.812891732227499109e-01 3.400892243346420152e+00
-1.386977772727719938e+00 -1.161568346526629991e+00 3.159845368190490333e+00
-8.702703220676200058e-01 -5.778412836125599306e-01 3.525384681031749512e+00
-1.531111000712960024e+00 -1.088318740369039972e+00 3.241619159358319902e+00
-7.520991622160599910e-01 -1.264257109010610058e+00 3.570968757436660201e+00
-1.170332867255300169e+00 -1.095602467199409791e+00 3.426140182883520069e+00
-1.317359892712280045e+00 -1.164535716513179997e+00 3.358969324488879415e+00
-8.598838626771599936e-01 -4.993667149724499987e-01 3.450620162646790057e+00
-1.857951180466960173e+00 -7.952386153259599633e-01 3.782691286548160114e+00
-1.837351588585900197e+00 -7.973457405236900053e-01 3.717853780840179923e+00
-8.671308142617399906e-01 -5.661025884503099181e-01 3.542711203394879771e+00
-6.405175034485599550e-01 -1.020486442802839733e+00 3.472303826175520136e+00
-6.611626404636199439e-01 -6.211245513435099674e-01 3.659797863626099712e+00
-1.814924057920400235e+00 -7.998652760578099929e-01 3.680485217404370069e+00
