3.316197762411999816e-01 -7.649123196202299857e-01 3.681672846702950253e+00
7.266471450234198715e-01 -7.175035015256500115e-01 3.807796381527720264e+00
-4.043536801900399213e-01 -1.174159980948159987e+00 3.523225824310580290e+00
-1.973621334637999936e-01 -5.735780520084300393e-01 3.612988048601049940e+00
-5.529558149910799303e-01 -6.438862385154699997e-01 3.667671565580890469e+00
3.952200942694599206e-01 -4.558471108104199532e-01 3.480457798208590248e+00
7.351353791467399867e-01 -7.671855731466099559e-01 3.788574328966660243e+00
3.329771988926200077e-01 -4.047909216772700436e-01 3.400996336958220123e+00
2.104956002084799882e-01 -6.449319212300399506e-01 3.843111251217440127e+00
8.598044614736798374e-01 -6.534141794994700048e-01 3.838539932312190484e+00
2.583628457157399749e-01 -9.262083991338900812e-01 3.641742066071560480e+00
7.862004820288001627e-02 -9.448572673019000057e-01 3.480656164244100292e+00
3.023676778378001084e-02 -5.967590745911099948e-01 3.676757178539880488e+00
6.956611648100599066e-01 -6.495333549925700334e-01 3.875223081551240067e+00
-2.937072706304003078e-02 -5.202225835080700467e-01 3.571633327259229773e+00
3.688981655273398941e-01 -4.629930817418300149e-01 3.469871420578300114e+00
3.309876800405200381e-01 -7.657125314049400000e-01 3.676878881728079751e+00
7.244142640522598375e-01 -7.189171608157700621e-01 3.808723982286660092e+00
-2.140907878773000150e-01 -4.473530825018799950e-01 3.410441141276070454e+00
6.640659522695999128e-02 -5.097028233628499994e-01 3.571318667757209742e+00
-3.742960098724600337e-01 -6.128098043579999210e-01 3.616437864620409837e+00
-6.576432249623995197e-02 -6.344840443227599547e-01 3.685583832669480753e+00
2.743686403026799336e-01 -4.808009411887400608e-01 3.567981645917240208e+00
3.904719200869599671e-01 -8.862160719814100585e-01 3.857751902891970008e+00
8.538931725307000731e-01 -6.468333165748900715e-01 3.828644984194920386e+00
-4.400135779977399908e-01 -1.100041426245019993e+00 3.628549198613270299e+00
8.728901913837600057e-01 -8.131025770419200160e-01 3.780476612515439871e+00
3.408668731548400999e-01 -3.550210581886800165e-01 3.371978502232820141e+00
7.312446739678999386e-01 -7.695130037133900425e-01 3.792364542303659825e+00
7.306983211247198851e-01 -7.729865362530199402e-01 3.807389267453220150e+00
6.586079378409400720e-01 -6.057659904343299928e-01 3.889696794772840249e+00
3.050815767767199871e-01 -5.446713154599400752e-01 3.678434307980740225e+00
8.066653297133800082e-01 -5.807565701848500517e-01 3.868357336085340492e+00
8.237798937682000444e-01 -5.882931003820399685e-01 3.872178615316939965e+00
6.769407809580199054e-01 -6.382572144099800671e-01 3.853599647238549863e+00
7.949871226429999771e-01 -6.541171031051900009e-01 3.841459955000610105e+00
8.650670928566398521e-01 -8.076352896066600895e-01 3.775170908381860091e+00
-1.603405635443399535e-01 -5.016240176784400040e-01 3.497808429728630042e+00
6.712465922993199330e-01 -7.096286305250800730e-01 3.851425123433100506e+00
3.464675576969600268e-01 -4.547161760296100086e-01 3.494064456347409919e+00
7.205817315425799841e-01 -7.670275318594900194e-01 3.779977222429379946e+00
3.340204397737199793e-01 -4.007889721883199918e-01 3.399582817124339851e+00
3.034827221225399052e-01 -5.414912016899100511e-01 3.680950686421539775e+00
3.883881002234400581e-01 -4.394242987690200053e-01 3.449282009078940003e+00
-4.699082742883997632e-02 -5.196608715455699468e-01 3.562249298262350372e+00
2.582756025183999826e-01 -4.099907145000200037e-01 3.438861309762019758e+00
-2.240840061776003256e-02 -9.039374401974000772e-01 3.519093200230679841e+00
-3.728273784925999479e-01 -6.114841814470299841e-01 3.620572214603490213e+00
-1.887359094694399941e-01 -5.957388742440099527e-01 3.649886742396009964e+00
-2.649300008851400157e-01 -5.283934249509900649e-01 3.518683710666540065e+00
3.516548057852000864e-02 -5.887224351038000680e-01 3.691417881284820179e+00
4.852628242783799672e-01 -6.418330127035500876e-01 3.875300967613579672e+00
2.975633611778399912e-01 -4.161026896683199805e-01 3.397179677459519986e+00
2.829304994379600036e-01 -5.745396008182099834e-01 3.720165375061390112e+00
2.191724977602999835e-01 -3.737993414262800185e-01 3.396707730006470083e+00
-1.334070336144399793e-01 -4.748973789523600053e-01 3.485013148788980164e+00
-7.133143673660000128e-02 -5.052137300361000394e-01 3.550847231666640180e+00
2.896565173425400541e-01 -5.734933853167500928e-01 3.725380650362580148e+00
3.337420860209400209e-01 -4.035015152142500394e-01 3.400665920247000429e+00
-1.727549726810799491e-01 -4.916102074470100058e-01 3.522786084402830475e+00
2.551362040459799196e-01 -4.643297289698899988e-01 3.540454695122360107e+00
-1.739923208921997921e-02 -5.190837376527199787e-01 3.586843397501150221e+00
-1.925690073897995402e-02 -5.194460279485200171e-01 3.586567925569470017e+00
4.832143949440001474e-02 -1.139119916221579931e+00 3.563686440192180616e+00
-2.468134858254799613e-01 -4.839408677449200669e-01 3.461065533172820174e+00
1.700372148074005829e-02 -1.259517824881940085e+00 3.635251691062870272e+00
-3.438864073919200015e-01 -6.625398277924400281e-01 3.617525083638200023e+00
-3.999634738183399096e-01 -1.235963248496890099e+00 3.524028688133520770e+00
-6.145125985297800186e-01 -6.495046879062300604e-01 3.354049418965139751e+00
-5.846656021033600492e-01 -5.666707908253700854e-01 3.493431421283010430e+00
-1.986187446566000103e-01 -4.617614341529300281e-01 3.451851785272990192e+00
-1.529368727562800123e-01 -4.780396177193599883e-01 3.422884355838220038e+00
-1.359034255949199965e-01 -5.564927627175200175e-01 3.603447385375260215e+00
-1.595057585856999860e-01 -4.528809877161500408e-01 3.440562638628860359e+00
-1.153325273428000147e-01 -4.703714976628400324e-01 3.489998488588120118e+00
-5.261723833372199399e-01 -6.392615152058500616e-01 3.622922005707400306e+00
-2.661505106030799817e-01 -5.268639612074099698e-01 3.520475078595310059e+00
6.659582875444000627e-02 -4.787529935991899910e-01 3.515524449909889881e+00
-2.209184584971998766e-02 -1.011714464577400108e+00 3.596498973282459932e+00
-4.175728677981999093e-01 -1.124253693175760072e+00 3.541606627072140245e+00
-4.078490910456800123e-01 -6.155771802226199796e-01 3.628257693308899690e+00
-4.013120312080200591e-01 -1.164850543077110112e+00 3.501941897860419761e+00
-4.175013859106999625e-01 -6.213108369527899910e-01 3.608005753912720159e+00
-4.038816349695600327e-01 -1.171578277476430063e+00 3.517847927118890272e+00
-2.712706535186800161e-01 -4.717173248610200265e-01 3.439556168923479706e+00
2.229433363148200231e-01 -6.729960608074599948e-01 3.785926401341789926e+00
-1.583586009966999608e-01 -5.644734542144900225e-01 3.613146890199060213e+00
-1.742328428366999860e-01 -5.680557934289099942e-01 3.600314771279959913e+00
-8.484618141541999670e-02 -5.256249342123300305e-01 3.581849676284620365e+00
-3.778694335555399242e-01 -6.175325373195900136e-01 3.639459353110179762e+00
2.647115975512800423e-01 -4.863672500821900058e-01 3.556576148212869715e+00
-1.330971115307000019e-01 -5.565376841068000457e-01 3.608789719844289756e+00
-1.313471130337199866e-01 -4.750872364485800303e-01 3.485073978357440261e+00
6.787757552678200801e-01 -6.430083565599800099e-01 3.859372247695610270e+00
-3.026187302553199898e-01 -4.917605639248200378e-01 3.472380926499880172e+00
-1.484486353051799878e-01 -4.246543330072100053e-01 3.400627001548739869e+00
3.493425771794799184e-01 -6.132007800703100919e-01 3.771076355368969679e+00
2.927931846976600250e-01 -6.210458071793399926e-01 3.694485409578250223e+00
-5.851830658422999543e-01 -5.656838977877201025e-01 3.486169517679409857e+00
-2.074284380078999790e-01 -5.108758911894900612e-01 3.529706350097539858e+00
-2.610760871440999664e-01 -5.319387613573300921e-01 3.528021957575080414e+00
4.883890410989000230e-01 -5.173066869383800004e-01 3.636553088629669972e+00
5.702713380752003069e-02 -1.152545924948320089e+00 3.594414048176320264e+00
-2.032654142741600056e-01 -5.676827263814400171e-01 3.602477766747599564e+00
-2.460952309180000630e-02 -9.022904743072301947e-01 3.512983846647410147e+00
-2.324469995409400025e-01 -5.007121404584300439e-01 3.483593141510479718e+00
-3.572430244250799358e-01 -1.110244541301860011e+00 3.639339932834639857e+00
-1.597814885810199814e-01 -4.088800006990900293e-01 3.376605284429380127e+00
-3.272138570982199846e-01 -4.764645230793600472e-01 3.422448775432170187e+00
-3.074487057434400206e-01 -4.736154578906900392e-01 3.422445445087370253e+00
-3.253903736683400050e-01 -4.782734680255600335e-01 3.402643776597550129e+00
3.127884339225997512e-02 -3.630870153119399868e-01 3.317626454985230122e+00
1.784046785196600482e-01 -7.102476659582499519e-01 3.854941717191000539e+00
1.870586760342400068e-01 -7.372595888937599762e-01 3.743226036429040171e+00
3.824711620146200586e-01 -8.575465506484900580e-01 3.848946128934879862e+00
2.070098530555800342e-01 -6.439582690403600207e-01 3.832195661804749687e+00
-3.987998446294000465e-01 -1.179759154162999923e+00 3.494775455862300095e+00
-2.272560451908999801e-01 -4.730299703137000322e-01 3.506173767277370512e+00
-4.092773307596599963e-01 -1.201071720691329947e+00 3.480103683540420434e+00
-3.259775975522599678e-01 -4.767100823689099931e-01 3.431627291729620222e+00
7.300892612348200972e-01 -7.843277406736399726e-01 3.826359755782650307e+00
-2.435428832364799900e-01 -4.433465418768300359e-01 3.404501522338229780e+00
-6.027830342155799936e-01 -7.174214105198299940e-01 3.621062183975360060e+00
-6.002578906311599738e-01 -7.155986870191499705e-01 3.626396790556370320e+00
-3.334251655615799725e-01 -9.026491771211400117e-01 3.532128347186230588e+00
-5.987266726293200003e-01 -7.146500915687800104e-01 3.616146381952720201e+00
-5.488309244721399915e-01 -6.520405298774301084e-01 3.606091009433319616e+00
-1.804103121361600170e-01 -5.329272182312200234e-01 3.580089318133420129e+00
-4.807946984268599566e-01 -1.071679223105830081e+00 3.518806775782320262e+00
-2.442791795545999900e-01 -4.445942981802000205e-01 3.403960329250739658e+00
-2.990517853812200144e-01 -4.833223870771200525e-01 3.479670205451269815e+00
-1.880848348373599932e-01 -5.947635718102799451e-01 3.645950519641679932e+00
1.439069975968000070e-01 -5.015822988972600260e-01 3.591169720040860103e+00
-1.744547913935400318e-01 -4.890834961103500134e-01 3.488154884165460157e+00
8.941365031290002263e-02 -1.050149125050610088e+00 3.634096620979580194e+00
-6.097587405959399298e-01 -6.794536008336600208e-01 3.395400646205410045e+00
-5.916004704340398490e-01 -5.633737387802000285e-01 3.506705654657300553e+00
-3.990295844223399890e-01 -1.161538240361829954e+00 3.496118181459579866e+00
1.135309100016800021e-01 -4.851507260057600357e-01 3.532388001870479854e+00
-7.790059676485996953e-02 -5.430775178458899788e-01 3.599388182507300193e+00
-8.480073683312000510e-02 -5.364583428126199482e-01 3.565819681438059607e+00
-7.190679959350002037e-02 -5.398371505665400250e-01 3.594116165823310283e+00
-5.311526396994599164e-01 -1.225105646159740047e+00 3.732052711328450290e+00
1.168524269561600215e-01 -5.054237306769899796e-01 3.580470055592110512e+00
-3.442811089051199813e-01 -6.596109708431601160e-01 3.632251860252280196e+00
-1.170872176635199824e-01 -4.913596362459700106e-01 3.510513248456450075e+00
2.736324613349999657e-01 -4.848069785748400085e-01 3.572131615546660033e+00
2.197182075796000056e-01 -5.219803271206100437e-01 3.619503308199089719e+00
3.011814900119199612e-01 -5.536675441311500467e-01 3.684900183888910163e+00
3.482391499104600108e-01 -5.319022319195200188e-01 3.773804153324870292e+00
3.540990561943400117e-01 -5.886134385657100232e-01 3.749036827607560074e+00
3.580935572010399692e-01 -8.344204496094600465e-01 3.753858792167580116e+00
2.423800014672400083e-01 -9.182657673684901933e-01 3.816531085346909880e+00
4.077417509925800321e-01 -8.910369895298599907e-01 3.901597791813550042e+00
4.253056873118800096e-01 -8.951177951837501201e-01 3.923231799942650255e+00
3.736018770570399550e-01 -8.540057304855699361e-01 3.824785995543050099e+00
5.527414953584399715e-01 -8.146403738539400585e-01 3.875108233803640001e+00
5.207375802138000109e-01 -7.450175740046200978e-01 3.878844776395559801e+00
5.199505861301799703e-01 -6.915001548897899974e-01 3.890710081903480333e+00
-3.916364070650399931e-01 -1.234506208669420069e+00 3.477702739339020077e+00
-1.484128541561799963e-01 -3.939693385279100513e-01 3.380625405513260073e+00
1.093700983809599847e-01 -3.254415067230100322e-01 3.332747536035209901e+00
-2.369663953605600226e-01 -4.660274945999700602e-01 3.355110566077290191e+00
-3.914724687024998540e-01 -1.232470565173490185e+00 3.471958949146680684e+00
7.034237443734001061e-02 -5.149925591602899644e-01 3.564972958353960220e+00
-5.119045154546600918e-01 -7.325145092151800208e-01 3.603621919481729829e+00
8.429024852528002598e-02 -5.004956632632200364e-01 3.557495142790219944e+00
-5.041274928398200572e-01 -9.270751905787000258e-01 3.522047190098630320e+00
-4.047934663993799642e-01 -1.141562042676449895e+00 3.528775254539640027e+00
-5.057661572372399439e-01 -9.301906601824501131e-01 3.536582959316190156e+00
-2.390526647894399837e-01 -5.210804415494399988e-01 3.515176578958840281e+00
-2.655101796886999432e-01 -5.291120461957300458e-01 3.515808983309300473e+00
2.881201504170599614e-01 -7.002677490784199321e-01 3.798241815117870068e+00
-1.884428108825599857e-01 -5.952389781412199543e-01 3.654579992504699781e+00
-9.352448648927999542e-02 -5.140792662324999984e-01 3.548138567365899831e+00
3.540132583434005276e-02 -5.857861349192799993e-01 3.696610336280689690e+00
-2.145183107503200182e-01 -4.393693426788600198e-01 3.404471238551740164e+00
