-1.758091668327059987e+00 -1.193541162856740057e+00 3.088966046503540674e+00
-2.188464617032090054e+00 -6.630130032444799815e-01 3.206600199274410201e+00
-2.367963282389450086e+00 -8.926642097292700750e-01 3.199133817066679875e+00
-1.749037075359830107e+00 -9.381716646683000427e-01 3.123696196782290269e+00
-2.188344887036310027e+00 -6.636184563737199671e-01 3.204219166106559769e+00
-2.020024799491490164e+00 -1.167028296687030009e+00 2.808556236382339755e+00
-1.932352754529100158e+00 -1.118648649823379859e+00 2.968584621908849641e+00
-1.895473585594220189e+00 -1.244733509315079978e+00 2.940449065229930437e+00
-1.776909267333089959e+00 -1.257605846392250148e+00 3.054318071849169591e+00
-1.757072080783230072e+00 -6.470495365166000212e-01 2.993057446528060161e+00
-1.792194160263380187e+00 -9.232974587848299386e-01 3.103969649090509542e+00
-1.913078294550609959e+00 -1.202959916517450045e+00 2.901027526571549942e+00
-1.597572461809009914e+00 -6.835825314162500277e-01 3.286150668310010126e+00
-1.763534178402139885e+00 -7.936328200996201065e-01 3.182568614485520087e+00
-1.767011612558389899e+00 -8.327880165971901505e-01 3.167389588150910207e+00
-1.459243926839929983e+00 -6.991403087529999283e-01 3.341674918764709901e+00
-1.585708595225870043e+00 -7.406441258647300518e-01 3.287642158521019375e+00
-1.632340798458260078e+00 -6.755629248563199685e-01 3.286308245731279776e+00
-1.610235432739750117e+00 -6.883547084432399821e-01 3.305693902824390129e+00
-1.751343798960089959e+00 -1.244207848000830063e+00 3.265740998982639809e+00
-1.760427266164609872e+00 -5.433994905692199895e-01 2.934261520678879798e+00
-1.617667136466600208e+00 -9.636227357020001882e-01 3.168002144332030312e+00
-1.760561537715309877e+00 -6.602973886606799958e-01 3.215433535945890320e+00
-1.809068814690429683e+00 -6.303979006942799224e-01 2.962819808727330084e+00
-1.739259368833679931e+00 -5.403196085374399882e-01 2.906933625118300224e+00
-2.090684454837459683e+00 -1.048030251638730093e+00 2.860542594453719722e+00
-1.758100800166840116e+00 -6.438773249942200128e-01 2.986071548590110147e+00
-1.978833908351280257e+00 -1.050133304635870068e+00 2.941948415778520065e+00
-1.921571410088420029e+00 -1.166053838181560165e+00 3.105417751577150387e+00
-2.351144750541050321e+00 -1.130373243875230083e+00 3.051155994260419835e+00
-1.716452159577979808e+00 -5.513155797538300540e-01 2.942553591215180120e+00
-2.203604151279069612e+00 -1.193440499616849948e+00 2.828642110957320099e+00
-1.889594350133320111e+00 -6.048148877263399559e-01 3.054916754403929957e+00
-2.156762421002099916e+00 -1.005951049815570153e+00 2.960137847887839957e+00
-1.777992800473509938e+00 -5.991195625758800603e-01 2.916847380453300165e+00
-1.727592279372589967e+00 -6.117952122672600801e-01 2.949221846999180219e+00
-2.085041683787469680e+00 -1.090468692926210181e+00 2.812827480501480792e+00
-2.146249331335489785e+00 -1.003238588694659983e+00 2.951004825924830044e+00
-1.847285584705030015e+00 -6.076135994073699198e-01 2.964835558152540074e+00
-1.702887356989599921e+00 -9.443039424628800749e-01 3.136456900010459847e+00
-2.089210077652190023e+00 -1.120979777457350002e+00 2.819638133109229727e+00
-1.840634626559079834e+00 -1.202743290446879998e+00 3.169863889225020159e+00
-1.849161750285329919e+00 -7.014854547445199540e-01 3.234401403295179556e+00
-1.765764199295570158e+00 -6.195487743390699631e-01 2.945753994934220188e+00
-1.809058937701659930e+00 -6.324231582740400537e-01 2.973833864188350162e+00
-1.982288869452899949e+00 -1.165042384028850186e+00 2.825695380156850067e+00
-1.926857730508019895e+00 -1.106035575066240062e+00 2.961343856440299849e+00
-1.773930087598720062e+00 -6.030990513876399728e-01 2.934994003438200494e+00
-1.929609775360600299e+00 -1.285844700222740222e+00 2.992227001670220154e+00
-2.070013695504509865e+00 -1.046515718710550047e+00 2.853586004287929967e+00
-2.228647278673779653e+00 -7.225402843305599454e-01 3.188578453313190231e+00
-1.708988284321540263e+00 -9.507658252678399258e-01 3.152195952511619659e+00
-1.911413560666830103e+00 -1.125013255637770104e+00 2.950289361313990000e+00
-1.797752208937099860e+00 -1.201224559016940141e+00 3.131355897156139712e+00
-2.017299265955999843e+00 -1.041097951181799930e+00 2.922801804292930239e+00
-2.081665778186610360e+00 -1.098798568526750064e+00 2.797675983593619797e+00
-1.911722476721779973e+00 -1.232061698422910023e+00 3.028243414576940573e+00
-1.737047646624249930e+00 -1.347182118481860202e+00 3.119264557100819957e+00
-1.924541861010940158e+00 -1.153670160703559988e+00 2.976336789966750107e+00
-1.927762821756480172e+00 -1.436186182949340084e+00 3.139117044558520142e+00
-1.958095468394170036e+00 -1.435062404278369952e+00 3.148568934854070633e+00
-1.879884411310700054e+00 -1.358880548701000057e+00 3.060335211678830269e+00
-1.727889309172820020e+00 -6.114304131443200063e-01 2.937684349515079951e+00
-2.547752480769870154e+00 -1.079317718548999938e+00 3.259976338179729538e+00
-2.541277791379290107e+00 -1.075032278302950006e+00 3.252001762948539820e+00
-2.513537807744119945e+00 -1.061920479794359995e+00 3.226502276029940219e+00
-2.362254544595829842e+00 -9.997909631080901249e-01 3.127909067849699909e+00
-1.764613757280689921e+00 -6.457367244557099539e-01 3.004940200338429790e+00
-2.381242831065310206e+00 -8.713462556455200403e-01 3.208909751589570369e+00
-1.752834439785540210e+00 -6.265548577572901401e-01 2.954109642649060063e+00
-2.341487743333879656e+00 -1.124565814417910037e+00 3.043255250809999701e+00
-1.748513311079549881e+00 -6.465633459202899669e-01 2.996145980198740233e+00
-1.925298888473150116e+00 -1.239475282208040152e+00 3.210163309991360236e+00
-2.380409219915299968e+00 -1.007101814830560160e+00 3.150544969895659797e+00
-2.099990638445319746e+00 -1.213576007176460081e+00 2.782794330940919991e+00
-1.741256362707869876e+00 -1.354913962943220085e+00 3.126473382488439867e+00
-2.401288780146550117e+00 -9.085612797053399525e-01 3.233102429421060187e+00
-1.739598406759880200e+00 -6.455514141154901075e-01 2.976632200537100204e+00
-1.885748799290489996e+00 -1.385128494153510248e+00 3.106826771847339685e+00
-2.184885693605820300e+00 -7.199567040789800476e-01 3.148401105448539905e+00
-2.175959173717620043e+00 -1.016059593581680076e+00 2.985117125304550534e+00
-2.013750077809050243e+00 -1.161640268470150117e+00 2.797157474131420241e+00
-1.740135143256470007e+00 -6.363802600541899057e-01 3.114818762188339640e+00
-1.695349836376790265e+00 -6.689926864376299909e-01 3.272663395193540659e+00
-2.050384676668300266e+00 -1.191759499932609989e+00 2.845785548854080194e+00
-1.758859094362579922e+00 -8.293702052250500056e-01 3.151697855530580128e+00
-1.758790307507640094e+00 -1.178096722466290158e+00 3.144361060414929909e+00
-1.826810965105649887e+00 -1.189248509722260039e+00 3.145048391801469556e+00
-1.781198036544829888e+00 -1.150677958946290103e+00 3.118331031826009792e+00
-2.129729929329490012e+00 -5.510521349213399755e-01 3.060676686698159621e+00
-1.718807987226420142e+00 -6.561668808153100496e-01 3.152667511145350154e+00
-1.889447978710789844e+00 -1.300081243375379891e+00 3.083670253581139775e+00
-1.910058741755680023e+00 -1.315783569852140067e+00 3.109441160725560316e+00
-2.081319038883389982e+00 -7.020773773908000059e-01 3.219843434030980056e+00
-1.754770075676680197e+00 -1.287142461197869903e+00 3.075564193735350393e+00
-1.951173548243080091e+00 -1.483301188117970071e+00 3.160123824245069990e+00
-1.916185602330299886e+00 -1.412663441191020164e+00 3.142605210903429924e+00
-1.883726976143730081e+00 -1.380079186545370096e+00 3.092672753982550482e+00
-1.894224474711999839e+00 -1.388872071458390201e+00 3.110144099733930023e+00
-1.949405710049810114e+00 -1.451002863299430068e+00 3.193475023798730383e+00
-2.431265684219189538e+00 -1.021110677860310068e+00 3.199070729430010473e+00
-2.325785298174429805e+00 -8.778985176637199572e-01 3.157495819467899700e+00
-2.293874297888169878e+00 -8.119755896016900287e-01 3.131726724679199769e+00
-2.313628248850149838e+00 -8.152582297894599428e-01 3.153488980476629955e+00
-2.346919625968020284e+00 -8.172448316910001509e-01 3.194488074299980163e+00
-2.356847241710040120e+00 -7.487957261187399016e-01 3.256349562000580455e+00
-9.451247978018860962e+00 -3.235340894687519953e+00 6.560656064944110355e+00
-8.690655942705969750e+00 -2.286262895984299881e+00 6.067303960680479946e+00
-8.133549267015309781e+00 -3.165011239492099726e+00 7.454871127667879627e+00
-8.327019193340319703e+00 -3.392272093830090096e+00 6.330408403987590304e+00
-1.738481766284150076e+00 -1.307286800506560098e+00 3.133359649318369744e+00
-9.035324497583779646e+00 -2.872637783851160087e+00 6.929029938701869895e+00
-8.378793274001328228e+00 -2.511030215447929592e+00 6.298099378124300429e+00
-9.026448708767599527e+00 -3.668309962502860344e+00 6.791226789769311267e+00
-1.763973315415880094e+00 -1.263930438684770063e+00 3.305676445914530248e+00
-8.623629219160790171e+00 -2.647607473904959985e+00 5.797807705564310687e+00
-8.677341023433820411e+00 -2.739447148242740049e+00 6.676747857828721600e+00
-9.601274705625810313e+00 -3.280585082185289547e+00 6.697972490817219793e+00
-8.529953387802539311e+00 -2.241146115803609895e+00 6.004539899859430818e+00
-9.328329615787369633e+00 -2.969434931691650181e+00 7.157244869022379774e+00
-9.434649021878779962e+00 -3.348339866881890003e+00 7.435025004285262362e+00
-8.918139326205940520e+00 -3.158255817493369921e+00 7.304148432283650294e+00
-9.731299890190250323e+00 -3.325646626777850390e+00 6.752433608197280002e+00
-9.028850731802419816e+00 -3.200314717080129601e+00 7.175550670186041202e+00
-8.996658890359290339e+00 -3.284743574723020032e+00 6.999343228074039303e+00
