-1.337587964796379980e+00 -1.145086967788000010e+00 3.343353178992299668e+00
-1.325098345591279925e+00 -1.178097235714359980e+00 3.324871766759720515e+00
-9.820419639175499427e-01 -5.441372534106200254e-01 3.379080179077989854e+00
-1.045001575730069909e+00 -6.262079219059200064e-01 3.493884780374309607e+00
-1.385951086163899948e+00 -9.197370942925500170e-01 3.334339067618679486e+00
-9.585471005008099343e-01 -1.325573193194129917e+00 3.563390787295469764e+00
-1.955907597174360024e+00 -9.582987790746300139e-01 3.493322164058380253e+00
-8.428440395885399283e-01 -6.860435152087900335e-01 3.620363588136939370e+00
-1.451412740689559833e+00 -5.510084109078899894e-01 3.101255580308400095e+00
-1.411689842474269874e+00 -6.410761718280399979e-01 3.441371436066909872e+00
-1.522356943631419934e+00 -1.141149379353089799e+00 3.223919311057340309e+00
-1.225658399603439808e+00 -9.188406329555700580e-01 3.352265112127359892e+00
-1.398529776147769965e+00 -9.153725655125700689e-01 3.323051950124249920e+00
-8.851202704981400160e-01 -5.959001321180399380e-01 3.485679603478080146e+00
-1.389972882484070027e+00 -1.187746422923449785e+00 3.396222594110890114e+00
-1.392382564474810014e+00 -5.551369241431600710e-01 3.142248268092609820e+00
-1.755939356900269921e+00 -1.061412269516819995e+00 3.240558250316549760e+00
-1.222416696581639872e+00 -6.335012457896200821e-01 3.457452489281780394e+00
-1.631401030886599823e+00 -1.085668103017940034e+00 3.193703748205639847e+00
-1.812766826462629766e+00 -7.044848733317700118e-01 3.463391198344510258e+00
-9.721500290779999665e-01 -5.590980477234299695e-01 3.393868577019479638e+00
-9.070977114012399589e-01 -1.153740513920309851e+00 3.503694547846219365e+00
-8.803128215276099233e-01 -5.985684827219699411e-01 3.479508109630030432e+00
-9.117126572458800204e-01 -9.799053964037399700e-01 3.418422684908720477e+00
-9.738556281187700225e-01 -5.401558334284000118e-01 3.384996853816930162e+00
-9.837306253140198908e-01 -5.512945247120799586e-01 3.409375847631099354e+00
-9.447394695399599085e-01 -7.102621602933799627e-01 3.589973481372480180e+00
-1.002352149856700070e+00 -6.044353191470800413e-01 3.482532933950060361e+00
-8.571502705985200032e-01 -6.038673032497000603e-01 3.509778295874860454e+00
-8.929329080147798692e-01 -1.224948482885749979e+00 3.462049154956120312e+00
-1.044269347747079912e+00 -5.254384089232799759e-01 3.340895625297759963e+00
-1.201766181690999913e+00 -6.878487698112299986e-01 3.461800351031300238e+00
-1.257595878354199836e+00 -6.333100669946599703e-01 3.451158505624520423e+00
-9.446886420114399829e-01 -5.353299757832900019e-01 3.323828543052139928e+00
-1.041357466015960132e+00 -5.448424000393600197e-01 3.370919089019859705e+00
-9.809708781438399861e-01 -6.200633396535599751e-01 3.498619557566279958e+00
-9.506489170644699671e-01 -5.098563961122599686e-01 3.341269885288370212e+00
-1.374264752087690056e+00 -6.327429174140699608e-01 3.430070676450170275e+00
-1.333453064043519820e+00 -1.127114261818229934e+00 3.343152173867699695e+00
-1.257719374712939819e+00 -6.305675433186599399e-01 3.461729201523220389e+00
-1.388525308837250005e+00 -6.320981146947899365e-01 3.413769455388850460e+00
-1.231679391949350055e+00 -6.380908837972800729e-01 3.478858100400329612e+00
-9.381345534594199842e-01 -4.684751925724400246e-01 3.268731925165360153e+00
-1.101699332474579851e+00 -5.235148328029799458e-01 3.339667690796820132e+00
-9.265497075859299159e-01 -4.830467399980600263e-01 3.306422653986829552e+00
-9.854955727261999199e-01 -4.944071324695900049e-01 3.301983488125599386e+00
-1.454467906792929810e+00 -5.060574284776599985e-01 3.122256281969890246e+00
-1.091849304207599847e+00 -5.484171577703600420e-01 3.364744216202999461e+00
-1.043568593592619997e+00 -5.245479040528200354e-01 3.347611338680599680e+00
-1.025942597770289844e+00 -5.606461687548499606e-01 3.414467246498210429e+00
-1.080676966799329897e+00 -5.718082487179000362e-01 3.400180577136669768e+00
-8.935378861236800141e-01 -1.240472249565379936e+00 3.493014933127559729e+00
-1.047388221878879921e+00 -6.190971297899700021e-01 3.482757778290739736e+00
-9.792526980513699408e-01 -6.210467571150100063e-01 3.511761443719530362e+00
-1.111853901007319845e+00 -5.028507502612800106e-01 3.286733869536379693e+00
-1.093761005232309902e+00 -5.151359042539600530e-01 3.318774198528050334e+00
-1.092375822805930152e+00 -5.035542674556700016e-01 3.291079895238910424e+00
-1.288833210880879987e+00 -1.209628154632270025e+00 3.502502483949859524e+00
-1.081856843274229707e+00 -5.100593107271800264e-01 3.310150694849889774e+00
-1.338290318182230099e+00 -1.234904365622949918e+00 3.285288376269109634e+00
-2.121490100314519900e+00 -1.339939887459169920e+00 3.569913522154499752e+00
-1.112714316494349820e+00 -5.035418267643200219e-01 3.295932559601570055e+00
-1.477843526336789948e+00 -6.432383129990999482e-01 3.162894385679129172e+00
-1.531289213441549890e+00 -1.132730079388930111e+00 3.200003400149509680e+00
-1.388860647369429824e+00 -5.068793416161200271e-01 3.161858181274749935e+00
-1.014690831401539928e+00 -5.883973905577100094e-01 3.467927055905040135e+00
-1.058893218390930091e+00 -5.084264466784600422e-01 3.298289312616270230e+00
-1.098449286996360019e+00 -5.160288143168699770e-01 3.348061512779199944e+00
-1.430260213209400000e+00 -5.500330849974599534e-01 3.091065883368839806e+00
-9.815020378287498959e-01 -5.440143667596000210e-01 3.382262993974209486e+00
-1.716153225824849748e+00 -1.223916116477260063e+00 3.091765327562869814e+00
-1.006510831579869869e+00 -6.013738928754399637e-01 3.469368616461689925e+00
-1.535280820425950044e+00 -1.127879138869570141e+00 3.188790861340370597e+00
-1.721692150022089862e+00 -7.275663826814300350e-01 3.504421009381370133e+00
-1.387722983909870145e+00 -6.172847109010199951e-01 3.123929736773050081e+00
-1.578535303657199851e+00 -1.097950944098580184e+00 3.187042095229720040e+00
-1.701817569585370116e+00 -1.104914794808999901e+00 3.133310815313409492e+00
-1.422928913292159869e+00 -6.469247200275700660e-01 3.179949356929160587e+00
-1.436479383711389834e+00 -6.172706104692500251e-01 3.081472296224309737e+00
-1.581814777036889996e+00 -1.082954918801180000e+00 3.198571577031610325e+00
-1.637291776041470026e+00 -1.229439972328350006e+00 3.090908906983850013e+00
-1.719753984760029830e+00 -1.238961382770050079e+00 3.060857672351249725e+00
-1.688833152732249765e+00 -1.174935533923589848e+00 3.087258581140709612e+00
-9.598264662390798563e-01 -1.265521165983329865e+00 3.629755891783339017e+00
-1.039249823009440021e+00 -5.442612653798699629e-01 3.364178141722000248e+00
-1.487357721415389911e+00 -1.215095490470340156e+00 3.190428430400389814e+00
-1.518190948769329918e+00 -1.127229378529470027e+00 3.218370511494530462e+00
-1.029699799369639956e+00 -5.553512639356800173e-01 3.402611461651599889e+00
-1.920858123387239935e+00 -1.204546673563769765e+00 3.363632571767019463e+00
-1.673976562120840228e+00 -9.979596120598400733e-01 3.296316917210419639e+00
-1.396197618514479988e+00 -5.555027052866700066e-01 3.113164064713060064e+00
-1.401808043340989851e+00 -5.540896128632999407e-01 3.123988226842630223e+00
-1.043047975763840007e+00 -5.222095545536000749e-01 3.354741897004919871e+00
-1.022787657884829837e+00 -5.854714221444199396e-01 3.426220117989370095e+00
-1.336635841372920019e+00 -1.227398361929800119e+00 3.327183634350300068e+00
-1.536355009654669868e+00 -1.102832332811619853e+00 3.199789361254710585e+00
-1.535061314354599915e+00 -1.133420302815820069e+00 3.198263008443100297e+00
-1.469831475621889982e+00 -4.924706328572300285e-01 3.152145456701210158e+00
-1.340524506110929881e+00 -1.263627731676240096e+00 3.300190263150369674e+00
-1.585428749761010003e+00 -1.214868512932099964e+00 3.106017646269910060e+00
-1.475875192088559995e+00 -1.241542511113439939e+00 3.282430580705139711e+00
-1.334106797901339903e+00 -1.186512969612130153e+00 3.342366935489960333e+00
-9.220768176977300890e-01 -6.170537542071700132e-01 3.507741302545490214e+00
-1.760820310207170003e+00 -1.063136937019119932e+00 3.237375500452170485e+00
-1.471152460576979903e+00 -6.429238236396299655e-01 3.152653415849999696e+00
-1.204875352506039832e+00 -6.852665807463400593e-01 3.476266770696000208e+00
-9.316293372589699029e-01 -5.569919941910500549e-01 3.416032965197509874e+00
-1.330300022731649934e+00 -1.240459635547889850e+00 3.275233613645490038e+00
-1.381668403638740106e+00 -5.487697971999200286e-01 3.266877034636399557e+00
-1.377036960660099840e+00 -5.588045423222400832e-01 3.116866529422719800e+00
-1.035211653662559961e+00 -5.465447982478499611e-01 3.362363181337739704e+00
-1.695599018674679659e+00 -1.150595610719809869e+00 3.088766600897780101e+00
-1.427904801817709846e+00 -1.137740058552880074e+00 3.498834561030990109e+00
-1.752061920008590068e+00 -1.059858985018220068e+00 3.226705908187209815e+00
-1.322117417975859910e+00 -1.052853678903050039e+00 3.273222319147640391e+00
-1.329661133111149862e+00 -1.195192805005609760e+00 3.286433276717390051e+00
-1.806946163876409717e+00 -1.139579507882179765e+00 3.189390930561209814e+00
-1.694119383640599885e+00 -1.180569145226740169e+00 3.098466318598379843e+00
-1.389281885470619926e+00 -6.176088478540100457e-01 3.140711571439920302e+00
-1.394603994834079819e+00 -1.191018764950860120e+00 3.416765606452639936e+00
-1.810894673212209760e+00 -6.002371399441099875e-01 3.335575886557450076e+00
-1.387770254665509739e+00 -6.174708818074899908e-01 3.131388178693209845e+00
-9.206351041691199777e-01 -1.208155501293880052e+00 3.448856757417019914e+00
-1.472635587491549991e+00 -6.922567506396699599e-01 3.442156835980049401e+00
-1.749223162101099849e+00 -1.162347646159400227e+00 3.099075993375420168e+00
-1.439181383376159751e+00 -6.280319656726500721e-01 3.139267270773620222e+00
-1.054554280298189983e+00 -5.166444884520500214e-01 3.274344892157330378e+00
-9.175077378398999173e-01 -1.145630882624320002e+00 3.480044516732440307e+00
-1.476161685815839952e+00 -6.441473208595500655e-01 3.173928709522160219e+00
-9.483974454901299422e-01 -5.395726885744500656e-01 3.353018733899829407e+00
-1.703901779406090000e+00 -1.158672073312789985e+00 3.103061421795850094e+00
-1.581743390769950075e+00 -1.208052314077149969e+00 3.093303165949549793e+00
-1.465044985562589996e+00 -6.114778702090799545e-01 3.119651353668089655e+00
-1.519817266708019865e+00 -1.128653879015079964e+00 3.215024025828300047e+00
-1.517287831554130051e+00 -1.136590604591630083e+00 3.355614929444770134e+00
-1.940170564884740045e+00 -8.056764974971599713e-01 3.513478955996659714e+00
-1.451060463048119864e+00 -6.140610257714800291e-01 3.128462050293400409e+00
-1.797886654301169784e+00 -1.135065104866829877e+00 3.178191105379669423e+00
-1.340055231789549772e+00 -1.258172622580880251e+00 3.287330129315850336e+00
-1.341577069335139871e+00 -1.242031425206569839e+00 3.293370655663759194e+00
-9.483938803431299913e-01 -5.088164813519999718e-01 3.338508190749729820e+00
-1.490857305943980027e+00 -1.303081830968900068e+00 3.260066996463500288e+00
-1.440093085462789801e+00 -6.295286303424999508e-01 3.140237561682249989e+00
-1.682648615219759947e+00 -1.101147591640200041e+00 3.123496155908659588e+00
-1.846999751370320020e+00 -7.718497723464300408e-01 3.450446137157360482e+00
-1.439670793838959906e+00 -1.222534222669649839e+00 3.427472433341399949e+00
-9.490621109307100234e-01 -7.101332591665199256e-01 3.564887974146770055e+00
-1.465299601543659902e+00 -6.450055345285500286e-01 3.166917704253819466e+00
-1.420221138301710040e+00 -6.468740821014500320e-01 3.175124243001469893e+00
-1.595468876597549990e+00 -1.093561825777450203e+00 3.217832988887329826e+00
-1.661459513284550216e+00 -9.916599905147699401e-01 3.271132932966529516e+00
-1.660029908131009702e+00 -9.902598526490299369e-01 3.268778231040910143e+00
-1.503103100529859848e+00 -1.146218962622659987e+00 3.203492284444440230e+00
-1.379295865188499892e+00 -9.172804042180999762e-01 3.318215768148879974e+00
-1.700604773303959760e+00 -1.154738790607139798e+00 3.099663778639800249e+00
-1.590633137564810173e+00 -1.230416612150590172e+00 3.139959714145470038e+00
-1.618792864608409765e+00 -1.153303327483449880e+00 3.119471111341590053e+00
-1.623279617785379880e+00 -1.081450347971870007e+00 3.184211316327820285e+00
-1.446511563065049799e+00 -1.231945849894110045e+00 3.480334488766490431e+00
-1.508320473710960119e+00 -1.173756419101950055e+00 3.233266539981439536e+00
-1.918284998733529978e+00 -1.202430470539209928e+00 3.360428416573170374e+00
-1.576561445839889775e+00 -1.096378889728869988e+00 3.184480328945610061e+00
-1.447522984956910008e+00 -1.265570852382429834e+00 3.436789205195669439e+00
-1.519058228132959876e+00 -1.230984688953309814e+00 3.544017286107459697e+00
-2.095724864498790030e+00 -1.161872958388380006e+00 3.592691027285449756e+00
-2.091025663885360153e+00 -1.157510308717329961e+00 3.583593487035219738e+00
-2.069010694070439804e+00 -1.143134882197299973e+00 3.553587857617319656e+00
-1.968188926125030047e+00 -1.114634736923590053e+00 3.425184775536770587e+00
-9.543490299845399649e-01 -1.176740088874040024e+00 3.616682570188639367e+00
-1.683728258361630203e+00 -1.171112747810759913e+00 3.082778018882129878e+00
-1.426697668337739922e+00 -6.478315079861199921e-01 3.199618526159559551e+00
-9.331394398582300020e-01 -1.291779826537799991e+00 3.622610191496270282e+00
-1.871822800081090143e+00 -9.024836755119399756e-01 3.376615069083849896e+00
-1.963787564244589667e+00 -9.394195418824500265e-01 3.494441497855950374e+00
-1.958759400011790053e+00 -9.341997231015399805e-01 3.485995435729189573e+00
-2.055981909362909921e+00 -9.803064612410400391e-01 3.614492410042109860e+00
-1.424391899529489969e+00 -6.322573229711799803e-01 3.146302768450570220e+00
-2.010471753731560174e+00 -7.789195927934600139e-01 3.604166668486479708e+00
-1.522055744179179992e+00 -1.224753243285889859e+00 3.475749796728900165e+00
-1.913266217412330050e+00 -1.198222164425019942e+00 3.354052942811450500e+00
-1.459040831550610040e+00 -1.306168651638309974e+00 3.406795913465889392e+00
-1.440684715211699718e+00 -1.226209942760859928e+00 3.447928865298499623e+00
-1.466932684004969900e+00 -1.235350869002509899e+00 3.471029251725510356e+00
-1.469104111591730044e+00 -1.239549466699149782e+00 3.479661287975969408e+00
-1.512999375600200036e+00 -1.176862032747139963e+00 3.473001025115419971e+00
-1.478997158968149872e+00 -1.193936266329810092e+00 3.549071191538510028e+00
-1.956376403355299942e+00 -1.077559908029720015e+00 3.456062198840220034e+00
-1.933558811146969703e+00 -1.067348214214100199e+00 3.414775952787009849e+00
-1.465990827473589775e+00 -1.459690413510359885e+00 3.500904914578289784e+00
-1.282533746454849855e+00 -1.266662735329910028e+00 3.346037116329910077e+00
-9.595186824716699370e-01 -1.253511578634280088e+00 3.596794406311490278e+00
-1.981921537888069906e+00 -9.753834921404099800e-01 3.532673903963810425e+00
-1.504862874422149943e+00 -1.173457969476729978e+00 3.223005251048830289e+00
-1.510667952311929962e+00 -1.221360965905490037e+00 3.524091881927230219e+00
-1.560766945754399782e+00 -1.278531330582480141e+00 3.608866138289039682e+00
-1.995477785030409734e+00 -7.783235820274899686e-01 3.581432334572589582e+00
-2.064432767944959668e+00 -1.294913429361129964e+00 3.496224924751359708e+00
-3.073068813099139707e+00 -8.973972513025000319e-01 4.869913937567059925e+00
-1.444504220593920030e+00 -7.775227577811899549e-01 3.374963918522320583e+00
-1.384573067228009879e+00 -9.204192450789799862e-01 3.331853171638769595e+00
-1.774990471146079773e+00 -1.073382471201949961e+00 3.265462823934719871e+00
-1.555601621810289714e+00 -1.189955599862470015e+00 3.075508366810109973e+00
-1.701649163666790088e+00 -1.114776948577959947e+00 3.151961820849769502e+00
-1.390600126494459854e+00 -6.242972303251899113e-01 3.304036676091959279e+00
-9.447537969490199528e-01 -1.319716960754059976e+00 3.514444850076199778e+00
-1.626319021503400020e+00 -1.222930971518549903e+00 3.094154002169020146e+00
-1.618630303996739794e+00 -1.098697057315160208e+00 3.257041800333620785e+00
-1.539298505301009978e+00 -1.118971213642390161e+00 3.205118088426449852e+00
-1.386204809125709758e+00 -1.178191909856860065e+00 3.389307692933609673e+00
-1.350763905379460006e+00 -1.136305243858799940e+00 3.353649696801480395e+00
-1.361962336889049885e+00 -6.370032681386900153e-01 3.340054994208410122e+00
-1.308998802381669879e+00 -1.271117744526949922e+00 3.318560321857229489e+00
-1.921987145248369888e+00 -9.418152423304499976e-01 3.445276077687229765e+00
-2.047132086802959883e+00 -8.259040667289599957e-01 3.683632319074080286e+00
-1.960236478448059927e+00 -8.093959430708599356e-01 3.536963345250299540e+00
-1.962611903838369809e+00 -8.048457768123800093e-01 3.550388824361689899e+00
-2.070072688041230347e+00 -1.295890355360179935e+00 3.509380117122789855e+00
-1.348695743464489949e+00 -1.193042701384800175e+00 3.365942312312969698e+00
-1.346421049520500013e+00 -1.194894885885190217e+00 3.346751491392900846e+00
-1.319885206638149899e+00 -1.145096527445089940e+00 3.379944748069269700e+00
-9.491087740613000090e-01 -7.127134084215700494e-01 3.536714215730380140e+00
-1.366600644092820005e+00 -6.294487735790099681e-01 3.418759499227840060e+00
-1.460169433661489879e+00 -1.218736321516490140e+00 3.240738745831629686e+00
-1.904149726400940157e+00 -6.728872919938000408e-01 3.406773063058399664e+00
-8.896712688272099268e-01 -5.783319201131200682e-01 3.453782842709389733e+00
-8.415948165741199416e-01 -6.816102513226199866e-01 3.623795627918100060e+00
-6.311031219514090296e+00 -4.639616409993480239e+00 8.320820387756290515e+00
-1.293232424039050033e+00 -1.226928913905970031e+00 3.545218472959649425e+00
-8.971377408209099125e-01 -1.333778429969429968e+00 3.520787434440650010e+00
-1.999231659809490136e+00 -8.292590108231500112e-01 3.583566776111990038e+00
-1.351423195260189836e+00 -1.205770082825300182e+00 3.390778057305530169e+00
-1.422275332404269843e+00 -9.256379410224000459e-01 3.329934426824169513e+00
