2.453046016355997505e-01 -1.084259169154599967e+00 3.102023356771399953e+00
-1.873020811309999978e-01 -4.922385580180100861e-01 3.284456486089450067e+00
1.526058619615600076e-01 -2.311256902178900896e-01 2.815828114124849790e+00
2.323690086541601030e-01 -1.082289566033510120e+00 3.164012816028150432e+00
2.256056886814001849e-01 -1.189702057402489910e+00 3.165332719951850393e+00
2.315671609087901484e-01 4.463269859905899528e-01 2.975702888192650164e+00
1.385557625868500953e-01 -2.452580864636400571e-01 2.800253132940800249e+00
1.385557625868500953e-01 -2.452580864636400571e-01 2.800253132940800249e+00
9.271145435828598291e-01 -4.068085292212200721e-01 2.586460398359700097e+00
4.269484942351198242e-01 -3.544525533073300538e-01 2.907541786783250259e+00
1.059290724257949678e+00 -6.318657488329100236e-01 2.633393346091350118e+00
1.059290724257949678e+00 -6.318657488329100236e-01 2.633393346091350118e+00
9.279194816962903491e-01 -2.391932872870101146e-01 2.642378812213850292e+00
2.353074128483298999e-01 -1.033572846577079929e+00 3.294554735623199893e+00
8.661402694713100647e-01 -5.159250755572700742e-01 2.658074692051550336e+00
8.672228726999999804e-01 -5.346138608477499776e-01 2.747589775498549880e+00
7.631951695428007554e-02 -4.097436132871900560e-01 3.122715342566150021e+00
8.502861085413100373e-01 -4.418702565356900647e-01 2.689592687584050346e+00
-9.565603793690002909e-02 -5.093200567526900979e-01 3.313187005368850357e+00
-2.457445154155197820e-01 -3.675684459105700297e-01 3.086013542092250539e+00
-2.307649878911999242e-01 -5.802173061005200250e-01 3.422818828471400288e+00
-1.949690600026900977e-01 -8.598631230979201234e-01 3.328758229777400324e+00
-1.949690600026900977e-01 -8.598631230979201234e-01 3.328758229777400324e+00
1.043456796700849898e+00 -7.115921126355007065e-02 2.461673094107350135e+00
-2.271078822667200736e-01 -5.768782500919900080e-01 3.425540227003749827e+00
-6.025612552599990401e-02 -2.447772205035000370e-01 2.909884874674700139e+00
-5.543355838597701091e-01 -8.108380223435900369e-01 3.862074097791950322e+00
-5.728970195622198336e-01 -1.227423026699180131e+00 3.552080711278300384e+00
-2.944875397302402220e-01 -9.049525210470300562e-01 3.416503369841350057e+00
6.582483848290010542e-02 -2.700407980123100682e-01 2.891327378337749998e+00
6.029100881174296322e-01 -4.440234804969001026e-01 3.115505354270299954e+00
8.447207393644202700e-01 -2.676383659300000106e-01 2.783931173872800535e+00
7.289953918176299563e-01 -1.665080635221100058e-01 2.512816440507750215e+00
8.674580088280199330e-01 -5.140918063203401278e-01 2.660381346740900099e+00
8.608823038722299703e-01 -3.021933210158500582e-01 2.782782081492849890e+00
2.282073549199099549e-01 -1.125976730040810114e+00 3.225362977167249845e+00
-5.781566097597897746e-01 -1.228335214671489872e+00 3.573670436795450378e+00
2.202274128062100544e-01 -3.387192937023700834e-01 2.999438497125050063e+00
2.247163995132299696e-01 -1.189345323751270112e+00 3.162694996747950071e+00
6.089056521233497943e-01 -2.089499209469900531e-01 2.757109377087350488e+00
-9.673922887261010573e-02 -4.238184899561400765e-01 3.178846825547299915e+00
-9.673922887261010573e-02 -4.238184899561400765e-01 3.178846825547299915e+00
2.662335649361700085e-01 -3.058934487218800680e-01 2.823260478972800414e+00
8.803402462348597357e-01 -3.672432690092600760e-01 2.820535860492699776e+00
8.468243091441800541e-01 -2.594264430526200815e-01 2.708464046767899980e+00
8.270709593274496729e-01 -2.718875282289000550e-01 2.745349886529099948e+00
2.822194163874800488e-01 3.824542131193199301e-01 2.886226210242599954e+00
-2.038920019496999192e-01 -8.607828034541500362e-01 3.332121946682150337e+00
-2.967924909327999128e-01 -9.021280359337501276e-01 3.417461730156549748e+00
-5.839529387019798401e-01 -1.225433455533139870e+00 3.557573177392900021e+00
7.806520748225997952e-01 -5.685547739020900826e-01 2.968293488962649995e+00
7.270282354754800114e-01 -4.303159635337400757e-01 2.998290477340300519e+00
-5.314171972219801088e-01 -1.187784422104120274e+00 3.894887431259400401e+00
3.545446345418199474e-01 -4.029718971081200918e-01 3.072056489806600066e+00
8.762931407484899626e-01 -5.623884595662100860e-01 2.587123129801850219e+00
2.868563495911000683e-01 -2.615721514097000266e-01 2.748690042519700505e+00
-2.421226002719101267e-01 -3.702917480417500240e-01 3.089465558341550455e+00
4.622550570774797141e-01 -4.007922429091501093e-01 3.075753604521549889e+00
8.690173081752698980e-01 -5.297156800888700445e-01 2.754244676306350392e+00
8.690173081752698980e-01 -5.297156800888700445e-01 2.754244676306350392e+00
8.393809544456198868e-01 -2.782042810016001066e-01 2.788625078025200210e+00
8.687931454989701319e-01 -3.175580589889700489e-01 2.777235243130050435e+00
-3.337333986590802493e-01 -9.135565269456300541e-01 3.443783827243949602e+00
-5.961169404997099797e-01 -5.667112034693300160e-01 3.372605122136650202e+00
-2.378277327939299912e-01 -3.725712041857300316e-01 3.092575663849450152e+00
1.364775002670000070e-01 -3.894525233496700656e-01 3.084136001496149859e+00
2.110376083399703173e-01 -3.312936659466300116e-01 2.821660084087549869e+00
8.837011826975198492e-01 -5.709540389708900321e-01 2.793608603706649873e+00
8.551235133595700422e-01 -2.773492766670600518e-01 2.797665193872700407e+00
1.116927912625300667e-01 -2.342366246032100419e-01 2.781389847958849693e+00
8.410024449585897788e-01 -4.478500244855500578e-01 2.727495401132149944e+00
4.751663388628097895e-01 -5.635217200753500633e-01 2.993504862287950097e+00
4.550951757371597406e-01 -4.410103035434400631e-01 3.066283490296400238e+00
-3.450185899074296181e-01 -6.334753968454600592e-01 3.550370082743100397e+00
8.608210298856697751e-01 -5.287955357656400901e-01 2.760468176105599802e+00
1.223786279697149704e+00 -3.508403752570010692e-02 2.561463212539900169e+00
8.759368211529399151e-01 -5.884730605588099905e-01 2.785317386159450237e+00
8.759368211529399151e-01 -5.884730605588099905e-01 2.785317386159450237e+00
-1.034428137604801456e-01 -4.250026316907400403e-01 3.181220120804500340e+00
3.966111338064601810e-01 -1.310513594942500637e-01 2.592447898987050081e+00
4.225329034364500025e-01 -3.558640677516200501e-01 2.906472663945899981e+00
-4.928524953326998137e-01 -1.074804458736489998e+00 3.618508805167850007e+00
3.092043587806900806e-01 -2.167552045312101106e-01 2.652438283172450006e+00
-5.445434416608401218e-01 -1.313437016770230059e+00 3.431343987206150636e+00
3.553630747725899930e-01 -4.259086719252400122e-01 3.098199791226799782e+00
6.889268426749202145e-01 -7.988674508071003100e-02 2.523685936337749958e+00
-6.158639268329899608e-01 -6.432172901137100940e-01 3.508367840457349729e+00
-5.582445856871900425e-01 -1.182645771120379941e+00 3.533215378852100130e+00
-5.704787799675099524e-01 -1.173135200295360114e+00 3.639554395276200616e+00
2.643541192535898698e-01 -3.081059466890700427e-01 2.818299369980150182e+00
-5.278975313787401813e-01 -1.076850397809660187e+00 3.970648421086700353e+00
1.215410616279999356e-01 -4.892490052198400496e-01 3.239414700452800222e+00
-2.124134363901999389e-01 -4.577213633564400364e-01 3.238701188373400264e+00
4.123196225586702734e-01 -3.528521703642200080e-01 2.905780588783700047e+00
3.272420572286898199e-01 -3.330547388614500393e-01 3.055319693606049825e+00
2.182751576859198739e-01 -1.042713062619029962e+00 3.153531518480550133e+00
1.141547915128309887e+00 -5.883718972735800801e-01 2.514875859825700388e+00
7.282255597481499532e-01 -5.322950940260601227e-01 2.940433349647300076e+00
-5.789978584343199453e-01 -6.743919335574299900e-01 3.348015062423749910e+00
-2.637623283792198681e-01 -8.927098286184500520e-01 3.444267809310450623e+00
-4.955739110177992401e-02 -4.258730829552700436e-01 3.171895675483749955e+00
2.644828122401499115e-01 -2.717273261979800680e-01 2.758985904767699893e+00
-5.551560215340700655e-01 -6.685765312209600575e-01 3.381254649115400301e+00
-2.130467979894399289e-01 -8.739359458614599507e-01 3.358325000597299770e+00
-2.530403329202499663e-01 -5.859432426092701096e-01 3.446251314264349830e+00
6.755747218910201912e-01 -2.179173243188300413e-01 2.676346211405550513e+00
3.969850463156798792e-01 5.674204120272400287e-01 2.796826906854199990e+00
-5.855586451619699817e-01 -1.229352342289450117e+00 3.581476570697650352e+00
-2.301357150758398529e-01 -4.640905141577200688e-01 3.238473870947000233e+00
-2.149662189682599589e-01 -1.109018742516330036e+00 3.383025514065450157e+00
-4.003213371838898471e-01 -1.392618331432830203e+00 3.920829046418949915e+00
-4.003213371838898471e-01 -1.392618331432830203e+00 3.920829046418949915e+00
-2.936492863992998803e-01 -4.328571086611500141e-01 3.210170968271550240e+00
1.578543963969598618e-01 -2.621504588139700886e-01 2.782426060136450108e+00
2.161990102071700282e-01 -3.307503638305700489e-01 2.945996941311650019e+00
-4.193673639640900230e-01 -7.866923963204099923e-01 4.296588751298050290e+00
-6.106975607477198587e-01 -6.868348580872800646e-01 3.388231506476400590e+00
-6.237162193836898183e-01 -6.201792841435600501e-01 3.483133690661600390e+00
-3.251496958664799042e-01 -7.102744457964600411e-01 3.569562052479500203e+00
-6.324048464663399871e-01 -6.273450455248901214e-01 3.484701495405050586e+00
-5.825672712126799269e-01 -1.229400280454719940e+00 3.585358322392799835e+00
-2.297183441173900054e-01 -3.558896541647400547e-01 3.064452005385100097e+00
7.771366582646599408e-01 -4.841449630027200302e-01 2.942604837482000413e+00
1.044700223129560124e+00 -6.146560138298300391e-01 2.705491933899350165e+00
-5.132335541359200892e-01 -1.166428168138120114e+00 3.517547725947400394e+00
-6.060688053021601185e-01 -1.364925583814169840e+00 3.495578988488650118e+00
6.091164886914990362e-02 -2.639140447718300586e-01 2.860415588644349860e+00
-6.106481010294201317e-01 -6.440267616790700256e-01 3.510803120021949830e+00
9.535634051572901004e-01 -1.845916666307600984e-01 2.700260468516400003e+00
1.724099557963099105e-01 -2.961718376544301146e-01 2.843435414685349993e+00
-6.165132474238598226e-01 -1.313983735066710068e+00 3.600876332618550002e+00
2.482635035872999829e-01 -9.777579101895901292e-01 3.285688208420950218e+00
-4.033217588055799663e-01 -1.284078400643029916e+00 3.989006178023350557e+00
-4.033217588055799663e-01 -1.284078400643029916e+00 3.989006178023350557e+00
-6.079450487533699654e-01 -6.930496759652899907e-01 3.483471647960850071e+00
3.051204705344499057e-01 -3.436645708788200748e-01 2.917908648474700328e+00
3.070466473522699413e-01 -3.446614715847900468e-01 2.920854246229950490e+00
-6.548700839709001853e-01 -8.183523013489001352e-01 3.898160896574100143e+00
-6.146158811571397207e-01 -1.319614620222270052e+00 3.523822631066749977e+00
-6.172215884314897760e-01 -1.318557666046769938e+00 3.523401329202649812e+00
-5.331348188141697975e-01 -6.773022152401899643e-01 4.211367831441350518e+00
-5.868309923426501262e-01 -1.236535610741610114e+00 3.601341201738450515e+00
-1.822932208411300881e-01 -4.433525238765000376e-01 3.201420758025900426e+00
-1.153389310645098753e-01 -4.964195470117700459e-01 3.275450277482450545e+00
-1.997998304900296951e-01 -1.097353029689270176e+00 3.411918748995950601e+00
1.147804577124400538e-01 -2.570187487118600345e-01 2.807918548028499828e+00
-6.040765251888500220e-01 -6.717521329490599991e-01 3.481731210694300138e+00
1.820763884425498080e-01 -1.034121713816650079e+00 3.148440417248850043e+00
-4.153376491723099750e-01 -1.045542910646179990e+00 4.133260291358699767e+00
-4.153376491723099750e-01 -1.045542910646179990e+00 4.133260291358699767e+00
-5.770495278510200388e-01 -1.382434204522189791e+00 3.462620119879949776e+00
-6.250019188424700278e-01 -6.862919297617900982e-01 3.374957304506549960e+00
1.242546411568299369e-01 -3.526570558117400611e-01 2.815790110258100221e+00
-6.512110327410499666e-01 -6.112896650145500654e-01 3.460615607537150140e+00
6.572780987553701326e-01 -9.447871203890001457e-02 2.527616054964700432e+00
-5.713071847071300446e-01 -6.750432469269400659e-01 3.354284103210900092e+00
-5.340957710135401104e-01 -1.179336178000060187e+00 3.544771909383499953e+00
-5.311145261606800005e-01 -9.338227737851099164e-01 4.048391455862150323e+00
-5.394613248418200779e-01 -8.875731964682800346e-01 4.062131223825799609e+00
-5.463163769303998052e-01 -1.470803602614400241e+00 3.650998223128800291e+00
-3.240237094297599985e-01 -7.669569492693900647e-01 3.482254489960349808e+00
-3.576922534532500642e-01 -8.773380840261300051e-01 3.507265957647450527e+00
-3.264026571614502270e-01 -4.507173186597600578e-01 3.247621774019400220e+00
3.511243183751699970e-01 -4.131961771090000290e-01 3.066224668552400168e+00
-4.930289103985499022e-01 -1.074396599312290146e+00 3.618244391556250328e+00
-4.497850872176301085e-01 -4.176624674373200508e-01 3.269352939801200009e+00
3.533349526049200939e-01 -2.826751939662200952e-01 2.861868648772300183e+00
-4.388906057719701437e-01 -8.824129478060600551e-01 4.361438666564099620e+00
-5.501168538868699276e-01 -8.102764502262501667e-01 3.864034500329250221e+00
-5.578455329469798052e-01 -1.003589903185940102e+00 3.742832186203299827e+00
-6.205412500129099396e-01 -1.394790424547839969e+00 3.568600127576200265e+00
-6.543017603166697560e-01 -8.181939574580999741e-01 3.898227133867099958e+00
-2.739856875169499606e-01 -3.755717793631000445e-01 3.117210593608899849e+00
-4.948083995877901042e-01 -1.075091652784029961e+00 3.617228862717749571e+00
-6.634414496216098911e-01 -6.514819856066800252e-01 3.430394638894799897e+00
3.961176131900989716e-02 -8.158555913432501416e-01 3.130800050892649899e+00
-1.127481769170499692e-01 -4.538872431542300689e-01 3.225741779681950305e+00
-5.741052612774599773e-01 -7.111892253242499962e-01 3.426533727113049821e+00
-2.088885364266999112e-01 -1.211264083032060235e+00 3.340870207371500200e+00
-4.116568280937100699e-01 -7.772228371327800645e-01 4.312465532168499927e+00
-4.116568280937100699e-01 -7.772228371327800645e-01 4.312465532168499927e+00
-6.190277285723200240e-01 -6.918570403323600626e-01 3.387494996749000009e+00
-5.332279683669098880e-01 -1.246949338924169925e+00 3.645471874575649807e+00
-4.931988567301799353e-01 -1.074413902954660216e+00 3.618823562297300178e+00
-3.475530661596699655e-01 -9.327574147539600125e-01 3.487174647942000050e+00
-8.187310874764008872e-02 -4.637855752287300959e-01 3.229086721530250337e+00
8.991520258201999294e-01 -3.538812974857501459e-01 2.623138493240549707e+00
8.966721312051999515e-01 -5.709787911570201047e-01 2.810984912745499997e+00
-6.005763844612399538e-01 -1.280549455784120161e+00 3.643510049561400344e+00
-5.459698634827299113e-01 -8.058398136868200057e-01 3.865546903246300126e+00
-6.186933871454801670e-01 -6.811664253114600998e-01 3.373242383232099684e+00
2.226319504156899498e-01 -3.573147291945800719e-01 2.992492853331900182e+00
2.389621391639400461e-01 -3.919830040725700293e-01 3.078031237265050013e+00
3.358455965260203069e-01 -3.154026570370900284e-01 2.905188358914050362e+00
-5.781247182476501045e-01 -1.180604130981599997e+00 3.654693354371000069e+00
3.268159007542499328e-01 -3.603594359700100780e-01 2.870847854308849811e+00
-6.619416403584998942e-01 -6.012235784360701052e-01 3.454917970081350376e+00
8.770826991299298658e-01 -4.411336440853200203e-01 2.783817600689999949e+00
-6.430996114187799151e-01 -6.863863484586900654e-01 3.453849412803649876e+00
-5.904432589329799974e-01 -7.001203007079800367e-01 3.382389212301500248e+00
7.334602232492299922e-01 -1.621306265076301045e-01 2.513441145999350201e+00
-5.688345664301799331e-01 -6.728143803276600554e-01 3.347609839765500084e+00
-4.627394950352801128e-01 -8.580801833083500085e-01 3.947852255692749779e+00
-4.701077457467002230e-01 -8.623892076176000732e-01 3.944144966332400415e+00
-5.120712860145799628e-01 -1.249630251348320176e+00 3.432411435209999695e+00
-3.595063857377700511e-01 -8.908194939616000951e-01 3.496332920150999612e+00
-6.177136821675699441e-01 -1.343808649369230057e+00 3.515982437828950147e+00
-6.043410308524198582e-01 -6.206496917906200173e-01 3.338862764125900107e+00
-1.786072859709602056e-01 -1.106048584360240117e+00 3.394679034247600313e+00
-5.413424510411999346e-01 -8.165155988484400496e-01 4.130778353431800554e+00
-6.327974579782200681e-01 -6.155173170639400837e-01 3.482208922386099914e+00
-4.146920401456999361e-01 -8.871207826217599735e-01 3.985062867027600042e+00
1.991669025484699151e-01 -1.114861701040170017e+00 3.050087719118450114e+00
-6.184608565875998609e-01 -1.379340275647410241e+00 3.525949025852449736e+00
-5.755174354302500239e-01 -1.221144189831290028e+00 3.541452541939650089e+00
-5.365943010530600521e-01 -8.803572914885600120e-01 3.912088349676800192e+00
-6.022305811875898751e-01 -1.421978162927709954e+00 3.576309860165750365e+00
-2.326087628009401165e-01 -1.175858181218170095e+00 3.367933834604250443e+00
-5.924703926905199314e-01 -1.286420026291450025e+00 3.487873786239050311e+00
-4.742104743486701413e-01 -8.712923523100202239e-01 3.945892623392300180e+00
6.985225336524900630e-01 -1.598574024752200673e-01 2.480793139241500356e+00
-5.707391311123598543e-01 -1.179481837495710117e+00 3.659585270367950116e+00
-6.228096385384398470e-01 -1.296792010784300064e+00 3.556572984731499965e+00
8.416104996193898291e-01 -6.005924441078300813e-01 2.742762865217950541e+00
-5.508677738248597411e-01 -9.954514943545200722e-01 3.747651067721800011e+00
8.587839454814198970e-01 -4.421878323758601237e-01 2.692959131148099594e+00
4.037480783348599278e-01 4.272330627864600050e-01 2.998339967382100291e+00
4.075922378088401299e-01 4.216557000880899464e-01 2.999753161185750194e+00
-5.890999843576602002e-01 -6.321345653252700147e-01 3.517084736208950346e+00
-6.505953077754300651e-01 -6.340489991764900468e-01 3.373120886550850184e+00
4.986788852695800411e-01 4.214803300270099085e-01 2.989124679907550153e+00
4.776007806178996784e-01 4.091621753486699431e-01 2.995798946416449837e+00
1.037896714233609741e+00 -6.341647073574501192e-01 2.618091718521250222e+00
1.400707492710497881e-01 -9.929891097291900781e-01 3.105713878750750112e+00
-8.840322394141986173e-02 -4.350474513062000392e-01 3.172575360798600030e+00
-6.188576212079299754e-01 -1.367138715464600196e+00 3.538993560538000516e+00
-5.353500487373199501e-01 -9.419710584188399904e-01 4.057233070177399981e+00
9.234218432787000275e-02 -3.751170443398900711e-01 3.074224365836249806e+00
1.268154355633499542e-01 -2.852039902575400632e-01 2.904718888950299949e+00
-5.664859212115398446e-01 -1.121890640607710043e+00 3.671060092216349879e+00
-7.350888010181999555e-02 -5.227815101505700612e-01 3.334383892619050105e+00
-3.821169403889901339e-01 -6.461623183782500002e-01 3.557974619514050474e+00
2.286450668471000647e-01 -1.118170828914869963e+00 3.145579676763350374e+00
-2.303585277828990030e-02 -4.688426314184700461e-01 3.252080412933549880e+00
-5.105985318404981932e-02 -4.807296584844400478e-01 3.232130057506000576e+00
-6.199149893609900985e-01 -1.325111246885239957e+00 3.556697279598400208e+00
8.986735592344996526e-02 -2.322213086327700182e-01 2.835636975281049743e+00
-6.094037939549998839e-01 -1.335195124298530267e+00 3.543172968308850201e+00
-6.173957224474300176e-01 -1.343721562345410181e+00 3.516542544930650216e+00
-5.995093248038800837e-01 -1.262071276110600104e+00 3.623149144421000223e+00
-5.930149495431401574e-01 -1.253005948383659973e+00 3.627864098368700496e+00
2.161094248503401261e-01 -3.538751600266400454e-01 2.993655793808000176e+00
-6.109450706613401838e-01 -1.289910893197200092e+00 3.526125408768000291e+00
2.098739422917696995e-01 -1.092314364586190134e+00 3.062322917141349965e+00
-6.848884703646000993e-01 -7.398792325454199847e-01 3.770196360610700737e+00
-6.859138386256702358e-01 -6.827814070022600879e-01 3.431245872661500051e+00
1.874984130028900520e-01 -9.871304631797900297e-01 3.192622538585350167e+00
-1.961405723697799974e-01 -1.180046263936460171e+00 3.354950641462299821e+00
-1.934640286685600508e-01 -1.179023358216439998e+00 3.354049700744599960e+00
-6.858620599368199233e-01 -6.653293284903800675e-01 3.426692284858299686e+00
2.453652706020399421e-01 -1.171377926039149919e+00 3.201781420255549904e+00
2.260239093025397938e-01 -9.900881751375000261e-01 3.130912399594699913e+00
-6.370003382013300630e-01 -6.534596104291300334e-01 3.431911805584849873e+00
1.255077985690300491e-01 -2.954788422126800596e-01 2.897856951690400251e+00
1.442459000013101011e-01 -1.328986044175400338e-01 2.753725267099900176e+00
-5.610233992752999832e-01 -1.169113688189040046e+00 3.639335867582399686e+00
-6.190199449176297941e-01 -1.381512042247030170e+00 3.561631628062349897e+00
-6.005406430004300855e-01 -1.287799552940269932e+00 3.609075471265350110e+00
1.090039679281800122e-01 -5.013733840019500843e-01 3.217800333825150183e+00
2.787686141655800753e-01 -3.275812672403100034e-01 2.869962764966550228e+00
-6.331883312603798775e-01 -1.289527026652530051e+00 3.521083423157650216e+00
-7.230583884499099945e-01 -8.111303911892000507e-01 3.891035429918200172e+00
-6.645959007660898754e-01 -8.221372990810600356e-01 3.956139408579899985e+00
-5.497674907895599983e-01 -5.933826547075400359e-01 3.331549005291700283e+00
6.926071580238699621e-01 -1.279014800196200952e-01 2.426530784804699969e+00
-6.203020003996900789e-01 -6.328586055674100264e-01 3.505726833575449675e+00
1.288006207315559815e+00 -5.320839191008900348e-01 2.468606678987850245e+00
5.367663683467498448e-01 3.840163714698798803e-01 2.800360395558399773e+00
-1.578182097954501373e-01 -4.277214793175300733e-01 3.176429456526050021e+00
-7.035939056113198475e-01 -6.426750439566100148e-01 3.456995190668050277e+00
-4.633480497602993076e-02 -4.837102105870300650e-01 3.289456671704749979e+00
-6.232426085117600545e-01 -6.929812408019300207e-01 3.383236511377850420e+00
2.229548312158200485e-01 -1.188850834818250046e+00 3.142988012734249992e+00
-3.008587231948012253e-02 -4.330778982447300862e-01 3.205279052967850095e+00
-6.586525704949020010e-02 -4.764227382530400456e-01 3.258117922200999939e+00
-5.270117431702980859e-02 -4.826470883648900090e-01 3.271458766191249978e+00
-5.147316026835599967e-01 -1.168542615446440003e+00 3.542114170805800377e+00
-4.762905574475901904e-01 -1.256197172592710132e+00 3.760501146553949958e+00
1.630969808428399670e-01 -5.326205878853100817e-01 3.196670489868750131e+00
-6.404979850088501347e-01 -6.295158054714000695e-01 3.375817155266399805e+00
7.769326669895004756e-02 -4.092126219727500458e-01 3.157095001993750039e+00
-6.371806393352200670e-01 -6.773945260102500754e-01 3.455756082595850209e+00
-5.381744494810198898e-01 -1.236541116246099969e+00 3.449562065213700457e+00
1.944204422549999922e-01 -9.798324691607800396e-01 3.205690716225100267e+00
-5.940712309776501332e-01 -1.419903670950860120e+00 3.505215008809700272e+00
1.214113037983599597e-01 -1.001859588291110104e+00 3.206919229062550336e+00
3.658242211702598112e-01 -3.462609447110001071e-01 2.920393575132200326e+00
-5.877252463878501754e-01 -6.212653166255299730e-01 3.336747743292449719e+00
2.303411451739501015e-01 4.359148319801600113e-01 2.969744785547000276e+00
-7.182605230033399790e-01 -8.114101502483300754e-01 3.894107070861450026e+00
8.574300922240898348e-01 -4.492871551279400411e-01 2.789235133471500205e+00
-6.031245460340399767e-01 -1.421498520786310005e+00 3.588633773949750250e+00
-6.510572681183698363e-01 -6.113822286080500268e-01 3.459989700920250044e+00
-5.973900099845901313e-01 -1.326844755453170155e+00 3.472572691087849606e+00
-6.193911229086798143e-01 -1.296713319007550158e+00 3.557158578102350255e+00
-5.335490869733199304e-01 -9.347428755229800768e-01 4.056500408461699791e+00
2.694755065324099252e-01 3.637064082537598830e-01 2.875599096360200058e+00
-6.594089606008098903e-01 -8.198717878287500316e-01 3.894042255189750001e+00
-6.262796522575397873e-01 -1.314402452522330123e+00 3.600632962178650587e+00
-6.076802462194801357e-01 -1.313594605567540263e+00 3.600120468630100490e+00
-6.097523564926901063e-01 -1.399731867272219876e+00 3.571578932254100280e+00
-5.350097998931098164e-01 -9.341295925517499876e-01 4.059043340247550091e+00
-6.179677711541398111e-01 -1.302501757936150195e+00 3.501340451503350160e+00
-6.342964702519598985e-01 -6.317131283613299786e-01 3.485488719578849981e+00
-9.999507474568991583e-02 -5.072541129115699654e-01 3.348476739117050016e+00
1.871889251477700800e-01 -1.037776817633500048e+00 3.142572172501700400e+00
1.605245620419599728e-01 -1.040082004670290106e+00 3.147423758651649806e+00
-6.851160039784010003e-02 -5.231826812567700324e-01 3.335797378103250388e+00
-5.506694469761199695e-01 -1.488874886011770204e+00 3.625649892823049392e+00
-5.604216762896996329e-02 -4.533909742670200194e-01 3.169824315232100176e+00
2.324595247197498438e-01 -8.961652043541300516e-01 3.117883275533050114e+00
-1.723544377334400579e-01 -1.057476238216810138e+00 3.470458442059450199e+00
-3.314935999857799853e-01 -6.268445329152800838e-01 3.502818267696000021e+00
-5.867821000633398620e-01 -1.449504286120850249e+00 3.559903163836049877e+00
-6.026240579938199060e-01 -1.415825656774719832e+00 3.560298813088400571e+00
-5.835651234774401619e-01 -1.216376154806970256e+00 3.576687717307049930e+00
-6.149898900638897103e-01 -1.294965352464890085e+00 3.559198515262050222e+00
-5.405582003391899981e-01 -1.190411527475470077e+00 3.893045374803749681e+00
-5.699821508736098163e-01 -1.181764103399310040e+00 3.661027317152949934e+00
-5.803099531346700424e-01 -6.957026844420700629e-01 3.391004956855150354e+00
-1.803276478004298689e-01 -1.202459833204940098e+00 3.325932418237300237e+00
-5.299160182108499928e-01 -1.328313923981439881e+00 3.813577426089400646e+00
-5.705990699462399895e-01 -1.470046779371320111e+00 3.646028145851800240e+00
-6.188403745004897871e-01 -1.355840646777889846e+00 3.605757550219050422e+00
-5.337353141369800547e-01 -1.188873469371720004e+00 3.894629194574200426e+00
-6.415410904272199621e-01 -6.722559869531300469e-01 3.452206935704650093e+00
-5.647343992126897527e-01 -5.893398586065300426e-01 3.343193056214250447e+00
-5.338987958928098632e-01 -1.080811033255950182e+00 3.965780615893749861e+00
-6.320149656869699095e-01 -6.787724926019500504e-01 3.458667748970950306e+00
-5.194320893374200221e-01 -1.383216423181389931e+00 3.466375314831950050e+00
-6.322531491391201186e-01 -5.490395912005601176e-01 3.418634518845999892e+00
-3.725934906608401320e-01 -6.537179730355600071e-01 3.496086820951400220e+00
-3.921901116276900190e-01 -6.661622806123900231e-01 3.488044526274350687e+00
-6.089371447492398781e-01 -1.340455813541510111e+00 3.513933955300149847e+00
-5.361881189482498034e-01 -8.255064059999500659e-01 4.128462740380149931e+00
4.869697216639012893e-02 -4.092912930194000376e-01 3.158754289632000223e+00
-5.360292524915599710e-01 -1.076360031555260166e+00 3.965110108879899897e+00
-6.546247544656100814e-01 -8.195730294480201295e-01 3.897157881527499868e+00
2.148691800122499718e-01 -3.321391219033100195e-01 2.945635328282950383e+00
9.677968166983008658e-02 -2.458773463799300285e-01 2.769929036963650226e+00
1.959032996338099242e-01 -4.942443808000800409e-01 3.176831968867800171e+00
-5.781520918814699872e-01 -7.118786706877000547e-01 3.420643578935099960e+00
-4.612706270449999923e-01 -1.267431504407179776e+00 3.764623665881900116e+00
3.708254423611001549e-02 3.149422491753099962e-01 3.265946823162650503e+00
-4.513754591303700270e-01 -1.294124334006519828e+00 3.923962695186000715e+00
-7.585980849359599265e-01 -6.000250678850300723e-01 3.515373375244149834e+00
-5.780637355442801439e-01 -1.449922157750580087e+00 3.561331761171699917e+00
4.034357681603499834e-01 -4.773863969729900680e-01 3.061574279099750218e+00
-6.031528918936599482e-01 -1.397146917660839982e+00 3.503036072942999901e+00
-1.554255067865402129e-01 1.636989216762799737e-01 3.130912137877400081e+00
-5.293714542313301408e-01 -1.192739344750530117e+00 3.518542171577450084e+00
-5.792942912452399007e-01 -1.227512201680160064e+00 3.577084436408799917e+00
-9.138997619826993990e-02 2.560122834994799090e-01 3.131524906703600397e+00
4.646747502875798741e-01 -3.337080888913100951e-01 2.889189823707949856e+00
-5.797737045246000864e-01 -1.228299112045569963e+00 3.547883620240850355e+00
6.428183478983700017e-01 -5.857902995458601492e-01 2.918048881406700268e+00
-5.286185442857302963e-01 -1.488713989714580244e+00 3.667784711746699955e+00
8.647144128139598873e-01 -4.047252423641900521e-01 2.905137629879150474e+00
-5.053939211499101081e-01 -1.225833525196499796e+00 3.706370081547100348e+00
8.069908535139800332e-01 -3.778109720180999886e-01 2.947646084056100513e+00
6.200511038542300124e-01 -2.498819847594800914e-01 2.702345410222000144e+00
8.282887679697801264e-01 -2.273331323582700181e-01 2.703893546845150375e+00
1.616787967107800039e-01 -8.906209301851500948e-01 3.163010635258750369e+00
2.914330490826499975e-01 -1.163138789516759974e+00 3.196544281102400298e+00
-5.597741785715992791e-02 -5.159139970375300477e-01 3.333825092054250039e+00
3.584992981817003432e-02 -4.237760795175000705e-01 3.156787736269699884e+00
1.864888870746099769e-01 -2.273761491743600538e-01 2.825436032601600367e+00
1.783082392027697249e-01 -1.101225939401639931e+00 3.111928313690000003e+00
-5.615425909937399318e-01 -9.757168343862401283e-01 3.764946308891599536e+00
3.861339245315997815e-02 3.456585293058799246e-01 3.417580757410600079e+00
6.626963562490797433e-01 -1.439622047349400358e-01 2.442472571243100354e+00
6.566203340844898317e-01 -2.048313722922100455e-01 2.733292880692649973e+00
4.177307896443298585e-01 3.517461626286199072e-01 3.008881655998299820e+00
4.055939768956899893e-01 4.068165899547399045e-01 2.922790116687699946e+00
1.915787610803989738e+00 -3.588915382661100884e-01 2.254176453110949829e+00
1.263482294281179863e+00 -5.435287941038300374e-01 2.480433857567350131e+00
-3.024985762897498542e-01 -9.001195962790600191e-01 3.420115249074299868e+00
-3.762584178839898374e-01 -7.450334713830499833e-01 3.564981410319649768e+00
-3.602736942305699852e-01 -8.210186086326101140e-01 3.520665877026250001e+00
-4.281481808738101247e-01 -8.676383752311400688e-01 4.357026879483099968e+00
-1.743304228283397705e-01 -1.137086419201420062e+00 3.368421722453500244e+00
-4.301492165123701472e-01 -4.075034567749600267e-01 3.248237645138599916e+00
-5.676204568193896627e-01 -1.469230951277419983e+00 3.646229371997300461e+00
-3.633786653944599543e-01 -6.365480526114599691e-01 3.538833001293300029e+00
-4.072164732680900734e-01 -7.650972315577699856e-01 4.444350748432049691e+00
-3.333341885230500790e-01 -7.056132388304500180e-01 3.616750849463450379e+00
-5.283520027737502733e-01 -9.316071741106101145e-01 4.068406000000649669e+00
-5.368747143511800601e-01 -8.935777708153300747e-01 4.060763849325249808e+00
-4.253479329531899555e-01 -1.035520734205090054e+00 3.902486602961849904e+00
-4.426842578454999177e-01 -1.044577950839700176e+00 4.243245474121700056e+00
-5.358772490983898518e-01 -8.290461058304400277e-01 4.126656238622000039e+00
-3.012099540849799695e-01 -1.058384391480529985e+00 3.434357050108849840e+00
-4.065487643299399156e-01 -1.033940677288310184e+00 4.147627908833750432e+00
-5.052770081448800799e-01 -9.348612696415399270e-01 4.128457259150500214e+00
-5.987960201098000423e-01 -1.282482848618879956e+00 3.645657736824800210e+00
-3.233260523016701082e-01 -4.405480129368000153e-01 3.215745420302599911e+00
-2.798007355948699537e-01 -4.375242420324200188e-01 3.216586187229100169e+00
-2.068457060306498896e-01 -4.525099015166100802e-01 3.238972739278250579e+00
-5.519418165850200619e-01 -1.229549078680209906e+00 3.509013549823250422e+00
-7.753009282951994763e-02 -4.900265525921900234e-01 3.306238469997550666e+00
-8.668921052172007258e-02 -5.053510394531800509e-01 3.344555538559899954e+00
-6.055312711172200490e-01 -1.314392197313820176e+00 3.651150781535499767e+00
1.597788075600199420e-01 -1.049104784009280200e+00 3.152430047465200058e+00
-5.995925349608398625e-01 -1.421679406910890009e+00 3.575621750880250360e+00
1.605190101410500780e-01 -1.139574073846429947e+00 3.235051736344950690e+00
-1.138628080016799160e-01 -5.331326077885200077e-01 3.300418112569800222e+00
-5.508441950887998928e-01 -1.415073193056950007e+00 3.714771579962150128e+00
-4.791267479014993391e-02 -4.849633955713100741e-01 3.259128166398149951e+00
-5.836787762656099332e-01 -1.248461338796929887e+00 3.661803331541450213e+00
1.959500771684201670e-01 -9.928931013489800117e-01 3.291307886066499933e+00
2.311980031051699136e-01 -9.867208780641301136e-01 3.291121171466650175e+00
-6.320689028257399089e-01 -6.469232409588800969e-01 3.429795099415599680e+00
-4.565627202944602114e-01 -1.265141013934099945e+00 3.751873849409699702e+00
1.932966388356600618e-01 -2.265897156472000407e-01 2.829230445119600201e+00
-6.166747436030599605e-01 -1.293120887054900026e+00 3.648732003873700336e+00
3.098859927730199804e-01 -2.951803860561100223e-01 2.978754826478350104e+00
2.602643446243400049e-01 -3.049870789164300655e-01 2.856627519683950123e+00
-5.942970653374298751e-01 -1.294308220091070050e+00 3.654940688782549962e+00
2.308097848071399838e-01 -3.920818852515800534e-01 3.081547834109099604e+00
5.586862254448601295e-01 -1.068937385924300099e-01 2.677640226257550271e+00
8.743794440277701252e-01 -5.599057051587199574e-01 2.799821667313800333e+00
9.703399813435298338e-01 -4.246743278467700056e-01 2.550566650106250499e+00
7.670601206378402370e-01 -1.050937609612000445e-01 2.530761021713200165e+00
6.259634874344797151e-01 -5.816155318290801013e-01 2.913284671028599782e+00
-3.094145553546898686e-01 -9.066960835776700645e-01 3.479178731370350164e+00
-2.928206447027301706e-01 -4.385665801575500122e-01 3.220980151162549987e+00
-2.877774347321497839e-01 -4.535139506426100198e-01 3.240919841174250138e+00
-1.751940474289499505e-01 -4.050520498870900377e-01 3.204479689165450118e+00
-1.809870665065298478e-01 -2.848748497884300290e-01 3.030261142720950041e+00
-7.046274960911991236e-02 -2.298809199093700406e-01 2.940167977426249912e+00
1.662962576764601685e-01 -1.010399319964940146e+00 3.126381537378300379e+00
-1.093182592623100913e-01 -5.024360647553101078e-01 3.348864221494950222e+00
1.964295885160500799e-01 -9.485671495761400784e-01 3.179656805678900078e+00
2.026888558084400938e-01 -9.443810029637700332e-01 3.177543327364650061e+00
-4.749882614599987285e-02 -5.069873730444500737e-01 3.328812579240050251e+00
1.196769666253303388e-01 -1.005531163937720018e+00 3.205033247420800091e+00
1.613146715341799986e-01 -4.974834492088300308e-01 3.218922492885150088e+00
4.768123709350002848e-02 -3.863703617224400477e-01 3.081436120739800444e+00
9.031702739572011751e-02 -2.922961200664400683e-01 2.846227132447399999e+00
1.891641649055599839e-01 -1.049620486566630095e+00 3.242764322994549975e+00
1.650102786711400427e-01 -2.992846954092800438e-01 2.880733327941999988e+00
1.462685014616300627e-01 -3.366690800632200498e-01 2.909037252477100211e+00
8.319677995370011736e-02 -4.173511643400900639e-01 3.089970137450650078e+00
2.053878287186901019e-01 -1.097217302869410105e+00 3.062058858231450298e+00
2.566809770800899670e-01 -4.393817415653300529e-01 3.174989829383849660e+00
1.903387413498198732e-01 -4.137610983843600376e-01 2.966144840097399982e+00
-8.390970783391993315e-02 2.176397742889599751e-01 3.274963716840800121e+00
3.256490188212801673e-01 -4.323500821695000496e-01 3.092049950385500345e+00
4.044810160394300969e-01 -1.608590796994200378e-01 2.688691168342900006e+00
3.912228841848999217e-01 -1.852388962756100765e-01 2.703623072549050210e+00
5.131392775610097434e-01 4.468811443727299659e-01 2.992301522207549969e+00
3.937038510380399536e-01 2.573100418897399377e-01 2.839412486457300488e+00
-4.025633204530001397e-01 -8.861265038902499391e-01 4.242144050906650143e+00
2.339810607885199900e-01 -3.948099880603500589e-01 3.080356257062350167e+00
-8.654564926078012199e-02 2.081354786407499935e-01 3.263309296347249866e+00
4.149693611325300235e-01 -3.617252357579799904e-01 2.911152758297700149e+00
1.073625904217840210e+00 2.603656307250001856e-02 2.351011849579499824e+00
1.242548883292230011e+00 -5.140427280061301563e-01 2.570618207418649881e+00
8.911196300939099313e-01 -1.925988495657999788e-01 2.680434538309599546e+00
6.741414504410900843e-01 -2.198726725616401145e-01 2.684749677515600119e+00
-1.658561353094900603e-01 -1.058513530232870092e+00 3.477813149318349950e+00
-2.918986396578600040e-01 -3.358976321493100103e-01 3.147183694197949855e+00
1.826491527219800126e-01 -9.139165060764000703e-01 3.123073234988800184e+00
2.383885371031599920e-01 -2.916971643839000317e-01 2.765386718028699953e+00
-5.377268510238402133e-01 -6.821587692768600331e-01 4.215271621115899592e+00
4.354758181512801141e-01 -8.283266591616300634e-01 3.842502021437550042e+00
6.063097481547299328e-01 -7.213504303771600679e-01 3.299414065892400494e+00
9.677311275182598482e-01 -6.591508959033600679e-01 3.457070089177199712e+00
1.121757812314470248e+00 -7.567717474938100430e-01 3.690741822325049881e+00
1.019453649953159902e+00 -7.154211603148599163e-01 3.626366666951500228e+00
1.654152589870900192e+00 -4.749862817662101055e-01 3.111249809975650038e+00
1.331782233313749897e+00 1.392800503707100068e-01 2.870235147389649910e+00
1.590843513514540009e+00 -4.492637390543008369e-02 3.718378707316150056e+00
7.087556413272400047e-01 -1.302910360261700373e-01 2.508927527081449949e+00
6.919626358581398851e-01 -5.996898684359008858e-02 2.488581624935750192e+00
1.024442921479940205e+00 -1.623363581184300020e-01 2.626052871968350466e+00
7.622479737945904166e-01 -4.376246014526200545e-01 2.946604317990500377e+00
-3.541057073622000395e-01 -8.985028986558700748e-01 3.495069118597549540e+00
1.528598613068201661e-01 -4.773312612326900406e-01 3.214968284852050218e+00
2.354903887073500623e-01 -9.245601104177899598e-01 3.167486600419750165e+00
1.568719748353299970e-01 -9.161990632200500695e-01 3.171360501596649950e+00
4.646679809100429104e+00 1.086799920615789894e+00 1.181931873736250305e+00
4.844693109032250256e+00 1.169324821999489838e+00 1.108319968820150381e+00
4.548010758723379787e+00 5.413180966739398192e-01 7.699731102902995783e-01
3.771886564290809929e+00 1.042361444722160080e+00 1.256062796962200023e+00
4.326096052584939677e+00 9.777341136342100336e-01 1.096742446853949948e+00
3.737126069305369391e+00 1.079797690188149861e+00 1.177339357608450099e+00
4.407141818966699098e+00 7.605926614853598666e-01 9.778652189199996680e-01
4.600149418014379599e+00 4.978337224015200180e-01 7.225154789768002406e-01
4.326713327715800084e+00 5.197955120717397959e-01 8.615683189208993564e-01
3.810189588838309049e+00 5.222449723376997310e-01 9.348524407868998853e-01
3.773938599867999066e+00 1.049282400530739956e+00 1.249683638699500277e+00
4.394139413885329581e+00 8.321294117863801132e-01 9.716346596871001662e-01
4.849698581031430145e+00 1.145768638165749920e+00 1.117170492052850017e+00
3.863688204514089897e+00 9.259462245679902503e-01 1.192315729642849709e+00
4.220182917577838921e+00 7.532101898551598618e-01 1.036003559001800634e+00
3.818292420442509716e+00 1.040662650593199956e+00 1.235953275781800587e+00
4.344460762939688969e+00 7.865877179485000203e-01 9.622974477188994680e-01
3.784276092712459238e+00 1.014422763313620024e+00 1.265793664935900287e+00
3.697423772553549703e+00 1.107234364127169801e+00 1.031731130050950407e+00
3.687945655872189477e+00 4.388140060404998044e-01 1.047511272707300156e+00
4.129621894244109193e+00 1.038567157026609955e+00 1.164305552725750426e+00
1.741128034889098952e-01 -1.051383520987810183e+00 3.118823987776649709e+00
2.818119243744499069e-01 2.370436983668399167e-01 2.796575429286800141e+00
3.761303063444509043e+00 6.878037177259198609e-01 1.057663500288599900e+00
3.679818778390980150e+00 6.327903529236199587e-01 7.518024218658998503e-01
9.415225740277100019e-01 -3.584124706448100217e-01 2.582041536008049754e+00
3.758126252108518806e+00 6.363123056284097911e-01 1.031146411900150328e+00
3.781845717306219434e+00 9.955679532073599125e-01 1.191574419462000156e+00
3.755987507265529324e+00 1.107735729137609759e+00 1.138729954086350249e+00
8.155331613508987054e-02 -4.103205428619600692e-01 3.121783569797199842e+00
3.937278509915270064e+00 4.536098449844400138e-01 9.071504421624003722e-01
3.733522735033619533e+00 1.037329191656359839e+00 1.085489334404200479e+00
3.133380643880829375e+00 7.827810143874399662e-01 1.403429113364200509e+00
4.475326783880229975e+00 1.189460382261189775e+00 1.023537372653250399e+00
3.550642176560869778e+00 5.459747496189598648e-01 1.105453392575399763e+00
3.925727969565248721e+00 9.841055487988598083e-01 1.163236533770299674e+00
1.453741239900399052e-01 -1.055802790709210015e+00 3.122670470925450026e+00
4.021703525735168760e+00 6.762832907196699717e-01 1.021117186101250018e+00
3.957586788923380006e+00 1.277002927057329984e+00 9.142706583855499947e-01
-5.404796933805899872e-01 -1.129896660608590064e+00 3.934857788881349627e+00
3.698824877993599713e+00 5.493568194910499747e-01 1.014447869480549658e+00
3.751826222441529524e+00 5.308604165087796867e-01 8.518031989615002519e-01
3.628935007125678958e+00 4.406562380651698474e-01 9.725321135155502450e-01
4.143010035841129479e+00 5.394173282822397608e-01 8.086714576570004365e-01
2.599067507774701635e-01 -3.164928818053600601e-01 2.852689830828200268e+00
-5.825701501123701220e-01 -1.434195590368220197e+00 3.644221538235700386e+00
-6.013416271439601113e-01 -6.884914131553100392e-01 3.483199100749949650e+00
3.773638021488059380e+00 1.046884221909829993e+00 1.094164603909050237e+00
5.647637909765259145e+00 1.312324360888899921e+00 6.543744247755001187e-01
4.744499952817020194e+00 9.874032516616698674e-01 9.546303002458500497e-01
1.989969729050797831e-01 1.134447429035199129e-01 3.029420285575199934e+00
4.246380310452849471e+00 9.494364932382696187e-01 1.183264883044250704e+00
3.679716322574709153e+00 6.612492709533398516e-01 1.085243898659099981e+00
3.704553152624239232e+00 1.131549574483079912e+00 9.343544882758003656e-01
4.729638512830519836e+00 6.416195618547598789e-01 5.592576756165998919e-01
-5.587991282819102512e-01 -1.000050262877260066e+00 3.747474567822900227e+00
3.686098502854699532e+00 1.184733611720819813e+00 7.806030857862997774e-01
3.474485036883300459e+00 9.889856124133699078e-01 1.139162692722149872e+00
-3.346497913711601324e-01 -7.158235664375399709e-01 3.566352869158500027e+00
-5.581428518064299737e-01 -1.239395626118680038e+00 3.672432197236799922e+00
-1.733157281739501343e-01 -4.139770382463200393e-01 3.157709882693399805e+00
3.716812315093689811e+00 3.377327007321097030e-01 8.776159533798504331e-01
1.301456025218019841e+00 -5.992334281021399756e-01 3.395896716458699949e+00
