-1.533328618151000189e+00 -1.218331626430000147e+00 3.214365022232319902e+00
-1.594407437164879981e+00 -6.767265829486099893e-01 3.378896875585000181e+00
-2.000649921083919924e+00 -7.223218649763900601e-01 3.341266037551850143e+00
-1.192241065924160015e+00 -1.399729825363869917e+00 3.466861127565359801e+00
-1.721196174700880155e+00 -1.164261069967460038e+00 3.103686861360329896e+00
-1.585028009122140036e+00 -6.771328515679300164e-01 3.092876942106370208e+00
-1.603051730660600027e+00 -1.227104166132850116e+00 3.281106943384699992e+00
-1.630241992158139919e+00 -1.260637261065379988e+00 3.367002026696439554e+00
-1.684345329445560147e+00 -1.439445329975070020e+00 3.234978370362020073e+00
-1.950081743439619819e+00 -1.070641025736490004e+00 3.110189918484989491e+00
-1.406312353846139951e+00 -6.880892722414799767e-01 3.379942382337639994e+00
-1.824535549155199998e+00 -1.100603499603000079e+00 3.069768532164979913e+00
-1.446425933672280006e+00 -9.754647704282599641e-01 3.269266025423629873e+00
-1.263766203201840188e+00 -6.891170691602299669e-01 3.426195020451509698e+00
-1.164841813807820037e+00 -6.155832909373899486e-01 3.357278488160450269e+00
-1.391175438744040038e+00 -7.356622921097299983e-01 3.381258161723319944e+00
-1.441570981572239951e+00 -6.831103427877800449e-01 3.382226115529319621e+00
-1.417172027791199884e+00 -6.930612036148500188e-01 3.400494996468510056e+00
-1.271924337753239875e+00 -5.807107224043799309e-01 3.275287406280359637e+00
-1.528217056817779973e+00 -1.255046285056960143e+00 3.167651329757890100e+00
-1.691994967933880156e+00 -1.239357681688409984e+00 3.070192683136050427e+00
-1.257746152030879916e+00 -6.329861737603099670e-01 3.334467303394749838e+00
-1.232683068417180117e+00 -6.860602335049600375e-01 3.416432906928689395e+00
-1.530783752899600003e+00 -1.256937514934650002e+00 3.173626861974169877e+00
-1.521395785834000147e+00 -1.223529372778999980e+00 3.187865771256900072e+00
-1.531803503392400012e+00 -1.240722522552149876e+00 3.168492099758649871e+00
-1.547420801874900054e+00 -1.272295414657649948e+00 3.171269283246100468e+00
-1.409087713147320065e+00 -9.738184443623401076e-01 3.274412709626090212e+00
-1.783069573967100085e+00 -1.106977026691249977e+00 3.091842564330159693e+00
-1.642719635766000108e+00 -6.679190918320500048e-01 3.070415446834049433e+00
-1.728069708203339827e+00 -1.154195109056729951e+00 3.079727063633559858e+00
-1.580588535053900179e+00 -1.100018599765649974e+00 3.202806907325100205e+00
-1.581644899149720063e+00 -1.104216679135290091e+00 3.207744504500110061e+00
-1.910920997630280116e+00 -1.228315402151910041e+00 2.956128253365669867e+00
-1.217962734113759993e+00 -7.045085734827201129e-01 3.433783302400609916e+00
-1.548904443150920018e+00 -6.459966612960900134e-01 3.038295937657890189e+00
-1.594787146297740099e+00 -6.409146616051299983e-01 2.993032574354599795e+00
-1.832645321758880064e+00 -1.238812359823610043e+00 2.959748660217000005e+00
-1.578825414985679965e+00 -6.817864313844599344e-01 3.098977827514729722e+00
-1.595865066400260046e+00 -5.776024384556699420e-01 3.026116721864119619e+00
-1.688710378132660228e+00 -1.238665283141370033e+00 3.068711187063630330e+00
-1.517925047541799799e+00 -1.205925067815649898e+00 3.191315378809729708e+00
-1.856895315414979875e+00 -1.096074485227509943e+00 3.052452561955290022e+00
-1.746154622959360081e+00 -1.204682024460870027e+00 3.049872999709279942e+00
-1.731759178942340105e+00 -1.154562335595080036e+00 3.077730299282440019e+00
-1.941143444747079894e+00 -1.217582328510259826e+00 2.926784805331710260e+00
-1.993365353654580119e+00 -1.268432837567559979e+00 2.986097677765330083e+00
-1.849888561446080049e+00 -1.093682833895460060e+00 3.050149936371820303e+00
-1.684698136795539813e+00 -1.270006065964480069e+00 3.159800964694380099e+00
-1.543920394403500040e+00 -1.226953635660499975e+00 3.230843281053309646e+00
-1.954847481651180052e+00 -1.071902238437510091e+00 3.106636727978589363e+00
-1.635387641793180080e+00 -6.675599811528600824e-01 3.060624652768409781e+00
-1.238862835468520052e+00 -7.181934719994900185e-01 3.459642646715740177e+00
-1.393176007432840091e+00 -7.416805673846800229e-01 3.397168391558380129e+00
-1.652648787642480022e+00 -5.857067489896600199e-01 2.999728732419070010e+00
-1.534257050371540032e+00 -5.880536917307801481e-01 3.034820848132079973e+00
-1.885798116732180008e+00 -1.156394991939559969e+00 2.958041295223970302e+00
-1.945248834338680011e+00 -1.068700942284410038e+00 3.096691263497089786e+00
-2.002409252177380417e+00 -1.142952553264110049e+00 3.052200430463209990e+00
-1.551538267870260057e+00 -6.469944039512200984e-01 3.054916188177470016e+00
-1.609163032058959830e+00 -1.231018502088319977e+00 3.301144428590819579e+00
-1.549434497499399876e+00 -6.465232492768500094e-01 3.045719346890980006e+00
-1.658171942542439936e+00 -7.299981788735299126e-01 3.346685008029639974e+00
-1.776162019896499800e+00 -1.221144332514250141e+00 2.966550500683299951e+00
-1.596351998233179970e+00 -6.576774041792099457e-01 3.054432324537879495e+00
-2.050530129675919966e+00 -1.160113852975340087e+00 3.123974242081019703e+00
-1.612088314598639993e+00 -6.389523937334800063e-01 3.039160284682960178e+00
-1.992401933341599873e+00 -1.138513391114549966e+00 3.041806294185660064e+00
-1.550722862610760089e+00 -1.295473091237369978e+00 3.172035542013709630e+00
-2.014310621966699966e+00 -1.132344233184150006e+00 3.147917471342669860e+00
-1.519895474415879910e+00 -1.275047730786710076e+00 3.161476685867130154e+00
-1.944037604283840093e+00 -1.224081817506230019e+00 2.932224950194060042e+00
-1.580839731356660005e+00 -6.746029186467700223e-01 3.078059293408459851e+00
-2.036456628191719798e+00 -7.858498587238400557e-01 3.328420821515610140e+00
-1.867437558139519949e+00 -1.103223014988439887e+00 3.061746109491689793e+00
-1.852000145751079963e+00 -1.007128010845510069e+00 3.147656614703659983e+00
-1.571037174394340097e+00 -9.545602727807800392e-01 3.217500131596700008e+00
-1.789327761042079912e+00 -1.245024227870910050e+00 3.011410696546179988e+00
-1.569240409035400186e+00 -1.227516522728000048e+00 3.259695735828559648e+00
-1.558882137405580126e+00 -1.313436638809609924e+00 3.206038503673390050e+00
-1.533309781721840181e+00 -1.206977452164679887e+00 3.201916218231510403e+00
-1.528030852033380071e+00 -1.187006065326309923e+00 3.223544236941739971e+00
-1.651703643859180115e+00 -1.350492708921659846e+00 3.242622984731769797e+00
-1.667677393613259840e+00 -1.302887711812570126e+00 3.314192961750459521e+00
-1.743614529865340046e+00 -1.268792106478880077e+00 3.418511691573669964e+00
-2.316933411713519853e+00 -1.165360310005089994e+00 3.435754307925810380e+00
-2.194459381570959877e+00 -1.134951404241570039e+00 3.300921503542039837e+00
-2.311411759229260454e+00 -1.160891297038320058e+00 3.427185776493009151e+00
-2.286710112320319954e+00 -1.146580606849239903e+00 3.399316751307699391e+00
-2.176424336991360065e+00 -1.118676837003570013e+00 3.278805053653480073e+00
-1.594372567469379831e+00 -6.774539381790600778e-01 3.109878171468639874e+00
-2.267682082830300150e+00 -9.878974493746499608e-01 3.468957232482330344e+00
-2.209448994574600089e+00 -7.895617216238000058e-01 3.471469581046220387e+00
-1.571559915875499813e+00 -1.335321276620599962e+00 3.253713936287909725e+00
-1.578882378072899995e+00 -6.772760978220000450e-01 3.100015698595909974e+00
-2.138394239346860015e+00 -1.073265615460269995e+00 3.272877456655249429e+00
-1.891640672808040158e+00 -1.281553278517379990e+00 2.933913769765339907e+00
-1.190939485353960103e+00 -1.329370501777169977e+00 3.503705302293310009e+00
-2.188433992663280314e+00 -9.839395264378099082e-01 3.392096849470019659e+00
-1.571409267694540146e+00 -6.763696427853300719e-01 3.079900576436970017e+00
-1.733411414776639958e+00 -1.258814337830830077e+00 3.399633790237280184e+00
-2.287751379818679709e+00 -1.295534470278959960e+00 3.334819837256109754e+00
-1.553274178460380073e+00 -1.301289062145259967e+00 3.179683695358700213e+00
-1.971362138143879950e+00 -1.082507707584559942e+00 3.133272276919849553e+00
-1.532627386098739830e+00 -1.167384368094230185e+00 3.204024475886989798e+00
-1.815899840998200121e+00 -1.230676245522650092e+00 2.956598830595649652e+00
-1.563586221993100045e+00 -6.611110874604999577e-01 3.217326568251129615e+00
-1.840111076777580124e+00 -1.252730666758510081e+00 2.992382245141149699e+00
-1.175049682275300045e+00 -1.392513932144900046e+00 3.419188881715820028e+00
-1.735534940173420138e+00 -1.140204008265190083e+00 3.085031267616280104e+00
-1.558173855720380141e+00 -1.176359694889659968e+00 3.243597399266999748e+00
-1.538109114226060115e+00 -6.772654998198699428e-01 3.254324375952980297e+00
-1.672060028956679822e+00 -1.352231586711259981e+00 3.250153533169100051e+00
-1.646205058688420264e+00 -1.363483469626239897e+00 3.258683845138099944e+00
-1.687432970729499937e+00 -1.319215026239349831e+00 3.346684820846389741e+00
-1.668884906379699995e+00 -1.274123182282099975e+00 3.337175217727839982e+00
-1.522548193517019977e+00 -1.311799260335489992e+00 3.204393652312699903e+00
-1.501905018581280116e+00 -1.361705643162560042e+00 3.151926679995160185e+00
-1.694574576413300004e+00 -1.520245534799349985e+00 3.310034382722959911e+00
-1.640049127624580105e+00 -1.404913958182560041e+00 3.219499040490850117e+00
-1.641256562779819905e+00 -1.414691667251840146e+00 3.234080203255099928e+00
-1.649742308524860146e+00 -1.423570356837770001e+00 3.252571315748479464e+00
-1.661582401597219816e+00 -1.442882301277089940e+00 3.337844347600939621e+00
-2.210420573164499913e+00 -1.100069702095000101e+00 3.364628528467380253e+00
-2.121162810903320484e+00 -9.502669074815899286e-01 3.310255030915199459e+00
-2.097056171877939690e+00 -8.830473164675800568e-01 3.279782315457209663e+00
-2.114948537191879918e+00 -8.870513979761101009e-01 3.302986209939249740e+00
-2.176071415589100333e+00 -9.006891327812001080e-01 3.386612925247079797e+00
-2.145132534149519987e+00 -8.900774526403398834e-01 3.346263889887459708e+00
-2.253850027413999868e+00 -8.377274889115999823e-01 3.546134960610720199e+00
-2.294260845800899951e+00 -1.296755418123850090e+00 3.347546122448509909e+00
-1.547247179477820200e+00 -6.730687422157399791e-01 3.332885607466470113e+00
-8.035904595797219940e+00 -3.962979308440140347e+00 7.359032960910949939e+00
-7.026443935104939698e+00 -4.581542333903230180e+00 7.721653426986510915e+00
-1.672440579215740186e+00 -1.301105514684379960e+00 3.313207947548679755e+00
-1.615100165561640155e+00 -9.606911797055299740e-01 3.226176241516349741e+00
