2.620923730164399501e-01 -4.030285159432800413e-01 3.014632294571320426e+00
2.306847284182099445e-01 -6.391428818608300144e-01 3.397138890521030241e+00
5.238182182547099774e-01 -8.866972507347299359e-01 3.484890243421810307e+00
2.876498161063700820e-01 -8.415235731769000749e-01 3.489534930569980098e+00
-2.645557130991599837e-01 -3.989719553692899767e-01 3.152087520250470121e+00
-4.030299521331399681e-01 -3.426844610895000143e-01 3.093299167784320236e+00
-6.754823225354900096e-01 -4.422849334294199908e-01 3.321751671637790615e+00
-5.376246976248800769e-01 -7.469082073284599721e-01 3.177836861708130289e+00
2.915914558608100338e-01 -5.318476750004200726e-01 3.159911732117460126e+00
7.459971354887801054e-01 -7.390711692559700507e-01 3.466401033214189908e+00
5.181543637014500714e-01 -9.361887664779700025e-01 3.464193480125010272e+00
2.490496282685000506e-01 -4.629012518840400769e-01 3.080971115356390566e+00
-2.960694471862300170e-01 -1.182720125823659929e+00 3.325033322364930211e+00
7.384632341615999795e-01 -8.105803206685999740e-01 3.459701111898630277e+00
6.159611487303998101e-02 -3.200545248457600245e-01 3.013475866663250180e+00
-6.759717003953699122e-01 -7.317886129003500217e-01 3.181567386535850694e+00
-9.887139819402000762e-02 -5.618865146920100084e-01 3.361225486956900266e+00
5.867154384715700388e-01 -8.121331393047399594e-01 3.523782001930620300e+00
6.688641939533599423e-01 -8.647123682752699825e-01 3.520412215301070180e+00
2.020756566991002701e-02 -9.465330130672100495e-01 3.302632244772130576e+00
-7.761539345172798754e-01 -3.459302799391700267e-01 2.970438150839919800e+00
-4.012567521503200285e-01 -3.461662961328699772e-01 3.094666790726280148e+00
-3.765213461058000699e-02 -4.905742602618100578e-01 3.243209758761850026e+00
-5.038568201466200325e-01 -4.681513013993500172e-01 3.275971302625410253e+00
-1.525521596390500001e-01 -9.081436225045500521e-01 3.137452771319740208e+00
-1.040237356152400178e-01 -5.661981508768000326e-01 3.344061512151830229e+00
-3.128125769716600391e-01 -5.001407273277199694e-01 3.392450365258290024e+00
-5.502023139317799849e-01 -7.432162633000101160e-01 3.171388559801559648e+00
-8.545496234079399400e-01 -1.005474520669040084e+00 3.316731335660920266e+00
5.118426406068099510e-01 -8.144584205324700843e-01 3.553916089295610092e+00
2.898611137207800503e-01 -9.221353520674500093e-01 3.499350146082790047e+00
1.503483552134000367e-01 -4.053132792636000015e-01 3.076923330907190390e+00
-1.359498863280200198e-01 -4.729614739911299770e-01 3.240381442536710122e+00
3.557130871337000899e-01 -6.219597908768099703e-01 3.294207796981840186e+00
-2.900894045665199927e-01 -1.246599784676490019e+00 3.259526410862040535e+00
5.156525386614299045e-01 -8.917370098554400215e-01 3.491721552465090195e+00
6.696695277928299550e-01 -8.587449987059401213e-01 3.510563892692230237e+00
1.462856324635599392e-01 -7.407969153759099701e-01 3.540555730273680535e+00
5.147028822246398905e-01 -9.415716137050700318e-01 3.474918020814670161e+00
1.350246237555200179e-01 -8.148988375762400427e-01 3.344553295672620497e+00
2.799997709135298996e-01 -5.361276255500799781e-01 3.168217451650690464e+00
1.498313481910399647e-01 -3.990504336271000208e-01 3.074615504848030589e+00
-6.591112405938900354e-01 -9.199506901094099964e-01 3.260632659830490443e+00
-2.182565634868800231e-01 -4.822084591165900491e-01 3.265201840838969805e+00
1.450338438125099716e-01 -6.188586192374699868e-01 3.391458377001340008e+00
6.692513082024600379e-01 -9.937824000634400967e-01 3.407724041136240611e+00
2.659707684459000632e-02 -9.512960973550999011e-01 3.314966968931560398e+00
3.939131771897299572e-01 -4.953689434420500692e-01 3.098783376137349777e+00
-4.124515024667002594e-02 -4.906041989528400205e-01 3.242332788462130022e+00
-4.940592581361700208e-01 -4.629097939295400144e-01 3.275165704772720066e+00
-2.070403424387899927e-01 -5.747449645453500677e-01 3.349702825228120240e+00
2.416012131749300240e-01 -7.313359966936200385e-01 3.466212588619910218e+00
7.158864493012000452e-01 -8.345017780222900861e-01 3.504447394356709822e+00
1.041317224858999413e-01 -7.309920734768100559e-01 3.441406686493100331e+00
6.029103212221599284e-01 -1.047208328530790045e+00 3.413774232685660603e+00
5.136500251416599161e-01 -9.373891020377600469e-01 3.467825334970109807e+00
-2.949995373587700476e-01 -9.618306241423499880e-01 3.285125841334139984e+00
3.499484875615100909e-01 -5.051743466391100945e-01 3.108595910307640153e+00
-2.528326060874000469e-02 -4.581950909223900803e-01 3.195743158753900470e+00
1.436449937294599632e-01 -6.186594674545300432e-01 3.386651439038309785e+00
2.718879264287099584e-01 -9.107492353447601552e-01 3.467387046740560308e+00
6.312096580118999878e-01 -1.012142955518920084e+00 3.452046762690660131e+00
1.733055921570899327e-01 -5.924988777952900909e-01 3.355559236553909752e+00
2.726092039160300518e-01 -5.318126358735500991e-01 3.146675155548920078e+00
-2.549835019211000309e-01 -3.960893771226899895e-01 3.156322890047930319e+00
4.955226038540011535e-03 -5.058970551344500466e-01 3.278347595272470105e+00
-3.622149181646500127e-01 -4.112251507336299738e-01 3.182490491902190133e+00
-9.740927695043999357e-02 -5.603184783335800612e-01 3.359077982351960312e+00
3.127112066180899319e-01 -7.462055472085700192e-01 3.550045372763389828e+00
1.492072313680199713e-01 -4.002008018713700266e-01 3.075445753025720208e+00
-2.072238983837400017e-01 -5.743396803780200788e-01 3.349776632361179729e+00
1.343100864083399959e-01 -8.106372385370700373e-01 3.340939463317040392e+00
1.495574563804399626e-01 -6.202825739618200718e-01 3.398610579028670475e+00
2.627182786586900187e-01 -4.226417565331800352e-01 3.041378589807340216e+00
2.501633218280500115e-01 -4.618801758903500199e-01 3.080699293158570828e+00
-1.264767353834999886e-01 -4.755363216362900047e-01 3.255532823502840234e+00
-4.811756545703900212e-01 -5.111443324305799951e-01 3.273944338813230104e+00
-1.970419986061999751e-02 -7.012805182159700390e-01 3.435591227519640078e+00
-2.014760564070100513e-01 -3.982472735172499778e-01 3.158754736053160261e+00
-4.995050123513300466e-01 -4.669974874301900947e-01 3.297940626582790191e+00
2.440583572609499596e-01 -6.417097930641699755e-01 3.410677380967230388e+00
4.980230038709400064e-01 -8.029134459890300279e-01 3.537957616857980270e+00
-3.748232265037400035e-01 -3.905553620732400422e-01 3.159279640482400620e+00
-3.598189015917500067e-01 -4.159773255635099698e-01 3.191780317895569929e+00
-6.219812410016098969e-01 -9.444166219114900063e-01 3.281781354466100531e+00
-4.040611385256700494e-01 -3.409925884801600082e-01 3.086817429776480104e+00
-6.163478120438100616e-01 -1.028971086488349895e+00 3.329782602294639737e+00
-2.893276650007500228e-01 -3.451093532018200127e-01 3.076255994075590472e+00
-4.032131600317699904e-01 -3.418256588115100580e-01 3.096005505203310193e+00
-3.163564276490400395e-01 -3.278696408820900299e-01 3.099447213241530275e+00
-2.844058193303500293e-01 -4.416302904994899858e-01 3.245387663804100153e+00
-3.189323941681799779e-01 -3.517479410838599829e-01 3.080534013802199933e+00
-7.121555703214500488e-01 -2.976594325964599941e-01 3.019950031243580302e+00
-1.770321854494900093e-01 -1.016034015492149889e+00 3.287476924416690593e+00
-1.463881619509100063e-01 -9.614236367695200292e-01 3.211163949618260016e+00
-7.639129029211100264e-01 -3.470874241442499786e-01 2.918496144434350015e+00
-9.059849427026299695e-01 -9.176781049711800753e-01 3.079339435726400342e+00
-1.897891523149199955e-01 -4.815131070926199630e-01 3.266382051891730143e+00
-3.132668564386300036e-01 -4.999260888646400725e-01 3.310402577372670407e+00
-6.761240163530100045e-01 -3.558852198130200151e-01 3.119416889686780436e+00
-7.476227364668299735e-01 -4.928672942345799779e-01 3.308388833464150025e+00
-7.595438447208999744e-01 -4.285463190761200636e-01 3.008081786507470046e+00
5.992566724479994611e-02 -3.204790593291699796e-01 3.010953889248770388e+00
-8.449000768498799996e-01 -1.036403674309529954e+00 3.156627849884869885e+00
-1.122557445995500391e-01 -6.570901681421400520e-01 3.248092021227340087e+00
-8.780763917545399977e-01 -9.014639360130700663e-01 3.057340574014640211e+00
-4.377689810011001215e-02 -1.840361745767300494e-01 3.959419657050270214e+00
-6.530078216436799865e-01 -4.476710199241000776e-01 3.187014947729130299e+00
-7.262528973011499467e-01 -4.149116875867500109e-01 2.985424577202570262e+00
-5.679873976464100416e-01 -5.564240004422200681e-01 3.286151483074790658e+00
-8.490853565386698998e-01 -9.795969504860400079e-01 3.272208010427920311e+00
-1.052948287587998633e-02 -4.646360775009300559e-01 3.207576138918160513e+00
3.673723510691800920e-01 -2.743184272350900343e-01 3.168341859434590013e+00
1.933537251841700166e-01 -7.023307191863400467e-01 3.368763975299390090e+00
3.372377067298999442e-01 -6.151215473258900834e-01 3.266998562882350132e+00
-7.114874217472300089e-01 -3.050512447047299958e-01 2.991151059170260140e+00
-6.205600342035100248e-01 -2.691928943975000488e-01 3.042264427298290386e+00
-5.727966586958600503e-01 -8.830398628851801046e-01 3.149277989418150181e+00
1.294237328148900301e-01 -8.140529479926900125e-01 3.337995272354350451e+00
-3.889688415920022901e-03 -3.256364688320300127e-01 3.021923747738210153e+00
-2.929091476641100256e-01 -1.104805902752500124e+00 3.426051299363060298e+00
-6.149046329055002369e-02 -6.837609910163700011e-01 3.478750180581470008e+00
5.506798562808500330e-01 -7.762733069533300778e-01 3.609531508961310031e+00
-2.031561924753700343e-01 -1.022754578107810008e+00 3.238703359274960114e+00
-2.353226285369600101e-01 -1.028070390072070017e+00 3.157846318240729477e+00
