5.376388671093990101e-02 -3.392615982311300016e-01 2.691103239526839719e+00
7.393404193517298939e-01 2.475411719422799806e-01 2.495975536418090446e+00
1.446112843394079972e+00 -7.601939802557299286e-01 2.564650501221899859e+00
8.701405203444798619e-01 3.636887658329999995e-02 2.365162553527719869e+00
-5.894065610065990501e-02 -1.245167222597510115e+00 2.726840522739219619e+00
4.169970771062999626e-01 -1.210576874991940111e+00 2.656281090552739865e+00
-1.612095601382299292e-01 -1.116950512394480066e+00 2.991900261473610101e+00
6.909245013842100214e-01 -4.754005948449400165e-01 2.845338407366230005e+00
1.236632741703199923e+00 -5.840610237936300075e-01 2.707353058323880290e+00
-3.877201699238003174e-02 -5.586095155233200549e-01 2.852872774628299801e+00
-3.607328421996100487e-01 -4.851626374158600208e-01 2.624430258371469815e+00
3.451285017020899737e-01 -1.164800872540290078e+00 2.629043766013649641e+00
5.612100471374800170e-01 -3.731919233627900012e-01 2.706524437130859884e+00
-1.076367856093799757e-01 -1.077877866489640013e+00 2.745685299835020299e+00
1.096248331723598812e-01 -3.892388995152800124e-01 2.712439248943619763e+00
1.105705325108599091e-01 -4.814314282261800138e-01 2.836452355662720137e+00
6.998259735781799940e-01 3.335958499748299944e-01 2.875493091890939823e+00
6.848954827348696650e-01 1.721057946653400395e-01 3.052440130374990179e+00
-3.609446058165201032e-01 -4.325795685863300100e-01 2.669008076655399631e+00
5.957245891103799540e-01 -2.927851651516700238e-01 2.547095177752740192e+00
3.419376702626898412e-01 -1.150486690811070023e+00 2.820592287760529615e+00
1.228707957629079806e+00 -4.870049641099100102e-01 2.802934028237679787e+00
9.563838653602998452e-01 4.874676162569698823e-01 2.734854307751479308e+00
3.641487316593199353e-01 -1.262586324577769981e+00 2.700935047399200428e+00
1.190999623168639721e+00 -5.613812719530599793e-01 2.870063676753619841e+00
7.006011408459800194e-01 -7.008538701231001311e-02 2.245236810869479793e+00
1.002629799905139896e+00 4.899447861466600385e-01 2.667025736887399745e+00
1.055764832999399605e-01 -3.024731928041500262e-01 2.590907867940059894e+00
1.360170104423039872e+00 -7.529636185585598662e-01 2.564914228807219754e+00
3.458295829816799838e-01 -5.055763089681100109e-01 2.858254360593880161e+00
1.403028495440599710e-01 -5.071741481224499859e-01 2.947998755465540022e+00
7.441011450704397845e-01 -2.918467642382200355e-01 2.534627769563479571e+00
-4.298930544489998340e-02 -3.796618026790199996e-01 2.686535945720819996e+00
-3.447552248154012178e-02 -1.058306956529259990e+00 2.756671630954599550e+00
1.419526384402290065e+00 -8.073007275942100103e-01 2.708871203082769519e+00
1.259037883117390066e+00 -4.096748227780999674e-01 2.746304422989910066e+00
5.798462469788698836e-01 -1.324163998933600150e-01 2.316849784593790318e+00
-2.225970771835600326e-01 -8.343622867920299502e-01 2.789320512946439568e+00
1.035706412175930069e+00 -5.619516974352399830e-01 2.934774046281309889e+00
4.856844581498399593e-01 -2.676466061656300188e-01 2.565368736858840037e+00
2.687262753249399783e-01 -4.233991130155999594e-01 2.770141360249959384e+00
5.950852141115003935e-02 -4.844835095885400289e-01 2.846093582823689516e+00
1.250867270191349911e+00 -4.147293515994699975e-01 2.739298284570369724e+00
5.162668195011099748e-01 -2.896744566584300018e-01 2.586608341704069502e+00
3.726941270698199693e-01 -4.042999807678600011e-01 2.736362432683440371e+00
1.208489630687169969e+00 -4.304232648948200790e-01 2.822257474544250133e+00
1.548401576741490038e+00 5.695196314579399344e-01 2.915577941619769575e+00
1.055407103131559943e+00 -6.812523209734299146e-01 2.843562205990519676e+00
1.217518362049039959e+00 -6.785933294895299950e-01 2.771019910069140391e+00
6.847604570848599970e-01 -4.797763948563199543e-01 2.849275970145559889e+00
1.194390619681539922e+00 -7.320930260415500213e-01 2.785368625594859981e+00
3.585796230258997408e-02 -3.359472338464999930e-01 2.638697577781409898e+00
6.431724010590799123e-01 -3.547075251149700015e-01 2.604852524070440101e+00
-1.376920121429900112e-01 -1.678890227793800594e-01 2.494563953287770364e+00
1.545082384080199933e+00 -7.788472362667498983e-01 2.655862590208800000e+00
1.049795352476829757e+00 -6.326270544007699392e-01 2.866501406519189832e+00
1.037203593731789830e+00 -3.197592039177999945e-01 2.621129796170309501e+00
1.052622848966409785e+00 -6.266566505868199632e-01 2.860007160914309843e+00
6.782824483071199229e-01 2.119817311570799667e-01 3.121225596825599968e+00
-8.721977583125001265e-02 -1.008047136457940196e+00 2.843601445043689946e+00
1.991004130177599363e-01 -4.578153132558799854e-01 2.808137582713619906e+00
5.996130064838599560e-01 -8.690450924372999930e-02 2.351194282525919999e+00
6.036695396615099352e-01 -4.818096343622499944e-01 2.856531689279090180e+00
1.261800402735179905e+00 -4.880623715476000157e-01 2.711383921480420067e+00
1.219009707816419930e+00 -2.750852700856600275e-01 2.490113443537639970e+00
1.211914344878060046e+00 -3.590066126432400195e-01 2.700436688403379915e+00
1.207230861615580020e+00 -6.809747543511200929e-01 2.748442140009339951e+00
1.637709904930999993e+00 -6.775417814003699135e-01 2.685219608828919746e+00
1.240348583844779640e+00 -6.493627280797299450e-01 2.671211404813399692e+00
-6.299930565609007660e-02 -5.231143353671799945e-01 2.867959160745869873e+00
1.071827853752799209e-01 -3.022739113760899987e-01 2.591657988670259982e+00
1.495624056240919986e+00 -7.605241106413199725e-01 2.593348642975099594e+00
7.402706541200099188e-01 1.347964753544299565e-01 2.433804143330709824e+00
7.325984276237798021e-01 -8.010512854801999927e-01 2.955301736403719293e+00
1.065519764519170076e+00 -3.140464848020300126e-01 2.644196302869509463e+00
-2.078520816735001109e-01 -6.937582732983399447e-01 2.851168770028939647e+00
4.363509559923699488e-01 -1.283341742466799773e-01 3.555593865089409888e+00
-2.614311534645200608e-01 -7.946426643474199247e-01 2.844378898359539942e+00
9.812744447487300459e-01 -5.258741475177399760e-01 2.932677732357510170e+00
1.055041530054899868e+00 -6.325197792030100574e-01 2.866724330166260160e+00
1.161817272166999926e+00 -7.521115081640099564e-01 2.761450965617460174e+00
1.056613189253619689e+00 -6.760360672802300241e-01 2.839513857395259411e+00
7.702493243350900798e-01 1.434205452121899982e-01 2.446714899016769973e+00
1.681723229389159746e+00 -8.517708031765199861e-01 3.578049728734160162e+00
1.252024116272530074e+00 -4.265095004113999555e-01 2.760242072113069600e+00
6.802686722949797815e-01 -7.065445812803700099e-01 3.057663178638340362e+00
1.185497894303980004e+00 -7.112532936889399693e-01 2.797018566802860207e+00
1.043957138773789817e+00 -6.729201839996400425e-01 2.829343445570449589e+00
8.241742693891500604e-01 -1.719454131561700128e-01 2.462500518372769953e+00
3.532116017872400926e-01 -4.984088825660999977e-01 2.872323824844960072e+00
8.319300614533000626e-01 -5.579244620034200519e-01 2.988277995035019785e+00
6.397710848756599233e-01 -6.663071896885499612e-01 2.792472876616040267e+00
5.964178987835699886e-01 -2.914677122154400446e-01 2.546720429391270191e+00
5.433900210234099415e-01 -3.619464479003600133e-01 2.693828061634149673e+00
2.812770070955800117e-01 -4.234262024275700087e-01 2.783118770477440052e+00
-3.710479726059007222e-02 -5.651385930250899525e-01 2.860377215712929910e+00
1.282622201892400504e-01 -3.590769069476300035e-01 2.676969956267140294e+00
1.697996016039098333e-01 -3.696672922285699769e-01 2.707970519968009970e+00
3.998654608130900456e-01 -1.083572025453090060e+00 2.672738006848149883e+00
-6.251336376516997140e-02 -5.293145670838200756e-01 2.890902211483890039e+00
1.207062534361839745e+00 -5.621569987624699394e-01 2.837870765936179929e+00
6.282958936232601044e-01 -3.041359296823800129e-01 2.524349615271220149e+00
5.751429258191799176e-01 -8.052176864090000441e-01 2.794414296461619873e+00
-2.028131506410124629e-03 -1.100986113492430141e+00 2.894597532178289523e+00
-9.518966174948001457e-02 -1.156993356535039874e+00 2.734272823437919886e+00
-4.776607164752993961e-02 -3.750975081635800068e-01 2.686653544319209885e+00
1.055849470731230033e+00 -5.134590918959099914e-01 2.964784276511829741e+00
-3.541931526086499193e-01 -5.407152956575800307e-01 2.636616316211730204e+00
3.956865978757300173e-01 -8.910913233241399833e-01 2.701563080518210036e+00
-1.980128351012001020e-01 -5.565106335873799548e-01 2.895350400648179612e+00
2.257965028380000128e-01 -4.485789652990299636e-01 2.804358879410880245e+00
6.267189220179991693e-02 -3.436253875864400120e-01 2.648561019131540295e+00
-9.555994647901006056e-02 -1.113015538587599940e+00 2.935089376501910152e+00
4.049708702179198871e-01 -1.093732704284590129e+00 2.836634315850119936e+00
-3.733052461460600324e-01 -5.629239450721099658e-01 2.655539406047020101e+00
2.188867344024998385e-01 -4.105642669727599947e-01 2.737617809067860009e+00
-2.983957685025800388e-01 -1.880484857180299563e-01 3.341193603164459347e+00
4.096697413152499134e-01 -1.410603445375200327e-01 3.483870651017869857e+00
1.336986306003899450e-01 -4.768586636757099484e-01 2.833237412161069724e+00
3.825310376061898943e-01 -1.205694127464070009e+00 2.698007541189729519e+00
7.657921784730499226e-01 4.045478195439900504e-01 2.758598536554910385e+00
1.397531059937940245e+00 5.163580347251600644e-01 2.758462357656199959e+00
5.725395247441799063e-01 -1.325414757679000133e-01 2.299975364619720075e+00
6.210936888971000380e-01 -6.130993345061099831e-01 2.926407650467360178e+00
-2.980196299072800370e-01 -1.969628351107900466e-01 3.340181507973019936e+00
9.666285454399499155e-01 4.920856975621399343e-01 2.748576974391910177e+00
5.944066786499996313e-02 -4.842409276614699776e-01 2.817724056176619474e+00
1.286792910988749927e+00 -5.304485367676700092e-01 2.692434024467569298e+00
6.964550840011398680e-01 -7.125783338016002111e-02 2.671247327285720008e+00
1.242333002373559925e+00 -5.870992708748700162e-01 2.712488605934459951e+00
3.572595733639498672e-01 -1.118261127525610021e+00 2.658196641993709974e+00
-2.829428177581100323e-01 -3.700633358216299795e-01 2.678296502336690033e+00
3.578549258540699718e-01 -1.213454987603320046e+00 2.759348242088849990e+00
6.900100066826799772e-01 1.981890717483999476e-01 3.147635254338019717e+00
3.857981412303800317e-01 -5.751628756224300698e-01 2.821487551495399870e+00
6.356203687884900422e-01 -6.709538489052400134e-01 2.790150830110549762e+00
5.871055534769098472e-01 -7.855889180893005364e-02 2.347582776796770077e+00
-4.128264414126200377e-01 -4.436501295837200209e-01 2.668553980793139768e+00
-3.529526745122100184e-01 -4.352403484322500127e-01 2.666910570060409658e+00
3.416883624938099606e-01 -1.078221446329120203e+00 2.925772706714410365e+00
5.324774955906499407e-01 -7.480373366681999370e-01 2.859399903726349113e+00
-2.460642663843199685e-01 -8.411685474649099881e-01 2.772606115227979728e+00
3.595128457253098375e-01 -4.101771594242800134e-01 2.749446921065169303e+00
1.438424173620979740e+00 -6.705906085562400865e-01 2.650717017046759771e+00
1.353958064245059933e+00 -5.469838684467800416e-01 2.658528451646720026e+00
7.719194678726200021e-01 2.350932164517399725e-01 2.511249798844939818e+00
1.455016114686809914e+00 1.163649014812996596e-02 2.308991754993309886e+00
6.838551931648980897e+00 -1.563077773560940242e+00 4.891970390541360736e+00
7.818520420563590534e+00 -1.034093700806699934e+00 5.626731619063409795e+00
5.046087726664498785e-01 -6.433523926734400211e-01 2.912589984555890243e+00
-2.397135768021500246e-01 -8.490013902083000108e-01 2.803788411635149469e+00
6.633261510170499697e+00 -1.510636230290420157e+00 5.780970681793820454e+00
2.690121749619509117e+00 -4.565427404855440408e+00 7.207782703743830233e+00
2.735529676774380192e+00 -4.307205266477950545e+00 7.182722661580521084e+00
5.441570763549580469e+00 -3.340616067574369463e+00 6.039183913585840280e+00
7.583997070116860861e+00 -1.943803434286050402e+00 5.050532107909540436e+00
2.688777426483739852e+00 -4.574540862671610419e+00 7.216916557683020095e+00
5.451591943312320332e+00 -3.349819737848769741e+00 6.053353870527000247e+00
4.387897505892110139e+00 -3.409325355941429603e+00 6.067884157432170689e+00
7.178794649269899075e+00 -9.942638291581999965e-01 5.297224599521300092e+00
6.927503830578969790e+00 -1.313286102289580093e+00 5.129393174826910595e+00
3.426802510832399618e-01 -1.147586570092510083e+00 2.821886057194720188e+00
7.313978887088619096e+00 -1.004371837359230302e+00 5.371141435125360353e+00
6.958205996442509367e+00 -1.323405967148800100e+00 5.160097331379189356e+00
3.641535673480219337e+00 -4.058964132688860360e+00 6.925668076555740349e+00
7.038709216062930096e+00 -1.320218267796579914e+00 5.181113918985050582e+00
6.755337781176049106e+00 -9.881475896671199077e-01 5.206222154698669335e+00
4.459753415235690355e+00 -3.962449448767929816e+00 6.870835768114091024e+00
6.853383946120450432e+00 -2.003035587355009639e+00 4.711276508494010251e+00
7.099277931201629421e+00 -1.602122993825560116e+00 5.015616054600930518e+00
5.825779362927498983e-01 -8.089743596775002266e-02 2.342730279431350038e+00
2.532783968226549831e+00 -4.621370655795650428e+00 7.273073786849050926e+00
9.909209414823099138e-01 -4.904167467971210392e+00 7.332133843768049886e+00
