4.477375233147999900e-01 -2.460492191796800066e-01 2.794703659142120600e+00
6.535683480836600445e-01 2.141848168586799606e-01 2.792925662887060234e+00
-3.058966027943200161e-01 -1.179053093878560166e+00 3.031765556018330088e+00
4.394084645865198313e-01 -6.664306185964000706e-01 3.141832093106309731e+00
5.007048890286599496e-01 -4.744623028572400592e-01 3.179501815802030507e+00
6.060068402940600452e-01 -6.588811422174800647e-01 3.266915668993300326e+00
-5.227370402722200105e-01 -3.520324887545200343e-01 2.879966443260140174e+00
-2.308815444319600729e-01 -4.899535905330399954e-01 3.116423538458779952e+00
1.053290692879740309e+00 -7.197331370538000428e-01 3.079920412083490433e+00
-3.492084666636001700e-01 -9.745886515643200632e-01 3.055962354297899974e+00
-5.362364477884007385e-02 -3.453211783892000120e-01 2.981921880353869625e+00
-4.295633771681000024e-01 -4.667983735526800015e-01 3.190333053933450458e+00
-2.465387009034800958e-01 -7.405819086396000506e-01 3.035232787858749948e+00
-2.649714598947200406e-01 -9.943141191889599551e-01 3.093746488191949862e+00
5.162016113430999420e-01 -3.627442389898000163e-01 2.937061039300540077e+00
1.106905681049680013e+00 -3.562174711611200140e-01 2.916316444634659888e+00
1.029725600143359898e+00 -4.664247574660800311e-01 3.199559210342790116e+00
8.475882505840200976e-01 -7.055457905429999288e-01 3.220044852832170346e+00
4.185954038339400052e-01 -5.615444734223600243e-01 3.228480247287150551e+00
9.128632951841991749e-02 -1.114901968119800024e+00 3.160558420686149894e+00
1.036320080732600069e+00 -5.381186102848800612e-01 3.193927908797810300e+00
-3.841098404698600199e-01 -7.536713114834000526e-01 3.052122509035210651e+00
6.237910548766000263e-01 -3.241525892160799782e-01 2.879411520180620077e+00
1.071316384765820029e+00 -4.635075644459599742e-01 3.136265336963520500e+00
1.604419788709999239e-01 -4.663332135631200193e-01 3.174958493581160113e+00
3.411264501867798948e-01 -5.373562850251600853e-01 3.311564768657300206e+00
-4.216530078089201217e-01 -7.532282562447200069e-01 3.060224603779420072e+00
6.084807084396399723e-01 -1.157003316472799970e-01 2.559687250445420226e+00
-4.374508262914400536e-01 -4.752328563289600072e-01 3.165427521000149902e+00
-3.728841844784003268e-02 -2.674664430915200120e-01 2.855484742539490028e+00
6.016324535929600259e-01 -3.192318100480000531e-01 2.865212211212259774e+00
1.030526243553040011e+00 -4.714298664464000033e-01 3.205970500884740115e+00
-2.013111671103600120e-01 -3.237292012056800505e-01 2.939779703369880259e+00
1.203064845512419989e+00 -8.804028575775600940e-01 3.140201350984290318e+00
1.079456921477540021e+00 -4.681309023481199927e-01 3.136068605037559909e+00
-4.337894882439601307e-01 -7.516098795970400648e-01 3.051350634495990199e+00
8.249806675548999602e-01 -5.855071246278000796e-01 3.309419791360090013e+00
3.450741641633999768e-01 -2.694037180370399964e-01 2.867414870383730108e+00
2.775122461515200367e-01 -5.967564944894400147e-01 3.270893342833360418e+00
9.498130060431997368e-02 -3.896475620987199795e-01 3.057826221984029758e+00
-1.256158992208200598e-01 -4.257853415219600146e-01 3.115298371691610058e+00
8.291229517544599359e-01 -6.552990207041999859e-01 3.252014094405099698e+00
4.886687819025199442e-01 -3.674298808215200052e-01 2.928345049579450077e+00
6.095100832071599362e-01 -4.348023346789600119e-01 3.064999967428780003e+00
1.040400360912800415e-01 -1.177792887593919868e+00 3.095063358001940657e+00
1.335368964270200021e+00 -8.673964232915999384e-01 3.098845870169049999e+00
7.801352602903398603e-01 -5.778325655919600568e-01 3.300495729543050594e+00
8.807598725792199490e-01 -3.675256029153199933e-01 2.983222203312579701e+00
5.287086875415999421e-01 2.291730213161599639e-01 3.409460764146320155e+00
5.065462126936199905e-01 -3.690812234893999788e-01 2.946457101732189887e+00
4.510479536166799308e-01 -2.378660783109600163e-01 2.795062295283619935e+00
1.894820635219995886e-02 -4.147566097843999877e-01 3.090452164916929867e+00
-5.865834010071000471e-01 -3.505042256302000059e-01 2.876920158062360233e+00
4.964920580732399280e-01 -1.156056061291999837e-01 2.655431713767239632e+00
4.125686074516998758e-01 -4.720614018370800080e-01 3.181956592150799956e+00
1.031568210658760254e+00 -3.953562410229600199e-01 3.066335675724900067e+00
1.042221177578519953e+00 -4.167841733466399745e-01 3.082507823678220404e+00
3.416484291833599141e-01 -8.234631267635199592e-01 3.101078139776709985e+00
5.229419502645199502e-01 -5.820836811407199551e-01 3.132337299609900150e+00
1.910578909637799527e-01 -3.877198943423599831e-01 3.050781062279869893e+00
-3.855208882554199690e-01 -7.552857761278000126e-01 3.048799009352309852e+00
5.365267839942600148e-01 -5.608712522477999896e-01 3.247620826244930203e+00
-3.575105568264003164e-02 -2.673614853183999829e-01 2.856383686679980105e+00
4.204113890001799358e-01 -3.570206000583600048e-01 2.988824869582360488e+00
6.494908890292599990e-01 9.766811766203997713e-02 2.738292829697560382e+00
1.242499840758319873e+00 -7.527639497264000390e-01 3.067497891129180143e+00
1.091905080873119882e+00 -4.414568308393600482e-01 3.111041396496890155e+00
4.965839723029399355e-01 -5.445105303102799610e-01 3.206105822635589853e+00
-4.067683984927600305e-01 -7.487826052560800916e-01 3.034646628819929859e+00
6.654809752881996054e-02 -7.692444092301999881e-01 3.003085864162799989e+00
-1.803745038714000271e-01 -3.302124098138400354e-01 2.948170199703209704e+00
6.636206384123993773e-02 -7.707691391947999460e-01 3.003567027798720090e+00
2.368611438263600322e-01 -2.032163338197600089e-01 2.814145235283970425e+00
1.581952058567399622e-01 -9.196590995615600006e-01 3.064180326659879494e+00
8.437796353918399772e-01 -7.075455273052799754e-01 3.224096487072889872e+00
5.164624177277998829e-01 -3.638680057258399936e-01 2.940256929800159735e+00
8.176791512757001223e-01 -1.889309060882800317e-01 2.747310275178730610e+00
4.365163606753991177e-02 -8.993750036748399124e-01 3.119754207613040009e+00
2.509273739467993147e-02 -4.141878968133600458e-01 3.098037348215370024e+00
1.204066779817199784e+00 -8.860017687107200057e-01 3.157241863491650147e+00
5.628849162179400123e-01 -3.260486187935600633e-01 2.880277039400500616e+00
2.301226407780399552e-01 -1.011061605518159823e+00 3.269823743567650265e+00
1.427433249505940083e+00 -7.872322925298799179e-01 3.116426019432749772e+00
8.578170982534000233e-01 -1.808193794608800031e-01 2.782660663799520151e+00
8.063539819713999579e-01 -6.614834280762400542e-01 3.240704517157549702e+00
9.208871907541399393e-01 -5.986824056806799854e-01 3.268738627616289971e+00
9.721136801913198289e-01 -7.573317861667999695e-01 3.197468067456620044e+00
4.546695166218999162e-01 -3.018224595606799898e-01 2.860772785866900314e+00
4.046969320706399476e-01 -5.655505428975999838e-01 3.169793664516070475e+00
-4.448789643056005882e-02 -3.404621853697600287e-01 2.985208693685610370e+00
1.453674225259199981e-01 -6.370386925889600649e-01 3.062365569388670661e+00
1.613484345701600153e-01 -4.645534411147200227e-01 3.172673967623440117e+00
6.166428353519398664e-01 -5.590514229066800844e-01 3.324326615629309867e+00
6.183432653668399226e-01 -5.590755650608800753e-01 3.341138112267080018e+00
3.427839196698798663e-01 -2.646643453477600105e-01 2.866030691710180101e+00
4.364735313484400248e-01 -6.631926355800800144e-01 3.133545790433859946e+00
4.548235096274999556e-01 -2.644881617361999893e-01 2.821353787123060286e+00
3.804677250095399588e-01 -3.591446646369200191e-01 3.006763518925570366e+00
1.061448990532399828e-01 -3.898918096447200332e-01 3.072012455110580298e+00
8.327893670819930261e-03 -3.316949832615599947e-01 2.982516886955500102e+00
-2.856212453729200518e-01 -4.512577234981599572e-01 3.140835872241860116e+00
1.696205102825399935e-01 -1.064305612903079901e+00 3.015652078860300289e+00
-1.502513814991800756e-01 -3.187242874133999759e-01 2.943180924262839948e+00
-2.552269105625000201e-01 -4.559681127221200114e-01 3.149895525019070330e+00
-8.724468029480070275e-03 -4.168396599455199691e-01 3.102146099092740084e+00
-5.704109961107400872e-01 -4.009931112514000251e-01 2.850051628606210308e+00
-9.151026348483998207e-02 -8.868447903135200372e-01 3.069415223142860416e+00
-1.393246034305400116e-01 -3.802924707036400287e-01 3.030626394078689945e+00
-2.074549895540999944e-01 -3.183258236818000131e-01 2.930049664034120482e+00
2.781326743120399181e-01 -5.922324254573599900e-01 3.261589287572179696e+00
4.491789004680200037e-01 -7.414330332898800835e-01 3.210582911057060063e+00
3.369861995750399464e-01 -5.359915464334400470e-01 3.300923135943100384e+00
-2.056060264660999892e-01 -3.187512090758800598e-01 2.939117970639430144e+00
8.467619665329401135e-01 -5.370336824766799300e-01 3.338295210721970108e+00
-5.204573019588201177e-01 -4.588560944021200516e-01 2.867915199462650389e+00
-4.186425625024000619e-01 -1.097875484305439908e+00 3.176074934874660194e+00
1.034870370765799685e-01 -1.052791508679800092e+00 3.223848576085739825e+00
1.815465240129399693e-01 -8.706802578994000674e-01 3.031905026765700395e+00
-5.725656671763801331e-01 -4.010805592734000280e-01 2.796976900473230554e+00
-3.424421679290600706e-01 -1.015591593015559901e+00 3.054485610245679883e+00
4.666177499275997453e-02 -4.082901437303200209e-01 3.088898815068270576e+00
-5.247633918638801021e-01 -4.937676640288800600e-01 2.938066638426850119e+00
-5.759234592511399686e-01 -4.924945483915600386e-01 2.905764891772159686e+00
-3.890021317544201107e-01 -2.585201428130000090e-01 2.929680265010900175e+00
-3.494912377727800723e-01 -1.029551107376120100e+00 3.226499433794379534e+00
-5.049598851012000456e-01 -1.147672378313119967e+00 3.021698983936099925e+00
-5.086614063869601132e-01 -4.904124591331200378e-01 2.902038587770749967e+00
-4.175153989014800948e-01 -7.551585127532000064e-01 3.055854128081449961e+00
2.506973901821200057e-01 -5.827862158618399846e-01 3.339540231332640108e+00
-4.992447418144000948e-01 -6.325469983327999812e-02 3.551264222728429676e+00
1.927358685380999304e-01 -7.101808879228002636e-02 3.763452889412670199e+00
9.064384892847400232e-01 -2.669265903847600208e-01 2.937145612564109776e+00
-4.014678171590201350e-01 -1.282384863414840037e+00 3.219971008338180063e+00
-5.158389914679000210e-01 -4.582734652065200143e-01 2.860292595998489951e+00
-5.271880405027800087e-01 -9.893077547127601123e-01 3.155643097145680365e+00
1.050466447446999907e-01 -9.958456225430799558e-01 3.000959439663450468e+00
1.545189226364999113e-01 -1.140602551917719865e+00 3.090528772252750134e+00
1.119022610276999563e-01 -1.156120970205879894e+00 3.178048289395499548e+00
4.607274309781599353e-01 -1.172349054540800101e-01 2.989379244522979651e+00
-1.443318419786800144e-01 -3.769874914780000363e-01 3.018759932082510478e+00
5.184919848566199585e-01 -1.796741265947600086e-01 2.618953463379159796e+00
-3.528101821297801033e-01 -1.090145763386120015e+00 3.007042615973210431e+00
1.571365342628599504e-01 -2.317661447361999971e-01 2.806268863792300117e+00
-2.036398584095999720e-02 -2.785530333096000177e-01 2.889604232530030625e+00
7.799945158075799467e-01 -2.816411934045199850e-01 2.925060143540220370e+00
1.100351062676740099e+00 -5.944774792074799530e-01 3.092956794742680149e+00
5.547182773817199708e-01 -8.725427250952000335e-02 2.969569361115639961e+00
5.627648827815999732e-01 -8.600750551536001653e-02 2.982217595861810011e+00
6.085531552275599276e-01 -1.127065874920800126e-01 2.562320320262529982e+00
-4.372183339999800578e-01 -2.928786724532400632e-01 2.906108227061110050e+00
5.363989826400398231e-01 2.162922723685599680e-01 3.437748370358309824e+00
6.608934786075200130e-01 3.084438074580799771e-01 3.024233303575389886e+00
4.321332235826599311e-01 -6.675951270346800470e-01 3.131098019212830152e+00
8.904976628666799732e-01 -2.583697038371999821e-01 2.896063104862129922e+00
-5.730605109139801367e-01 -4.049252879191599930e-01 2.854742965188520554e+00
4.464459750627599588e-01 -4.478742766475999892e-01 3.168776724366999975e+00
8.152281063851990472e-02 -1.017062082658160005e+00 3.218928204682069527e+00
8.788003963901991344e-02 -1.035576598573960005e+00 3.260464025539099975e+00
1.127871951916020077e+00 -7.204557171774000901e-01 2.966002052107200360e+00
1.036686294524620244e+00 -5.145728999624399336e-01 3.201760920815230449e+00
1.882087341244599310e-01 -3.862837060457999794e-01 3.045884203609569685e+00
1.396826259197720077e+00 -8.661825145834399775e-01 3.117970198693460482e+00
1.198973288408599625e-01 -1.032769383228999915e+00 3.039049223591370197e+00
6.397236626101200363e-01 -1.502031400716000165e-01 2.785241441064170154e+00
-2.708699880955400818e-01 -8.959556486499599126e-01 3.049737122722919747e+00
-4.535862845565399870e-01 -7.635524387854000228e-01 3.064843596507589751e+00
7.338250095071400247e-01 -1.167433770545200089e-01 2.565692876175519999e+00
1.059562743331119883e+00 -7.201991807718399752e-01 3.037939037962429811e+00
