5.774373243278798640e-01 -1.331141697459199968e-01 2.318094386247000038e+00
-2.586536082056301589e-01 -4.723009333508800256e-01 2.538614213706309908e+00
5.788854318941198951e-01 1.183885088759900200e-01 2.368391844808610536e+00
4.237610898931010173e-02 -1.196629223969750022e+00 2.596130884796020055e+00
7.029592139187998967e-01 -5.693874697004399632e-01 2.620084373249830012e+00
7.387188321954401005e-01 -3.723989586164300203e-01 2.664185093007380267e+00
1.277696663107270147e+00 -4.373872813040100005e-01 2.480000528252400471e+00
8.901833334052298152e-01 -5.420325693906500319e-01 2.714250142209569727e+00
1.294234135577050138e+00 -5.104243101098799862e-01 2.445605481609830267e+00
-1.717361979307990838e-02 -1.033771790917739963e+00 2.621497352010460080e+00
7.007052939804998548e-01 2.708240351617299813e-01 2.881005700765910227e+00
-1.639838738797994022e-02 -3.286301527930400312e-01 2.565784171065360386e+00
3.020738386614996163e-02 -7.556310411486899525e-01 2.630261754554420239e+00
6.895946450452001830e-01 -2.447158535963500081e-01 2.434440784432889693e+00
1.256675155394920029e+00 -1.336048732456399657e-01 2.310029198391660099e+00
1.253596396427379966e+00 -2.731588537472399714e-01 2.590821094053630258e+00
6.824997628744600142e-01 -4.754060295695700655e-01 2.718527706214399764e+00
4.413016445513500141e-01 -1.072148486249040022e+00 2.657938531140170202e+00
1.270406811449230178e+00 -3.420951975577700144e-01 2.577389843076640208e+00
3.685696656531699533e-01 -1.314553572947900206e-01 2.376884869320679883e+00
-9.770793894589996365e-02 -7.936317297574300156e-01 2.669960994816400479e+00
7.766137078487800327e-01 -1.843500743901199668e-01 2.362524679124700100e+00
1.281342472879209993e+00 -2.590440477845800116e-01 2.521717220235800472e+00
3.169708086627999188e-01 -3.521648763785200087e-01 2.631574879935909994e+00
4.070132066079699129e-01 -4.236866903585299604e-01 2.720811107032029774e+00
4.373624102820099502e-01 4.614609883498900778e-01 2.699186112711089880e+00
-1.325940821763800237e-01 -8.002759744896399408e-01 2.684594537256220104e+00
9.600521499878797993e-01 6.156821012708201257e-01 2.475625569388969716e+00
-3.824225129996899897e-01 -4.688845319054499861e-01 2.539670686992769877e+00
-1.320110605703012085e-02 -3.312220700609500024e-01 2.566228202836950079e+00
1.227234603990700057e-01 -2.428681665843500093e-01 2.461595404197220116e+00
1.256396637259149962e+00 -2.783385169931299474e-01 2.596489121798730260e+00
1.588320674382992514e-02 -7.567839576309099980e-01 2.627635691371309701e+00
6.879439528715198815e-01 2.172067684514800145e-01 2.421085569199189713e+00
-1.103652821941997209e-02 -3.321456706584000051e-01 2.567955137540000266e+00
5.494590711231994717e-02 -1.008714140507020129e+00 2.626710620193830170e+00
1.289930301348820141e+00 -2.621495063431099615e-01 2.519646562794070288e+00
1.246207149373329992e+00 -4.209723098057899793e-01 2.659978177172760194e+00
-1.462991306542101300e-01 -8.002538192196899658e-01 2.678204564424019996e+00
4.196855636683000101e-01 -9.886837474593499486e-01 2.728376957956349713e+00
1.095345780750699882e+00 -4.328915319934500405e-01 2.723533793040740392e+00
1.281612321870729820e+00 -2.677561662501599660e-01 2.513261445695000429e+00
1.099606543733350206e+00 -4.971421736667199220e-01 2.659994967409160083e+00
5.294525392829498855e-01 -1.983832788038999984e-01 2.423629671536229768e+00
4.080197152216000767e-01 -3.250859746573400710e-01 2.582937251517010591e+00
1.247621845350340264e+00 -2.874180871950899885e-01 2.599182602446410417e+00
1.116394384508949900e+00 -5.494917018242899687e-01 2.629184906246579967e+00
1.271213816218390136e+00 -5.336811149975699831e-01 2.543566668020570631e+00
1.494716785011995785e-02 -7.537530538976200400e-01 2.633405722880240329e+00
4.398635383678000110e-01 -1.070291255825949861e+00 2.644140360676470181e+00
7.532349077005600080e-01 -1.887505070972499421e-01 2.368016882710989979e+00
1.229776695528489894e+00 -3.692907596482400412e-01 2.662431197196850619e+00
6.620196996105700560e-01 -2.535926888058699924e-01 2.430341460332740233e+00
8.159062371489098631e-01 -3.072061628893100194e-01 2.536458191288550434e+00
4.512535848852701204e-01 -1.127603947206690105e+00 2.585597818147490123e+00
5.681443861035995191e-02 -1.005523260658810036e+00 2.648966663724690029e+00
1.240087470217810184e+00 -4.137036887480000646e-01 2.637326422842510176e+00
-7.296496221079973310e-03 -1.091248006508229951e+00 2.797789571274849951e+00
7.011659890039001475e-01 -5.699631002548999348e-01 2.615559444782080245e+00
6.968370083100399182e-01 3.094508628208400003e-01 2.950706968252760465e+00
-1.629442352798005089e-02 -1.034725298211280009e+00 2.622963708748990097e+00
-4.365383701654990123e-02 -9.975596697262599788e-01 2.648485470940300068e+00
5.793994525393599826e-01 -1.245167442922999745e-01 2.318628894516160166e+00
2.455994974537000219e-01 -3.924782654569000107e-01 2.667956599283430208e+00
7.676596588499799978e-01 4.426796631131400539e-01 2.573733163455389938e+00
5.771865874649499961e-01 1.232097575277003865e-02 2.185287095977729965e+00
1.287851323710759832e+00 -5.021157860523000060e-01 2.442943716157140344e+00
1.218537359944600107e+00 -1.287516149301399793e-01 2.269729655565809967e+00
1.235423830170640169e+00 -2.148577477097000088e-01 2.478606594467680502e+00
1.259289868649920319e+00 -5.366460757296200867e-01 2.521880544998740259e+00
6.445791840124599492e-01 -7.363727417728298530e-01 2.597069931392030018e+00
1.193658536823190008e+00 -3.562894739040399772e-01 2.689321770687279844e+00
1.283345590183510021e+00 -5.018800706203899731e-01 2.442676151829689779e+00
-4.860407129300026163e-03 -4.783397169939100357e-01 2.748184332685630338e+00
4.779253030161401128e-01 -2.918903919006600178e-01 2.603730000278540402e+00
8.083561870072601963e-01 -3.081521671630100268e-01 2.534122719051440153e+00
1.538955454041939896e+00 -5.923102042198999939e-01 2.342321662281909855e+00
4.478834326355498607e-01 -5.275209170384099755e-01 2.660502629373480588e+00
8.996843119221700213e-01 -6.058702386237400095e-01 2.683293631033670135e+00
5.896511249706100077e-01 -2.806907644924100387e-01 2.539178992296579729e+00
1.480407284736250162e+00 -5.089809531493899586e-01 2.396790244776350054e+00
1.292937448476310092e+00 -2.321924638406300256e-01 2.495431757293220532e+00
4.171437664931800793e-01 -7.621447873512199322e-01 2.474484273671550216e+00
1.270544724931630176e+00 -5.595883334982898472e-01 2.296072524376590263e+00
1.235467065438760059e+00 -4.131802139309300181e-01 2.638730086969180544e+00
6.992783784656499968e-01 2.976436918215899508e-01 2.319918460388670223e+00
8.177965095253902916e-01 -3.104432477625500564e-01 2.540758486002800076e+00
3.700461312868600361e-01 -1.291591057838599732e-01 2.378548709929189986e+00
1.116857845876029875e+00 -5.441617575567500031e-01 2.625131516582860147e+00
6.906366769119398619e-01 -2.459747488407599825e-01 2.437419700388000265e+00
1.261154589615430144e+00 -6.250330949699799410e-01 2.524269679681510059e+00
4.799011192013500349e-01 -3.179307721534900266e-01 2.586013631014090208e+00
1.249296416426320055e+00 -4.217159454781899686e-01 2.644189171305560304e+00
6.689755121811700178e-01 -2.515065714219600346e-01 2.426423829845760327e+00
6.980179232575298709e-01 -5.662001475812499240e-01 2.612791513606329996e+00
6.058995225596202072e-01 -1.936285746959300336e-01 2.377243164865060265e+00
3.225446025678700979e-01 -3.516279166645100429e-01 2.636775777238990148e+00
2.014179577941098698e-01 -3.059566709483800273e-01 2.571914649533780128e+00
7.340723729568698896e-01 -3.985086479863400033e-01 2.683361939140290087e+00
2.198354829191200288e-01 -3.596690249232399883e-01 2.627559198976780142e+00
-1.991416503680065730e-03 -4.846899931813300477e-01 2.770911087215240265e+00
1.074500896556589868e+00 -4.270173451691099964e-01 2.713049216243129891e+00
2.103203758377699684e-01 -8.743503663524500036e-01 2.622508073466690348e+00
7.538484935194000869e-02 -3.825683496949299767e-01 2.640644596549539980e+00
1.019420135776898384e-01 -1.050000945506400107e+00 2.760817518832719752e+00
5.576981235345099819e-01 -5.322214627536699938e-01 2.772973030217430246e+00
-1.612044079231994553e-02 -3.279647672409700121e-01 2.568536511221160445e+00
4.650260412805000687e-01 -8.083197782977299406e-01 2.538882151597390280e+00
2.711062548516700588e-01 -3.811761559186500059e-01 2.662131006328300575e+00
7.522180993702598517e-01 -6.402689719244000210e-01 2.677464051344180529e+00
-4.978184314415012857e-02 -1.147855006315690041e+00 2.766709834222120357e+00
4.776744136594001100e-01 -1.192815852973120094e+00 2.549216119896089872e+00
-4.042067156222006741e-02 -1.048521985817369995e+00 2.705924859395319793e+00
-3.657418429327996545e-02 -9.996189565559099321e-01 2.662615025064170027e+00
7.388718551737900597e-01 5.114470249922000722e-01 2.585099761344000324e+00
1.358043579173380033e+00 6.716614728177601190e-01 2.534570043488369784e+00
4.090147949532700888e-01 -2.969171371858100317e-01 2.563345129523370236e+00
9.309218534859400318e-01 6.143057393221700302e-01 2.559891862659950057e+00
1.473964592350001102e-01 -2.529381901013800227e-01 2.490977816700170600e+00
3.392325334079498989e-01 -1.368215425887999992e-01 2.329812182504439999e+00
1.322209152963130130e+00 -3.799326139837999050e-01 2.461820374837700331e+00
1.284020222761810048e+00 -4.400227254549100020e-01 2.484601049308730047e+00
1.214504195643310025e+00 -4.283334732626300489e-01 2.666233266570700255e+00
-9.895436715032013275e-02 -7.938314838568999443e-01 2.666420570872720219e+00
6.940538421593800411e-01 -5.711321336186899744e-01 2.610748633859520940e+00
7.652111339442400073e-01 -3.886702994990998833e-02 2.266443083887790255e+00
6.714538672959700083e-01 -2.564014775603200014e-01 2.457201004113600096e+00
8.634468414710199102e-01 -3.108191602411199961e-01 2.593065311765729852e+00
-3.164219468651299216e-01 -4.112945919412600015e-01 2.573113809824520093e+00
2.298553098895299573e-01 -1.069882130381489826e+00 2.831599819128070017e+00
-1.704923575270699820e-01 -8.086998197963100043e-01 2.663380326808189924e+00
4.436895475354299956e-01 -8.870835824082199395e-01 2.571799164471260113e+00
1.387374857543200113e+00 -3.909311389761000455e-01 2.422239745119830090e+00
1.468180570673410124e+00 -6.504579471562500492e-01 2.475489015654850355e+00
7.100566962482800726e+00 -1.000879682638339707e+00 4.179760502794390042e+00
8.095286799620920348e+00 -4.044917490859696874e-01 4.839222526817418490e+00
3.400483183909240203e+00 -4.335044266896970200e+00 6.783466760959529829e+00
3.423848866821490589e+00 -4.073873608403049573e+00 6.758718159465689546e+00
5.943575484354670202e+00 -2.891143437141470152e+00 5.410845681496990522e+00
7.883458624522329927e+00 -1.324366970764170315e+00 4.270419186789180088e+00
3.400603371840010603e+00 -4.344316027393610113e+00 6.792539225059719854e+00
5.955415462295289508e+00 -2.899673527089110081e+00 5.423997553951360295e+00
4.904270726054050122e+00 -3.041197663877760249e+00 5.525306780873480150e+00
7.429132247403999578e+00 -4.111768197932997304e-01 4.564261125243200823e+00
7.638212591725208611e+00 -1.755048333378702030e-01 4.342921129149900139e+00
7.570387716333129902e+00 -4.114889103926100966e-01 4.626610490077109894e+00
5.561951992323039384e+00 -3.368791073817230419e+00 6.062321075543300353e+00
4.961253629869149862e+00 -3.528172911850690152e+00 6.147680794021109563e+00
5.084769565097889910e+00 -3.594325613523739804e+00 6.310997793480769502e+00
7.133727587877490173e+00 -1.436739398989699712e+00 3.991718387253949896e+00
7.901130076365701083e-01 5.837245501804001757e-02 2.055199121603580092e+00
7.372912842710380055e+00 -1.020802667741909531e+00 4.280862546177040429e+00
5.095611718480900443e+00 -3.610735205487499933e+00 6.309853153109510338e+00
