-1.477254929119710125e+00 -3.581481516146200472e-01 2.897354916165890248e+00
-1.557101551329810096e+00 -1.110694519601419961e+00 3.028351210794349768e+00
-1.691675981077499946e+00 -9.331035997893200040e-01 3.253981995627790447e+00
-1.271812026102419946e+00 -5.216935093930800127e-01 3.231173755917140067e+00
-1.019132469577749944e+00 -4.610751563333199687e-01 3.177247383678719839e+00
-1.458968389471090088e+00 -4.202447023996500608e-01 3.243578727228620284e+00
-1.864375129364310046e+00 -3.626177107821000334e-01 3.214381575668610047e+00
-1.515133304698520034e+00 -6.883441704011500351e-01 3.084772740957420378e+00
-1.485908317168270099e+00 -9.695140271869199244e-01 3.132809797911659366e+00
-1.246503264540509859e+00 -1.223411315395030119e+00 3.288200403240580272e+00
-1.483249155785830053e+00 -7.013377887039999870e-01 3.089107431055449826e+00
-1.705408262834070099e+00 -8.434518633912599928e-01 2.954171730721760092e+00
-1.237109667623010001e+00 -1.344326980219930023e+00 3.175645190557089936e+00
-9.444472857432200108e-01 -6.577862137589899350e-01 3.408457270449369858e+00
-1.518169696807420088e+00 -6.857770338997000170e-01 3.085399569531279695e+00
-1.450904792217400097e+00 -3.001954075290900192e-01 2.885300440515930376e+00
-1.453909096840430015e+00 -4.085264073590600398e-01 2.957689542575920427e+00
-1.363586520994360063e+00 -7.385529641107699828e-01 3.107762790286989762e+00
-1.567449126634940182e+00 -1.010732416942299983e+00 3.019726672111350041e+00
-1.525087660469730100e+00 -6.794178861222699428e-01 3.073552053944229812e+00
-1.247410214827100017e+00 -1.131435124185699914e+00 3.350927962639150159e+00
-9.329115402467498264e-01 -5.614281412902000223e-01 3.288175074918379792e+00
-1.865427038728370235e+00 -3.683344520960499802e-01 3.200407726274660192e+00
-9.491313564046799378e-01 -5.485936745490400668e-01 3.281540239739229925e+00
-1.637958467473240143e+00 -9.760623297403200338e-01 3.206074336631750121e+00
-1.158306841397259923e+00 -1.102028012993089945e+00 3.215133437361560098e+00
-1.904512246241429896e+00 -7.005745608875200148e-01 2.966482921022679520e+00
-1.862567560173590264e+00 -3.624604216500699749e-01 3.219861153492329819e+00
-2.074475833859779961e+00 -6.672718160672901355e-01 3.133758575322910023e+00
-1.141572491805179945e+00 -1.071788979269509889e+00 3.246518894836799785e+00
-1.121664609848569860e+00 -4.531508468555399682e-01 3.183261276508990267e+00
-9.422296673586800786e-01 -6.565273251233000318e-01 3.406812375403580173e+00
-8.173960227266698908e-01 -5.695597723650600575e-01 3.262337976726320310e+00
-1.312403971233780053e+00 -4.641637397328600145e-01 3.242679676155799662e+00
-1.290966923913730025e+00 -4.807150470619800942e-01 3.259843234464510076e+00
-1.047471040274559950e+00 -5.444071351731899489e-01 3.294879858658970040e+00
-1.442699668611890029e+00 -3.038486150022299825e-01 2.888406771868280210e+00
-1.124432238740419976e+00 -3.744296908912799760e-01 3.085116626401030349e+00
-1.106393051374590097e+00 -3.814726892469700315e-01 3.089991286162680151e+00
-1.521355090306740099e+00 -1.006442699645069938e+00 3.228028612381479867e+00
-1.559789901005700141e+00 -1.027236424408559889e+00 3.039321745078040315e+00
-1.126003508766969974e+00 -3.755480290726200820e-01 3.094178317211590201e+00
-1.354153775563180062e+00 -7.481204519331701164e-01 3.120960181913370324e+00
-1.392423966662040158e+00 -2.669931494734800181e-01 2.951292071302529685e+00
-1.690644126214720044e+00 -8.988224976783899534e-01 3.084682383311810216e+00
-1.032903088276120096e+00 -1.036566060597059913e+00 3.226502266132610597e+00
-1.427004785818290156e+00 -3.031567092811999764e-01 2.837664587283350137e+00
-1.406046422167350096e+00 -3.202793035980000536e-01 2.909201419399760624e+00
-1.714120857830740086e+00 -8.338444926802199841e-01 2.924633175688609477e+00
-1.575053481652370024e+00 -1.025548097171139927e+00 3.020015030197679806e+00
-1.010504350939890106e+00 -5.142278473385799575e-01 3.175969268037780235e+00
-9.920180276564101174e-01 -5.589442382300700007e-01 3.300343965626950649e+00
-1.009319745733189944e+00 -4.055658819745600052e-01 3.105219402893399927e+00
-1.123580386084729987e+00 -5.518582412468699960e-01 3.313178361013620510e+00
-1.437703213382440115e+00 -7.149340414401800237e-01 3.097530355274740188e+00
-1.616278443220000138e+00 -9.674304225441999749e-01 3.227719621176730058e+00
-9.778173252145601069e-01 -4.904369126794499989e-01 3.208003793774679924e+00
-1.699165609160699919e+00 -8.353786369944800061e-01 2.942240516507660164e+00
-8.398375711291199419e-01 -8.229148592923200001e-01 3.509240674936009885e+00
-9.440339405001800799e-01 -1.044962652665170078e+00 3.503132595767069812e+00
-1.537415380430030121e+00 -1.006778288898140028e+00 2.997334543392350170e+00
-1.914925398222039998e+00 -4.146630684520300481e-01 3.199587087471050140e+00
-1.507107177132120057e+00 -6.867977616407000552e-01 3.069168958904470390e+00
-9.533152642851598912e-01 -5.296766542352400187e-01 3.240404522629699802e+00
-1.083188631516710076e+00 -5.641448352967100011e-01 3.395505193168740110e+00
-1.736531697281699982e+00 -1.165344735224439932e+00 3.116394657579120153e+00
-2.272549311718259801e+00 -7.150900234117298915e-01 3.288241976077979967e+00
-2.245465187263960161e+00 -7.059048672552999948e-01 3.260425922407419908e+00
-1.879452752833910223e+00 -7.586504853327100673e-01 2.887609342368509857e+00
-1.443385605471700250e+00 -4.089463158896000650e-01 2.946040246365990267e+00
-1.339952026192069878e+00 -2.155815380824800398e-01 3.017019014542900557e+00
-2.118351130450510045e+00 -7.964393987663800356e-01 3.074599817481499908e+00
-1.895427743518639963e+00 1.860337404318799515e-01 3.604441371623630097e+00
-1.648138205400880185e+00 -9.867062186270900703e-01 3.055448056086490283e+00
-1.575340534376030055e+00 3.075048556085993590e-02 3.849434566973159999e+00
-1.945733969101469896e+00 2.036294061882299167e-01 3.676117777402470477e+00
-1.544494926628240172e+00 -1.051249828620860027e+00 3.051676180979979947e+00
-1.440702820258230155e+00 -4.104814155206599757e-01 2.944415097657840263e+00
-1.534324628515310041e+00 -1.010175521121470021e+00 2.997529484672219802e+00
-1.525950818218499982e+00 -7.801874621062004911e-02 2.798265699864050049e+00
-1.513885652279810312e+00 -6.892199760758800364e-01 3.082278693261280011e+00
-1.927743866443240028e+00 -7.079936787675500387e-01 2.989541912576810123e+00
-1.596524771703070167e+00 -1.169235718114330025e+00 3.095253932597550328e+00
-1.714135665102250128e+00 -8.193854337700899881e-01 2.932674163504330078e+00
-1.597607322346530134e+00 -9.375216163331600017e-01 3.115254468701029733e+00
-1.549022662608240175e+00 -9.059775922198001208e-01 3.084815207390229741e+00
-1.089194123203969911e+00 -5.359872118367899896e-01 3.288281224411679915e+00
-1.548466226065110085e+00 -1.043865007310849968e+00 3.038590227713189762e+00
-1.541500738146720062e+00 -1.094604480396679902e+00 2.983394582043319865e+00
-1.688476393179460189e+00 -1.115779372347800003e+00 3.066613293381890148e+00
-1.698636021649470029e+00 -1.123219984067590049e+00 3.084893869512769893e+00
-1.532857271979479963e+00 -1.115792833441000276e-01 2.851438822159010122e+00
-1.420817552356349989e+00 -3.782535843097599715e-01 2.907090794334189710e+00
-1.091978443757650075e+00 -3.843708330062099998e-01 3.142327099972720195e+00
-1.094703991109480024e+00 -5.503523697093900546e-01 3.367946252118229733e+00
-1.029065747299640066e+00 -4.052734555717200093e-01 3.135587321291349649e+00
-1.730837970230920231e+00 -8.590722355761500895e-01 3.112173466303240321e+00
-1.581561705680990082e+00 -1.347121570262500012e-01 2.923481481388499947e+00
-1.599001696827299979e+00 -1.227973661901600039e-01 2.956874177963010109e+00
-1.485763158861550082e+00 -1.673364365279500221e-01 2.983168224892640552e+00
-1.423879118609949979e+00 -3.764675082016700203e-01 2.903969986872100506e+00
-1.676385987728180149e+00 -1.064408754503100019e+00 3.103339999442210395e+00
-1.671529119449230105e+00 -9.412454938489900336e-01 2.961277035566880045e+00
-1.679080930537520278e+00 -9.084751283854400894e-01 2.850708653439910201e+00
-1.136371750900690092e+00 -1.120307039855849895e+00 3.157524638000420492e+00
-1.370968068156170006e+00 -5.537558315926499608e-01 3.226816241813020625e+00
-1.141692879004029937e+00 -1.163608290896939845e+00 3.231393607928220391e+00
-1.153468099479459941e+00 -1.229926130583499866e+00 3.157608599350679945e+00
-1.194022465055879945e+00 -1.304060131945429912e+00 3.185905554915480220e+00
-1.190068269522539968e+00 -1.310894480820089969e+00 3.206271426474490038e+00
-1.781904531787749990e+00 -6.608703806391800217e-01 2.993739404854820485e+00
-1.250211473314639887e+00 -1.269411814042799902e+00 3.305524414635570007e+00
-1.736878864926600041e+00 -1.152340481128250049e+00 3.128157618102620052e+00
-1.529932887711590084e+00 -1.012999208350119806e+00 3.251235082128240084e+00
-2.094325034159259857e+00 -5.729020778346599618e-01 3.228976297095349945e+00
-1.569508946597130139e+00 -1.021941655476070077e+00 3.011652112089800326e+00
-9.305541967452999330e-01 -6.902809167485000064e-01 3.404043576392020043e+00
-1.913248466384230184e+00 -2.992349282944800626e-01 3.128577398143510546e+00
-1.452444131331850130e+00 -4.168404142535699908e-01 3.218714680546760132e+00
-1.156233810563729980e+00 -1.220101891874289857e+00 3.148607906664500078e+00
-1.530493115689730121e+00 -1.067657351828160017e+00 3.094467859972129808e+00
-8.275990204628890012e+00 -1.372258885454140209e+00 6.366543867028509496e+00
-8.265070891264921116e+00 -1.474979081373060108e+00 7.245853086851040459e+00
-1.689573826942160073e+00 -1.002150416332839855e+00 3.151599847349990213e+00
-1.188140306135929913e+00 -1.246821099516929987e+00 3.246978699555700398e+00
-7.942311455228970196e+00 -9.738588005460502295e-01 6.460398578785730095e+00
-8.101059558737309985e+00 -9.904693574550698099e-01 6.567442357154790855e+00
-2.509310185022149753e+00 -4.420823005663000460e-01 3.864959881860360102e+00
-9.387611569819480195e+00 -1.890066532776669916e+00 7.412562513020320765e+00
-1.573069005528850095e+00 -9.745398384960000104e-01 3.115234031703310258e+00
-8.176761490311900360e+00 -1.800494289213370402e+00 7.439273388489770156e+00
-8.227830946141130752e+00 -1.808156212265499718e+00 7.475715312423430348e+00
-1.706434476541309975e+00 -9.418119405384600684e-01 2.939730234018710142e+00
-1.473412172451570079e+00 -2.427714563575800177e-01 2.904497951883770135e+00
