-1.520039645272339923e+00 -2.655745836551899886e-01 2.930614869638979769e+00
-1.772980134580280032e+00 -9.425161724287801635e-01 3.256330042180330064e+00
-1.514730715523429749e+00 -2.642045866517699904e-01 2.914023379983159856e+00
-1.467380195496099882e+00 -2.883195438570200220e-01 2.944978994476030287e+00
-1.613351952926279864e+00 -9.610427422034399925e-01 3.058354991273980250e+00
-1.098459705196709990e+00 -4.715033767487800676e-01 3.191654210541579495e+00
-1.202952847306780093e+00 -3.867389989687400331e-01 3.103929345850779953e+00
-1.539387621669800144e+00 -4.299955575230500759e-01 3.249811445379610308e+00
-1.944102751378229854e+00 -3.718202834936999990e-01 3.213079189960990512e+00
-1.565060380085989911e+00 -9.793193383817800912e-01 3.139011466065759759e+00
-1.328931060013360144e+00 -1.233423843956670041e+00 3.299007433853710314e+00
-1.944249674384299853e+00 -3.723831298053700278e-01 3.210689242999209991e+00
-1.781040980409569929e+00 -8.530974907496400306e-01 2.956244167667919864e+00
-1.524532321399609813e+00 -3.102593706576100008e-01 2.891645619041559812e+00
-1.205730280029779999e+00 -5.586185398159800863e-01 3.318455648642709921e+00
-1.540663295968129898e+00 -4.345986085801599730e-01 3.222777715428999823e+00
-1.781480490759990154e+00 -8.567865052386099967e-01 2.951908147574379804e+00
-1.441966755539650036e+00 -7.485525216121300396e-01 3.116041266052419711e+00
-1.644556089743780092e+00 -1.020517620349399968e+00 3.024474193943109679e+00
-1.014447085769029977e+00 -5.718847161672999668e-01 3.304238368658800162e+00
-1.944904386098600169e+00 -3.775472925030500249e-01 3.199092951750130087e+00
-1.319051148004050100e+00 -1.296304747032569926e+00 3.233008132124080003e+00
-1.683398090569579786e+00 -9.556042934809499956e-01 3.125113624844349847e+00
-1.718447806643420117e+00 -9.855910855199799814e-01 3.209458472224690162e+00
-1.780734199252000050e+00 -9.415391878310200857e-01 2.882192421906790258e+00
-1.603161257825070019e+00 -8.996940298985399709e-01 3.163298985421690190e+00
-1.100507367471569964e+00 -5.640136544411800124e-01 3.306999053345499373e+00
-1.359951697052139918e+00 -4.875438939260801074e-01 3.248862539242390213e+00
-1.548250399100340013e+00 -5.675408767405399901e-01 3.156517127064579764e+00
-1.558997971603259813e+00 -6.052975796243200701e-01 3.141202238250850431e+00
-1.469353750003689951e+00 -7.502293830437100075e-01 3.124481808108880543e+00
-2.153112511056149980e+00 -6.762449376598100859e-01 3.128835151114180313e+00
-1.464927961444509874e+00 -2.860089060933699856e-01 2.972769201798100003e+00
-1.026092084612939992e+00 -6.668707538740999974e-01 3.422760689797720524e+00
-1.144152974282939939e+00 -5.304145366525200300e-01 3.287531394316120181e+00
-1.009922641022489964e+00 -5.765771196193700820e-01 3.321074210197660026e+00
-1.637986619743450056e+00 -1.017253363532480082e+00 3.049807382283189927e+00
-1.066577335374080171e+00 -5.501167412344900587e-01 3.299802427782939862e+00
-1.371802009915729981e+00 -4.906895589698200277e-01 3.269227641997090039e+00
-1.516391237024620198e+00 -3.139215545758700099e-01 2.894906052655329631e+00
-1.202157000906290074e+00 -4.686948803092000349e-01 3.205024235085909723e+00
-1.201914866732679998e+00 -3.847867554132200496e-01 3.097522314553450506e+00
-1.637283907543859884e+00 -1.037015937933239984e+00 3.044220936935440491e+00
-1.151641126468029963e+00 -4.526619373348300668e-01 3.174003095672860209e+00
-1.768235876920190019e+00 -9.350835648762600982e-01 2.913065347514740111e+00
-1.499760261254029947e+00 -3.132945392130000450e-01 2.844462075944110158e+00
-1.480152082423709770e+00 -3.303865188105000184e-01 2.916387999760900129e+00
-1.073764768435560013e+00 -5.693070430863300668e-01 3.315310689603820027e+00
-1.860363428406339947e+00 -8.263841329289600690e-01 2.836308845664309963e+00
-1.515847856439579866e+00 -7.248374981384200222e-01 3.104421427340080086e+00
-1.774567357460419714e+00 -8.450431393399200353e-01 2.944423794475420131e+00
-1.545549015534720017e+00 -3.722247958185200822e-01 2.912491078321120419e+00
-1.076585344628909979e+00 -5.706187576683200424e-01 3.324906307408120210e+00
-1.994445254663789857e+00 -4.238065878030700118e-01 3.197395358639380181e+00
-1.650636625715079742e+00 -9.633004898079200462e-01 3.103450979571940049e+00
-1.645831449847289907e+00 -1.136098603426739961e+00 3.038324457530020339e+00
-1.166685874240680043e+00 -5.742986928353900344e-01 3.408774770700430334e+00
-1.815617061855099967e+00 -1.174809424253759893e+00 3.118126576116160287e+00
-1.283650402925740064e+00 -1.097937888102060056e+00 3.366846582832090373e+00
-1.289125830806390205e+00 -1.104346802081429990e+00 3.378480758888290136e+00
-1.953704229502099876e+00 -7.681062820538900882e-01 2.886407164055979635e+00
-1.622254197151179911e+00 -1.061040528020140039e+00 3.056875536965199647e+00
-1.608308338038149987e+00 -5.484247378595099587e-01 3.141708765582460039e+00
-1.591698591952610098e+00 -6.990286399128200490e-01 3.087743331055059937e+00
-2.003798565230590079e+00 -7.172954988611500715e-01 2.987388416935060409e+00
-1.189815198731970058e+00 -5.414229455586300199e-01 3.281017189703350212e+00
-1.789335191036460104e+00 -8.290368524421100060e-01 2.934569345958459863e+00
-1.676370033303109963e+00 -9.471838887650400052e-01 3.119368526522710017e+00
-1.627186091855260086e+00 -9.157341865449001306e-01 3.089806738444810019e+00
-1.484374524904880088e+00 -4.382581702176100436e-01 3.124937960516739999e+00
-1.170668427835499958e+00 -5.462228674465100520e-01 3.301435192228090010e+00
-1.618060497434119949e+00 -1.104456827413319964e+00 2.988696320962000108e+00
-1.766579165701960052e+00 -1.125353938292499967e+00 3.069201515404389902e+00
-1.494964485259210107e+00 -3.883416267050400217e-01 2.914051999208589816e+00
-1.816162992127070108e+00 -1.161794795475749931e+00 3.129870501946150352e+00
-1.942215379756720095e+00 -3.758084944011400585e-01 3.226575269756230213e+00
-1.946029804772580141e+00 -3.690100601410499781e-01 3.210012035544190123e+00
-1.290348245212989964e+00 -1.110330718350569956e+00 3.386300942271340375e+00
-1.769084782281739932e+00 -1.011652044992660038e+00 3.154060577341450067e+00
