2.104941742766801571e-01 -1.512966199697999281e-01 2.730523683036199856e+00
5.199008320198399424e-01 -3.143859759181000246e-01 3.014631242795319910e+00
9.680080929152101721e-01 -3.243796631278499931e-01 2.657217558895050402e+00
3.234262098650100281e-01 -2.622441856569499574e-01 2.942376622343010339e+00
9.852888647491300222e-01 -3.982352248842498943e-01 2.625005063901570068e+00
9.479280294260039597e-03 -4.432905301608000004e-01 3.259129798523219712e+00
-2.186856995980199780e-01 -3.957817372456999272e-01 3.186867054153740053e+00
-4.433603561545200744e-01 -7.750078866308999226e-01 3.792794725325760119e+00
-7.484538561467002360e-02 -7.983429190838500222e-01 3.263767342620529810e+00
3.738012835090198660e-01 -2.281511842242999188e-01 2.807950097141859835e+00
9.524665410054804493e-01 -1.517817297034999569e-01 2.756219613874919983e+00
2.677176372351302014e-01 -1.996236245826499833e-01 2.780978338856810339e+00
-1.726353047320599021e-01 -8.488561208993998797e-01 3.349019681859499720e+00
9.868840202688988761e-02 4.630633598632500902e-01 3.088898806056409541e+00
-5.395208239664500693e-01 -5.904340952620499294e-01 3.303065887394430078e+00
-1.410287188707100015e-01 -3.057204381614500033e-01 3.033819140883930121e+00
-8.874300024497006056e-02 -8.019341827854500337e-01 3.266481496609590085e+00
-2.123532794377800403e-01 -3.981402691916999803e-01 3.187266148255099907e+00
-6.263779866420016162e-03 -1.043114880820000145e+00 3.271442154657419721e+00
8.042591754332300003e-01 3.769022315205006191e-02 2.490692099303989604e+00
9.513296793239500726e-01 -1.530615134732499771e-01 2.673596069564149857e+00
9.523961454203602184e-01 -1.654741689169999530e-01 2.767239957777840154e+00
1.001192540172030521e+00 -4.109028661168498964e-01 2.726266175394830071e+00
3.904328239377599097e-01 4.861012838968999938e-01 2.848551093689799973e+00
7.725612849081102684e-01 -4.780395224964500422e-01 2.893805273609709960e+00
3.680427579730702892e-01 -1.107126674100050057e+00 3.102084766974110508e+00
1.265578861533850352e+00 -4.553420021062498657e-01 2.483912555774649977e+00
-6.849950231676005252e-02 -1.079556062537500027e+00 3.295202631639559954e+00
-3.707350286447601562e-01 -7.586995181317999215e-01 3.708580852825839713e+00
-4.484147686396802168e-01 -1.186146607331100000e+00 3.470697883872039924e+00
2.131095880750000227e-01 -1.514796562288999726e-01 2.736353755259639975e+00
3.440633566917898900e-01 5.531805624820500533e-01 2.859485805483029885e+00
7.856212468778995817e-01 -5.968075880739992511e-02 2.458121698328139981e+00
9.834554298087601065e-01 -4.185417603122000285e-01 2.710508581574759823e+00
1.789993458369698587e-01 -3.343770483628499823e-01 3.072605978598289767e+00
-1.750013608097000795e-01 -8.511379565246000034e-01 3.346820089347859906e+00
-4.983159832858398142e-01 -6.477419946236999682e-01 3.413547069870560335e+00
-4.600250355011101799e-01 -1.231919355735049848e+00 3.429454562310490395e+00
3.219303204003400865e-01 -2.451412518998999368e-01 2.902336332534700247e+00
3.344064246813100993e-01 -2.660424237074499598e-01 2.949019200622310155e+00
-5.044812888925201966e-01 -6.012692663298000451e-01 3.440785824833599627e+00
-4.604134180087898764e-01 -6.279606162735499320e-01 3.279918803057169985e+00
-4.698409136918801909e-01 -1.359024375328800049e+00 3.485500331095160220e+00
-4.421147688227298200e-01 -1.180198623317250117e+00 3.461598519038029842e+00
-2.101996708182700679e-01 -9.200178055102500307e-01 3.998488774994770623e+00
-4.411254616196600420e-01 -9.608286222583000136e-01 3.673668737152139485e+00
-4.231516039942599949e-01 -1.166623188436600067e+00 3.405934797141620507e+00
-1.222953739969998566e-01 -2.855456257209999515e-01 3.027281267187800218e+00
-3.605971229206401674e-01 -8.240544339408999441e-01 3.875648838476680069e+00
-4.542990984587500503e-01 -7.894801942466499467e-01 3.791067374154690306e+00
2.835124606362600108e-01 -9.732166915309999888e-01 3.057330351682139735e+00
-4.544336992932899166e-01 -6.222200563524500350e-01 3.280211231329509758e+00
2.652003409139498391e-01 -8.562567846779499670e-01 3.132287506951070277e+00
-4.423669955352498295e-01 -1.139044192626449847e+00 3.576788177255269652e+00
1.754230606252300539e-01 -9.807016140144997340e-02 2.725411630391390005e+00
-4.328490789255701188e-01 -8.617327506423499983e-01 3.988383855010630086e+00
-2.013045172828802354e-01 -8.525247697627000854e-01 3.346311665530799839e+00
5.395383772276600709e-01 -2.567824436582999414e-01 2.865752789039819781e+00
4.729706080483702113e-01 5.201771739022500451e-01 2.974327395533129970e+00
8.058058226813897829e-01 4.345340647805007173e-02 2.466760092437629837e+00
-4.184145554574898451e-01 -6.506979043524498962e-01 3.327529892359110342e+00
-5.536732683061300619e-01 -7.908839796046500670e-01 3.820150256643669806e+00
4.793119744495250245e+00 1.414793972247950116e+00 1.232631193485529852e+00
1.554482949998901020e-01 -3.054764941735499395e-01 3.029796884878090069e+00
-6.886302398542976100e-02 -1.002838537150149811e+00 3.400021548384569492e+00
-4.198339926606597938e-01 -6.518796540403000161e-01 3.327804476780140241e+00
-2.611037086049801115e-01 -5.940161119305000792e-01 3.490320861188179968e+00
-1.440200472708201840e-01 -5.275855947090999365e-01 3.387183452514779702e+00
-1.327874717207699895e-01 -3.339443323902500094e-01 3.106913056900669989e+00
-3.697020909888499851e-01 -1.032137795465849939e+00 3.543240867273509842e+00
-5.434004125621982872e-02 -1.001687274937300032e+00 3.401978528333899909e+00
-4.294605412076599738e-01 -6.574560452577999925e-01 3.326581981933939947e+00
-4.715255747951996312e-02 -9.997809345596999631e-01 3.403467816286039671e+00
-3.119916044364097196e-01 -6.260691523440499173e-01 3.442703570187990003e+00
-5.033887610753599029e-01 -6.036855306513999597e-01 3.441922390583400215e+00
-4.169032021741700955e-01 -1.039831541406049942e+00 3.874180727024350013e+00
-3.408549513747600734e-01 -1.203447473949000202e+00 3.676403381237159707e+00
2.420913773302399985e-01 -1.539606532025998842e-01 2.752778348596519820e+00
-4.148499046904199350e-01 -1.153068721907299921e+00 3.816191893711899930e+00
-4.640552120796701541e-01 -1.230429443713549897e+00 3.427810207253849661e+00
1.112626829007399287e-01 3.869046604674999390e-01 3.230782061019260354e+00
7.234570009463900941e-01 -5.946423580685000765e-02 2.430627266239869577e+00
1.112353090140079770e+00 -3.745814681126999890e-01 2.512757693823839844e+00
5.177032166488599874e-01 5.515701452666998961e-01 2.972888273469419751e+00
3.991558412789399934e-01 4.473647663416999709e-01 2.917586241712339934e+00
4.892030090176300305e-01 5.147137885461500195e-01 2.898410321533230416e+00
-5.124823880979698654e-01 -6.162235870170499341e-01 3.438002053342150255e+00
7.273943797359103680e-01 5.338878647622500306e-01 2.958352763871590074e+00
2.484661453402201570e-01 -7.595486860656999184e-01 2.981262986158499828e+00
3.172059437047498598e-01 -8.696064510999499397e-01 3.121338133144670124e+00
3.824601619433900535e-01 -9.913692779360501195e-01 3.178674629960789755e+00
-2.074351741939994831e-02 -1.228763397362899967e+00 3.250891443127640112e+00
4.736018777106101307e-01 5.226546119968500381e-01 2.971764922253329999e+00
7.983268228013200574e-01 -8.428212279580005184e-02 2.504845842446959736e+00
-4.691692674844500921e-01 -1.318970542650649946e+00 3.420149125721789751e+00
1.380188132693650482e+00 -4.070887481507498018e-01 2.452731591531450039e+00
-2.805273665619598678e-01 -6.013532765086000431e-01 3.492128815336720038e+00
-6.304233244209698217e-01 -7.876117341312499631e-01 3.804825325494870292e+00
-8.398007748664992889e-02 -8.054422165308499082e-01 3.263010309060110359e+00
-1.788411936878500086e-01 -3.714096299466500550e-01 3.162665350588589774e+00
-1.744171092719801752e-01 -8.468431116707000328e-01 3.349152512803500237e+00
-3.125325201429596245e-01 -8.856960931595999620e-01 3.915217100097519776e+00
-2.999777708732200843e-01 -8.548610133559000346e-01 4.175014303262059912e+00
-8.413547031108992158e-02 -1.050428927855250105e+00 3.311946996705190216e+00
-3.083887384212198324e-01 -7.372443870763999429e-01 4.251832136719659871e+00
3.935491595497897510e-01 -8.944333725011499592e-01 3.229727619526549631e+00
-5.521073937022898948e-01 -6.200455944364500205e-01 3.358500732449510195e+00
3.361451772447903164e-01 -2.077533077599499900e-01 2.725512311601230309e+00
4.639924464086802036e-01 1.891247807090012945e-02 2.508062149659079587e+00
-3.117757529864702004e-01 -7.413100517054499461e-01 4.248626509286490105e+00
-3.615028648042499793e-01 -7.549895151415499939e-01 3.713327698130229670e+00
-4.426350911571497182e-01 -1.082920984512250051e+00 3.594582466632649798e+00
2.460981313693999528e-01 -1.529138108102000015e-01 2.753920781346920421e+00
-4.963132864581800696e-01 -6.002746017635999243e-01 3.443475361829539949e+00
2.330119734340601045e-01 -4.047875575927999958e-01 3.176564834005819904e+00
-3.755654649759700980e-01 -1.033540926855049946e+00 3.540586847141749871e+00
-1.806597182230800236e-01 -9.099035100650999519e-01 4.019593527354640372e+00
-4.109831847197000787e-01 -1.267225448214599925e+00 3.346366643658459594e+00
1.032707354504580399e+00 -1.056354648630999926e-01 2.586607240111780115e+00
1.070244061230239963e+00 -5.338799080416999354e-01 2.558857229820479695e+00
-4.811662355810299996e-01 -1.278393971308950050e+00 3.440332877152050273e+00
-2.704872713032899778e-01 -8.592704629171501463e-01 3.946673486626430361e+00
-3.933154855884601897e-01 -1.122420810502400057e+00 3.435187545624700078e+00
4.421240172600200413e-01 2.258363899826000276e-01 2.551665948562019892e+00
-4.838000626142302529e-01 -1.278594487115050082e+00 3.440478949423209976e+00
4.021690650827203228e-01 4.439355167218000942e-01 2.916963732322200187e+00
-4.965087232177900489e-01 -2.089496016393500022e-01 3.025791139988050382e+00
1.151076039202970192e+00 5.974573160454998977e-02 2.440646749552850103e+00
3.707474498584931055e+00 6.955395748308501602e-01 1.067599558235609702e+00
6.789595699261985473e-02 -4.354228455651999452e-01 3.278008949708899777e+00
2.715976888219999719e-01 -2.140782960300999793e-01 2.836206009426359920e+00
4.014674392361599065e-01 -9.548046536227999814e-01 3.090947816000119808e+00
-4.181138381094400280e-01 -5.999319272459000540e-01 3.284197039538880425e+00
-4.450563235981501720e-01 -1.180045058191550034e+00 3.460530505051329975e+00
4.378553258389299430e-01 -3.438108456067500152e-01 3.060201697339770099e+00
4.658923164279600293e-01 5.203561469500073144e-03 2.501078867701040043e+00
3.058848745023097226e-01 4.698899883083499374e-01 2.995320193292830169e+00
4.127119249086799169e-01 4.505270582488000164e-01 2.913845876814240121e+00
-4.052708689059700831e-01 -1.140128158994750063e+00 3.467866289911070155e+00
4.921729834746402243e-01 5.068788541732001107e-01 2.904196674236640074e+00
-4.178158379998999639e-01 -8.985724867217999012e-01 3.974139738759579821e+00
2.963908862822999257e-01 -9.694885050729999953e-01 3.093028317110900094e+00
3.110811001950999355e-01 -2.731038712286000258e-01 2.948465779703659972e+00
3.793142096964301491e-01 -2.410159834480500307e-01 2.835169346344549979e+00
-4.556780341962298753e-01 -1.346045748200249914e+00 3.488898793527529740e+00
-1.053618210803699551e-01 -3.977284759162499905e-01 3.147541875074069573e+00
-2.322088806997599786e-01 -5.821943265292999214e-01 3.487725839990240218e+00
-3.762777476015797262e-01 -1.032595444400499884e+00 3.539251386841180569e+00
1.619706966389000691e-02 -4.466616353716499344e-01 3.257574606666850059e+00
-5.115394365638600283e-01 -1.277703914247100059e+00 3.512486607082220047e+00
2.850323830449501550e-01 -9.630284809693500092e-01 3.084656270373709930e+00
2.142876802486199939e-01 -4.210632476592999773e-01 3.173451136136259620e+00
3.152714869245099027e-01 -2.217759907994499846e-01 2.872441713741910263e+00
3.431702352869199224e-01 -2.446542437698999706e-01 2.820175073857920101e+00
-6.247511668804994756e-02 2.518198146089500877e-01 3.086096133118430007e+00
-3.029650866989601621e-01 -8.567701227933999242e-01 4.175375459300600056e+00
3.736198242848001172e-01 -2.342634548502999792e-01 2.818674402107880006e+00
4.839594659488699602e-01 -2.569759308922499041e-01 2.854892693593030106e+00
-4.961332644186600138e-01 -1.267829750564100078e+00 3.506948660277619645e+00
7.349605195228001708e-01 -4.448329507439999775e-01 2.895515681670399744e+00
6.850115371678702214e-01 -1.424182853460499998e-01 2.695755899247109788e+00
1.018096555066629660e+00 -4.058864943123499103e-01 2.534014327757229790e+00
4.824155086032100304e-01 5.128456078897500880e-01 2.974751869396489834e+00
5.627169152819198050e-01 5.825711340422001783e-01 2.976693679323959785e+00
-4.263285562728000855e-01 -9.042154161386999345e-01 3.984700353696520203e+00
1.063718239071419935e+00 -4.499717022192999405e-01 2.686480096371259840e+00
6.872284784417204140e-01 -3.467030064109999921e-01 2.977000894503680328e+00
9.606736559751098969e-01 -4.213670418379499294e-01 2.558342646150109978e+00
-4.263807887737900426e-01 -9.024640474850500471e-01 3.985407112671969898e+00
3.951709715628697328e-01 -9.484454111214499772e-01 3.044823337296150179e+00
1.668043970129799991e-01 -3.032431518586000130e-01 3.030431647221179858e+00
1.875275752237002269e-01 -2.026711684201999430e-01 2.786731680997620142e+00
-2.291940780822299129e-01 -1.032382839959050003e+00 3.374898470807210060e+00
-4.790377428564199791e-01 -1.366805489058000145e+00 3.488306088708020170e+00
-3.912398399730998566e-01 -1.283444920218500096e+00 3.727079136328099729e+00
-5.992630055436976022e-02 -1.143896413871750006e+00 3.258188921655670089e+00
-5.228595785789100781e-01 -6.377174452868499266e-01 3.388597158331370096e+00
-4.854405826279800662e-01 -1.249105941765400019e+00 3.501251968679619964e+00
2.406031141118099015e-01 -1.581447020835499706e-01 2.758088285551369978e+00
7.291431270184800528e-01 -5.778610025535999561e-01 3.437086679869680417e+00
1.338736685850159924e+00 -4.312458466299999849e-01 2.632796920596240042e+00
9.676685196675098855e-01 7.601921772715003467e-02 2.441699288173150073e+00
5.301729616055401717e-01 -2.968246228542999465e-01 3.008627817214140077e+00
-2.493810198614099249e-01 -5.778117051003499594e-01 3.457516106739070061e+00
-9.880206257617984988e-02 -4.248513849307999357e-01 3.228345302786659765e+00
2.564657509012899794e-01 2.913333956133501434e-01 2.661791776785650043e+00
3.608464051497599634e-01 -9.951291824100000349e-01 3.177482249187639773e+00
1.324417343322820129e+00 -4.344817748944999058e-01 2.468193253336179893e+00
4.950510161651379804e+00 1.341595766672300183e+00 1.024219385574340002e+00
4.755529533960269895e+00 9.988111624799502763e-01 8.655474324623098070e-01
-4.479405790220700734e-01 -7.749738263416500184e-01 3.792991510637010677e+00
4.821485899816579490e+00 1.437957596003700100e+00 1.036221986198299971e+00
3.583406771713640637e+00 1.180680995829600288e+00 1.258130376570400166e+00
3.888692702075489116e+00 1.299216362251449874e+00 1.299344337407490002e+00
5.364924461705600223e-01 5.751277401179999416e-02 2.475380754793559568e+00
-4.554280986716100488e-01 -6.380540110095500594e-01 3.310820386171990037e+00
1.181941049687089906e+00 -5.057865850851500644e-01 2.602192217088850068e+00
3.674678324888490444e+00 6.936057140638500762e-01 1.092754998908650022e+00
3.798915166334539961e+00 9.079541282071001973e-01 8.016173536794998222e-01
3.511629285195601025e-01 5.511253637419000206e-01 2.857985594676599739e+00
3.816876175757790257e+00 1.019326680198650248e+00 8.852131291000697733e-01
3.935166982126030000e+00 8.636473692535502344e-01 9.948058177855894080e-01
3.475933278155829420e+00 7.363411812552498326e-01 1.215902288581069968e+00
3.336210802505550355e+00 9.988776096090501433e-01 1.493738315593069910e+00
3.174432335792650051e+00 1.191415825311449961e+00 1.226472531440329972e+00
3.825221438843540156e+00 8.715275947307001836e-01 1.087294494251939803e+00
3.783887353319080660e+00 1.460446512833700083e+00 8.498338515039999264e-01
3.870121566413979863e+00 1.319232316320000153e+00 1.314726735346819719e+00
7.828955452809702731e-01 1.536225215544995137e-02 2.396889816752009850e+00
3.648651675593530541e+00 9.621378778463505199e-01 9.737159759420099814e-01
