-1.932014745752699825e-01 -9.406107693421099647e-01 3.369145114144899367e+00
-8.742200459497997955e-02 -7.768841829513200015e-01 3.432646314691359724e+00
-9.559766322125899940e-01 -3.457370487958100203e-01 2.972354352148780521e+00
-5.330423761834299778e-01 -4.824307895039700034e-01 3.153872203237099825e+00
-6.002732988903700662e-01 -5.590099269014100480e-01 3.270041237035100412e+00
-6.595632165058999963e-01 -4.112324470934800580e-01 3.085150016633280146e+00
-9.603935742825397970e-01 -4.918350023263300397e-01 3.283506807719220433e+00
-8.382278277147900969e-01 -8.033058115917000030e-01 3.140073895601599663e+00
5.251614559430045626e-03 -6.680947246667899853e-01 3.206648383500100064e+00
-2.310553080382998781e-02 -5.928124285921000380e-01 3.127128044141280316e+00
-9.743231538556600402e-01 -7.751508417548600427e-01 3.131841534718600162e+00
-1.370132743528959862e+00 -4.820056906335500324e-01 3.311439491288139969e+00
-4.035809488891399788e-01 -6.673014250136299896e-01 3.370190749359579740e+00
-2.803458240726899864e-01 -7.929159461887600457e-01 3.529522218568440284e+00
-1.018116296507380003e+00 -3.746837349624900226e-01 2.928846634732340082e+00
-9.655145666132500804e-01 -4.968185529288099422e-01 3.257000629376940015e+00
-4.713130540299500515e-01 -4.094739950440600129e-01 3.039062147596079733e+00
-4.675721371840100282e-01 -9.992153685434200794e-01 3.128140964765760312e+00
-5.130266324768000263e-01 -1.123561712073160024e+00 3.289643644712399784e+00
-4.074643019078899586e-01 -6.705282637949600000e-01 3.352463767589320298e+00
-8.497459560433600068e-01 -7.982154191021899603e-01 3.132669296159020345e+00
-1.189335366366220059e+00 -1.034829468245660022e+00 3.238612784533000166e+00
-1.020210691027470196e+00 -7.583140719657799345e-01 3.122688968068959792e+00
-1.152524359506099660e-01 -5.259425340955200534e-01 3.116541962345960037e+00
-4.207225843186900294e-01 -5.712752116325500173e-01 3.250312107805379824e+00
-1.563902805129799845e+00 -8.039340948602199388e-01 3.273499543226520370e+00
-5.583445687944800229e-01 -4.100412251739400382e-01 3.065334434128680119e+00
-2.029174895004998147e-02 -6.640884999396200472e-01 3.192956523771280253e+00
-6.466367474219401057e-01 -1.326823529292010084e+00 3.222902741599380505e+00
-1.940008625768199768e-01 -8.747002491734299223e-01 3.563406026577099706e+00
-7.267265674954995203e-02 -1.052325888033829981e+00 3.486378258299380306e+00
-7.417772103059966371e-03 -6.715192489008899868e-01 3.213678987055700098e+00
-5.907060623038900005e-01 -1.134784807413460106e+00 3.206165535192720295e+00
-1.197357103467729944e+00 -1.031503569118789931e+00 2.955368302920099666e+00
-1.406167753636470286e+00 -8.238177692039300171e-01 3.071494855453659856e+00
-1.699171493198899929e-01 -7.483206719035799814e-01 3.420057814428320242e+00
-8.866829206499998728e-02 -8.848533566445200282e-01 3.381241618820080230e+00
-3.286570288583000043e-01 -5.979532623431299543e-01 3.260124114573939913e+00
-7.780582692810100731e-01 -5.281660759192500221e-01 3.252784584830300307e+00
-4.700100283436600135e-01 -4.098588011113299956e-01 3.040218282862499954e+00
-3.979378297430100075e-01 -7.846098107157999380e-01 3.322274890186200036e+00
-1.261723567452899819e-01 -6.501348161301599982e-01 3.279403962642440273e+00
-2.255162592659799847e-01 -8.576218866170699506e-01 3.461333854332380611e+00
-7.442698075609960329e-03 -5.525782723258100271e-01 3.105026602347579434e+00
-5.154936006208499233e-01 -1.095910468526690051e+00 3.223387993074939839e+00
-6.276718519367699978e-01 -1.043898264440380030e+00 3.259869489968159950e+00
-8.579910164489099600e-01 -8.060881789138599762e-01 3.168310115514719971e+00
1.406453295747799870e-01 -9.297284247590800188e-01 3.622029812674559590e+00
-5.132852623916099866e-01 -1.210410771224160076e+00 3.430032597388040116e+00
1.740347854066600641e-01 -9.705510028476000972e-01 3.591096527556079998e+00
1.185201367744900258e-01 -1.028258772821940115e+00 3.574975061044640245e+00
-1.231097451758997319e-02 -6.658043484386200195e-01 3.191753965357679856e+00
2.967886954258008858e-02 -6.632890259921200293e-01 3.188090396439359875e+00
-1.000262872183699803e-01 -6.226150657280099532e-01 3.236867027837420085e+00
-1.168041484572499566e-01 -5.249052106753500091e-01 3.121619019919459781e+00
-3.202006029625995009e-02 -8.973262172237599366e-01 3.604544020972720197e+00
-4.331166547946999068e-02 -6.488278826731400661e-01 3.220838390765920600e+00
-1.157727276742799571e-01 -5.206981197843899567e-01 3.115182462990140344e+00
-6.549624225833994284e-02 -9.878689744440299902e-01 3.521442028534940150e+00
-5.106975658243400051e-01 -6.684276770406799573e-01 3.349756891846239704e+00
-1.662399911215699799e-01 -7.504074971283799522e-01 3.427525636992640123e+00
-2.105280131929954113e-03 -5.527536765963100285e-01 3.090665560740899931e+00
-1.343035487453999866e-01 -6.260634525008400564e-01 3.251956310323280253e+00
-4.111917838953900173e-01 -5.756333046743100645e-01 3.266625622751060387e+00
-1.180813455368599774e-01 -7.971688906914800032e-01 3.451790922297759856e+00
-4.837142919823599341e-01 -5.145452280661900746e-01 3.187057245684299822e+00
-7.696183064580799371e-01 -5.773447848054700238e-01 3.250717892079660221e+00
-2.514353921373599920e-01 -4.385138251384299579e-01 3.033117774255659427e+00
-4.990314988111799743e-01 -4.522364180045399529e-01 3.114860930361319724e+00
-3.449806146738799706e-01 -8.160215606598699711e-01 3.445534738288620336e+00
-4.986073342456600055e-01 -5.374404362739000351e-01 3.222083399463080422e+00
-6.327892176421600068e-01 -4.915514042426799568e-01 3.183991264804559851e+00
-5.892893365552800411e-01 -4.710969890035200391e-01 3.145807186525280130e+00
-6.405739828595400365e-01 -4.141183261438500240e-01 3.080831469030259839e+00
-9.566162699865898844e-01 -1.081429338219499936e+00 3.272269885846959880e+00
-5.454692400175200628e-01 -4.239581594953100163e-01 3.078428359119820268e+00
-2.186842596253099902e-01 -1.017017961620540145e+00 3.432074187626319883e+00
-2.017643832762399669e-01 -1.054905941386479862e+00 3.530423153951999904e+00
-1.251047729983829848e+00 -8.812965244101400586e-01 3.024761927696399511e+00
-6.037326076450399981e-01 -5.839562351290399356e-01 3.301459924812640168e+00
-5.321882338958000558e-01 -4.826634115453800611e-01 3.156979172694440283e+00
-1.129499196088699975e+00 -1.096660916967750143e+00 3.218932912734860263e+00
-1.372578463910290036e+00 -8.687711701426099609e-01 2.956714191990459817e+00
-5.485156599631599850e-01 -1.068596687271369916e+00 3.290650116128099878e+00
-1.002548752279700084e+00 -4.801252553553699842e-01 2.998443431230739975e+00
-1.244966986526950148e+00 -8.761321908528900693e-01 3.009657555502940340e+00
-1.001182428780780009e+00 -3.752822264423800735e-01 2.878230039966600096e+00
-5.795257348672999687e-01 -4.857605642688600511e-01 3.181781966392999816e+00
-1.243491234322789962e+00 -8.967966382987300200e-01 3.149929399949820130e+00
-2.713068466565899950e-01 -5.910018278767600330e-01 3.228473871673319895e+00
-5.402005596779899665e-01 -4.267719783972900305e-01 3.081647164551740037e+00
-1.051301585675829875e+00 -4.645524041602200338e-01 2.976827845083440227e+00
-4.830535542104400504e-01 -5.078342177458100570e-01 3.184334787055060012e+00
-1.981968080317099701e-01 -6.702867050587300035e-01 3.321156494831579931e+00
-2.036911591853599879e-01 -1.018920391667900160e+00 3.436231786978840130e+00
-1.077693282743489966e+00 -9.833431863222100722e-01 3.287817318441179637e+00
-1.403390889216260096e+00 -8.219990494113399437e-01 3.057412388550119875e+00
-3.449941219213399912e-01 -1.051054242338130162e+00 3.460581861210500154e+00
-1.195653424008660037e+00 -1.113995400153519943e+00 3.048388273866479814e+00
-1.384817909164679950e+00 -9.150982759735399874e-01 2.920382119072839622e+00
-1.041827913868849986e+00 -1.120167500020389895e+00 3.096134238960900120e+00
-1.017141409779690031e+00 -1.207550796835950235e+00 3.085595020620020446e+00
-5.799945218563800076e-01 -5.568988892513100364e-01 3.294060490585339895e+00
-6.505126872016000483e-01 -4.365174596946800323e-01 3.105224483633199917e+00
-4.149372389423300334e-01 -7.569801984785500260e-01 3.252416348905379895e+00
-1.128925092270790076e+00 -1.099572301632800064e+00 3.221174203113399859e+00
-1.571564941506890190e+00 -8.099006579315199961e-01 3.279980050831079907e+00
-1.049419207617710015e+00 -1.142062084791940046e+00 3.144874461857760206e+00
-9.894423015972702018e-01 -4.813342899220500737e-01 2.986950716001740336e+00
-1.584242348217720142e+00 -9.411111723970599918e-01 3.198906194342760134e+00
-1.576672734986589886e+00 -9.350822619815700731e-01 3.193552238940620125e+00
-1.589662807975150027e+00 -9.426948997985500345e-01 3.208623251272019861e+00
-1.406753015121890105e+00 6.332057799965001843e-02 3.708780406455059797e+00
-1.435122818395129896e+00 7.846687049515996271e-02 3.765193652002680302e+00
-6.522001318894599109e-01 -1.361487181686890091e+00 3.272324691553299747e+00
-1.038879775417129947e+00 -5.209274853285003615e-02 3.903560832894619637e+00
-1.447839908876669801e+00 7.562581338084004012e-02 3.787127571245000546e+00
-9.997352946434798771e-01 -1.130085434558540047e+00 3.100757092765720202e+00
-9.868645917084899466e-01 -4.825647302423700102e-01 2.984941635816380057e+00
-5.774945938376400134e-01 -4.233523957779500302e-01 3.065458996387180779e+00
-4.809937708570199977e-01 -5.448065946137400362e-01 3.287312025137960170e+00
-1.006812485702690108e+00 -7.666904879517499882e-01 3.129620341250500370e+00
-1.382309083524979831e+00 -5.381894992992199978e-01 3.256697039110359793e+00
-9.777126440881300784e-01 -9.628821142056001592e-02 3.659295381294919824e+00
-1.424809495306359919e+00 -8.336613680683300220e-01 3.097611087949859954e+00
-9.546039347620298710e-01 -4.740010038690199989e-01 3.119350847374480207e+00
-9.258845614965101056e-01 -4.948719311067799609e-01 3.151264597876719975e+00
-5.772209983308200787e-01 -5.639545554516299797e-01 3.273250134699740244e+00
-1.177792290234260131e+00 -1.013192045491839943e+00 3.072240622437360180e+00
-1.131662335599489921e+00 -1.210598252070669956e+00 3.135839662210740286e+00
-1.525275050870259941e+00 -5.599630611312400585e-01 3.402099842318879297e+00
-9.764262488164801024e-01 -4.485823685387599902e-01 2.945401772386480488e+00
-1.150302942068440082e+00 -1.036168683515250155e+00 3.030616716563539814e+00
-6.487164921263899320e-01 -1.310848279491329871e+00 3.307510370283019974e+00
-9.609342924640700279e-01 -1.088731568928450022e+00 3.296418150907819644e+00
-1.582536130895309867e+00 -5.710657989639700283e-01 3.490241444866380327e+00
-5.876531909102500340e-01 -1.262629596698690015e+00 3.258358469737660190e+00
-6.342888755012699997e-01 -4.865666758076601095e-01 3.171755589698800559e+00
-2.925331001490200089e-01 -5.739039516973301058e-01 3.229423746795780037e+00
-5.494330537669400716e-01 -1.349029794897979917e+00 3.118415902927719863e+00
-5.503970134536100289e-01 -1.400140979127340035e+00 3.188309920491360305e+00
-5.831719005426300173e-01 -1.380008286768070080e+00 3.158631407020979776e+00
-6.429161141798500623e-01 -1.445864752288870125e+00 3.252783537603300079e+00
-6.425609357579400438e-01 -1.420772066161779978e+00 3.219359534129400569e+00
-3.038893147793599869e-01 -1.074525166071430116e+00 3.334837250070779913e+00
-1.417099521452789945e+00 6.332845159265002022e-02 3.721636770662580140e+00
-9.805976609697399926e-01 -1.047036513832700078e-01 3.658075345725580352e+00
-1.493134757553749914e+00 3.864859250565993998e-02 3.823611610294240126e+00
-1.275707479631199570e-01 -8.352336164901899007e-01 3.398370019736780101e+00
-1.953464512849200085e-01 -8.329692455685799857e-01 3.453649598810440313e+00
-3.868330706140600261e-01 -6.980212720639999979e-01 3.363542149070319898e+00
3.270653351423008504e-02 -7.588619886140299808e-01 3.313854897692019907e+00
-1.437396696357519987e+00 -4.247838571648400174e-01 3.236483107781680246e+00
-3.895704284290599784e-01 -6.956904621295399993e-01 3.342830738296600046e+00
-1.128555276162110044e+00 -1.154721870671570061e+00 3.162031988708140062e+00
-9.515339571056999901e-01 -3.954552074401100348e-01 2.940282238078780530e+00
-6.053200695598099923e-01 -5.847462833933000370e-01 3.309926196008079469e+00
-4.745231868532899799e-01 -5.398904061077799410e-01 3.221572968055439912e+00
-4.354151587760299869e-01 -8.792814086604301416e-01 3.179774524674980007e+00
-1.119230783428889930e+00 -8.827071112317000923e-01 3.077287345058000056e+00
-1.013611243882059920e+00 -1.074821857210529918e+00 3.099468093842660199e+00
-1.006628413889880003e+00 -1.057362189674080133e+00 3.114404056528800258e+00
-5.846683799163300277e-01 -1.317542763517840054e+00 3.163354444508520213e+00
-5.893867446681699818e-01 -1.373651123381159911e+00 3.242899415222840087e+00
-8.635948184577399989e-01 -3.156118239513500123e-01 3.017676381125260043e+00
-1.129557450501140092e+00 -1.158117248277410027e+00 3.167398077912580323e+00
-2.858637562535299992e-01 -4.361389309924500468e-01 2.984826682665020048e+00
-6.470874769342400690e-01 -1.443321070929679983e+00 3.253444656531519819e+00
-3.858201507659999585e-01 -6.926836910234099864e-01 3.330552094248500072e+00
-6.475308426352399671e-01 -1.333185154252120030e+00 3.232993551251760245e+00
-6.448534760034299040e-01 -1.170280433123829900e+00 3.353956135527540017e+00
-2.835273997189999839e-01 -7.801064434084798993e-01 3.461505938055200460e+00
-3.374710358273599886e-01 -9.655363681809600029e-01 3.393661650298399834e+00
-3.888632646993399611e-01 -7.960264441000999280e-01 3.485412416106040023e+00
-3.299897823811799857e-01 -5.955932556640199937e-01 3.254945920871000098e+00
-5.054877393879000369e-01 -1.090493624973279951e+00 3.202252803090960054e+00
-4.429645916916999937e-01 -5.399148349017599546e-01 3.216030749827760271e+00
-4.011281948963699717e-01 -6.634820748467300522e-01 3.373710670450059901e+00
-1.562897375930980104e+00 -5.752417745517299785e-01 3.451477644493699870e+00
-1.588824733466909889e+00 -8.133405321032000090e-01 3.310449722653240112e+00
-1.044054115021979978e+00 -3.200652159299199884e-01 2.951577307831440677e+00
-5.459968265986199221e-01 -1.243663478946300138e+00 3.174467173403720199e+00
