-1.120801839185220139e+00 -5.286751429012399583e-01 3.235243399325519853e+00
-8.719870455258799113e-01 -4.628809969371799893e-01 3.170498344022010251e+00
-9.835248170407400181e-01 -3.803495925302999847e-01 3.089582572415020323e+00
-1.716659266885810053e+00 -3.817425062972599203e-01 3.244344963879259858e+00
-6.057967648609700051e-01 -8.458083761024400848e-01 3.506718123242040352e+00
-1.078727495160709982e+00 -1.229751689826330097e+00 3.290216028615959853e+00
-7.833512327403999720e-01 -6.581168247905299085e-01 3.398001769930379723e+00
-6.894571378893898927e-01 -7.940569559241500430e-01 3.568461767591009970e+00
-1.312120026958780050e+00 -4.356866485709199877e-01 3.228962728275349470e+00
-7.922451776016798952e-01 -3.966769539670299549e-01 3.062921342061330154e+00
-1.559964926171800048e+00 -8.628149876783899330e-01 2.972564335184019413e+00
-1.213393539967559942e+00 -7.473161908815899590e-01 3.115645246153359693e+00
-1.582907339632860122e+00 -9.501369364439999909e-01 3.185319300775900420e+00
-1.377399038079620164e+00 -6.914820648857099572e-01 3.088539943134809729e+00
-1.935488345661410037e+00 -6.845967165955000322e-01 3.182959307661780368e+00
-7.957596131632099778e-01 -5.489918156657399573e-01 3.271547616380490187e+00
-6.006282278105999906e-01 -9.503685721104599970e-01 3.412206843137819856e+00
-8.693097999362399131e-01 -4.047744721407099400e-01 3.096628468912280052e+00
-1.760596767609319935e+00 -7.203496592706599699e-01 2.997982919684009762e+00
-5.647237943188498921e-01 -7.606771854320900639e-01 3.471029387072409822e+00
-6.913685499871899953e-01 -5.967325944409900274e-01 3.296470555570839345e+00
-7.840060680719399544e-01 -7.756683537734699874e-01 3.350354701186789796e+00
-1.714619483958359947e+00 -3.815504942808699562e-01 3.249741280624729889e+00
-6.608887481659599938e-01 -5.670338276277100409e-01 3.255669935980300522e+00
-5.620410106280200324e-01 -7.630661371485299993e-01 3.478822993288070098e+00
-5.212570089092799508e-01 -8.140619139225400147e-01 3.507646317335619823e+00
-7.975007153635900181e-01 -6.321128952035799387e-01 3.393433618425650167e+00
-9.288364198559500018e-01 -4.456810606138199571e-01 3.162899634934570159e+00
-6.645798833897399449e-01 -5.672520932327600462e-01 3.246628903406309608e+00
-8.500517617840399609e-01 -5.205682640954399920e-01 3.241601260934900086e+00
-1.162022730968939932e+00 -4.719920501880199293e-01 3.248571275436600292e+00
-1.139528550979549859e+00 -4.881084623389000399e-01 3.264768612948219850e+00
-5.629655123406298589e-01 -7.557662675540199881e-01 3.461856005028640215e+00
-1.310796199206530011e+00 -3.142321382228099869e-01 2.900482959133119820e+00
-9.746961210073299409e-01 -4.623533029890399826e-01 3.190255422139820496e+00
-9.829276422092499965e-01 -3.783697259663399981e-01 3.083127944749430416e+00
-8.710631953903099634e-01 -4.038690224552299868e-01 3.094458986984740090e+00
-9.840815229061500302e-01 -3.795236063017000117e-01 3.092247754315980313e+00
-8.985656381343600785e-01 -3.822838847547199714e-01 3.112987125492150398e+00
-1.607676408453240002e+00 -7.925086016387500321e-01 2.967024126433450260e+00
-9.173216577642699932e-01 -5.028028238941499861e-01 3.255760864757430095e+00
-1.402882146401639885e+00 -8.370963525818500006e-01 3.064139101035530111e+00
-1.404582322783249904e+00 -8.411911012848600766e-01 3.068982867548960325e+00
-6.601997742056799900e-01 -5.801340766708200647e-01 3.222217649474420131e+00
-7.426948811782099202e-01 -5.815115899245100195e-01 3.307613079262200273e+00
-9.666505545098800223e-01 -5.565121853212799952e-01 3.309633824690719539e+00
-6.252585296111600188e-01 -6.263848626566799194e-01 3.331349324484940144e+00
-8.714797629951900326e-01 -4.631781198627399898e-01 3.173675027041339636e+00
-1.258604875225630026e+00 -2.763816532244599555e-01 2.961178414360670086e+00
-1.293117017787590139e+00 -3.869786375939799905e-01 2.924104933022679820e+00
-1.719905093417639863e+00 -7.688549225344799565e-01 2.887009598762349860e+00
-9.568265951379999468e-01 -1.044252413202090057e+00 3.302208844521480113e+00
-1.599626530186819995e+00 -7.880191731305000724e-01 2.952642459529410068e+00
-9.263959076987899888e-01 -1.087846905479640025e+00 3.285448656355320018e+00
-1.297332765785010000e+00 -3.131990292072399651e-01 2.849109368261680153e+00
-1.664552225892870219e+00 -6.881413737714999757e-01 3.057909878232450307e+00
-1.390271936564899891e+00 -4.643976800339100208e-01 3.223910416512830057e+00
-1.242332725731639886e+00 -4.470758300257399731e-01 3.211027922368459908e+00
-1.765722592290600135e+00 -7.203202643928400262e-01 2.994719005305189974e+00
-8.664404932966799366e-01 -4.071536906285799784e-01 3.098184421726970061e+00
-1.365472947933830117e+00 -3.968241122959900169e-01 2.941664126514189626e+00
-5.339198344673399266e-01 -7.492995320430999584e-01 3.444410244249389574e+00
-5.184491115966100017e-01 -8.073466891900199505e-01 3.511687128066239616e+00
-6.928414701065399584e-01 -7.831452654706300143e-01 3.517832952023340454e+00
-1.749340633738889927e+00 -7.162650485646798737e-01 2.989224478411049990e+00
-7.709321115749999676e-01 -1.045241971389310187e+00 3.492071470111220322e+00
-1.577293881827400046e+00 -1.029291129678060024e+00 2.995067797729340064e+00
-1.564062147246809920e+00 -1.019109259223150099e+00 2.975666381838600216e+00
-1.648583893087369967e+00 -6.826171585345900406e-01 3.030953057959819841e+00
-1.359478544156869972e+00 -6.984909707465200013e-01 3.083372449079269995e+00
-1.732717531725439963e+00 -8.139927458892599610e-01 2.849400518506679525e+00
-1.430414220151820182e+00 -1.049783130404740028e+00 3.058206550761030318e+00
-9.244059813615899124e-01 -5.673267776994499467e-01 3.391193517034719385e+00
-1.344240715088209859e+00 -2.758937312931499797e-01 2.892977433540560028e+00
-9.790049225969399416e-01 -4.062787891702799303e-01 3.110354565462759791e+00
-1.576824974989720074e+00 -1.181648153805360035e+00 3.139877244699939673e+00
-1.944301837243070041e+00 -6.897776495904699434e-01 3.188597168679209837e+00
-1.258865216219839933e+00 -1.115249955199290044e+00 3.387756437244010321e+00
-1.737799241806980088e+00 -7.778692869275499744e-01 2.918022947211349916e+00
-1.586976769500350049e+00 -9.382147156119399201e-01 3.269861663128630358e+00
-1.961039589448710263e+00 -8.195961569355399989e-01 3.106032700545819925e+00
-1.967547298793800081e+00 -8.206105203258799996e-01 3.115139377168689716e+00
-1.741968645013010075e+00 1.660023097203799924e-01 3.636090268586729568e+00
-1.774372582901989848e+00 1.840502922265300767e-01 3.689390977530409899e+00
-1.735293589593779773e+00 1.529551505641500442e-01 3.609734312083570096e+00
-1.072038790312680012e+00 -1.366342051625200060e+00 3.195334585341150113e+00
-7.256107902541000243e-01 -8.560109241694400239e-01 3.436299227382120236e+00
-1.494820815696779936e+00 -1.001214994978590234e+00 3.075388348629580104e+00
-1.085409137149260017e+00 -1.326079996980909836e+00 3.272028063808019915e+00
-1.789469603865159852e+00 1.825367954003500603e-01 3.709901513852450261e+00
-1.649657161769400027e+00 -8.330141177264199781e-01 2.895735150318109685e+00
-8.399525731761999792e-01 -5.292471555007199902e-01 3.308249256767380686e+00
-1.383169239965669872e+00 -1.022328834968690092e+00 3.012562958087079856e+00
-1.402468187088089957e+00 -9.011551423548001816e-02 2.814324397775629816e+00
-1.365631583592759934e+00 -7.010565601997800211e-01 3.096760422472510044e+00
-1.782650838068079890e+00 -7.282515435972900519e-01 3.022017202364519761e+00
-1.437815694559039903e+00 -1.182666969395090195e+00 3.112685516428410182e+00
-1.396194008032970002e+00 -9.184883603579400146e-01 3.100537665254849973e+00
-9.478460187647900215e-01 -4.624895278868300097e-01 3.183400390610609865e+00
-9.356266886837699692e-01 -5.392546890659299930e-01 3.284366784000519957e+00
-1.552477432667209944e+00 -9.305181609992999592e-01 3.021093102370839389e+00
-1.389226451923679884e+00 -1.106881191702040024e+00 2.998643492107840203e+00
-1.529430692127869973e+00 -1.121114695195290167e+00 3.073856220596249855e+00
-1.387844423012330131e+00 -1.109464714522750084e+00 3.047290376891570229e+00
-1.531994204325070053e+00 -1.131090489309060088e+00 3.088124497725330375e+00
-1.592910337346189920e+00 -1.194550071023599891e+00 3.196600611894790056e+00
-1.552172098720579818e+00 -1.159164255718809988e+00 3.191949180521629792e+00
-1.887201336871960011e+00 -4.447514696749799712e-01 3.315980492704379667e+00
-1.286610693372649994e+00 -3.881816288834399886e-01 2.918105525553900126e+00
-1.313003299402899948e+00 -5.454382676489799575e-01 3.162765565696689762e+00
-1.577572155681810084e+00 -8.753215587362700445e-01 3.135807858449650265e+00
-1.467646670223190064e+00 -1.364423397301399998e-01 2.975891087594329854e+00
-1.183731050228099990e+00 -1.034250518329260071e+00 3.381405291760770204e+00
-1.542644619345220125e+00 -1.132658192701750055e+00 3.062213830030190209e+00
-1.289840464441589951e+00 -3.864572727891300019e-01 2.915122595564680008e+00
-1.382664452330049976e+00 -4.609510903581999774e-01 3.218294580858220399e+00
-1.219378455088570012e+00 -5.627565403148699907e-01 3.235144658129120110e+00
-9.777202793512399515e-01 -1.167795155065240120e+00 3.228998702570050394e+00
-9.913263900479000190e-01 -1.234310214906659819e+00 3.155707780790840022e+00
-1.024122685940419997e+00 -1.316029618338349749e+00 3.205806291991000201e+00
-1.017845699306330065e+00 -1.301599682516499712e+00 3.178197462129619844e+00
-1.637758884980800023e+00 -6.781576796881199076e-01 3.019952899002449787e+00
-1.080741647257349891e+00 -1.275825368731140053e+00 3.307625162855309497e+00
-1.792101648693650073e+00 -3.203210751343800178e-01 3.196804258552369937e+00
-1.576927338639690035e+00 -1.168658451066249881e+00 3.151660942264329801e+00
-1.367728615792679792e+00 -1.025164231577019969e+00 3.265836199239769755e+00
-1.941420375909309826e+00 -5.966907756549999498e-01 3.268617771928009841e+00
-1.564133309285290041e+00 -9.249088481942199236e-01 3.144174280951390177e+00
-9.667830648287498718e-01 -1.324187275904439964e+00 3.129450202333960096e+00
-6.365651198537199962e-01 -8.773339332225699172e-01 3.531471623114980307e+00
-9.797040356811099748e-01 -1.374628977389249940e+00 3.198639365198490125e+00
-9.712012582145599371e-01 -1.306766213202509963e+00 3.106656974547230110e+00
-9.812675309447599359e-01 -1.335326919780719823e+00 3.147775628710039797e+00
-1.007227680653429935e+00 -1.351627109692999706e+00 3.165872063051070384e+00
-1.082226156458260036e+00 -1.411053734021419981e+00 3.253134733375389942e+00
-7.196441157629299701e-01 -1.073128848701269789e+00 3.371058819735259782e+00
-1.650131235310279942e+00 -8.452954139478200402e-01 2.885014071118349843e+00
-2.018017185112570111e+00 8.764787208604007951e-02 3.649839885916150273e+00
-1.330728585512220175e+00 -4.192066262317001302e-02 3.628267913536860068e+00
-1.841546499396619962e+00 1.502024771542500026e-01 3.741405668156609909e+00
-1.842544058742800139e+00 1.475184286680700230e-01 3.742452535725120377e+00
-7.690021402760398583e-01 -6.903188739896999326e-01 3.392948442396579889e+00
-8.155803811736099806e-01 -8.670667353603600525e-01 3.204330671554590282e+00
-1.744273740331390155e+00 -7.693946344748400223e-01 2.914960941729130450e+00
-1.323295935905679954e+00 -6.371399964905499758e-01 3.122455331031930292e+00
-1.398511773659480095e+00 -1.007301133398589954e+00 3.064612496606820446e+00
-1.391462697425760009e+00 -9.905082211104400125e-01 3.080264702451879888e+00
-1.241554701107929759e+00 -4.393152503870699777e-01 3.198227952471200286e+00
-1.303906721912710065e+00 -4.275324989818299892e-01 3.230757062387419776e+00
-8.740966844186599527e-01 -1.021121848732519766e+00 3.173739942805040126e+00
-1.713854823294270080e+00 -3.856997978937000138e-01 3.257689891722729936e+00
-1.913025512274949769e+00 -6.768289740813400179e-01 3.164143124772520022e+00
-5.748353139799999845e-01 -9.920239939052498679e-01 3.543305013307399776e+00
-1.068317822653559901e+00 -1.136028077726400021e+00 3.354888470333210027e+00
-1.304837782669079793e+00 -1.091331019764489874e+00 3.357941859989260092e+00
-9.431199100166499649e-01 -1.088580123646650133e+00 3.232286069243629711e+00
-7.809187260520699114e-01 -6.545298008553599445e-01 3.401771312897010180e+00
-7.334621587465289139e+00 -2.139243370849109649e+00 8.244496669316719206e+00
-1.286055139784029855e+00 -8.874833210109099868e-01 3.113457235280030044e+00
-1.531726140996650054e+00 -1.017541930360419844e+00 3.173225093610690273e+00
-1.930936192929110007e+00 -4.561487220453899760e-01 3.361195652320879912e+00
-8.639601988232520569e+00 -2.142380578047739625e+00 8.399027685583750014e+00
-8.943156638719790053e+00 -2.196822109264430001e+00 7.998133206169111276e+00
-8.255239123097879883e+00 -2.045620865237119723e+00 8.087879252741428715e+00
-7.809329975004178692e+00 -1.950093728754029865e+00 7.736900688203959930e+00
-1.964823623043590040e+00 -6.914141413817298520e-01 3.217133325933669852e+00
-8.258703264586509718e+00 -2.129785659358290228e+00 7.908664577405039253e+00
-7.858604906507829391e+00 -1.958812978285779494e+00 7.775511098762380335e+00
-1.342022663242530056e+00 -2.538022297117399906e-01 2.917968324049439843e+00
-1.064601173481650065e+00 -5.658005936525299928e-01 3.339816306190689588e+00
-8.843163479267799332e-01 -3.921768641409099643e-01 3.081624130866449818e+00
-2.517090520381599639e+00 -5.073426053476140396e+00 7.702880562500189932e+00
