4.736657842141600572e-01 -4.341294445167600546e-01 2.632192424202760339e+00
-1.563146908054399709e-01 -1.463176285695140022e+00 2.829287037149929684e+00
3.178698417344399951e-01 -1.423468309207340132e+00 2.750140763310559677e+00
5.473679665853599108e-01 -8.913490559158799842e-01 2.919953274149489797e+00
5.952763299545800191e-01 -6.998301932108500489e-01 2.975210956117050110e+00
4.623524506687600732e-01 -5.900620261209200690e-01 2.845503738609980182e+00
1.150804459165380100e+00 -8.716554221701500182e-01 2.782105185992330032e+00
-1.470773895021999511e-01 -5.927393374545399940e-01 2.836492135038000129e+00
-3.023297596998600900e-01 -1.059121759737210011e+00 2.924117083871740075e+00
-1.248052999046800338e-01 -1.283843702458580038e+00 2.909859849098130002e+00
5.698486351840199582e-01 -5.590382130209300415e-01 2.749313486513699889e+00
2.464884762759800285e-01 -1.373155422638210110e+00 2.919304076734989817e+00
2.623802561211600048e-01 -4.185677119384800249e-01 2.679107500532950326e+00
-2.695623162558599129e-01 -1.053921563269990092e+00 2.913944810215029602e+00
2.578379072408799599e-01 -7.272622277740999897e-01 3.010542853827739673e+00
-1.441185529226000628e-01 -5.955909174546000218e-01 2.836993715054359821e+00
2.688081078985999905e-01 -6.305486129764200642e-01 2.895273259730430038e+00
-1.511689662950400082e-01 -1.024345822859700217e+00 2.879879764258999941e+00
-1.421377710910000092e-01 -5.967542265611001095e-01 2.838794813046640275e+00
-1.313660497717999975e-01 -1.278298559615620222e+00 2.869324392363429954e+00
1.320932093171099719e+00 -1.021604989379330197e+00 2.803378604281609565e+00
1.160937602292940074e+00 -6.271800479896699754e-01 2.867370024129920036e+00
-3.189225481541201335e-01 -1.057050429636560152e+00 2.919111036671709680e+00
9.420795145976199603e-01 -7.906164121399300582e-01 3.051694936354549359e+00
3.835472281648399928e-01 -4.767027554233200792e-01 2.712431303029730234e+00
1.714331766401199220e-01 -6.445372522457000208e-01 2.912682954783329947e+00
4.146242368347399232e-01 -4.998518686831100455e-01 2.731665801190749754e+00
2.745909906482000284e-01 -6.232772664371400984e-01 2.877731788805290236e+00
1.112141715149300047e+00 -6.524031403468900647e-01 2.943114634036759991e+00
1.120254710583320046e+00 -8.971726685252000566e-01 2.877408871583440497e+00
2.460251427386599410e-01 -1.370606459044090064e+00 2.905549255738599790e+00
1.097510665980559796e+00 -9.514657821093400747e-01 2.889154587558209641e+00
5.419746043366799881e-01 -5.655393386466399663e-01 2.743250977838530336e+00
6.847077638664800237e-01 -6.355349601563800022e-01 2.855251375688639737e+00
2.565180562892399596e-01 -1.426097808601200168e+00 2.845114859639400251e+00
1.092766214124579971e+00 -7.792127608664700666e-01 2.974795558261930317e+00
-2.098377753716599847e-01 -1.362881267781890005e+00 3.032547923229540032e+00
5.620712708838999649e-01 -5.674343270138899609e-01 2.758836510454989899e+00
4.280855505485000601e-01 -5.150596261566300349e-01 2.733987308502690006e+00
-5.006190077179799580e-01 -8.032223330345900081e-01 2.832817108945019591e+00
-4.138941328343997972e-02 -5.577216193157400470e-01 2.800504632675879790e+00
1.145242081645720056e+00 -8.627656288855800604e-01 2.779480614637079405e+00
1.109461276370679927e+00 -8.982678325441402212e-01 2.854968685974080156e+00
1.140791420049839910e+00 -8.621655503699000578e-01 2.778970416644819696e+00
1.376021636579080054e+00 -9.663251837612000239e-01 2.683502119654720186e+00
6.415015572727400528e-01 -4.871925961654900439e-01 2.676917532366329677e+00
2.652779999015800749e-01 -6.316310769365699462e-01 2.895057985981629667e+00
5.771952894680021373e-03 -5.136629419314400202e-01 2.745195041172720174e+00
-2.045226754612998743e-01 -1.366988029574030206e+00 3.039413788189529786e+00
1.279156367435779984e+00 -1.015756835558170090e+00 2.784481051490460324e+00
2.569813413629600252e-01 -1.054699053231760164e+00 2.749548949600710390e+00
1.110998774188119986e+00 -6.534386685777200388e-01 2.943219659059349791e+00
-5.453399256628010949e-02 -6.239333146119999673e-01 2.867424678412109795e+00
-1.198085405769199197e-01 -6.019384992652800914e-01 2.843825216202529926e+00
6.860856041592000576e-01 -6.390902860317001499e-01 2.859494676155470039e+00
3.564970531935400810e-01 -3.950130833207300407e-01 3.709919448490159866e+00
2.769343462692199775e-01 -1.091494485248330149e+00 2.780608689511919529e+00
1.097582394518419990e+00 -9.372146848854301382e-01 2.905169478860199828e+00
3.526302403938599284e-01 -6.118074874693100185e-01 2.917105504092699864e+00
-2.186210865026599892e-01 -1.267792169528130009e+00 2.875181938843160090e+00
9.599396804049600274e-01 -8.570856325244601281e-01 2.979256534224090203e+00
1.064424271240999920e+00 -9.701421736081999869e-01 2.864858500312020162e+00
9.609383140400797885e-01 -8.989514535750200430e-01 2.949544531574089579e+00
1.100912184894099921e+00 -7.882079414818899954e-01 2.981783271882549879e+00
1.146165494710460031e+00 -3.650905661540700398e-01 2.652156649666379984e+00
4.938538611420201230e-01 -4.991506528418100386e-01 2.689944932495589747e+00
-1.277826132105800427e-01 -7.992257358672100187e-01 3.001123643907199767e+00
7.107168224057991424e-02 -5.875269771163500465e-01 2.855971338235759660e+00
7.704803882079991340e-02 -6.876297429738199574e-01 2.964577372861679549e+00
-5.110783200587800668e-01 -7.013997514415499790e-01 2.782335273759569905e+00
-1.469151761802599543e-01 -5.922153715406300867e-01 2.839284001158210113e+00
-2.545599194047198921e-01 -1.414604382787060244e+00 2.996493010652889755e+00
2.446095032629800325e-01 -1.229700804394250335e+00 2.985833581038340068e+00
-2.239180564408599916e-01 -1.263575881665770062e+00 2.900391151759420083e+00
2.618079782820004198e-02 -5.270383663801800900e-01 2.774694099155929905e+00
1.064459416746240006e+00 -7.930024991127401224e-01 3.001492159928610182e+00
7.529761313899197006e-01 -4.302068373331400242e-01 2.691855267233549842e+00
2.610781333235000501e-01 -1.432439108274390138e+00 2.854175088244810254e+00
2.576448400613400302e-01 -7.352188321161100548e-01 3.006171096770350104e+00
-4.524106048572600347e-01 -6.518171687452700702e-01 2.822975461670219843e+00
1.183950046756159891e+00 -4.341316939892799764e-01 2.591748963380529958e+00
-2.255587513526999266e-01 -1.606461808444370254e+00 2.986891661756979843e+00
2.696738422997099427e+00 -5.030730293319470192e+00 7.047457388948640045e+00
2.695610181113040404e+00 -5.040359872882420156e+00 7.056076430126490884e+00
6.370665943567379585e+00 -4.200161412621450374e+00 6.035834991510530934e+00
6.143676374988999989e-01 -2.138236339077001502e-02 2.652106636678550178e+00
2.633940316118679625e+00 -4.977729738868060139e+00 6.969357702799300114e+00
4.845921144244119461e+00 -4.324526661495140090e+00 6.023516510468010843e+00
3.007146000805799524e+00 -5.176120081760020142e+00 6.820891217564140518e+00
5.507960537869900364e+00 -3.568295446001330529e+00 5.535765569734290459e+00
4.349568416269799620e+00 -4.322675776357640665e+00 6.539440395243540927e+00
2.601505313574119960e+00 -5.180183489562939947e+00 7.239458318257049996e+00
4.950855395228979994e+00 -4.385743185667390520e+00 6.108777898440161280e+00
4.569354323310339971e+00 -4.472372169370109951e+00 6.699787437860410755e+00
