-1.099198150609939972e+00 -3.435106245181800411e-01 2.777166614462709848e+00
-2.230227141302398852e-01 7.373648237771995850e-02 2.406377674061679794e+00
-1.087729595205999988e+00 -9.874847808663800297e-01 3.242850619156109726e+00
4.126006807550153255e-03 -1.092363767304199706e-01 2.749848381327010038e+00
5.415567484424899103e-01 -1.087701078834599766e-01 2.523156282916679594e+00
-7.535768275678997874e-01 -1.924940518420399926e-01 2.722370111508760182e+00
-1.124103245411029794e+00 -6.043055042055199833e-01 3.226910500938049875e+00
-6.324139687911598529e-01 -6.004542988575999329e-01 2.809244809448329772e+00
-7.773958154452098590e-01 -6.659013899105399314e-01 2.879252687591799642e+00
-1.742295846239598767e-01 -8.453035181479500171e-01 2.817226946471780291e+00
1.168500030745001084e-02 8.761625460684498989e-01 2.553068155081370083e+00
-7.485345508485697907e-01 -6.548267552888399345e-01 2.863485553813650331e+00
5.067538311207102630e-01 7.635575842481995279e-02 2.548583190153360434e+00
-3.086716122406101270e-01 -2.073623090104900202e-01 2.841469943192889591e+00
-7.804882410981999197e-01 -6.656940991489799231e-01 2.881821094937999650e+00
-6.397505396937398503e-01 -9.442268381375999720e-02 2.599932822458350223e+00
-2.615232540490697311e-01 -5.552213629422200203e-01 2.618712241975719834e+00
-6.465274131322498175e-01 -6.040458076894900108e-01 2.808096228773670155e+00
-5.669942423464700010e-01 -8.459948112497099881e-01 2.819529603702540133e+00
5.155259790854200830e-01 7.448427922720995964e-02 2.545894458506650082e+00
3.695864153287502507e-01 -1.081032315640600983e-01 2.778164615919709757e+00
5.077241169286501599e-01 6.715553664769996489e-02 2.540716269537379723e+00
-1.127981025505119916e+00 -6.128730318322500592e-01 3.215052321379300082e+00
-3.355607798232096428e-01 -1.209968496824099793e-01 2.698116194628939812e+00
4.848537824894603165e-01 4.922858713462996416e-02 2.630604880124029599e+00
5.435952351865902532e-01 -1.938788511847500118e-01 2.588850720100370317e+00
-3.688603414581992368e-02 5.050766414024998596e-02 2.442516399938069682e+00
-8.209151796622982111e-02 7.010353814079399726e-01 2.604415562280149921e+00
4.059684360363500222e-01 -2.244360846332300041e-01 2.691275827078440042e+00
-8.877899334526007102e-02 -1.793853706281001159e-02 2.529660939065239589e+00
-2.224553927010199939e-01 8.255042852911997908e-02 2.406168215307699754e+00
-1.050685961868809803e+00 -9.947006038389699656e-01 2.891069132948560050e+00
-1.057932602215259976e+00 -9.454671922918800320e-01 2.982798335934780276e+00
-1.084950011964500582e-01 6.905837986810898776e-01 2.605015784784739719e+00
-7.596698571318971638e-02 -1.342081962018999985e-01 2.777075470440999894e+00
5.462103345260798104e-01 -1.681170115972999701e-01 2.485276371081619917e+00
4.022412402445898483e-01 1.749099313699900016e-01 2.296031138650139969e+00
5.305135343024802719e-01 -2.003784938400999804e-01 2.568654598049979754e+00
-3.401707509760198977e-01 -1.288487292111300253e-01 2.717450392678599336e+00
-1.104536469735369897e+00 -4.049263171344599788e-01 2.867354828849780102e+00
-1.588338413581198427e-01 -3.130585381729000805e-02 2.595031631118909665e+00
-1.093907262541939929e+00 -4.094372338389299371e-01 2.882025433531069769e+00
-1.068502025680299949e+00 -1.168846646778659792e+00 2.888667672151199461e+00
5.332613704508200048e-01 -2.619937523786199929e-01 2.560576856510920152e+00
-1.036376366379329728e+00 -9.892391872319399315e-01 2.883396124221400125e+00
-1.178834732416079945e+00 -4.994176686706900403e-01 3.981656013580510134e+00
3.996125201513400782e-01 -2.228122450557799561e-01 2.686906882382389838e+00
-3.281650365298596217e-01 -1.257302239972999947e-01 2.719462494133120245e+00
-1.013737398114799904e+00 -1.250023093623689796e+00 2.916347726536320017e+00
-1.086679688054859927e+00 -4.577932254374299514e-01 2.849680867623900049e+00
-4.223516992994098551e-01 4.981975973657001844e-02 2.486236428981819735e+00
-1.093131156994919806e+00 -4.119282582153899752e-01 2.883256770330829610e+00
1.309342640443702521e-01 6.790405623139699198e-01 2.766946370527420207e+00
-1.086756913323709828e+00 -9.812161114246299443e-01 3.226499090540590142e+00
5.352615332571499795e-01 -2.339334884199599784e-01 2.623696432963360081e+00
1.670471104388002725e-01 7.009724138021100615e-01 2.792304255084769871e+00
7.819426411209007277e-02 2.539654138878499889e-01 2.266708427731280118e+00
-1.035526616031940073e+00 -4.730902914273100168e-01 2.802637581246389509e+00
4.005516900585399664e-01 -2.220145056331599975e-01 2.685470405016669559e+00
-1.214563362829459869e+00 -5.062839038835100780e-01 3.926193963357889949e+00
-6.952657194642200000e-01 -3.336164607931199622e-01 2.930949920827099930e+00
-1.091142332422798678e-01 6.809212382261999874e-01 2.595119476582679940e+00
4.088661909109800874e-01 2.952417087872500345e-01 2.311127006706709786e+00
5.464954313100234273e-03 -1.341592084727100120e-01 2.771017146041680146e+00
-4.554077974251999894e-01 -2.264075272915899995e-01 2.920788277571859659e+00
-6.113501862815696741e-01 -9.814675596996998153e-02 2.627374394277780301e+00
-6.026970187830100745e-01 -2.625061746124700557e-01 2.838655632616629898e+00
5.358344945801898351e-01 -1.043104699499899368e-01 2.523047084857229727e+00
4.810725973530602939e-01 -8.941483645507997124e-02 2.709430131558309807e+00
-1.046099745374559964e+00 -8.543460214020299759e-01 3.517197985809640048e+00
-1.087833492343509789e+00 -6.019462703540899851e-01 3.257816947218139969e+00
-1.406027522209869929e+00 -2.966390297360600448e-01 2.704681076032559695e+00
-9.160200754329899109e-01 -1.039640143693479901e+00 2.782856126230910387e+00
-1.025606444030839670e+00 -1.183120438426319865e+00 2.928829551561549671e+00
-1.404808046231649898e+00 -2.951465059082899467e-01 2.707340815180109939e+00
1.572347659133011000e-02 8.772423706048000369e-01 2.560512026873430269e+00
-9.888057145573398987e-01 -1.084982280661559884e+00 3.355724014397920119e+00
-1.094492497926949914e+00 -4.083204822246300214e-01 2.881488155569779774e+00
-1.006799026500480032e+00 -1.080632319608429981e+00 3.331305300037520123e+00
-8.419895851638798945e-01 -1.365108978540199858e-01 2.685788145548869910e+00
-1.451728909250098454e-01 1.850959665720500191e-01 2.583478809244390106e+00
-4.690547311506698680e-01 3.850459364975999943e-02 2.298622068451700251e+00
4.174712726760176906e-03 6.168445727018999625e-01 2.537873754837379980e+00
4.644214506733024272e-02 9.081609792708500439e-01 2.589651417130400368e+00
4.539764219100301812e-01 2.291064600660900341e-01 2.252521243730999601e+00
-1.687623224891097173e-01 1.837910230629699604e-01 2.381085640912699475e+00
-1.080780887678600699e-01 3.704573331398299807e-01 2.277919664073089656e+00
-2.522712911324898055e-01 8.834492125921598049e-01 2.520534060476950167e+00
1.323407774752403121e-01 -8.488745916209000653e-02 2.812475263707860051e+00
5.391304023662299993e-01 7.169961299850990954e-02 2.533967126826009775e+00
-1.681260069744698882e-01 -3.497260608746999289e-02 2.590018846362259985e+00
