-1.192177833210730009e+00 -1.657625572517399948e-01 2.713671209433600406e+00
-9.660811182050702550e-01 -1.504671987659000343e-01 2.666809382646639470e+00
-5.577823753788013761e-02 2.313496816264799805e-01 2.343038441135159911e+00
-1.003513929733670151e+00 -7.718751457950998596e-01 3.160921504560020079e+00
1.320986489912698847e-01 -1.436286466229400316e-01 2.691437108097579856e+00
1.414579436128100554e-01 6.029403036698000040e-02 2.710306179055749887e+00
-9.712740537055801759e-01 -1.513796144191199566e-01 2.650149848241459605e+00
-1.329970585042470121e+00 2.150680953855000077e-01 2.427191869293799709e+00
-9.011194014048600209e-01 -1.847205614748800295e-01 2.621540370562549960e+00
-1.986076647517998062e-02 1.166009955198400172e-01 2.578595979090020140e+00
7.073270594654101906e-01 -2.874329580209991630e-02 2.492843953122350076e+00
1.974167730237974538e-02 7.146240914709600656e-01 2.848976036035029580e+00
-6.139687664553999946e-01 -9.097383564079970786e-03 2.630833798827540093e+00
-1.029705592839210260e+00 -3.892262885966599750e-01 3.124903065378830114e+00
-5.089735482169901459e-01 -4.148355421459799519e-01 2.744902896801959979e+00
-6.601484504095201933e-01 -4.740167807415199830e-01 2.806934287452309551e+00
6.170659618124998413e-01 3.200470449865199241e-01 2.314006808716440045e+00
5.409007548258299991e-01 -6.061582751169994343e-02 2.675699267893750122e+00
6.628132542735101218e-01 1.499392078317399457e-01 2.604022340307440064e+00
1.862412543646398966e-01 1.034977090569879854e+00 2.469935658242319754e+00
-6.299665960017700739e-01 -4.642732181312199113e-01 2.792850914372489779e+00
6.182159659843300403e-01 3.221437832913399690e-01 2.316649754995830257e+00
6.615797772894798090e-01 2.261709530872000051e-01 2.538419573553590158e+00
-1.793753853583401892e-01 -2.717063762816004924e-02 2.782979961886399511e+00
6.483823964209098900e-01 7.861011129473996495e-02 2.682533825105659631e+00
-2.696245063209001813e-01 8.446246698074399983e-01 2.653739355322859872e+00
-3.375927848790001295e-01 7.718753005265198697e-01 2.805344627718329598e+00
-6.634138972203400542e-01 -4.736272601532399706e-01 2.809255475425860293e+00
2.240329114363497354e-01 1.038004158856419945e+00 2.397078503205279709e+00
-6.104435108142001187e-01 -1.116679284916000797e-02 2.631487959168699486e+00
-4.892844484233300761e-01 8.081298902821998364e-02 2.512786118054540108e+00
-1.242507059681199344e-01 -3.860110737540799475e-01 2.580385117512570048e+00
-1.865860411351301096e-01 -3.560309436729999777e-02 2.768261300932119973e+00
1.240174139349399240e-01 2.102325025437999650e-01 2.378229165350200347e+00
7.309525085566299651e-01 1.346346432406599070e-01 2.499329205350270033e+00
-5.230457484112800426e-01 -4.181961124196400537e-01 2.742881200819999865e+00
-6.081488813209999789e-01 -1.157389967383997548e-02 2.633245707616499676e+00
1.290289237402999500e-01 2.093193366897999896e-01 2.387077328227390272e+00
6.704783824745799148e-01 2.240009178044800320e-01 2.536473276847070135e+00
-9.069912703755989014e-02 3.054299128581199341e-01 2.166901845215110090e+00
-6.770866580015901803e-01 -4.762160056355000393e-01 2.803338157981559498e+00
-9.011386047929992316e-02 -5.801625419844000930e-01 2.858291482029750252e+00
-1.870318681420900520e-01 5.107780147585999631e-02 2.654364425257960125e+00
6.629055627050597366e-01 2.165926768633199828e-01 2.531072950335329530e+00
8.603548950658002070e-02 8.761072550010799986e-01 2.541278772361359906e+00
-1.011389559696179941e+00 -1.295473597547600053e-01 2.707460124342029761e+00
-1.032908576487750141e+00 -3.982645235856999699e-01 3.113193782364710227e+00
6.331445195741001175e-01 2.033806223789600132e-01 2.619752777893489704e+00
1.266445555918398469e-01 2.061569598306800255e-01 2.393829225159029850e+00
-1.050368159137520241e+00 -3.722647439716799678e-01 3.584574667538369841e+00
8.220944903736970844e-02 8.577455035330199262e-01 2.644790721065259920e+00
-1.233121469314500285e+00 8.247921160080004532e-02 3.699825289488119839e+00
5.653270728814798751e-01 4.050610758943999912e-01 2.312232929552269667e+00
2.072333553383598481e-01 1.188405448058799940e-01 2.573309605948680190e+00
-1.389673731461650297e+00 -8.849823335261994273e-02 3.835742089072789796e+00
6.433546196198098865e-01 8.291439662045999026e-02 2.673076440992669944e+00
5.437075077013897584e-01 -6.549879137037992183e-02 2.686842981290300081e+00
1.303345694847797276e-01 -1.449929180206800117e-01 2.687072617825760013e+00
-1.394036344991660403e+00 -7.649332861456004107e-02 3.828399908089660020e+00
6.696986417454997564e-02 1.429390073865799970e-01 2.479935872696290122e+00
-5.173096048365302124e-01 -6.963704377566199977e-01 2.772793653846119977e+00
-7.641755872575006769e-02 1.622968497507000230e-01 2.460491305873030221e+00
-5.207185335280801741e-01 3.935047638819999527e-02 2.579370316324839596e+00
-9.480917441012901570e-01 -7.424589393827001338e-01 2.910787570851659734e+00
-5.521366950507000659e-02 2.310704180681400211e-01 2.349399801948080402e+00
3.850475125814978306e-02 9.321799874357800109e-01 2.518274463929329965e+00
5.831456890304975715e-02 8.544774488399800028e-01 2.521276721075659921e+00
-7.767011077934027341e-02 3.578956195144000763e-01 2.193719672134200049e+00
6.773705343187601535e-01 -4.972690931407999781e-02 2.572774319839340240e+00
-1.202808782409970023e+00 -1.676256028707799883e-01 2.706638553760129629e+00
-1.999317964236901890e-01 4.601999970305997723e-02 2.653527300349769913e+00
-5.795961539898601966e-01 -1.322092303815199932e-01 2.829524260595190022e+00
-1.434171333221301303e-01 9.881367132048601842e-01 2.385515181356639758e+00
-4.196481020774200932e-01 7.415516220530400382e-01 2.838749107200569721e+00
-9.333704810670901963e-01 -8.427072415197799371e-01 2.769746091577419911e+00
-9.793950778320201778e-01 -2.074452303055599744e-01 2.759061978979509888e+00
6.576043857420799110e-01 1.626265212428399110e-01 2.603530515449009819e+00
-7.947769285699957109e-03 1.340622804091200215e-01 2.540501924803150402e+00
-2.046411628371025415e-02 1.152137321152999772e-01 2.579833275220940081e+00
-1.065024701643470184e+00 -5.202973272783799619e-01 3.338609478575219836e+00
-1.330679230704140181e+00 2.163063572269600943e-01 2.423610712911020038e+00
-1.208600106381380046e+00 -1.116592382251996307e-02 3.635143471601190335e+00
-1.179162757055420174e+00 -1.591828607163999765e-01 2.734308157170319831e+00
-9.699693419357001689e-01 -2.114698719905600266e-01 2.774666876366850055e+00
-1.335470856412869889e+00 -9.080700287065995857e-02 3.672188165649470371e+00
-1.609630102914610061e+00 8.273738111733999756e-02 3.542362452044659715e+00
9.289429777577984382e-02 -7.242460076983994743e-02 2.790549010749360459e+00
6.322580995210900223e-01 2.021733127177800238e-01 2.620135303747320066e+00
-1.136752844163500198e+00 -2.478119969248800125e-01 3.867991634360830044e+00
-1.159539778054840209e+00 -2.652713962845599793e-01 3.832236087965519733e+00
-1.162313125984470119e+00 -2.685113142072599324e-01 3.826442547543290384e+00
-1.117885220302159865e+00 -3.985520092210799170e-01 3.361606245102489954e+00
-4.736169945878800913e-01 -7.352257381271199987e-01 2.986401944627449900e+00
-9.615346103126900523e-01 -2.614307675889400162e-01 2.745180024046789846e+00
2.096072146936498459e-01 1.164405181625799701e-01 2.577908415631899874e+00
-1.035115737670960101e+00 -6.551579847880799612e-01 3.206795041617070297e+00
-1.026240244433730187e+00 -3.864677730199399530e-01 3.128604385701939883e+00
2.849933523662500079e-01 8.458257585337400908e-01 2.700784423747319529e+00
-1.001208471689060131e+00 -7.664047692336799500e-01 3.144417727524080330e+00
-5.057368418921102116e-01 -4.471137944661998653e-02 2.710272943250749744e+00
6.773189827469401347e-01 -8.073778850163995657e-02 2.629487699988530380e+00
-2.681744182860601455e-01 8.496139525988000152e-01 2.657050277656310300e+00
-9.317347576640901963e-01 -2.573369447280599576e-01 2.655853359806139569e+00
4.430767316301895686e-01 7.955751595605994875e-02 2.766287138699429438e+00
2.986985470211298566e-01 8.611277464273400239e-01 2.702049455821349699e+00
-1.172360676089049925e+00 -1.567987782312599276e-01 3.560658949059840150e+00
5.387853451323099119e-01 -6.324642415730005740e-02 2.680549550863819519e+00
7.689111270114401542e-01 2.632566972632800484e-01 2.476082926915000204e+00
-5.742882352928601053e-01 -1.413616090775599576e-01 2.849358138703499854e+00
-4.464943953465900783e-01 9.447559352962001111e-02 2.501009267193620378e+00
5.863488540817196615e-01 4.355219935568399592e-01 2.284665874410669595e+00
5.248197823145897001e-01 -6.399490436394003612e-02 2.671733401329649649e+00
-1.795302647658799655e-01 -2.540942742047996861e-02 2.780513696788240008e+00
-7.622507904961401959e-01 -7.464886166628000863e-01 2.765157683505690134e+00
-1.034445804239199962e+00 -4.624160429992398846e-01 3.135087201054199912e+00
-5.330618481412900955e-01 -7.942727437277800062e-01 2.930114012218859809e+00
-8.659994437364004760e-02 -5.184212179419599442e-01 2.840387667828049967e+00
-8.053673076196021796e-02 -5.229394063063199649e-01 2.852603721653190316e+00
-1.417592952180530164e+00 1.843781009461399889e-01 2.608229185202819878e+00
6.115734768006100275e-01 1.153189032507180078e+00 2.436449779542559924e+00
-1.349298761947310243e+00 -2.449956504237000010e-01 2.863394399994929618e+00
-1.968631439579199283e-01 7.826639359228002024e-02 2.611377879517020162e+00
-1.273530219516680217e+00 7.077952191088004996e-02 2.716965683880040228e+00
-1.337974562022860026e+00 -2.605516753955999798e-01 2.866422060195839450e+00
-1.344970265518350194e+00 3.539857557968599799e-01 3.257637820093829628e+00
-1.283791003072749959e+00 4.045367825919000682e-01 3.065394028703220197e+00
-1.269940737278170140e+00 4.271295071971000779e-01 3.106134053977600118e+00
-1.265963574310300155e+00 4.300511585879599474e-01 3.112198426648419947e+00
-1.586551934207640180e+00 1.098577517585600238e-01 3.636389818715029865e+00
-4.630504172818500352e-01 7.782310632306002618e-02 2.542388903411480161e+00
6.882297338139398146e-01 4.395983529680005941e-02 2.523354741066740292e+00
6.204129797924300416e-01 6.870941365829999481e-02 2.704318078739539999e+00
-9.957357178698900135e-01 -3.861338387344599443e-01 3.158261029923299823e+00
6.735837158988999818e-02 4.097467220875400384e-01 2.092818053992029803e+00
-1.342372234587390301e+00 -1.223551208891400233e-01 3.588037709021560051e+00
1.610381671831400130e-01 3.386006833009199690e-01 2.446373314174100422e+00
-1.318534947189330397e+00 -1.747840063393400478e-01 3.812554068391159845e+00
-1.125000112003510022e+00 -2.598093791246199880e-01 3.509698177445879974e+00
-1.781450913483699772e-01 -3.565197684297999325e-02 2.779978237851810086e+00
1.897514301396099334e-01 1.036326155318419984e+00 2.477600201689190484e+00
-2.470725528071701094e-01 3.689536776175400545e-01 3.245550073600389940e+00
-9.704877894630301594e-01 -2.103682818216200123e-01 2.774037580339239639e+00
-9.084831698904801689e-01 -1.873325672570000100e-01 2.610795608778919696e+00
5.975005902256969037e-02 8.692463902092600891e-01 2.537225062924770125e+00
2.189795384367501097e-01 1.067967574784500107e+00 2.507487308616760391e+00
3.369487046983898892e-01 1.118690913904740070e+00 2.465286247015789911e+00
6.948168867868997900e-01 2.201887530039199625e-01 2.526458834419599953e+00
-1.693336503418985117e-02 1.303486386051800061e-01 2.534989632778960278e+00
-6.122252753039900686e-01 -1.528914262363000043e-01 2.819683578059870133e+00
-1.117041721456240255e+00 -2.603307844269999727e-01 3.491829484628009794e+00
1.297062238683976965e-02 3.856551800225199722e-01 2.075980322832720049e+00
-1.034723967203530215e+00 -7.693246915571799738e-01 3.114657647129330353e+00
