5.115710275287987940e-02 -2.826358802774399659e-01 2.241112452762879848e+00
-3.609344858383702892e-01 -1.394321819898810100e+00 2.539430881419630026e+00
7.851378642674498032e-01 -5.479817941016700278e-01 2.245869604152650467e+00
1.144183027331500124e-01 -4.402553979171300313e-01 2.443840788460799995e+00
-4.720609944572400352e-01 -5.319841596697599817e-01 2.582119538327459995e+00
-8.349330161883501411e-01 -9.654819583985698728e-01 3.073894917496700074e+00
1.896176609851698558e-01 -3.930677067967699445e-01 2.325989829241869700e+00
7.738903598534401240e-01 -3.925547715527200054e-01 2.370564948644889647e+00
6.629678643486101031e-01 -6.703992984658500021e-01 2.406218328498660242e+00
3.496641598169980547e-02 -1.247070289889440131e+00 2.533373381671400359e+00
-7.800927900707599338e-01 -1.378102854572460068e+00 2.556614589694690132e+00
-3.605866315054500060e-01 -4.310561741394100532e-01 2.459839887303949979e+00
-3.788509680479990038e-02 -9.264897480593801138e-01 2.381397434954549919e+00
-3.250321628278984853e-02 -6.123359062242299533e-01 2.632887588434810411e+00
-4.049755722158501214e-01 -9.598805701758499342e-01 2.606359546971799723e+00
-4.661960720408399039e-01 -5.352516225291999996e-01 2.582984329713859939e+00
-3.530438281151000446e-01 -1.208111172838380210e+00 2.580278499220149957e+00
7.951453340094096767e-01 -3.749534447463299669e-01 2.294765268289709503e+00
-5.517126099596700861e-01 -1.017088076395989971e+00 2.683466570000629936e+00
-1.405773226812800925e-01 -5.372410059899999091e-01 2.576828192157169628e+00
7.860723746990196936e-01 -3.807231090313199506e-01 2.289687322406369407e+00
2.879105549344000980e-01 3.043367495865599848e-01 2.514120894521499672e+00
2.810029164123983847e-02 -3.570857748515399721e-01 2.348935867538139988e+00
7.704343531177499926e-01 -4.076514738441099905e-01 2.378876470728249704e+00
7.849998228679497814e-01 -7.051936366452100646e-01 2.317064501740349947e+00
2.996812476205199527e-01 2.678850246833600068e-01 2.612096591050569572e+00
-8.105064409918301127e-01 -7.766367164713701143e-01 2.729893962834020193e+00
-4.248920765371801966e-01 -1.269096692689600125e+00 2.678682142637019759e+00
6.671013945383998944e-01 -6.773971870713999532e-01 2.415697094650949950e+00
-3.843935361471700896e-01 -4.815940795642099648e-01 2.523242155816079801e+00
5.271010284369981314e-02 -2.739720450709799970e-01 2.241872397065399980e+00
-8.353275368263302081e-01 -1.316249133983149910e+00 2.686894645568719930e+00
2.552074937841397606e-01 2.886436664274600328e-01 2.496215118191689619e+00
7.914912768879398541e-01 -6.095865159472200201e-01 2.203084142213540098e+00
7.806409687271798070e-01 -6.505467137556599777e-01 2.283356512555980267e+00
-5.667603473420013138e-02 -5.106039834475799566e-01 2.537647797942999439e+00
-8.173151804456100233e-01 -7.319326799039500564e-01 2.752996994156689858e+00
-4.113558035382003375e-02 -9.291508635579399655e-01 2.380151080287929766e+00
7.695084948400299218e-01 -4.088438715825299941e-01 2.379209092240429868e+00
7.730683897025900642e-01 -5.360545737225501650e-01 2.411025479818840189e+00
-7.731498423148700505e-01 -1.310682850697610036e+00 2.596194456983429433e+00
-4.058623326850200330e-01 -1.375683912965679934e+00 2.524512502459379970e+00
-8.306380242990099028e-01 -9.636835738348099589e-01 3.077306174597190136e+00
-8.413998492235699178e-01 -1.341031878817170009e+00 3.025141011059580443e+00
-7.575609133733200995e-01 -1.188369550938740193e+00 2.792152164844930340e+00
6.614436376699894815e-01 -6.737103897393299512e-01 2.410869526731989954e+00
7.881389689026101486e-01 -5.439444018044099494e-01 2.413156091185059804e+00
6.915442267663496345e-01 -1.161232621372300100e-01 2.101117022522249744e+00
-4.712941173364898484e-01 -5.314645582378699773e-01 2.584809758188059803e+00
-7.990455867345900298e-01 -7.359499221196899033e-01 2.787131037105310405e+00
-3.301919453674597715e-01 -4.411496959380199478e-01 2.483244424403090012e+00
7.923654262214698818e-01 -5.504507313192099627e-01 2.248994418547919594e+00
7.586719202919498528e-01 -5.541782712352100182e-01 2.440854346386549967e+00
7.859804318119198996e-01 -2.090177711412399830e-01 2.082529466003769869e+00
-2.115604226520018116e-02 -6.399762365805997111e-02 2.292810934065749873e+00
3.256091652947978865e-02 -1.250119425495700209e+00 2.363314091537879413e+00
8.169554034765700301e-01 -3.785653655365500136e-01 2.279984901055220003e+00
-3.954180015531599812e-01 -1.374210667706380118e+00 2.544944154983239670e+00
1.113507476404600460e-01 -4.190914152479400245e-01 2.403322194332110140e+00
3.909381048499189770e+00 -4.539914211732230420e+00 5.784421969180989720e+00
6.056536699945029412e+00 -2.849568947957610288e+00 4.061426910154079195e+00
3.911759004342290513e+00 -4.549674208038230638e+00 5.792630341821189077e+00
6.071142593448870528e+00 -2.858039727619450243e+00 4.071468475261670328e+00
3.822573685226139606e+00 -4.496044485294540038e+00 5.726179797033639218e+00
3.742032305723379526e+00 -4.826745578066099718e+00 5.657139104850329225e+00
5.362656951502190239e+00 -3.825542301392149458e+00 4.602379959200490589e+00
6.120410375754659071e+00 -3.440299074907120058e+00 4.130678027605309666e+00
5.852292678914279733e+00 -3.046410177302080413e+00 4.009680395637779782e+00
6.198704571267070307e+00 -2.886411125041529857e+00 4.119624232532369312e+00
