4.157114489868399820e-01 -5.480059233952799813e-01 2.816193697003120278e+00
-3.606669195673400941e-01 -1.430866574649809930e+00 2.934629908204279936e+00
-3.958999583747999651e-01 -1.457993643367920145e+00 2.904897223144639717e+00
3.644257116262099583e-01 -7.783986828118099055e-01 3.119811125929380147e+00
8.493291431105995382e-02 -1.496605678627579872e+00 2.904054806981160031e+00
8.626504662755998809e-02 -1.499992633751790150e+00 2.911440038285600274e+00
3.671425479981799134e-01 -1.004328580236490076e+00 3.110640253138199807e+00
4.358823957358100021e-01 -8.217281433617700248e-01 3.173568858116099900e+00
-5.615898584418399508e-01 -7.138563329958198533e-01 2.811496642877119978e+00
9.732158406774199522e-01 -1.010199787217759937e+00 3.107268464288920118e+00
-2.909856527426200601e-01 -7.885226369400200053e-01 3.073580188690760107e+00
3.451166300019599120e-01 -6.951224736211500943e-01 3.024322912863679935e+00
9.800271389735099037e-01 -1.084757712787459916e+00 3.072835392935420629e+00
-4.209757663730199218e-01 -1.285929969808840001e+00 2.926748167134120227e+00
-9.954103761985999554e-02 -6.396442900312300228e-01 2.965812854783239860e+00
-2.472032159774199545e-01 -6.003475423587399940e-01 2.916304130030120234e+00
-4.879396928208500350e-01 -1.033677328142389884e+00 2.976013640804539673e+00
-3.491741970346000645e-01 -1.284204648211149991e+00 2.990097470464959883e+00
4.702826499027499274e-01 -6.839588304896599968e-01 2.946996892393739742e+00
1.060810836876280305e+00 -7.084697590883399787e-01 2.955934364613519882e+00
9.627347606866799579e-01 -8.459427642207100195e-01 3.220152362840959626e+00
7.679188803345300407e-01 -1.075161664871429945e+00 3.203478576097060326e+00
4.146128385411199657e-01 -6.152683211669200958e-01 2.876445330428960112e+00
-3.658625635070078541e-03 -1.431597985488100022e+00 3.059516872488339700e+00
-4.535580871184899943e-01 -1.034030729270089877e+00 2.971322909952940350e+00
-6.372858035304399538e-01 -1.248529878013249883e+00 2.881919520546079916e+00
4.836067946633995640e-02 -7.023809402678500291e-01 3.051391106820120047e+00
9.722601928565996476e-02 -7.939239338085899433e-01 3.153460528594759893e+00
9.079616119041798994e-01 -9.867046176590898998e-01 3.263029052602359759e+00
5.954859346227000527e-01 -4.008161694317299295e-01 2.606245503641800187e+00
-2.448647423040000437e-01 -6.036238685937298509e-01 2.917271100925840077e+00
-7.238209789580002385e-02 -5.488307147251598739e-01 2.850357930270960072e+00
8.858948476637004688e-02 -1.121224200216369926e+00 2.897238341649380100e+00
5.616154281874399246e-01 -6.373777735210399698e-01 2.885008628904480510e+00
-3.280198502287799966e-01 -1.024600790758189994e+00 2.957062270575799623e+00
-2.434145203162999815e-01 -6.050473692428199879e-01 2.919366629790760115e+00
-3.481376655341600901e-01 -1.278621814127310019e+00 2.949052702880879284e+00
5.633678285928299667e-01 -6.411055295199499238e-01 2.894350578012700570e+00
1.015727739940770036e+00 -8.431518117989400540e-01 3.159397708957939699e+00
9.064840172553799702e-01 -9.884814676346800333e-01 3.276762357606440190e+00
-5.029531054128201228e-01 -1.029091384481859883e+00 2.968382249257719874e+00
7.465212842044499642e-01 -9.650984310866099758e-01 3.305147121427140178e+00
3.081634803706200243e-01 -5.737204976363199371e-01 2.880570049383480047e+00
1.515961884126799941e-01 -7.035671332323298888e-01 3.045743635159679830e+00
4.224684294643993310e-02 -7.007181948050700271e-01 3.043116793433119582e+00
1.008014715808770001e+00 -8.465815361800499428e-01 3.151022781827939934e+00
7.502839344489898865e-01 -1.027956956995149884e+00 3.240199987593820108e+00
9.519427216800301350e-01 -8.584687710968199603e-01 3.226116159314059928e+00
4.430686970427399896e-01 -6.860496353345000298e-01 2.936460782162439997e+00
1.041862936934470074e+00 -6.108694774114299397e-01 2.960688940762859822e+00
5.526721429842199607e-01 -7.753892870994700814e-01 3.069958888488200088e+00
9.483715613479964945e-03 -1.487169619425710021e+00 2.987777056016000188e+00
-3.506671351622300259e-01 -1.276165796483079928e+00 2.971336653831140318e+00
7.026777816936898846e-01 -9.539288772707998909e-01 3.295016160042980147e+00
3.663347194393999917e-01 -1.004423818067120111e+00 3.105807000444880117e+00
5.250415066609800396e-01 -1.086239353420290099e+00 3.206084583324919635e+00
-5.528849503910601149e-01 -6.543394821839099151e-01 2.828506231928840098e+00
3.418476648163099041e-01 -6.182062978569999867e-01 2.908959527970299774e+00
-4.049520404526100181e-01 -1.223942145252949976e+00 3.030582202281980386e+00
4.143451323428399835e-01 -5.492276601898099520e-01 2.822317762325600388e+00
9.754717686832200529e-01 -7.602615086986999060e-01 3.096462693980519987e+00
9.237370896407398613e-01 -1.102706358824399935e+00 3.137918767297640077e+00
2.790421376442099310e-01 -1.152635361200099906e+00 3.065193701168340112e+00
9.723189854205801508e-01 -1.073861676826969980e+00 3.068144319183479851e+00
1.199853076602760193e+00 -1.216544112610530082e+00 3.011871356509279618e+00
1.385400826274499619e-01 -7.034242136290800307e-01 3.041031104849379663e+00
-3.115277597130300391e-01 -7.502298156558999676e-01 3.087223873170659605e+00
4.635060749238899547e-01 -9.172736183282199640e-01 3.232711985536499633e+00
1.216521198793699909e+00 -1.221052875937249871e+00 3.020341999974039737e+00
3.722054897182498490e-01 -6.788167643160398779e-01 2.994351418240420060e+00
9.801655039574800332e-01 -1.125578393195449944e+00 2.918978144773920480e+00
9.069365861824799646e-01 -1.160010583041420018e+00 3.120505865631679754e+00
9.506454701181800138e-01 -8.593051178688000391e-01 3.226030570109959861e+00
-4.749474431777001016e-01 -1.025895148615769914e+00 2.953461672794759796e+00
-2.247445753270044255e-03 -1.069299602611200051e+00 2.942783690213540027e+00
4.169676996023700122e-01 -5.715198385758599731e-01 2.855634029455219824e+00
-2.536284778339975565e-03 -1.070856547341129783e+00 2.943072521967399879e+00
2.065148924956200227e-01 -4.958466880777300245e-01 2.830253905758040034e+00
8.666654588054000241e-01 -1.166188950761409826e+00 3.140121136338880348e+00
7.637975377745999106e-01 -1.077395169141359910e+00 3.207076663935919836e+00
-1.563565396624100323e-01 -6.465607761948599652e-01 2.971762047838459875e+00
1.117751851736960012e+00 -1.267056297856050007e+00 3.137305695620399959e+00
5.218047384328899918e-01 -6.436800802528499510e-01 2.897263404015380406e+00
2.207700585354800127e-01 -7.070878904586299640e-01 3.044539931934560073e+00
3.463878435263999522e-01 -8.142108025367098545e-01 3.167269089346959721e+00
8.504317875426000706e-01 -6.035830620807600688e-01 2.960573983134159981e+00
9.128062327291298628e-01 -9.897869977791899920e-01 3.262007205805620202e+00
5.657327009344699231e-01 -6.205840773934101495e-01 2.886233437658220158e+00
3.360804540101599569e-01 -9.055290349435298758e-01 3.148552339110800347e+00
9.834515751179997989e-02 -7.919476134754599439e-01 3.151448067438160194e+00
3.648340818714999045e-01 -9.999997249904899466e-01 3.102659452240839943e+00
4.203843995961499269e-01 -5.697543608847399632e-01 2.840802724544059910e+00
4.155452123328100544e-01 -6.140641932780099843e-01 2.876251547384339968e+00
5.258811548021999349e-02 -7.032203790092699247e-01 3.057702126716359992e+00
-2.914547599487900542e-01 -7.955105370098198847e-01 3.080837894969699509e+00
-3.710732987619005940e-02 -6.296979161373499334e-01 2.971020713897540411e+00
8.496596601734998644e-02 -1.369199401020749995e+00 2.925553493135979899e+00
-3.153869903632899874e-01 -7.572859275007299829e-01 3.109593053149420250e+00
4.500106553521899810e-01 -8.234572145029899204e-01 3.186458245557500124e+00
-6.104572510134100849e-01 -6.505210440558399920e-01 2.803317997160780006e+00
3.693279029153699877e-01 -1.087162356808289987e+00 3.170484128362100140e+00
-2.474100142026099680e-01 -5.997917174107700866e-01 2.919086873896380219e+00
8.683723606098994741e-02 -1.245508719910449980e+00 3.036152494218460340e+00
1.057323413599099704e-01 -1.179706988572799986e+00 2.965031986406780451e+00
-6.096961189940700576e-01 -6.443901788326700242e-01 2.750559958464820376e+00
-6.797784337585601744e-01 -1.220877666945850093e+00 3.009909177057199514e+00
-6.022508545169801275e-01 -1.259187728908599979e+00 3.004394420090839901e+00
-1.071488643692100479e-01 -7.344451187436800144e-01 3.083302814583900098e+00
9.013254033107995222e-02 -1.495325181980079909e+00 2.891958202842960013e+00
-5.493913803582000099e-01 -6.537115769724100023e-01 2.805321677382559997e+00
-5.615389568647299878e-01 -6.018344620837899894e-01 2.825820226869740104e+00
1.157514489725899598e-01 -8.123345645729398434e-01 3.110463016451979978e+00
-2.915189418874201133e-01 -7.796140767502099944e-01 3.067833238281719943e+00
2.258576023247299835e-01 -4.944591733813200052e-01 2.845156195426660428e+00
4.453008390360898572e-01 -6.912492020598899334e-01 2.964502003873299874e+00
5.840994923310398601e-01 -7.906234879750100308e-01 3.135210482538479670e+00
3.837044249171399635e-01 -7.910620946554998145e-01 3.163418346033319839e+00
-1.166513172974001367e-02 -1.340715371308130122e+00 3.128446172384759638e+00
-6.118910232034600050e-01 -6.089228359043999950e-01 2.845831526666840361e+00
-5.518582293604300526e-01 -6.100478109788899372e-01 2.853117901559940162e+00
1.447604776755000155e-01 -5.134114005875900499e-01 2.840273943247879629e+00
-5.079407306690042478e-03 -1.067571927311879998e+00 2.935429054696780060e+00
7.106993877669497417e-01 -9.305391926421400228e-01 3.326911801804220303e+00
-6.113486886345700366e-01 -6.055915586009399387e-01 2.843568016971900203e+00
5.327855491664699183e-01 -4.655227601428899575e-01 2.705797244882219843e+00
1.360401693093899744e-01 -7.012764723675299905e-01 3.036204387732539978e+00
8.095479209872800119e-01 -6.938635225139100360e-01 3.017844766451759586e+00
3.375088015063899549e-01 -8.843200363812799836e-01 3.197302709904700446e+00
1.106180202484300157e+00 -1.262106485311889958e+00 3.131081591219720295e+00
1.125303833402089948e+00 -5.337705295175839915e+00 7.519449407227619453e+00
4.172688153644939391e+00 -4.521189358672949687e+00 6.824461878054439268e+00
1.121259258176720008e+00 -5.346827248858700088e+00 7.527739218509919006e+00
4.178992463758420151e+00 -4.532389799177679812e+00 6.839318697586919349e+00
-7.151184922966201674e-01 -5.092824598716129358e+00 7.037830148765879201e+00
5.370056399279129700e+00 -5.390888815997779915e+00 7.189291270090179431e+00
4.999513712495610385e+00 -5.130086977494110023e+00 7.121502450801618700e+00
5.877750670934119626e+00 -5.814231553559809917e+00 7.912990690096637358e+00
3.496887845345720613e+00 -5.008845634611149400e+00 6.860961790616960876e+00
9.797909906009699688e-01 -5.700820098353779564e+00 7.476370333848579186e+00
1.440466124250340041e+00 -5.536157674291939834e+00 7.345919343096519505e+00
3.555409513293810164e+00 -4.901423541714249765e+00 7.346566330878819606e+00
4.342360639864009109e+00 -4.379952986067599419e+00 6.489811436807299216e+00
2.952026624987929893e+00 -5.057868872600549182e+00 6.861614075976819827e+00
2.930871506056280218e+00 -4.915541093569009590e+00 7.289291945676478868e+00
2.995937853648529714e+00 -5.010435235974659562e+00 7.471133319896818392e+00
9.774849583443198098e-01 -5.465478869474869050e+00 7.692924057803919524e+00
3.575416492387090361e+00 -5.084087040618689990e+00 6.961957571056260008e+00
3.094810692032349930e+00 -5.094752440634999324e+00 7.482768739604619412e+00
1.140797484332219947e+00 -5.493619501906779945e+00 7.694506022999959782e+00
5.108756973680019797e+00 -5.178690162732769942e+00 6.931913947451799451e+00
3.587065737182210334e+00 -5.069135576844539415e+00 7.101577344683380311e+00
-5.751874369019001065e-01 -4.935047336491899195e+00 6.810050934844518622e+00
4.013804804684689920e+00 -5.082239892783749546e+00 6.893235724058179414e+00
-6.050521478003900722e-01 -5.407435073310489670e+00 7.383444548586259870e+00
3.832435184734009681e+00 -5.211119035204418992e+00 7.733509029229539422e+00
3.956225990348610111e+00 -4.983878681863799898e+00 7.412430072225139277e+00
3.002732184017700146e+00 -5.028926407007889843e+00 7.471358746539158879e+00
4.256419319726020056e+00 -5.670007318040529931e+00 8.344537677646361118e+00
-5.757257348288202792e-01 -4.987221788939169898e+00 6.873819525287079735e+00
2.150743767778940274e+00 -4.979725487895199088e+00 7.366139690994359057e+00
3.825364084029780010e+00 -4.762302868125259714e+00 6.828046331923239620e+00
