-8.628530392165301155e-01 -4.470541636395299889e-01 2.687195976639429773e+00
-1.655060035150099917e-01 -4.734288455342000601e-02 2.359419721350699994e+00
-3.468456508703998686e-01 -3.992929374225999695e-01 2.746375391770199847e+00
-3.791018838974600236e-01 -1.167380910782429781e+00 2.636915876474889675e+00
1.831399962618698307e-01 -2.458175317528500103e-01 2.577881065820909701e+00
6.804830627973601498e-01 -2.319561645818100093e-01 2.293096424115270260e+00
-8.724242399902001344e-01 -1.131582108875589965e+00 2.802728276028009891e+00
-4.791256943413799707e-01 -4.911342813485800041e-01 2.779527726855580028e+00
-8.591144068877700768e-01 -4.976099758597500311e-01 2.649890279356289735e+00
7.011071258339904855e-01 -3.023157064881999423e-01 2.255478641355320057e+00
-5.745199242054199740e-01 -3.191454414366799441e-01 2.626614976251560041e+00
-8.965346849895300396e-01 -7.554684935696098780e-01 3.143691545583749747e+00
6.531927240841197690e-01 -7.108757453306002727e-02 2.408029148284499765e+00
1.547508570791100713e-01 -3.550468959622700149e-01 2.641025048304610046e+00
4.894879672499019563e-04 -9.825804462567200304e-01 2.622204750120880057e+00
6.696273437738298195e-01 -4.144869841419700496e-01 2.362723638657469927e+00
-2.674667074021999102e-01 -6.967915065570999544e-02 2.369231714000489930e+00
-5.624030620033899641e-01 -7.889053313995300076e-01 2.740058093592149913e+00
-8.976941103446499648e-01 -7.565041794443199130e-01 3.141785419652079803e+00
-5.924182191148601451e-01 -8.004706681937199253e-01 2.761050066462599872e+00
-7.979398605327501226e-01 -1.191414910428479912e+00 2.652700507728919632e+00
2.107436513052398652e-01 7.604050055206399428e-01 2.359703334723959767e+00
-4.726349556577398303e-01 -2.153811175454299898e-01 2.498483307298450029e+00
5.475853981372698076e-01 1.039750878144400370e-01 2.051766489189200016e+00
-1.295633848846400316e-01 -3.526743956430899996e-01 2.682600266220390051e+00
-4.659799835749600661e-01 -7.361062929644499597e-01 2.677074047805469981e+00
-5.683690516961399375e-01 -3.217620387421999961e-01 2.627683473449079710e+00
-3.897855836736401347e-01 -9.791570822600399460e-01 2.666290123425440139e+00
1.137227957885098562e-01 -6.421370068497998795e-02 2.279483332070900037e+00
6.731426281804300249e-01 -5.612848172258999568e-02 2.331312791310249821e+00
-2.440889099470002765e-01 -2.921147061164999781e-01 2.621950915006499905e+00
1.002581535566400284e-01 5.821129385518799548e-01 2.508204184554200022e+00
-9.017887513318100234e-01 -7.632921109917198965e-01 3.131849168575000064e+00
-9.231512954817011618e-02 -1.104601771738199928e-01 2.383603872453619932e+00
6.511759948799700215e-01 -8.591689084312997826e-02 2.417246523124830127e+00
-4.662483563633799122e-01 -7.331368758927800933e-01 2.682944852727379814e+00
-3.824818251429995541e-03 -9.812414650568299646e-01 2.608957075711929807e+00
9.574032219449013503e-02 5.724043626215300495e-01 2.488445664482649811e+00
6.952656477562599857e-01 -3.837951310208299605e-01 2.373785343447049723e+00
-1.234605293089601208e-01 7.868975553472099538e-01 2.410554835369329574e+00
-8.350570645636302691e-01 -7.867495451987400745e-01 3.598943786951219970e+00
4.792194639659852484e-03 -1.037329913789349911e+00 2.548777841980329750e+00
-3.842094331311698419e-01 -9.752716688221698682e-01 2.687803253416269911e+00
9.985928542593998092e-01 -3.533870907534499284e-01 2.152402314948750117e+00
5.745321280689801302e-01 -3.617681791565000027e-01 2.470425416123539719e+00
-8.115619238494301557e-01 -7.324734366696499244e-01 3.073811398856709953e+00
-6.616301357053000487e-02 -1.194966313406800040e-01 2.389378235119279825e+00
-8.623214659300599827e-01 -1.082608205257340028e+00 2.875047467630980069e+00
7.378707128899009149e-02 5.712955131371899586e-01 2.502651999675510108e+00
1.059638972161298653e-01 -2.714574950970400358e-01 2.612031263917399926e+00
6.931401769932599155e-01 -2.951274377484599531e-01 2.254169679746820254e+00
6.858035640302200253e-01 -3.319941923017800112e-01 2.336790121981179968e+00
6.886842165994393472e-01 -2.955836891132499478e-01 2.254773865837869984e+00
-1.629344849122702499e-01 -2.597957831573399767e-01 2.581287572228899929e+00
-8.401283162564698870e-01 -1.321546003621229870e+00 2.722237116115610256e+00
-9.355653915795200115e-01 -5.500108225455599964e-01 2.717824557845279987e+00
-1.353933436070302587e-01 7.132752041432199874e-01 2.418364964450180121e+00
-1.530069356086001253e-01 7.058948435405698607e-01 2.408222993113169785e+00
1.161705842910998321e-02 -8.424729248004099169e-01 2.700724085481669867e+00
-8.658776226836601975e-01 -1.167887195057589755e+00 2.731341136626929789e+00
2.029787613877598318e-01 -3.894844514164899629e-01 2.587245960286189916e+00
-7.964659327917099629e-01 -1.011224026412779864e+00 3.421397746624539771e+00
-6.879888767644599668e-01 -5.977448139942198591e-01 2.833505569453300232e+00
6.066042771069923845e-03 -1.572900836514499745e-01 2.445953006780909877e+00
-1.112606843678800139e+00 -4.885745795609899300e-01 2.812176443885809896e+00
-8.996816554289102097e-01 -5.412822490782499552e-01 2.809108982829069845e+00
6.866398966614399857e-01 -3.930639972239999835e-01 2.324999458303119937e+00
6.503692123863198393e-01 -8.717203665158990145e-02 2.417650718639969831e+00
-8.693809966570100745e-01 -6.939025735072099632e-01 3.904684330906110112e+00
-8.982021833546399714e-01 -7.079261209094398488e-01 3.871893885411039626e+00
5.677782846498000691e-01 -3.598252929991099802e-01 2.466857083817089791e+00
3.795121907560039531e-03 2.769597083674800175e-01 2.379665874270960213e+00
-8.305547992266100188e-01 -1.383262198370099894e+00 2.787176862162620061e+00
-1.274121553678229990e+00 -5.890895987085800201e-01 2.941904786057779830e+00
-8.967328443190900611e-01 -5.877582136194801077e-01 2.773500002732599778e+00
-9.340609535796502438e-01 -5.640097833050100595e-01 3.672588446973589438e+00
-4.255363456694298829e-01 -1.154190802330039789e+00 2.620844061946519865e+00
-8.878527518986898404e-01 -1.028527691311639902e+00 3.196781377193440132e+00
-1.278906098879950104e+00 -5.881454076624299532e-01 2.935490331191370039e+00
-8.924603265761001936e-01 -7.530525015580300519e-01 3.146990091432570136e+00
2.056797972356598780e-01 -1.745034138645999988e-01 2.441103024243079567e+00
6.957764202622900296e-01 -3.687314121761600116e-01 2.389029986033559538e+00
1.441931364662996096e-02 -8.413432531330198305e-01 2.702655277944820078e+00
1.053175055761497170e-01 -6.209013863722996629e-02 2.273788539517370033e+00
-8.511062061086500652e-01 -6.008560151036099750e-01 2.720487125452989652e+00
-4.667785389809830932e-03 6.017733010489099144e-01 2.584077951735229917e+00
-9.589020738545999123e-01 -5.720275263961800416e-01 3.619838498716420272e+00
-9.427340568724199565e-01 -5.485605488718999778e-01 2.715821501339939825e+00
-8.053482206526201281e-01 -1.195417874414060000e+00 2.653024599601979894e+00
5.685736672256196389e-01 -3.589558634199900289e-01 2.465376086121969568e+00
-9.108841815266101039e-01 -6.971569713154299741e-01 3.853045067690690217e+00
-8.302405899738600770e-01 -1.263244164558170013e+00 3.039284814727149620e+00
1.874399567753799456e-01 3.453379890394600027e-01 2.174466940087900202e+00
-3.340466058147499862e-01 -3.957833334801699743e-01 2.749686282179430119e+00
-7.951661512816602384e-01 -1.014625381973240037e+00 3.415815473834279636e+00
-9.035747409310299627e-01 -8.621378536061199416e-01 3.621527624379039967e+00
4.359834125350501299e-01 2.298983845553099203e-01 1.927217977514910086e+00
6.679761904561198893e-01 -7.104477262726999198e-02 2.329602769862090028e+00
5.532609428121697537e-01 -3.590160373322500709e-01 2.459144031255909635e+00
-4.398886173210501127e-01 -1.074093797175430076e+00 2.667350325094569818e+00
-3.656153443363900912e-01 -2.635596238216000309e-01 2.591051967390679778e+00
2.006632413515299085e-01 -2.408052996121699818e-01 2.583926489632870194e+00
-4.306826288366401023e-01 -1.089493409582919847e+00 2.657332178461960126e+00
-1.123266101265008032e-02 -8.443044377761799169e-01 2.695031154734019996e+00
3.342406681118004208e-02 -1.098496710119980069e+00 2.507387992030060353e+00
-1.251096575285119972e+00 -5.971084083839099943e-01 2.955747029854129959e+00
-4.610380029975302829e-01 -1.031372009150949953e+00 2.761951186627609633e+00
5.993494244715600328e-01 8.773121520339801638e-01 2.341714212347459689e+00
-8.521191203752102039e-01 -7.889182281782300965e-01 3.571637614376089509e+00
-4.415594944583201009e-01 -2.209958170495599783e-01 2.522489130238880328e+00
-8.987612713170398671e-01 -9.260301512783799538e-01 2.995117548371100114e+00
6.878960983104198679e-01 -2.335081455029299757e-01 2.296373013359629844e+00
6.534066305027799171e-01 -2.288456611000300178e-01 2.488071002212810079e+00
-7.925154252681498868e-01 -1.022737512288259820e+00 3.409433701143339768e+00
-8.440741161128100245e-01 -7.793092875163698530e-01 3.600046191542349838e+00
-8.388411406939899617e-01 -1.894387085417600092e-01 2.419701906356519938e+00
-8.063869789587019277e-02 3.215747984694599659e-01 2.184611554847899928e+00
-9.834921059494994289e-02 3.189389939114999906e-01 2.181623046395900101e+00
3.207966655384200116e-01 5.484369974101899192e-01 2.620320701497149685e+00
1.560435526949801588e-01 5.871541204339997266e-02 2.345450433134439905e+00
-8.459822045540199564e-01 -1.304221921136399898e+00 2.796649953667639910e+00
-8.399048867825598119e-01 -1.317070744786869918e+00 2.804609659934850008e+00
-1.968300252036001563e-01 7.482274545749898476e-01 2.391564035580989955e+00
-1.277028004107620074e+00 -2.918224684796999480e-01 2.759389702203539851e+00
-1.191727801728701408e-01 -3.538008731115699357e-01 2.692565456220270104e+00
1.913301739402699653e-01 7.497911941467700903e-01 2.444392430698130170e+00
-1.368007490614840060e+00 -3.629411460071899631e-01 2.530409865554689830e+00
-8.681783615233500395e-01 -8.139740507848798323e-01 3.195736554422719866e+00
-7.319051556687199422e-01 -1.130326928730339908e+00 3.386509916989300262e+00
-4.740783292098098567e-01 -4.813333353567799677e-01 2.818328023326740261e+00
-8.977220510960001176e-01 -6.648222631881999245e-01 3.585761896773799862e+00
-9.343715990764801527e-01 -8.538086531615598496e-01 3.309310417106200219e+00
-7.769201860758300215e-01 -1.238284365804939835e+00 3.207933190692419778e+00
-2.445625447260300067e-01 -5.713167129317998916e-02 2.376539346195780222e+00
-1.257531409503459985e+00 -2.799628311807900172e-01 2.778986821737329915e+00
-3.325299423396899101e-01 -6.707214290657999289e-02 2.188693188061700212e+00
1.730520225594598394e-01 4.912827088337000103e-01 2.408446011297780132e+00
-4.314961350899704229e-04 -9.961948513637000069e-01 2.452649310171979735e+00
5.835433351194201368e-01 1.158889778049400077e-01 2.055366843766899709e+00
5.283904662083016568e-02 -4.485599047373994841e-02 2.040157814239300205e+00
3.341627965499101016e-01 8.354311164309200510e-01 2.414943006950999838e+00
2.799765911987601719e-01 5.087204878692003218e-02 2.090901849422800218e+00
4.203521119937696504e-01 2.204974931082600009e-01 1.924072003960419774e+00
1.131239479436400019e+00 -3.429672119135701025e-01 2.112039221456230020e+00
-1.339991670473319907e+00 -3.474801578973399918e-01 2.552582053665499728e+00
1.566368277309699852e-01 1.759824067835000228e-02 2.246632812669909995e+00
-1.157945053809469993e+00 1.162921224514001928e-02 2.415157222563379946e+00
3.176507440237499313e-01 -2.265260228484400062e-01 2.627768146878760369e+00
5.127188272018299298e-01 1.423541326445399990e-01 2.125480899417179881e+00
6.953032368383202932e-01 -5.847244404134999129e-02 2.316800806616010178e+00
-8.650037635977697592e-01 -1.136359161990849964e+00 3.137971376938189838e+00
-5.395124836231298682e-01 -4.817502764885899791e-01 2.795961219676370124e+00
-3.479357339160271678e-03 -8.477869104726900584e-01 2.700151261284829296e+00
4.981752344818210609e+00 1.589853529972010238e+00 1.655280966375289875e+00
4.156504172885149728e+00 -3.674771883006489936e+00 6.072259720236909963e+00
4.159770723736660791e+00 -3.683733246304090603e+00 6.081052513527789749e+00
-5.545443819504014549e-02 1.415603919093099683e-01 2.014188609458590129e+00
5.760752827147619826e+00 1.243033437710120426e+00 2.296194691614279915e+00
4.727252356903639097e+00 1.501573092120289887e+00 1.677453915635810144e+00
4.066218515445139126e+00 -3.643271067465419844e+00 6.011362903226900478e+00
