-1.789883304834198885e-01 -2.291378273387600362e-01 2.745578761489739783e+00
-8.895776018822987297e-02 -1.058988610829439958e+00 3.054161981613309873e+00
-1.933118375696696312e-01 -2.440694220959599980e-01 2.731032471862540056e+00
1.318328922313005691e-02 5.776804326496399744e-01 2.623470314716890073e+00
3.112107037895039952e-02 -4.948247825906000319e-01 2.988436788723149995e+00
5.041319681403102493e-01 -2.115065051799200901e-01 2.585328576343330020e+00
-2.345007729431980437e-02 -1.119693945740760199e+00 3.105446130355240086e+00
-3.689952355776398019e-01 -5.245889809745200028e-01 3.258411971894980219e+00
6.691092750932599031e-01 -1.146100100752001083e-02 2.323704867335730118e+00
-6.775691646768196019e-01 -1.388329185766759899e+00 3.786993223442990164e+00
-7.796058413332596082e-01 -1.272529581552479971e+00 3.527641917270519567e+00
-7.052152000454097180e-01 -1.371983395759079905e+00 3.782017346242670275e+00
-7.608109693027795828e-01 -1.217642170210639918e+00 3.625548850262110268e+00
5.274989396019198473e-01 -2.549477883462400452e-01 2.656092995824010039e+00
6.844530995884001712e-02 -4.344890791424800280e-01 3.033986872783019706e+00
-5.977474129595898855e-01 -1.347421412753320169e+00 4.102810380686179315e+00
1.645028298959028135e-02 5.842258179905198689e-01 2.619090775012270278e+00
-1.292913298483300277e-01 3.825218038811600829e-01 2.952653425451409852e+00
5.049238594521505696e-01 -2.128531626595999704e-01 2.583510551574149883e+00
5.306213095850020878e-02 -3.888711309900000357e-01 2.983488863349999853e+00
5.197468993773100010e-01 -3.713769585495200198e-01 2.529271853993730002e+00
5.500293372005202741e-01 -3.240026708662400168e-01 2.512043128244009882e+00
1.078555191275198943e-01 -3.889244038070400200e-01 2.965350508074460212e+00
-5.904392277456498306e-01 -6.653079590770000218e-01 3.513387963357999855e+00
4.392488363635802529e-01 -2.431253289019600916e-01 2.635076818051540037e+00
-3.523406855218595979e-01 2.554528439421198671e-01 3.201954105262619699e+00
3.167146840931103213e-01 -4.979253947851991491e-02 2.395646591973480177e+00
4.846068899096196425e-01 1.930451113645599293e-01 2.467031196748560085e+00
-8.029799913682098556e-01 -1.445334214120479910e+00 3.547887352152519824e+00
-1.176078320809309963e+00 -7.505095701736800295e-01 3.718731576993069776e+00
-7.693079577842301120e-01 -1.216805597402840000e+00 3.616023454969909956e+00
-6.277091806772983063e-02 -2.988760189966400693e-01 2.738519204894859893e+00
-3.214168719821197673e-01 -4.241850076955600013e-01 3.088187166130439643e+00
2.016908661701011241e-02 -3.207602855467199809e-01 2.969599276932779919e+00
5.324667266925704467e-01 -4.700168569824400011e-01 2.496682737957809817e+00
-1.173918974186499931e+00 -7.383157105375999230e-01 3.720927856946149692e+00
-8.034842397202897057e-01 -1.303137224198520183e+00 3.604757620993480405e+00
-7.431784146266995350e-01 -1.239658205392800028e+00 3.495304775853449897e+00
-7.897486796201498294e-01 -1.275380514131600140e+00 3.557926410223399838e+00
-5.682593474842598802e-01 -1.427955104932880026e+00 3.880094390418869832e+00
-9.117535941931498300e-01 -7.262466182748000820e-01 3.427220696428950220e+00
-9.912122969681980145e-02 -3.250602400573599504e-01 2.869406155479889975e+00
-2.202943399660997059e-01 -4.333131116685999817e-01 3.123140049182650202e+00
-7.285232905287399863e-01 -9.353975427239200613e-01 4.038277264530579558e+00
-5.955543293231497781e-01 -8.260196927771999986e-01 4.261713444637799775e+00
-7.058689637620199075e-01 -9.012225073571600298e-01 4.219754331338839926e+00
-5.976480096506899820e-01 -8.908107157253200015e-01 4.355025245132930323e+00
-1.077592187868796625e-01 -3.177778545102399876e-01 2.787004996458759987e+00
-5.125598811282099376e-01 -4.014899359006799950e-01 3.071406643129820146e+00
-8.571771393209197676e-01 -6.925424517979600347e-01 3.494811786370540130e+00
6.057503708148703758e-01 -1.313580023276401110e-01 2.567594250096360220e+00
4.464376126554401303e-01 -3.583866452900800748e-01 2.912464865882919973e+00
-8.288071965931196328e-01 -7.049436838225600077e-01 3.454928849589689932e+00
-6.065202519019297078e-01 -1.145872946348640120e+00 4.193301639011609794e+00
1.019583120400699983e-01 -3.412107133208399645e-01 2.815037569649410543e+00
-7.028463250758798520e-01 -1.526162520025239999e+00 3.587941684360009820e+00
-5.726707379736994952e-01 -1.320107463745800125e+00 3.949285912454199909e+00
-7.164163781665195962e-01 -1.114788621881360076e+00 3.938212486462139950e+00
-5.883161896418498404e-01 -6.614845788955999728e-01 3.506872421954400298e+00
-8.594618546126899794e-01 -8.709237245751200174e-01 3.882840024940629853e+00
-8.175462303286795684e-01 -1.367066767884840051e+00 3.501921896806659884e+00
-5.703392301352998572e-01 -1.401034927450800049e+00 4.080936065330449836e+00
-6.087853535507401492e-01 -1.148647536710119876e+00 4.193450862768129284e+00
-6.126799084256100425e-01 -1.152306175577479941e+00 4.187597029600519605e+00
-8.202385221497401346e-01 -1.366175682762719834e+00 3.501717227788029518e+00
-7.223866481868297384e-01 -7.237235014470400074e-01 4.186740768591960205e+00
-2.156160788001697526e-01 -2.573477091785600357e-01 2.740442291728689916e+00
-5.882020569988997138e-01 -1.083414656967000012e+00 4.096214828339249436e+00
-7.171522593760197850e-01 -9.789222899727599847e-01 4.021773016430739922e+00
-9.039000752620101053e-01 -7.937988958720800792e-01 3.758580030190919796e+00
-1.179524106574019626e+00 -7.401109474181599701e-01 3.721323455101590127e+00
-9.045403731199552766e-03 -1.234021430176400091e+00 3.035572647998600271e+00
2.760737931542056600e-02 -2.680264024978399329e-01 2.775161494933660045e+00
-6.038041584576798737e-01 -9.230540128192400440e-01 4.327023267356009839e+00
-7.584634565068399947e-01 -8.560711522567200360e-01 3.840628736814030386e+00
-7.584634565068399947e-01 -8.560711522567200360e-01 3.840628736814030386e+00
-7.329820234051798167e-01 -6.209577248402400329e-01 4.262988857111260188e+00
-5.746177894256498941e-01 -6.700219573142000007e-01 4.494138621737049810e+00
-5.872201917063695209e-01 -8.161453072155600008e-01 4.277018206270439826e+00
-7.544972053994802863e-01 -8.513864158880399824e-01 3.841849691457209559e+00
-6.214389532248976167e-02 -3.852689364181199894e-01 2.998666512917630200e+00
1.570583403027026037e-02 -3.019771751584400254e-01 2.819425020674310112e+00
-7.796141583874498515e-01 -1.226561628542599980e+00 3.630771153154899622e+00
-3.195248310603981956e-02 -3.441617906367200330e-01 2.864363323611529566e+00
-6.618752480362597446e-01 -8.985757497570799890e-01 3.916848761433419757e+00
-5.255718881156199451e-01 -9.370083607137600357e-01 3.420730053275989668e+00
-5.657307011376397909e-01 -1.427602934556120307e+00 3.880286552708380299e+00
-7.281787462704198965e-01 -8.628428624489600240e-01 4.105779970009539426e+00
-6.092939178038896397e-01 -9.246601573699200216e-01 3.949884365155829968e+00
-5.827948555156401422e-01 -6.778731785733200788e-01 4.368140545251179674e+00
-2.245717724399598492e-01 -4.153673018632800251e-01 3.103068466670969805e+00
-7.493388991055196513e-01 -8.526195805797600613e-01 3.837464569843739959e+00
-6.664769028970196629e-01 -1.333132592769359803e+00 3.730815162354140124e+00
-7.834513929986599567e-01 -1.266385948712480225e+00 3.517311580614269850e+00
-7.367846674764899628e-01 -9.253498369859201045e-01 3.886822351374829676e+00
-5.786279346406599799e-01 -9.265199858182801007e-01 4.205746962602219696e+00
-6.726106578180599538e-01 -9.124814724346801409e-01 3.915679673959569840e+00
3.330518477427801827e-01 -1.219624902671599953e-01 2.369173561205089928e+00
5.271013334978000842e-01 -3.944205819024000359e-01 2.565438646185099980e+00
7.114429461114202269e-01 -5.743248969106400370e-01 2.474916591519609632e+00
-3.776127026264299857e-01 -4.494252249470400695e-01 3.118351965903209955e+00
-3.328596894057997968e-01 -4.928895862341999834e-01 3.174353485062050062e+00
-2.397635869979197754e-01 -2.342971192645599832e-01 2.770266024425190210e+00
-7.982609643380100817e-01 -1.309091254088079914e+00 3.600268827521169612e+00
-7.919968159077601655e-01 -1.299651379784480199e+00 3.604539316736019572e+00
-4.822513555315000033e-02 -1.085963076339599986e+00 2.978895587332900163e+00
-4.898967364342965425e-02 -2.426289302252400137e-01 2.664932535336260067e+00
-7.909379879624198750e-01 -1.468423894687159947e+00 3.563914089485090475e+00
-7.215079382274101061e-01 -1.119991757533080001e+00 3.939562743608669759e+00
-4.310530446430971274e-02 -3.176100299114799630e-01 2.788703589432770080e+00
-9.283195537017996379e-01 -8.680171056665999529e-01 3.881184266872149902e+00
-7.461739915314598015e-01 -1.512796840744480065e+00 3.617855012796019842e+00
-4.468262470489199334e-01 -4.465380283897600888e-01 3.127738823287490089e+00
-2.152256203418498881e-01 -4.130313026248000341e-01 3.090049338617699703e+00
-8.858391052374299246e-01 -7.272999584920400995e-01 3.441727260808209898e+00
-7.922677777543800648e-01 -1.465771017754439853e+00 3.480834191608309425e+00
-7.945559389149798868e-01 -1.468282293302040298e+00 3.564689148729459856e+00
-7.188730187090699442e-01 -9.800286392993600160e-01 4.030040044870389693e+00
-9.543750728361000135e-02 3.716630866021201074e-01 2.801380491790119720e+00
-8.138608225908998683e-01 -1.334515118127999944e+00 3.562196758733250146e+00
-7.695629550478200187e-01 -1.491627738126560132e+00 3.532033001620690005e+00
-8.834876874370098943e-01 -6.816508783322799969e-01 3.471556283491969541e+00
-3.706422944911500483e-01 -5.229486081204000048e-01 3.293951484794599871e+00
-6.010966119572096478e-01 -9.368221115450799941e-01 4.155296438200419828e+00
-5.696584100975099485e-01 -1.424684936451280137e+00 3.877637288769219648e+00
-7.966632722252997567e-01 -1.462472042369200143e+00 3.536456154580799982e+00
-7.209557982432797107e-01 -8.578839228442399767e-01 4.095116265361010477e+00
-7.709379070812996115e-01 -1.227228356642799945e+00 3.636431908645950006e+00
-7.307901786084496365e-01 -9.341687741505999565e-01 4.035709003893149571e+00
-4.553020841472799063e-01 -1.378503285979040038e+00 4.176619544067460055e+00
-5.913552343126897703e-01 -9.168183647717200735e-01 4.324467502154030640e+00
-6.829307045293599998e-01 -1.468681707295880212e+00 3.557894949175869570e+00
-7.545869423171498447e-01 -1.514903915264400158e+00 3.618891154194350257e+00
5.616585290766002991e-01 -1.805303908781998867e-01 2.491173838783049987e+00
-7.172196318053196684e-01 -1.125448019468559879e+00 3.938298120708689787e+00
-6.312135883179599283e-01 -1.316928002002680120e+00 3.737129616762819406e+00
-8.803822212002196945e-01 -7.283591342949600200e-01 3.444209465044790086e+00
-7.226684384935597727e-01 -8.714785656448800211e-01 4.102982657164369940e+00
-7.196726296177300419e-01 -1.121138556689440069e+00 3.937838583820809646e+00
-2.372398587050497110e-01 -2.472149728724000184e-01 2.704095332790100059e+00
1.065293532123501308e-01 -2.413778427773999868e-01 2.772490583598850478e+00
-2.925954260264398421e-01 3.066270884012799458e-01 3.208387662399529994e+00
-6.250049575121898737e-01 -1.332915735206920083e+00 3.888148274825080186e+00
3.171951134207300349e-01 -9.463127672656002076e-02 2.327947468530689790e+00
-7.040827257328801103e-01 -1.113896538418440052e+00 3.586239287543059540e+00
-7.812775850412798651e-01 -1.493591358607440078e+00 3.534921784582810034e+00
-6.010901243585400344e-01 -1.344574210118719915e+00 4.158072996425779877e+00
-7.346656542339098372e-01 -1.531263050204879850e+00 3.594834289636870128e+00
-4.495795965455400278e-01 -1.374811803507119956e+00 4.100021032477379812e+00
-8.023831771429399407e-01 -4.954286263049200723e-01 3.324506038660830054e+00
-4.397473267983300627e-01 -1.302539452768240125e+00 4.341962323555759617e+00
-3.665308510253999508e-01 -1.361103764497400004e+00 4.350383822012600099e+00
-5.339184020703400257e-01 -1.103271773781119958e+00 4.359142603623379131e+00
-4.811195504353196206e-01 -1.388618791858560186e+00 4.170431667399940423e+00
-4.410458384693498601e-01 -1.370254351475000076e+00 4.296612648172500215e+00
-4.704864336021294946e-01 -1.292860387433440117e+00 4.313542661336809303e+00
-5.887465415493697840e-01 -1.338823849017559908e+00 4.162184115288440012e+00
-5.109517250677699796e-01 -3.695370498113600410e-01 3.018247308819639763e+00
-4.421326600345398816e-01 -4.528798088505200381e-01 3.154685081067730046e+00
-3.274680878403199991e-01 -5.287351731691599666e-01 3.275793240301839937e+00
-6.661279915615698766e-01 -1.168397284016359894e+00 3.520492215418390192e+00
-9.016097594861098852e-01 -6.593828039900800908e-01 3.446122691345419931e+00
-2.613430420157798473e-01 -4.352251397140400879e-01 3.123777819709959935e+00
-8.192914344176198682e-01 -7.597084115457600761e-01 3.375152438626489726e+00
-1.911467555925299155e-01 -2.925707424026400272e-01 2.829751605313860274e+00
-4.611531453093986599e-02 -3.092342517235200372e-01 2.778336009634729820e+00
-1.262459732514398247e-01 -4.208707462003200006e-01 2.892765533620429874e+00
-7.647359034153500268e-01 -1.466157299941200032e+00 3.465059541556299916e+00
2.933687122877204345e-01 -1.082161762986401099e-01 2.333946786325360012e+00
3.546849961925100381e-01 -6.418446858352000461e-02 2.299686557540979948e+00
-4.458512362516500183e-01 -1.400149616594600133e+00 4.244890580021650095e+00
-9.035266649319897425e-01 -7.077387162027199974e-01 3.416359238306780011e+00
6.923670554793037724e-02 4.435064629250399237e-01 2.822035987647290245e+00
-7.168616260770699355e-01 -1.117003524459760033e+00 3.925907614658740385e+00
-6.276785582476096526e-01 -1.475635419260080017e+00 3.974606070171669892e+00
-5.849257817660595826e-01 -6.802154398852799932e-01 4.367264475450220118e+00
-6.096615712098398809e-01 -6.902968018915200954e-01 3.509927389755480132e+00
-3.852234195150197049e-01 -1.063955654697359865e+00 3.347925490067390264e+00
-5.580923554902696981e-01 -1.399824152754959972e+00 4.086951493522290590e+00
-5.526667042887798420e-01 -1.342457715188639877e+00 4.204026061331609831e+00
-6.300416515319797739e-01 -1.476187405578440082e+00 3.974507205873059945e+00
-6.072811543749299101e-01 -6.822560615964400332e-01 3.539788168332559604e+00
-7.656779499143999690e-01 -1.219990729550199937e+00 3.628870476396050204e+00
-7.516590617266496466e-01 -1.513901424115399852e+00 3.618864150299600180e+00
-6.094266809806396790e-01 -6.694926102011200530e-01 3.503308126848379889e+00
-7.727057135996897586e-01 -1.523968256749919981e+00 3.557918074770829886e+00
-6.890259780153300539e-01 -9.707393993458399706e-01 4.019914415271910180e+00
-7.244356801659099787e-01 -9.391757742398800790e-01 4.034929098439370421e+00
-7.244356801659099787e-01 -9.391757742398800790e-01 4.034929098439370421e+00
-7.285485502389297263e-01 -9.436632197824400548e-01 4.036194812566559875e+00
-5.721711895457499697e-01 -1.174293121512800298e+00 4.046503572448449937e+00
-7.127471122650497204e-01 -1.355529913005000031e+00 3.776883136786250095e+00
-5.896281839188797225e-01 -1.436535155790439777e+00 4.056350696224809482e+00
-6.067429408629299026e-01 -1.084642767934639984e+00 4.208019278918110118e+00
-7.222795753794297724e-01 -8.749838842372400505e-01 4.101124945904260244e+00
-6.830294104622498530e-01 -9.068813315116001084e-01 3.909676570070899970e+00
-7.803022400346000254e-01 -1.294663378901600215e+00 3.637676091339649975e+00
-1.377292013105699819e-01 -2.220824852201599420e-01 2.755769103934590181e+00
-7.200805616263696862e-01 -7.218433297339600374e-01 4.185658317389540528e+00
-5.518524045551298496e-01 -1.342979984440040075e+00 4.206087389522710218e+00
-7.969876169847998071e-01 -1.463260368964800051e+00 3.536852702783950253e+00
-7.667885860901899608e-01 -1.089654669147120059e+00 3.699370183694879799e+00
-6.149220798409800182e-01 -1.365872348680440052e+00 4.142468381891060147e+00
-4.112977364886498677e-01 -1.376356598367800110e+00 4.150710796185949292e+00
-5.806610135642698012e-01 -1.328487988122960095e+00 4.148606348526790555e+00
-8.022706115497799662e-01 -1.333929130317240030e+00 3.467351432469259809e+00
-6.386267347185199394e-01 -1.484330389783960147e+00 3.974028091432039833e+00
-8.016222439298896774e-01 -8.302752558461200527e-01 3.943407884142129838e+00
-1.321012562854595451e-01 -1.005673264823879975e+00 3.129066818565370056e+00
-7.821874170822797900e-01 -1.494312269212239919e+00 3.534300162115510346e+00
-1.079076168917339817e+00 -7.960962242639200159e-01 3.770284692556829853e+00
-6.114416928081998215e-01 -1.719463453325599911e+00 3.845431863490649693e+00
-7.711246441551597997e-01 -1.105708798380280022e+00 3.691640371382719721e+00
-8.038695222311198485e-01 -8.321184533617601575e-01 3.948185207204239600e+00
-1.712515800751299722e-01 -3.352549481420399324e-01 2.838027727499460084e+00
-8.711690294940699353e-01 -8.626474255273600678e-01 3.933009809991140138e+00
-5.240036084659971394e-02 -1.091139863533199916e+00 2.978941526620550118e+00
-9.489781856174994701e-02 -1.111550644000200094e+00 2.998905537001050003e+00
-7.165458493749596869e-01 -1.531670465241679935e+00 3.636214249553820110e+00
-3.201429823679899922e-01 -1.447543476149919961e+00 4.263100169519580263e+00
-3.355695251820995928e-01 -1.455576138316600154e+00 4.246346891553399949e+00
-4.433515443645894560e-01 -1.169055764402920028e+00 4.407110903514079858e+00
-5.103424633062298987e-01 -1.048362104787240012e+00 4.411824403456759747e+00
-2.933880604315899365e-01 -1.451135738556920129e+00 4.254773085267579802e+00
-3.261107086570498304e-01 -1.455294247016799991e+00 4.242812193035700119e+00
-4.522401724532396639e-01 -1.128876610714119932e+00 4.419592848826630060e+00
-5.932150682269501374e-01 -8.809348728515999927e-01 4.357257908672149682e+00
-2.749642716680598120e-01 -1.451826444264280092e+00 4.283664412807469901e+00
-4.583939663547198506e-01 -1.122964696687559938e+00 4.434782333232189622e+00
-3.985712655281399286e-01 -1.040497288512920004e+00 3.386435352037829638e+00
-3.534527631797199643e-01 -1.145073579481560078e+00 4.484113321861940449e+00
-2.900094633021699231e-01 -1.426035767058559944e+00 4.188988988369939825e+00
-2.671437404266296944e-01 -1.445669742969640126e+00 4.212626572259360103e+00
-2.796243404079998829e-01 -1.458226617680600024e+00 4.208985847588149198e+00
-4.331552778392397940e-01 -1.445699326777320159e+00 4.133332847553429445e+00
-3.458382055071100858e-01 -1.139523141528280048e+00 4.511818471783469953e+00
-3.457105715404600321e-01 -1.130914464430079924e+00 4.513255508271670102e+00
-5.417816628877498708e-01 -6.368411952075999638e-01 4.471914105949899465e+00
-2.867489432149001871e-01 -1.444994100539600090e+00 4.183630821587899895e+00
-3.971255269239197805e-01 -1.465101849646360144e+00 4.156783310387139885e+00
-3.425655070414799219e-01 -1.068686327677240033e+00 4.546732722128009385e+00
-7.367264665227997167e-01 -1.531772096750400047e+00 3.595017370618350139e+00
-3.550102230014295923e-01 -1.071527753247640158e+00 4.540450078190110261e+00
-4.209639600641799095e-01 -1.047111412854639934e+00 3.354499947884360012e+00
-5.646832296765298409e-01 -6.020236871284401214e-01 4.425587417464310391e+00
-8.007949175172199840e-01 -1.443046220640559874e+00 3.478980550449189746e+00
-7.167611284273998074e-01 -1.343665325443000214e+00 3.764532382064500027e+00
-9.031658991029800632e-01 -7.406699622952399586e-01 3.435825995361259544e+00
-2.041808789900296794e-01 -3.942082232152400167e-01 2.758730199742509992e+00
1.149097094596904789e-01 -2.006901852650799789e-01 2.605313847372920044e+00
3.438846592521600520e-01 -1.168899981041199299e-01 2.384684670545380136e+00
-6.019251136612600028e-01 -1.248423052106680142e+00 4.128831731265069749e+00
-1.050853286902019734e+00 -3.979972382629599625e-01 3.578105759580539669e+00
5.172161694173298407e-01 -2.207096314229600176e-01 2.566372288910540256e+00
-7.123013519048200237e-01 -1.244697300539760132e+00 3.852002990987489994e+00
7.097277132626098606e-01 -1.226875653335200989e-01 2.598283483559729934e+00
7.034853498144402195e-01 -5.719551455778800753e-01 2.483213723463869815e+00
5.489200759856500689e-01 -1.851675297270001241e-01 2.507485714027999801e+00
6.500817771736300266e-01 -4.303587008845599637e-01 2.368816687508940255e+00
5.091940397512302319e-01 -4.100215090749599889e-01 2.566601696719789771e+00
5.639009584147904874e-01 -4.110923989356799479e-01 2.542737802644819745e+00
5.425591015154300756e-01 -1.432323311691601209e-01 2.552685498529339903e+00
-7.492734337434194813e-01 -1.160737370705960059e+00 3.652520482930040391e+00
-3.245240199812999826e-01 -4.902317589048000301e-01 3.174526937851450015e+00
-7.182097435998999746e-01 -9.964219274684000816e-01 4.018483813741600130e+00
4.788440048249604786e-01 -2.711257787753200699e-01 2.564868265137929981e+00
-5.078061198301497825e-01 -1.080154023158000021e+00 4.377444445483249957e+00
-8.914197954994402817e-01 -6.101263577577200614e-01 3.365455705616779980e+00
-3.952648793514301762e-01 -1.350690102099240120e+00 4.356856385226009820e+00
-3.160114463131000750e-01 -1.463129030462599900e+00 4.317622388663650668e+00
-3.727359075307099534e-01 -1.329804871967480207e+00 4.372064456706770130e+00
-3.127902115637197777e-01 -1.475481126755159966e+00 4.349041999944589953e+00
-3.739090935377296088e-01 -1.296636582859640008e+00 4.380794411526860443e+00
-4.335497833599597506e-01 -1.248795504454680128e+00 4.368987422725819414e+00
-4.532442428971499293e-01 -1.180636314525000063e+00 4.391469777008749631e+00
-2.717982017259594762e-01 -1.481236690583879856e+00 4.384942126966619114e+00
-3.308644909462796768e-01 -1.395194995627240031e+00 4.130721717326759190e+00
-5.377688564500897606e-01 -1.007003133549920104e+00 4.421772502258329851e+00
-3.763792516809298938e-01 -1.177765190756840052e+00 4.440063008429659952e+00
-3.888608591030597861e-01 -1.163105228142080172e+00 4.443934268178420410e+00
-3.242525111499396928e-01 -1.455950147645519888e+00 4.266548618710229945e+00
-4.635513820155501286e-01 -1.108358697021200046e+00 4.424434712593800612e+00
-2.980142853340499443e-01 -1.422404472749399851e+00 4.137959688320599128e+00
-1.888524236157200775e-01 -1.410395698740160242e+00 4.138517461990840474e+00
-5.495652553933794149e-01 -1.256965412973439999e+00 4.269626091684310509e+00
-8.197376941829497277e-01 -8.874728056567999790e-01 3.968428045479450272e+00
-7.683622094289597193e-01 -1.287337703370880160e+00 3.635757327555869889e+00
-6.739945844810397713e-01 -5.398400334849200455e-01 3.223749888938329811e+00
-8.603879421295002050e-01 -7.299521761030001166e-01 3.362307825555749474e+00
-1.003419715210289942e+00 -3.877056389667200564e-01 3.583509210837779957e+00
-5.154696875585900173e-01 -4.972247144175200306e-01 3.199784059010729820e+00
-9.235417472713700615e-01 -6.145037031861599885e-01 3.448888989776089709e+00
-1.832445596107978858e-02 -9.715774374060399676e-01 3.093413330315459842e+00
-9.924400819983003608e-02 -9.405922672598401313e-01 3.115062946541659716e+00
4.013366116435901354e-01 -7.134431340238800434e-01 2.894180597062869786e+00
-1.200308457567098586e-01 -9.291954737400799358e-01 3.063201751260419936e+00
-8.172484183470984931e-02 -9.099067037204799924e-01 3.043234619143770026e+00
-6.323111248956698738e-01 -1.151276541361559991e+00 3.517540256673189702e+00
-8.154211348863098507e-01 -6.878723310720800121e-01 3.343686964630919967e+00
-6.482972743817196903e-01 -5.112498689629599857e-01 3.217889968314289639e+00
-2.525008842242797424e-01 -9.799338927842400349e-01 4.690380690897259619e+00
-2.174955970537599814e-01 -9.762834415142800371e-01 4.714039587359970085e+00
-9.106878617232596618e-01 -7.084803820314800049e-01 3.410580012415270090e+00
-4.531165521495699178e-01 -4.873398924975600455e-01 3.231399784587189572e+00
-3.005749950766096745e-01 -1.129117695772280161e+00 3.138502752388220074e+00
-2.832855747767597521e-01 -6.616908105926800898e-01 4.847024080637819310e+00
-2.190991494893297364e-01 -6.247813590586399624e-01 4.892331299312860260e+00
-1.171183193981399917e-01 -7.749689462915201332e-01 4.874237800086730132e+00
-8.913619793648974721e-02 -8.900032529301200590e-01 4.888654705096879383e+00
-7.683956584601498996e-01 -1.159183970868399971e+00 3.661237636044099908e+00
-8.371899478416988671e-02 -9.688980258323599548e-01 3.140962541032390032e+00
-7.870351282273597704e-01 -1.339891455232880002e+00 3.631891531112620086e+00
-6.676682647249743141e-03 -1.129211598406199890e+00 2.947451087948800286e+00
-9.383420296095978941e-02 -2.839306864928800578e-01 2.687973013300119618e+00
-7.123735849253898245e-01 -1.101083956219119919e+00 3.951021460861629642e+00
-4.642014181522200467e-01 -1.222269852452160022e+00 4.357290169621339970e+00
-4.802897536788099941e-01 -1.309318789501080049e+00 4.295313982481919979e+00
-1.049492291489469764e+00 -8.204555298151599008e-01 3.824843826805839786e+00
-8.058092359705797403e-01 -1.010996298509839963e+00 3.915585697607910198e+00
-4.210009370440699339e-01 -1.339677498299959968e+00 4.331633106996040539e+00
-3.458347979859699439e-01 -1.444944004201960119e+00 4.297402411650289800e+00
-5.410160498311396005e-01 -1.098402492552720044e+00 4.357403456716779644e+00
-3.625209193507901162e-01 -1.399883664036920106e+00 4.350543351852579121e+00
-4.622964430109401945e-01 -1.269709809751720098e+00 4.345895810155280259e+00
-3.441147000875399709e-01 -1.434558365382720080e+00 4.346365071278029291e+00
-7.138644640953097920e-01 -1.237973874492280135e+00 3.853554168698220206e+00
-6.299254537144700627e-01 -1.712647719354760234e+00 3.833779487002489716e+00
-4.124733977598200596e-01 -1.333432314199960000e+00 4.361005698862290281e+00
-7.263395058627899470e-01 -7.288779493739200310e-01 4.190950166141830024e+00
-4.340877595208398887e-01 -1.309064059850320039e+00 4.345918560785429818e+00
-7.927394435706898168e-01 -1.296899208608920162e+00 3.605084910744329907e+00
-4.280672224925898828e-01 -1.378346997847319955e+00 4.132892250547179458e+00
-5.874225707940698982e-01 -1.206911362980759961e+00 4.029481533081489708e+00
-4.029504243952195530e-01 -1.045647656545759974e+00 4.507525600338990301e+00
-6.059572301946098971e-01 -1.075071997597679907e+00 4.076022907064070111e+00
-2.409168546788496013e-01 -1.416946895507400050e+00 4.166820294707600070e+00
-4.606541993795401080e-01 -1.021355419184920121e+00 4.468972875813330248e+00
-4.767180061282396686e-01 -1.372269451593920220e+00 4.298305696941829623e+00
-5.089254042009796475e-01 -1.392965326841240081e+00 4.147436021959009622e+00
-6.556423635542196759e-01 -8.131200429839600119e-01 3.753091285560789636e+00
-5.212647489315198612e-01 -1.061336969384359952e+00 4.408412027026640700e+00
-2.558004173905299439e-01 -1.428704076776639909e+00 4.145209733481109993e+00
-4.714264574914497352e-01 -1.079684206298800131e+00 4.475510619473699769e+00
-3.530278192726898912e-01 -1.125467861908119982e+00 4.520749161836380203e+00
-3.369220306104401264e-01 -1.068579933985520203e+00 4.550042586660229205e+00
-7.896682590569599203e-01 -7.637435835814800900e-01 3.417363379665269818e+00
-7.602151340019980275e-02 -1.027574056616199938e+00 3.062592264852550095e+00
-7.517106751742996806e-02 -9.052581253654399251e-01 3.107845750734810064e+00
-5.987800355567300947e-01 -1.209650576297840008e+00 4.148999362424909521e+00
-1.689293930888990936e-02 -8.909786414941200938e-01 4.824189848440379791e+00
-2.233936095460897775e-01 -5.343697885201199593e-01 3.168822324694380299e+00
-1.219398750000499909e-01 -3.472800205211999947e-01 2.878224501886299969e+00
-1.007644396907940054e+00 -6.206548742253200635e-01 3.537634292981679973e+00
-7.143324864611400038e-01 -1.504070230945520059e+00 3.562729272012730153e+00
2.679292702564399775e-01 -7.272089881638801323e-01 5.087622170319120229e+00
4.254157161122402719e-01 -1.737302402022799508e-01 2.848753632140719638e+00
-1.191548097337997714e-01 -4.814858895793999727e-01 2.913784601565599708e+00
6.307669973270102481e-01 -5.598235082085200043e-01 2.680537405794729988e+00
3.310824526781201982e-01 -5.555576551892400516e-01 2.631072124707260151e+00
4.246809958522002049e-01 -6.686997904836000650e-01 2.693797982995150164e+00
6.253476499569106117e-01 -5.405581079171200010e-01 2.598171400363630035e+00
-4.387322933859700846e-01 -1.369135982785560035e+00 4.296471714869189995e+00
-4.395668505941598969e-01 -1.329047789671080171e+00 4.323201229068169837e+00
-6.227896582134799797e-01 -1.106986650090640012e+00 4.182665462379610233e+00
-4.689232964596101727e-01 -1.097266688858880013e+00 4.423331051079118836e+00
-1.176309745125250217e+00 -7.416735170931999521e-01 3.718417475694299590e+00
-7.191805423588397694e-01 -1.172382154567119805e+00 3.906509860253629896e+00
-5.640066857256598176e-01 -3.882517874776799660e-01 3.086346042306570059e+00
-4.054242086336801165e-01 -1.171927933164240265e+00 4.433050034928509575e+00
-8.880200022250699377e-01 -7.366667256153600629e-01 3.444758384849389898e+00
-8.641351507976697821e-01 -6.849005847601600250e-01 3.486950425955839705e+00
-3.475800644247197813e-01 -1.134083216644960146e+00 4.514126674326039534e+00
-4.050356206662097946e-01 -1.256921917473079908e+00 4.404625835903669184e+00
-5.063305005838496520e-01 -1.043890860623400085e+00 4.448410701851599924e+00
-3.624394227774399013e-01 -1.398540442995320099e+00 4.350275033474179764e+00
-1.780621526945598276e-01 -2.665408489866799568e-01 2.822150817785070487e+00
-7.098228250714697651e-01 -1.247205475794760154e+00 3.845568429526240006e+00
7.103117386909900688e-01 -6.031805666316799597e-01 3.314641745948819995e+00
7.996392417701803090e-01 -6.201166698057599680e-01 3.382326174316490075e+00
7.320883104699302812e-01 -7.860371047399599131e-01 3.681995457969790220e+00
1.257799975393490310e+00 4.603737172071997730e-02 3.488034103144969755e+00
-4.153328222041696716e-01 -4.227261734243600300e-01 3.109807199694139879e+00
-6.123192511406898575e-01 -1.345008508305519879e+00 4.120489015261480148e+00
-4.380452805048902221e-01 -1.467038496504520229e+00 4.194176596976229909e+00
-5.871768013933200692e-01 -9.301467942287601209e-01 3.456554003337240388e+00
-7.957916044309598647e-01 -1.273082254162280158e+00 3.547605466776969863e+00
-1.315643778718298407e-01 -4.764778170552400605e-01 3.141184637670010105e+00
3.218832052214000150e+00 1.285109942462800081e+00 9.103206143128007577e-01
3.153284910711019684e+00 1.236241168707159943e+00 7.933031630549105540e-01
3.262411257540250631e+00 1.279380969874200247e+00 8.930545807692006344e-01
3.155686192193760675e+00 6.712536779762799943e-01 7.099878746495303927e-01
3.213791532589180377e+00 9.243551195952396382e-01 7.165971426749904172e-01
3.111924885795350093e+00 8.655428981308000980e-01 4.176298168545498068e-01
3.164632372728809706e+00 7.776528703742801030e-01 4.430662897212802598e-01
3.188489494202070063e+00 1.342763412850159987e+00 8.016690650941606933e-01
-2.141171384730999883e-01 -4.137459213281999837e-01 3.054534760888049760e+00
3.130059693168189661e+00 9.836983573011203186e-01 5.120661105678703251e-01
3.391669126968280601e+00 7.024327762936405373e-01 5.505298498508902627e-01
3.166350215683159774e+00 1.271293051051280099e+00 7.497253476957801421e-01
-1.099047719067498541e-01 -1.053870785529400056e+00 3.044476498144349730e+00
2.829565679241650145e+00 9.909195686091999411e-01 1.087270536269200116e+00
3.595567272451410723e+00 6.521395131276800372e-01 4.059546431934304422e-01
-7.231288074760700013e-01 -1.174724260742959991e+00 3.907543251355539926e+00
3.197914751629159724e+00 7.679788993118797924e-01 5.106994029826302794e-01
3.090914456971389335e+00 6.696547492257197698e-01 6.399194088349702270e-01
3.092242709600310668e+00 8.322097646808800375e-01 3.361674932741305355e-01
-7.688975207843200543e-01 -1.479878113653160021e+00 3.618362984254090087e+00
3.080980054545260138e+00 1.404132227611079919e+00 4.661791390530807266e-01
-8.473083629190498733e-01 -7.362119174618000361e-01 3.466153756389449558e+00
3.288462704169000439e+00 7.822582198723998514e-01 5.672353047061502451e-01
3.212591546920830154e+00 1.562248335645040065e+00 4.892222177097899083e-01
3.034166450187320230e+00 1.431540568920760315e+00 5.919444429522601192e-01
3.310112014046790563e+00 7.956928484337201235e-01 5.142143188304697521e-01
3.167205357369500263e+00 7.749906815777999336e-01 4.584132280227999345e-01
3.119605565485310095e+00 1.364107444875279906e+00 6.022164213585303738e-01
2.955737351555540293e+00 9.217456576361201526e-01 4.044606493778699630e-01
3.067576217024989838e+00 1.497789616869319662e+00 5.265433661423202238e-01
4.022442132431240047e+00 7.733317946737200410e-01 3.193418885517202988e-01
2.933666870731030940e+00 1.244871187136839641e+00 7.233948673278403074e-01
3.085698454226029952e+00 1.416647201637839970e+00 4.508939516175900497e-01
2.955089746103509718e+00 7.529166091864799570e-01 7.854707801522297084e-01
-5.925671802021399426e-01 -1.290257586544920176e+00 4.121435467062079638e+00
3.467952284068210211e+00 6.718829143016801231e-01 5.046325426274300696e-01
3.226661027662079739e+00 8.560235493202400514e-01 6.461263864999899909e-01
3.853326230751269676e+00 8.519794114975601795e-01 1.459631835115597909e-01
3.154247420280510639e+00 9.904836514780798185e-01 4.867977837988298750e-01
3.501615687180280823e+00 1.375436900783039817e+00 -1.184737732845997371e-02
-4.645947621694102025e-01 -4.337282060450800003e-01 3.110427166162919921e+00
-3.689159134895096948e-01 -1.425551435531080102e+00 4.138051214778170284e+00
-3.459347627551196958e-01 -1.121038727232559928e+00 4.524072806645939693e+00
3.103209587165260075e+00 8.134463715528804650e-01 2.874055619373800941e-01
-7.233920390214398921e-01 -7.290134325293200490e-01 4.198181195362679752e+00
3.194794328791149773e+00 6.421909972680001077e-01 5.609191434230000883e-01
3.685323250888199453e-01 -1.286826524362399971e-01 2.401060868741510035e+00
-7.058158739446196428e-01 -1.258683915336559878e+00 3.654209621824440202e+00
3.115660450904649714e+00 7.215079246963999049e-01 3.666846771189000709e-01
2.957245894774329642e+00 1.449519102404039916e+00 3.682630910425406245e-01
3.066908445642690495e+00 9.400144981709198655e-01 1.672806517676699301e-01
2.931839696601850953e+00 1.528528464129000231e+00 4.435112181577498536e-01
5.582118491610150279e+00 -1.106814382112200068e+00 5.338918896416551263e+00
3.079591335860950352e+00 1.409057767641599845e+00 4.752186331066002856e-01
3.118768468095820090e+00 6.918900605649601632e-01 4.918176878814600750e-01
-7.907506036500500102e-01 -1.489625906743599959e+00 3.579119574066400133e+00
3.096897838331660324e+00 8.928704562448800397e-01 1.558902826806300990e-01
3.544580606692330882e+00 1.100630132453039867e+00 1.050093943640402205e-01
-4.718182546249898301e-01 -1.144341642991519858e+00 4.398507349339229933e+00
-7.014241021085598771e-01 -1.475474974290079899e+00 3.627742365450420170e+00
5.860931727758806886e-01 -5.880844816181599599e-01 3.303338955286590384e+00
8.898436193418302054e-01 -1.123517163769599536e-01 2.475688187877790103e+00
