-3.060060002368799603e-01 3.795557353495200292e-01 1.092334227258819901e+00
-3.844547082307600006e-01 5.403020654692799463e-01 9.579494233673500059e-01
-6.512564444256699892e-01 5.629186320554200318e-01 9.245252796481800983e-01
-2.874436248709399955e-01 5.297587196997199932e-01 9.859615539377699633e-01
-5.966374561464999893e-01 4.893366645365799794e-01 1.045607475554820143e+00
-1.997263757548700114e-01 4.396595885058599551e-01 1.101286066570629885e+00
-1.787650531506199958e-01 3.289277223730300292e-01 1.314682542135130028e+00
-8.109510629479199650e-01 3.531867791549699875e-01 1.219151580423690096e+00
-8.547347849340500847e-01 3.135076897663899853e-01 1.281876909309699997e+00
-1.006492108923510154e+00 1.685854413801900209e-01 1.505475645466039847e+00
-5.517376979462100817e-01 2.300312210737999810e-02 1.821297731479530002e+00
-6.752115686235000691e-01 1.980452767477300091e-01 1.342613774201029786e+00
-9.059122791238300998e-01 1.145509384498499955e-01 1.569747364072200169e+00
-3.275102765297500107e-01 5.343086514173899237e-01 9.670959975980399914e-01
-3.734157216893100317e-01 9.335262156170003045e-02 1.722015745195549785e+00
-1.085789844790720160e+00 1.220592826544199677e-01 1.636388144258440036e+00
-4.965765494806400060e-01 3.853979079504399885e-01 9.873187811413199899e-01
-4.698315289377700266e-01 1.117617678288299748e-01 1.715858083781099941e+00
-2.846149037934500026e-01 5.159613958338999939e-01 1.005777015327059987e+00
-3.349611181209500299e-01 4.115145345803500332e-01 1.094613246585180111e+00
-4.469235397709100388e-01 3.612275843253399676e-01 9.742344743496698101e-01
-1.798462288862600067e-01 3.271381979622600134e-01 1.318949763666090069e+00
-1.798462288862600067e-01 3.271381979622600134e-01 1.318949763666090069e+00
-3.856137482918899906e-01 5.409193953173300207e-01 9.622919266656200232e-01
-4.297446296258700116e-01 4.956827736309200039e-01 1.012298197426749979e+00
-9.011153448594702020e-01 3.355236241017799936e-01 1.239878502388169990e+00
-1.026989856956999958e+00 3.043249323589400368e-01 1.394338722407209907e+00
-4.105531130694899944e-01 3.353565847753899876e-01 1.166710401719360135e+00
-8.747622737601499221e-01 3.755287320305900067e-01 1.188340538304049954e+00
-5.705223489946997795e-02 4.204437319928199801e-01 1.100587688068780157e+00
-6.132190489928499577e-01 4.508370318421000000e-01 1.108200745372970308e+00
-5.875507200072500602e-01 5.123467539806900728e-01 1.009978040745449945e+00
-4.138122011367599828e-01 1.833937883158600346e-01 1.532311079767660011e+00
-6.791008434516798697e-01 1.580269391536799906e-01 1.615367650149069911e+00
-3.701684329577700217e-01 4.326637851067600127e-01 1.051517926816770032e+00
-7.748723010171001402e-01 3.464501048725399657e-01 1.240343990881620062e+00
-1.715950031295699896e-01 4.446808705186799937e-01 1.060947847063869798e+00
-7.371891276648701030e-01 3.327859020557200065e-01 1.244309705987449943e+00
-4.493373835460499621e-01 3.587469325686000188e-01 9.757847789087700230e-01
-4.084935080484499714e-01 3.088634653053299317e-01 1.157684271570949885e+00
-1.103927269598499877e-01 5.056227422766099711e-01 9.670847028133500167e-01
-3.012020826850899669e-01 3.322370199654899880e-01 1.183027984085800011e+00
-3.682982367109000066e-01 3.256677160116999703e-01 1.122693447290949775e+00
-8.118114370290598902e-01 1.407674929092099791e-01 1.635997459260190023e+00
-5.753235183111700124e-01 3.478168586526499961e-01 1.172148841240790107e+00
-9.866968694541897733e-01 7.408347156686002910e-02 1.736638803616829874e+00
-1.732867786978460112e+00 -1.396617735919995426e-02 2.566896065859010090e+00
-6.796014906066600858e-01 4.911360581403699799e-01 9.984920046856901044e-01
-6.085614776624799216e-01 2.967270601005299602e-01 1.275968481407169897e+00
-1.085040622854950065e+00 1.233632689555500123e-01 1.630904882867579841e+00
-6.464735455195000924e-01 4.366422515059400489e-01 1.118511344116490003e+00
-1.811423215163299738e-01 3.230987456998200003e-01 1.316954489441869880e+00
-5.710437942336997474e-02 4.199748902268499728e-01 1.096571213549420110e+00
-4.897310400635999650e-01 1.674135699617499695e-01 1.615859985325169834e+00
-5.108338676192700767e-01 1.342843523015900820e-01 1.627366981572279991e+00
-9.143284565352201021e-01 1.541386378122099887e-01 1.514879563049150057e+00
-8.125059708207600373e-01 3.695453558899299829e-01 1.179122265181339779e+00
-2.842515025957099706e-01 2.977135416107899446e-01 1.175708653656069913e+00
-1.226232479961499866e-01 4.591232688588400279e-01 1.044237133130780038e+00
-2.831423678153199841e-01 3.196464404168899986e-01 1.119565785434649907e+00
-3.365301131428799497e-01 4.117881037114299314e-01 1.100072125572669757e+00
-3.725110018871700124e-01 4.340107389853299913e-01 1.063953519190179886e+00
-8.353538315515600665e-01 1.879313193328600307e-01 1.466480604493310080e+00
-9.115518925410999174e-01 1.451963609793500143e-01 1.529329777758669850e+00
-4.995982791053300009e-01 1.871905399426100070e-01 1.483764516899719998e+00
-6.475177334574400145e-01 5.765425332977199835e-01 9.311689669896299204e-01
-5.386898597027000024e-01 9.327155675692998249e-02 1.738606229392479996e+00
-5.507979806823399826e-01 2.194472751083999598e-02 1.845216018573349936e+00
-2.632932352607399995e-01 4.998881060360200190e-01 1.037248017284019941e+00
-5.314626703842599831e-01 5.436113908992600274e-01 9.944262919057800243e-01
-5.466811981215400351e-01 2.068112315094500220e-01 1.369115278629720045e+00
-3.682964311621900189e-01 2.470674065912900341e-01 1.445072333055080094e+00
-7.188370668249999262e-02 4.935734619258800304e-01 9.799032148007299492e-01
-6.528790346935700040e-01 1.294051593358100383e-01 1.672486767588869938e+00
-2.634729028281899699e-01 5.067643577378999620e-01 1.056676238020319847e+00
6.108912056567003535e-02 3.947393285642799565e-01 1.142952359503599746e+00
-6.008355877710400694e-01 5.186736048246000097e-01 1.001074211972490025e+00
-4.987968616319000681e-01 4.660685326378100068e-01 1.039872898592389960e+00
-2.332056356318699952e-01 5.167270578858800256e-01 1.051620369494590035e+00
-8.140309565514900481e-01 3.781673994165000163e-01 1.196508575177249956e+00
-8.153127753239899356e-01 3.523285918087100121e-01 1.220927275745440133e+00
-5.651644223797098743e-01 3.371332266796799870e-01 1.126440537338029957e+00
-3.685798368831100236e-01 3.245611150816999912e-01 1.116430500476319976e+00
-6.362781058778399501e-01 3.993634280198500308e-01 1.192158026673820093e+00
-8.016732583576700044e-01 3.790069514277499829e-01 1.184778367654829800e+00
-4.847812932967400235e-01 4.826100269540399834e-01 1.041007002586239905e+00
-4.498206912489000064e-01 2.936051496889799939e-01 1.266508611184020250e+00
-7.566999932195399570e-01 1.981372456760200074e-01 1.483355363866539989e+00
-3.577743443531100076e-01 5.711623427990998592e-02 1.627149469026479833e+00
-9.925391334392301701e-01 8.217035384599997994e-02 1.638026587183450067e+00
-5.555926278722600475e-01 1.779380959267997178e-02 1.878356819752649898e+00
-6.427878746949999833e-01 1.891528866894399974e-01 1.584194811550129867e+00
-1.092874391287860014e+00 1.523333025109800121e-01 1.560912345069339846e+00
-8.017533021554901218e-01 5.431470837117600148e-01 9.463868363251298765e-01
-6.751560920578798530e-01 4.518874294929199897e-01 1.061222364666899898e+00
-3.279965658669899975e-01 3.691198835242699983e-01 1.093561933542009923e+00
-3.906137067306100219e-01 2.704771072176899716e-01 1.307513139386019763e+00
-9.814601328824801296e-01 2.120949554974999873e-01 1.380538772217069887e+00
-1.183810541854380061e+00 1.836881539896899618e-01 1.589712177561389828e+00
-3.838340463447200701e-01 5.321617181274699293e-01 9.496119512916799676e-01
-5.323454588624400019e-01 2.759284018566599550e-01 1.199827312956839753e+00
-5.375377978935500511e-01 -6.098408302570062361e-03 1.856965566619809938e+00
-7.696233634993601136e-01 2.623771092217299650e-01 1.436773110886909954e+00
-5.329407286002300070e-01 2.313927446394999921e-01 1.345216435024739976e+00
-3.676440143047899900e-01 2.557402337483200006e-01 1.438524922162829789e+00
-1.319871274487700030e-01 4.770737738528699756e-01 1.027339325871309939e+00
-4.404521828730300070e-01 4.035272377550699896e-01 9.631645254292299230e-01
-2.444234641782699891e-01 5.878527938652099438e-01 8.979207217267300978e-01
-1.004081568024310034e+00 1.908858799416200402e-01 1.468696952936459965e+00
-7.166262382747499160e-01 5.369786174493900166e-01 1.012152803590020023e+00
-8.079371175134899552e-01 5.797302697734999510e-01 8.715868803746900095e-01
-8.686911917490300894e-01 3.712781889695599968e-01 1.180076571193679813e+00
-2.828635837417100007e-01 2.890593553174599650e-01 1.209498809355570081e+00
-9.108888465181601557e-01 1.275688769247300125e-01 1.556591286957069942e+00
-9.974163418727399755e-01 9.293127410445996273e-02 1.693096618493009853e+00
-3.825958318546899828e-01 5.398513823821700086e-01 9.487265030734199911e-01
-3.854624636689599759e-01 5.359210339892199748e-01 9.532247195485800129e-01
-7.253975901207900812e-01 5.498847048432399243e-01 8.656685210575699729e-01
-1.290954284125999940e-01 5.459843838589999443e-01 9.666998585290900170e-01
-5.359462216953101432e-01 6.485888072652700176e-01 1.017774134658389951e+00
-3.028557020263100141e-01 3.362746305284899928e-01 1.193878168698560005e+00
-8.053000572386199707e-01 5.023082376759400169e-01 1.009391976565439997e+00
-7.216440012852900487e-01 5.027098800246699861e-01 1.003012943003170010e+00
-7.264625102908099930e-01 5.910157159448899966e-01 8.130004802643899797e-01
1.399166060689002733e-02 4.406602660592700005e-01 1.066600035578829875e+00
-6.448345555650100147e-01 4.365176225343599947e-01 1.119827247819470184e+00
-6.792874695311101885e-01 5.816242562480499201e-01 8.781756579260299178e-01
-6.364885727697900952e-01 5.715435849977400506e-01 9.291780164701400890e-01
-7.319177174655000506e-01 5.512562760763399794e-01 8.732848733885398840e-01
-4.382108503120800136e-01 4.029990719850199965e-01 9.596451787205299011e-01
-8.002831053624599456e-01 3.417392885419399673e-01 1.251314831112449788e+00
-4.887287815180599848e-01 3.791940702064099389e-01 9.634328119257900003e-01
-3.919344947945899715e-01 3.170393374396199837e-01 9.558430088857999829e-01
-6.480955309141800402e-01 5.780773646976599123e-01 9.303399684805200298e-01
-6.304595616166599470e-01 4.939072239553599641e-01 1.015086459188879964e+00
-6.275115147736599619e-01 4.914440733557199903e-01 1.026696026400839790e+00
-5.496632059842200269e-01 2.963894974304599472e-01 1.094396324416989863e+00
-5.565454217255300096e-01 3.006146123422500094e-01 1.118434481943250125e+00
-3.028667904180299963e-01 3.742981460895600243e-01 1.067970634676729702e+00
-8.789159332722500384e-01 4.323477037593899674e-01 1.135265851295960138e+00
-8.119244312485101034e-01 3.546724421523200221e-01 1.223087824030310022e+00
-4.684278027381599818e-01 3.044713734867499633e-01 1.330891677824469932e+00
-3.661886276893799863e-01 2.280617220730400407e-01 1.412563400696480009e+00
-4.973648512796799981e-01 3.145008483268099675e-01 9.887294768434398140e-01
-1.112268908477459961e+00 3.038707431880399712e-01 1.370475264603969956e+00
-3.325259399330600107e-01 2.119045280420200350e-01 1.492820761812649888e+00
-1.119367560606350009e+00 2.873325115599399959e-01 1.381524431807739983e+00
-8.097172473653400093e-01 5.900405748890099611e-01 8.731134159137300399e-01
-1.208445059710790082e+00 1.872540323810300833e-01 1.605361481722399786e+00
-2.252422836429170072e+00 -1.319630218893995052e-02 3.220902863786709425e+00
-8.007177592998699911e-01 5.006210449104400162e-01 1.002347512821530007e+00
-2.016779900835899975e-01 4.457565372028600148e-01 1.116770429389300157e+00
-7.705802887720201166e-01 5.372678525710899988e-01 9.324391118344100837e-01
-5.530655952559000443e-01 2.981954325125499849e-01 1.107355487996809940e+00
-1.252101219467720128e+00 1.385423076353600180e-01 1.631120449383669957e+00
-1.032826602101720059e+00 6.433987268619002775e-02 1.762744252592840066e+00
-1.186866144940859957e+00 6.451540408170998442e-02 1.763023684739490005e+00
-1.634285749646009700e+00 9.630707478415899692e-01 1.798809866110049782e+00
-1.904817289936839853e+00 6.164942601406999678e-01 2.333428721238969494e+00
-1.925309268061989876e+00 6.013313768375799784e-01 2.214026562715699864e+00
-1.347189230700099882e-01 4.745445569053299839e-01 1.022948051503189903e+00
-2.881059919778800049e-01 1.398484011502299784e-01 1.134377233068339930e+00
-5.518152407386700542e-01 5.014656301191400267e-01 1.014117824210459817e+00
-4.646119220863599852e-01 1.064925066641005461e-02 1.861190479351509941e+00
-7.249555243168899210e-01 3.612539914789300033e-01 1.181637084224169687e+00
-5.035427776239900233e-01 2.190686962530500048e-01 1.352093234518669806e+00
-4.959830002577300112e-01 4.091254808070499682e-01 9.979287057327000943e-01
-6.237011997556400900e-01 2.395721551019100171e-01 1.306267780480739882e+00
-1.114829710815540054e+00 3.057183671690699711e-01 1.376491106469299952e+00
-8.580395210858300370e-01 3.015566445885600189e-01 1.303783498564980103e+00
-8.829594778387799270e-01 4.050761564269700354e-01 1.133860648681899841e+00
-1.093451927065210105e+00 1.122933093609600058e-01 1.635624531513929947e+00
-1.887293245431500011e-01 5.576050719023299962e-01 9.402926713250000512e-01
-4.550268654614399999e-01 3.067558497397799844e-01 1.298036621998259976e+00
-5.308965999149599657e-01 8.552968018510000159e-02 1.743079293732229917e+00
-4.389085907280400045e-01 4.030098569123700125e-01 9.618515864628999212e-01
-4.980551230549499775e-01 4.580656503525800116e-01 1.024094459190429962e+00
-4.310217006900899928e-01 4.393995849853299940e-01 9.734727668962500635e-01
-4.060274396965000143e-01 2.988667082597900038e-01 1.141568595016440035e+00
-2.990580532551699866e-01 5.981897022733100311e-01 8.761409001118699580e-01
-1.100617499443440117e+00 1.510559131482500650e-01 1.565930802895500129e+00
-1.563758177579699926e-01 4.679348808532800552e-01 1.034734221204480109e+00
-6.093101182508400271e-01 4.796696423802100373e-01 1.063142709939009833e+00
-2.447246543788400008e-01 5.790787115460099832e-01 8.702556961488800980e-01
-6.025253712314400101e-01 5.272929458168499339e-01 9.707372635048699960e-01
-3.288801240544599880e-01 5.402106452914500201e-01 9.788392052759301576e-01
-2.301487160316770364e+00 -1.085803286787999020e-02 3.291934315476949813e+00
-6.801398469157100557e-01 4.850644384464399828e-01 9.355367686410799299e-01
-6.103282624936199330e-01 5.373476977124199694e-01 9.615443887519499189e-01
-7.386709000715301343e-01 2.621737626694899959e-01 1.410495695579179865e+00
-7.475965296179301056e-01 2.601021599566299969e-01 1.420994603017230018e+00
-7.934940433129700210e-01 5.887505903822899400e-01 8.716402384329200448e-01
1.118357120761100387e-01 2.970123558560400223e-01 1.371285327293700007e+00
-7.450189456118700981e-01 3.582831749262399557e-01 1.213067385897220074e+00
-3.647782209105500106e-01 -6.344229981620001790e-02 1.582570334022030067e+00
