-7.536579353663299674e-01 5.723224823203499900e-01 9.102019711926898626e-01
-4.553945198570199526e-01 3.987337934688400254e-01 1.071136591359179935e+00
-5.166352674166099224e-01 5.612782443741799465e-01 9.301340047569699454e-01
-4.226672263882499947e-01 5.473463211177199694e-01 9.659515903874100751e-01
-7.520506499913499621e-01 5.931800948710599375e-01 8.926907350583299650e-01
-3.229908303135399783e-01 3.159430813686500139e-01 1.335136919257519983e+00
-1.019726474308140007e+00 3.545365000014999990e-01 1.215940044525520181e+00
-9.307078993148900636e-01 3.309107952100600047e-01 1.252241952438050143e+00
-9.343413299624498958e-01 3.309872492719200254e-01 1.256776614613510201e+00
-5.796056262816300375e-01 1.410371790330899877e-01 1.339682555983309875e+00
-5.740180305490999446e-01 4.267362049119999834e-01 9.275242841827999740e-01
-6.596226251406300811e-01 1.595227925293199733e-01 1.576540819359349976e+00
-1.101422391543440016e+00 1.597698595423399648e-01 1.499601900052540238e+00
-7.447850754324198963e-01 1.264507627255599953e-01 1.698749025511339994e+00
-3.456188251998200123e-01 5.711718570644099824e-01 9.035135760977399677e-01
-6.789712361539399499e-01 1.418669121356599672e-01 1.680535653689799958e+00
-7.511501120006098819e-01 1.267564454810199970e-01 1.689932815359190155e+00
-4.219683125631299991e-01 5.336014743617499834e-01 9.859918248616899028e-01
-5.112191171937300327e-01 5.700495624955199681e-01 9.311816650659499039e-01
-1.853009115361100134e+00 7.023578556098007686e-02 2.234502397385440098e+00
-8.217519908077199897e-01 4.885601111487299919e-01 1.016341299918499974e+00
-3.499982641661100180e-01 3.433547385649800554e-01 1.307448399740270384e+00
-5.678110233392800188e-01 5.187790237538100202e-01 9.808361250191199865e-01
-1.061704539167600103e+00 3.779471097273099933e-01 1.170228897285079839e+00
-1.200719146433769868e+00 3.525994628520000007e-01 1.314132127129209904e+00
-5.671925486616400391e-01 3.590056604250200234e-01 1.137002762979979931e+00
-1.033588558897030163e+00 4.465955755511999969e-01 1.066585564447690038e+00
-1.029790925985690109e+00 4.165601006213000002e-01 1.120816220840069821e+00
-7.599844173194600927e-01 4.814981225488499939e-01 1.061773234350780193e+00
-7.241756370042899960e-01 5.412777938471000638e-01 9.656788548632699865e-01
-5.140088800682800496e-01 4.538837621059100269e-01 1.025027043908119939e+00
-3.165331232608999956e-01 4.585835296411100437e-01 1.050443040527380134e+00
-1.388049096676009952e+00 1.553097376565599486e-01 1.573026122041810027e+00
-5.219178199812499752e-01 3.474255208466999756e-01 1.096593115778849992e+00
-4.984045961614099740e-01 4.254281013651299848e-01 1.079892101192969855e+00
-8.157320746322200833e-01 5.234173294028299228e-01 9.468749085037999613e-01
-6.910536740873800543e-01 5.312912574881899497e-01 9.757982051147597868e-01
-1.284443114004240272e+00 1.756880346497999845e-01 1.546022621832020105e+00
-7.631538574448899492e-01 4.817384716268600098e-01 1.060262576010249758e+00
-7.944732196387100931e-01 4.686261154027000497e-01 1.069421471837030291e+00
-8.595837168266300399e-01 1.989025540989100282e-01 1.537293717647570057e+00
-1.207084540580329879e+00 3.551150400370799987e-01 1.314495186006329863e+00
-9.033934970692800714e-01 1.246425787587000095e-01 1.699704544357340197e+00
-6.886264615594599459e-01 1.974729355713499557e-01 1.579009897000279938e+00
-7.118211380913399555e-01 1.652374567587599763e-01 1.588917781771599813e+00
-5.244897226204700003e-01 2.351748612782899872e-01 1.442940974710029911e+00
-9.672632232250300000e-01 4.081988859920300250e-01 1.116693061252729935e+00
-1.291020085725280042e+00 1.976440313529899684e-01 1.484723132665959788e+00
-1.053764016464209918e+00 3.069518544648800473e-01 1.307168585679670203e+00
-6.815621694306199796e-01 2.494902919325399926e-01 1.333683902740080196e+00
-5.701406602014800207e-01 5.136453541445900051e-01 9.755717597263597884e-01
-1.287298048144939866e+00 1.663787837151100013e-01 1.572602253713299980e+00
-4.370745091897999535e-01 3.382208807652100080e-01 1.100393926490180085e+00
-6.870491803326599367e-01 2.166178907800399844e-01 1.446462983008799830e+00
-7.500878826470700478e-01 1.261182877812499492e-01 1.697718154491810072e+00
-4.038762669276999562e-01 5.169819668901199927e-01 1.019155930534459742e+00
-6.408159937485399249e-01 3.327477157372800143e-01 1.293660026920659956e+00
-1.027952169913060043e+00 4.399795691323199476e-01 1.063182528097239787e+00
-1.024703894300529994e+00 4.381438766291599896e-01 1.062325478771270149e+00
-8.147662340358499122e-01 5.215981358229400122e-01 9.398438654233700618e-01
-5.575497205396100497e-01 3.570998708871500060e-01 1.091067287289430032e+00
-5.266613650043500128e-01 5.025794960937000067e-01 9.948786199526500340e-01
-6.399290497054799243e-01 4.919575379979500007e-01 1.002862824181139922e+00
-7.701943211766799635e-01 5.311372947657000410e-01 9.873323721680398180e-01
-9.698607891122199565e-01 4.170009785547699743e-01 1.133860610492820165e+00
-9.740808432273000417e-01 3.914103531945199999e-01 1.158209552597160075e+00
-7.041141715459600103e-01 2.923531168018799753e-01 1.270856865224619936e+00
-9.304694780129301179e-01 3.832021579135800327e-01 1.172165420770830302e+00
-3.446579154546499657e-01 5.771168210960199163e-01 9.211372434601099446e-01
-7.178726764289999895e-01 3.662262417027299932e-01 1.084345051860440057e+00
-5.217344972798900749e-01 3.462835031773300321e-01 1.090332880221409839e+00
-6.254380611847800697e-01 5.079747833662199286e-01 1.005054275177900136e+00
-2.444209046777000016e-01 5.168601354173000262e-01 9.583539231489999199e-01
-5.622568501217799497e-01 8.243548815387995166e-02 1.601429277370679749e+00
-1.378280516264680067e+00 1.362139207307300204e-01 1.608350295248780037e+00
-1.412132552681780062e+00 1.073091902021499483e-01 1.700603725288339918e+00
-1.285506486206380083e+00 2.044067210810799617e-01 1.475498215236180188e+00
-8.841126704179400608e-01 3.947111201638099920e-01 1.145923210866999886e+00
-9.312356289487200289e-01 5.795418069308699849e-01 8.848254885819197835e-01
-8.178444028912599251e-01 4.844992210280399947e-01 1.009932287707900000e+00
-6.887199750435000212e-01 3.116270326470599872e-01 9.864538385796799425e-01
-1.203888103183349934e+00 3.546766897680300179e-01 1.303980731352590183e+00
-5.156505964502700046e-01 5.530585449648099949e-01 9.219102061564898865e-01
-7.622330682332099094e-01 2.765900524849999528e-02 1.816220952504630004e+00
-9.493788565387399903e-01 3.014343242001299994e-01 1.377440795243759952e+00
-7.074136907067098967e-01 2.609947783118899967e-01 1.305476808462950000e+00
-2.751155404597400156e-01 4.916577757430700135e-01 1.025534421231180104e+00
-5.493878146812800622e-01 2.798777728391700359e-01 1.411747823924399903e+00
-2.731509110838099552e-01 4.892308614061600114e-01 1.020007189349310117e+00
-3.173001531858700153e-01 5.657906618446200131e-01 9.171576135288701526e-01
-9.033582661112999901e-01 5.751352631956400119e-01 8.777401042807200238e-01
-6.381407621407300113e-01 3.385396797150800330e-01 9.497838128876299191e-01
-7.154369496545199825e-01 6.534260504249099766e-01 7.793644212342398792e-01
-6.412986305234400497e-01 6.255176975177699772e-01 7.952560063239799693e-01
-3.705258608863100100e-01 6.031438893465599360e-01 8.814249555272100078e-01
-7.122087363765399193e-01 6.473529177224099929e-01 7.743963017791000158e-01
-8.519866780036000620e-01 5.707045975383999714e-01 9.572915894277000959e-01
-9.299810511323400863e-01 6.157710357093699738e-01 8.096093268851800584e-01
-1.039426385205910019e+00 6.937452264637099519e-01 7.922506487647100748e-01
-1.104827406955819935e+00 1.728653251079300124e-01 1.486028766530199885e+00
-1.211975183957270108e+00 1.416395019182100090e-01 1.584559382177189946e+00
-5.140563956593999784e-01 5.606900736017199627e-01 9.210938578478597982e-01
-5.174226124054399634e-01 5.569025966425800167e-01 9.253626712191600490e-01
-4.449794851198199952e-01 3.597928963019499937e-01 1.140687426272859906e+00
-8.253999340109001714e-01 6.625633000868800249e-01 7.445797411918400055e-01
-9.327078834616999714e-01 6.200592359225799433e-01 8.074147573024399449e-01
-9.413903905479199530e-01 5.393336589219600574e-01 9.475169857112399896e-01
-8.575367650079499526e-01 5.365788234405199919e-01 9.479273280664100021e-01
-7.827859705187700801e-01 3.675782694763299885e-01 1.129245814449849838e+00
-5.490595279233900783e-01 2.604020105356800174e-01 1.440974224330610065e+00
-7.636282753949799051e-01 5.824543195459700451e-01 8.928545276788999452e-01
-7.929516340216999915e-01 4.684504783874300360e-01 1.070866238743540366e+00
-4.596549596785899361e-01 2.565896120443599826e-01 1.399622514930750183e+00
-1.011645302046380035e+00 2.294749943896200184e-01 1.383774711040200112e+00
-9.523289079504300148e-01 2.408250476078200031e-01 1.441537127565849952e+00
-1.299725224911890020e+00 1.924207671778399853e-01 1.498977344641689857e+00
-1.299340078673730137e+00 1.617316813214499938e-01 1.572868745479990116e+00
-6.720551888149699504e-01 5.627768120630299853e-01 9.241696931696499195e-01
-4.262033043048899517e-01 2.915938977272000132e-01 1.180922351464769759e+00
-8.023030052175699200e-01 6.129321616914800153e-01 8.265794816709499671e-01
-7.641697935598299463e-01 6.016484381253700553e-01 8.809222954837498953e-01
-8.554725058642598245e-01 5.845052832011999877e-01 8.175798486191800940e-01
-7.133365380299401259e-01 6.502507660820699975e-01 7.788640651695799555e-01
-5.754828784214500725e-01 4.260841070108399853e-01 9.280812203277699624e-01
-9.619619352426700409e-01 3.804966274351799793e-01 1.189760311767549927e+00
-5.323191167082899078e-01 3.384381713933699576e-01 9.284169371861299425e-01
-7.755784759651600524e-01 6.086174963088399892e-01 8.811121836852000566e-01
-7.453638346839199791e-01 1.213258748923299463e-01 1.719570437013199893e+00
-7.680203551305799792e-01 5.244840704857799407e-01 9.673794940597797432e-01
-7.661136977670199855e-01 5.219996634325799745e-01 9.792003445346999513e-01
-7.100163721200900557e-01 3.293539167269400325e-01 1.077224423191790015e+00
-6.343313695345299541e-01 3.759807330102800105e-01 1.257986394782030004e+00
-8.933434082763900275e-01 2.466204079811099570e-01 1.365215104117250000e+00
-8.666740711626399474e-01 2.331681539575599649e-01 1.331586189413099808e+00
-7.148646137200999062e-01 6.519883181985799414e-01 7.822826351043399296e-01
-6.392502522000399479e-01 3.315168526302299523e-01 1.296096809044059883e+00
-4.366443102314899738e-01 5.952141698105599676e-01 8.729047958303499666e-01
-5.218094475993699799e-01 2.311233727154000106e-01 1.439188714486010046e+00
-6.400802725009699934e-01 3.400643781073899863e-01 9.526741106156300098e-01
-6.031008991160400345e-01 2.362531101698199520e-01 1.496313234720580088e+00
-1.015933259136529987e+00 2.272533382278199843e-01 1.390218793410549880e+00
-6.572560154864399706e-01 5.450810070188299994e-01 9.103174701468601526e-01
-1.292335240944509911e+00 3.389564924552500025e-01 1.293959175704829878e+00
-9.314892210758201063e-01 6.261514595076700385e-01 8.109411625381199862e-01
-1.402890848186099992e+00 2.439282198141200231e-01 1.510293650499960227e+00
-1.434711606748780177e+00 1.942040348181500176e-01 1.507140822653840084e+00
-1.895629704791000236e+00 7.110228274506007196e-02 2.287061259206280006e+00
-1.963362926196720037e+00 7.683430565973500270e-01 2.005820054630459648e+00
-1.625753923567210268e+00 1.222123581151119964e+00 1.305321460235490116e+00
-1.741880473993220102e+00 1.211196187199659935e+00 1.271081464791040005e+00
-1.585976655801500046e+00 1.121763053426179990e+00 1.475319427731339950e+00
-1.841849843055360036e+00 1.037039032319119869e+00 1.548358229037540168e+00
-2.044259991298110091e+00 1.074877643894450063e+00 1.515043763550929734e+00
-1.914892765569589983e+00 1.039116903272980119e+00 1.590268304317010051e+00
-1.860405528957989940e+00 9.928702990144400164e-01 1.530403888000289925e+00
-1.748309445646800020e+00 9.910890418624900278e-01 1.677325651411120111e+00
-1.751991223026990063e+00 9.924970191096998962e-01 1.682071527283869772e+00
-1.890530839344379821e+00 9.636530431393299789e-01 1.586017359247880121e+00
-6.257483867089199681e-01 3.622519013249200226e-01 1.198801866470319943e+00
-1.763068571836690079e+00 8.954325697005498519e-01 1.797404512010569944e+00
-1.905725324890940042e+00 8.413512401755000036e-01 1.818705994374320012e+00
-1.938425238631089842e+00 8.587606303922400430e-01 1.848680868404290134e+00
-1.742027810482580152e+00 7.878395143855398963e-01 1.991385330381759688e+00
-1.985570800176799988e+00 7.753420743641099566e-01 2.024595210137879686e+00
-2.268471094875410099e+00 8.288633899571899999e-01 2.028534094398249721e+00
-2.171376797855000262e+00 7.836576825730899865e-01 1.907778100528519927e+00
-2.439775291606430141e+00 6.245183859909799740e-01 2.571002814203830145e+00
-9.363212753647398578e-01 5.374249003028099825e-01 9.408740013957002102e-01
-2.717394105355720235e+00 5.521485765169800164e-01 2.371153170490300166e+00
-3.509613153130299867e-01 4.611923336659700112e-01 1.103642635025749996e+00
-8.992821032075799526e-01 5.724044661517099231e-01 8.734724501793198481e-01
-7.057472899458799853e-01 3.267245964028500094e-01 1.066474199179739957e+00
-7.232089584828400586e-01 5.337940223695600839e-01 9.799979656035000541e-01
-5.852220325337600393e-01 1.194590457885700147e-01 1.701562103912239943e+00
-1.287826345499780034e+00 1.765575543248599777e-01 1.546609973832220097e+00
-1.450286007132929988e+00 1.970657242322599867e-01 1.532650347911370003e+00
-1.390311805436339920e+00 1.514907489262200257e-01 1.576645005513680031e+00
-1.398741930347559892e+00 1.216509177635299171e-01 1.669726510893019711e+00
-1.813449731545270005e+00 1.036453442538079806e+00 1.665210588690049898e+00
-1.906868603302109832e+00 8.450403776538399914e-01 1.826105869191549713e+00
-1.966188699983570043e+00 8.706918704366999329e-01 1.886239326082409740e+00
-4.554880362337699884e-01 1.455050533773199761e-01 1.073392387380669888e+00
-4.978918355384099881e-01 4.520051085552599934e-01 1.149535387771310146e+00
-7.568522602572300695e-01 2.869655463236995760e-02 1.802068106542249915e+00
-1.010934984069880027e+00 2.256809303569299874e-01 1.375349276346480076e+00
-1.067103562541799944e+00 3.802373519495400034e-01 1.177232675404420004e+00
-2.397031566856420159e+00 8.753636025240399965e-01 1.841299757346480215e+00
-2.405611202504540191e+00 8.776962771781600114e-01 1.849584551466200155e+00
-8.246963531611399834e-01 1.916272087379899403e-01 1.859051501645439863e+00
-1.032446520138009971e+00 4.459848797694899725e-01 1.065721459246749880e+00
-1.810388935276940003e+00 1.030798730064929947e+00 1.652489871066660010e+00
-7.635724143188600266e-01 5.870592968336300066e-01 9.012808111892198770e-01
-6.382180781348200105e-01 4.838152502107500030e-01 9.872317293280601369e-01
-5.088806252607600555e-01 4.556650548728600203e-01 1.021991833092059876e+00
-7.772906550649900659e-01 5.964047040258100285e-01 8.833408159807498716e-01
-9.063993501339600023e-01 5.684834836249399448e-01 8.751252768089998746e-01
-2.635163801112780035e+00 9.914535396551003854e-02 3.103735813352219708e+00
-1.000245345935669938e+00 2.972505752003999913e-01 1.297505995225009867e+00
-7.585681364890100031e-01 3.096135458301006380e-02 1.810192483468710201e+00
-7.420127409211301206e-01 5.667462232100599628e-01 9.154505870281697266e-01
