-2.851650082849299661e-01 -4.969438844404700517e-01 3.086184013402609949e+00
4.227899422636403060e-01 -2.928346737857301374e-01 2.119389900894049994e+00
-3.337000036015496107e-01 -1.367722200047570169e+00 3.602964321384070079e+00
6.143044137338016242e-02 -2.848105355045600362e-01 2.680838347949079825e+00
1.267986056656100757e-01 1.563766932234399443e-01 1.922520187231829825e+00
1.130976364094902209e-01 1.116696954517599760e-01 2.054915700613260121e+00
1.552888773501104325e-01 1.061393958894996103e-02 2.048134954757689918e+00
1.105577947585603127e-01 -7.577457226058004203e-02 2.176149611349050161e+00
8.280751665482011248e-02 8.155677091951007984e-02 1.985396026983869966e+00
1.390322337400600183e-01 -4.214417657555600827e-01 2.738162091865520065e+00
-2.861417056387498548e-01 -8.459551169059700282e-01 3.080607176043139717e+00
-3.707833141005798527e-01 -4.299172683269300022e-01 2.963779041447639706e+00
4.180321504919906062e-01 -1.837693695092900148e-01 2.029869569268280216e+00
-4.756304610900998764e-01 -1.453406438926069910e+00 3.397369803704120006e+00
-8.846154916880197838e-01 -8.064400204987098864e-01 3.682991212752209975e+00
-3.144311599412199509e-01 -4.303850937872000237e-01 2.944533567546609998e+00
-1.703757272165598025e-01 -1.404093853428650007e+00 3.662219084188409912e+00
-1.836824013435598424e-01 -8.132666905088298259e-01 4.061531679522639493e+00
-5.075529570759897968e-01 -1.386297920418319896e+00 3.385868839568799693e+00
-6.432283023266298638e-01 -7.156583148872299738e-01 3.387965830206559836e+00
-6.353392683078500358e-01 -7.812618779435599459e-01 3.292258382818619822e+00
-2.198542559729697032e-01 -2.266386407520799562e-01 2.549426451295639939e+00
-1.676658208779597814e-01 -1.131242150205739927e+00 3.985758299341390032e+00
-1.720974186948698303e-01 -1.298171376099110041e+00 3.734437538723140104e+00
2.968236082489994487e-02 -1.059677321145140017e+00 2.681104117382320240e+00
-1.694235735313300850e-01 -1.134309389426420012e+00 3.986352988182449764e+00
-5.437137767992998860e-01 5.430030879114400300e-01 2.621087133792809887e+00
1.053792292646300588e-01 7.671928477156009230e-02 2.088727181855260184e+00
-3.390882585169698871e-01 -9.810531205563498558e-01 3.853124859482319753e+00
-1.621698039019299209e-01 -9.106999956308000632e-01 4.123119426815849309e+00
-4.404150473478798400e-01 -8.646966555478700078e-01 3.692481407156289919e+00
-1.392719471467698256e-01 -5.079574036579992402e-02 2.257308339708250067e+00
-1.732319805144899583e-01 -8.023624958705599663e-01 4.074687830560900004e+00
-3.862679517605396295e-01 -6.594599263573699410e-01 3.359911182162389931e+00
-4.369454119325699715e-01 -8.595024444585199763e-01 3.692869268285529749e+00
-9.535686433088974567e-02 -2.672922487626800958e-01 2.650395711940699783e+00
-4.624057271288499749e-01 -1.233791240254699995e+00 3.480263720303399921e+00
-1.679507962686095368e-01 -1.403388571994210299e+00 3.661798024643560190e+00
-1.651719566023897023e-01 -6.651419790327498527e-01 4.167141123253439439e+00
1.410641774272098914e-01 2.092667670423997706e-02 2.027232210300089932e+00
-6.292485291592797569e-01 -7.809703163915300284e-01 3.293883015535449932e+00
-1.354614421464699348e-01 -1.534433356128198644e-01 2.402889211674160030e+00
-4.569590158593097584e-01 -1.474613919467719914e+00 3.409058231384490156e+00
-8.887457062072989800e-02 -2.272333331041099802e-01 2.518477980630649871e+00
-5.916193859110898678e-01 -9.006492233214199450e-01 3.772999815033069915e+00
-3.352795952753697684e-01 -1.222552439659309931e+00 3.683330215636279714e+00
-5.861269322396098769e-01 -8.999337802818500043e-01 3.774361375809560215e+00
-4.602556250096099255e-01 -1.474987354243790127e+00 3.410702388457839795e+00
-3.385347952958799311e-01 -9.824177146551800188e-01 3.861512966582369977e+00
-4.761430286041099524e-01 -1.455094458590119988e+00 3.398035670580100032e+00
-1.727727623559598413e-01 -1.401046370847649936e+00 3.660307070124980022e+00
-3.409907956636797355e-01 -8.619995930316499688e-01 3.929718743617709897e+00
-3.547965788684699362e-01 -9.387197763100100234e-01 3.871677981633830257e+00
5.129843879418993779e-02 -1.329631081205720378e+00 4.038907632321679486e+00
7.955940900879809874e-03 -1.298328728051509895e+00 4.042632431479800559e+00
5.144491466712963756e-02 -1.328871339157700060e+00 4.036485997899319500e+00
-6.731773570482797453e-01 -7.542334581407299510e-01 3.343278942778090013e+00
-3.388296836059998540e-01 -8.757247313461699045e-01 3.937240560916749565e+00
-3.056542560832795630e-01 -1.847042112509899026e-01 2.486853819444419855e+00
-3.017312560711995495e-01 -1.294563374428820079e+00 3.541655934760529867e+00
-2.357306011549296088e-01 -1.318051043088019902e+00 3.687572307246259840e+00
-1.441688956822400058e-01 -1.327070298740000265e+00 3.942723827948699800e+00
6.005686344332028526e-02 -1.162049672620639962e+00 4.139768659098919557e+00
1.206461882293501375e-01 -1.264881890666840203e+00 4.104795347617420376e+00
7.393616789202983597e-02 -1.294869052219699945e+00 4.067454286654289319e+00
1.200801266522599775e-01 -1.342629337616479734e+00 4.060349838717979942e+00
3.379757373020009226e-02 -1.223359355485970079e+00 4.092554199750019883e+00
5.052020611663987637e-02 -1.263245906907290106e+00 4.082853423941959825e+00
-6.264436511840010269e-02 -1.079337357690679955e+00 4.130207250083739901e+00
4.722606618180957838e-02 -1.330320778549820115e+00 4.036661467217520283e+00
1.188309258562099124e-01 -1.338647500013179892e+00 3.849786283845490154e+00
-1.415785039639900766e-01 -1.326657451717909941e+00 3.943480653318729878e+00
-1.320920802893494894e-01 -1.319646752691740144e+00 3.943895789711339805e+00
-7.166936494688600501e-01 -7.689210211004300355e-01 3.338335139770099769e+00
-1.372210417842798513e-01 -1.319321718641810026e+00 3.894683424062510113e+00
-2.528564228748202414e-01 -1.099401296195360089e+00 3.829211325241550057e+00
-1.974009593428598386e-01 -1.459990501277300012e+00 3.766534541109529677e+00
-8.660280292250011058e-02 -1.318279452280609831e+00 3.975432500385309709e+00
-1.996167526306700246e-01 -1.460870499526369937e+00 3.766997722045799968e+00
-1.664565883834199234e-01 -1.130231788798219839e+00 3.984702922441860196e+00
-3.482145890012702250e-01 -9.427762682615300482e-01 3.869171941931690117e+00
-3.384411356457097675e-01 -8.791340361769399703e-01 3.935211956742720396e+00
-6.887650487704597424e-01 -7.231772032101200232e-01 3.317970044083959902e+00
-3.273528137062995391e-01 -1.367955483499249780e+00 3.616897949264730183e+00
-4.605085463254798839e-01 -8.477407626810800068e-01 3.808725056270719556e+00
5.000765624772007811e-02 -1.102147980159380314e+00 4.176718607898480151e+00
3.125410405262973867e-02 -1.088402339362100069e+00 4.184188945655829883e+00
-3.313366733593701152e-01 -1.529048990286829834e+00 3.448175098546739648e+00
4.540268462160046425e-03 -1.342189690973839999e+00 3.915778589706259805e+00
1.605881741481498537e-01 -1.089136828280570013e+00 4.230553874917549528e+00
1.598960501466200057e-01 -1.080601074298910058e+00 4.232242825112770390e+00
1.627590811070502852e-01 -1.018659338700860006e+00 4.266271940327809986e+00
-7.650347684527991632e-02 -2.458611416170100039e-01 2.535507504022979752e+00
-3.529693148498498356e-01 -1.341264086756450258e+00 3.589940982986239870e+00
-2.403770000727498690e-01 -3.257249513653099338e-01 2.526057260384789949e+00
3.904664988745905063e-01 2.888781145558005914e-02 2.152760802429280140e+00
-2.069616289083797689e-01 -1.698239974814450104e+00 3.628215040088849541e+00
-2.176391797242298587e-01 -1.498494724026830038e+00 3.462058986790200077e+00
-4.613861616799297405e-01 -8.544817943146699735e-01 3.804697606970460111e+00
-7.840374523421989039e-02 -5.003244732663498784e-01 2.829455530079609815e+00
-1.802117382077699226e-01 -1.443065928395689923e+00 3.768419953479590134e+00
-1.527627112832199430e-01 -1.328387594037440111e+00 3.869872076800669802e+00
7.410850830415016688e-02 -1.249246403892080082e+00 4.100191591051020268e+00
5.367082808336975930e-02 -1.266523297994450292e+00 4.082558238211469792e+00
1.034329262883701972e-01 -1.304675964555650047e+00 4.084526864360649157e+00
6.022746603639017593e-02 -1.268363753543179762e+00 4.086029594526330300e+00
1.849978542702297446e-01 -1.404664793993060101e+00 4.022782861471170257e+00
1.259747305551903729e-01 -1.280865630673550193e+00 4.094525261926410309e+00
2.231169201083016418e-02 -1.188568325834929995e+00 4.106629565666500170e+00
-4.561559950861497903e-01 -1.065164573673109905e+00 3.571691656309219809e+00
5.586278179658954457e-02 -1.209251475289250033e+00 4.109559897492519376e+00
1.760039009044200853e-01 -1.362798451694510193e+00 3.890935456558930028e+00
-1.712284181584999843e-01 -1.402033784226319746e+00 3.660526407439559815e+00
8.736828413890984635e-02 -1.116630597526460100e+00 4.181747156734660464e+00
-3.466249405834196384e-01 -1.519062871510790114e+00 3.450404397927449907e+00
-7.289008381752999366e-01 -6.476332290490399712e-01 3.362746506825669890e+00
-1.690681511341196597e-01 -1.396252155653869842e+00 3.658696322903010056e+00
-5.746189368393197494e-01 -9.093711229371500560e-01 3.806133644481620060e+00
-3.354539694735398925e-01 -1.101089127843799975e+00 3.778759278082129747e+00
1.995128859239958530e-02 -1.187285472688039967e+00 4.106763833212179193e+00
9.742922692104194482e-04 -1.275537141490340032e+00 4.047359150982820175e+00
1.586661253090149160e-03 -1.272810052478690057e+00 4.048223012203900240e+00
-4.821500635639199839e-01 -1.450384413468380096e+00 3.398452647534320192e+00
1.488989660801700587e-01 -1.390811644265629976e+00 4.011209815187090300e+00
6.307115191233014784e-02 -1.222002700006640019e+00 4.103008545149860353e+00
1.399625630296501555e-01 -1.348729622941580164e+00 4.068499120984800044e+00
2.077100159399991597e-02 -1.192694434440380036e+00 4.107009369620829631e+00
-2.218300966696800103e-01 -7.980415249297400093e-01 4.020326870124230290e+00
1.612959428431803843e-01 -1.380442585735790040e+00 4.058611922576170095e+00
1.603343337117797418e-01 -1.379044792732070146e+00 4.058446693878109635e+00
-3.424636108403498191e-01 -1.236506582271019949e+00 3.679492349256920036e+00
-2.022802121884699211e-01 -1.694494743897049904e+00 3.621634721410489810e+00
-3.399071586555602043e-01 -7.353530414150600825e-01 4.028790124098289738e+00
5.781851057620013279e-02 -1.268917986545029963e+00 4.085047796658649588e+00
2.320117476278005242e-02 -1.189876270730719998e+00 4.107703841954279511e+00
-6.861894359855957859e-02 -1.009950676157149951e+00 4.165953445681129352e+00
-9.484006075052100471e-01 -4.506068513199499859e-01 3.516324790216249774e+00
1.329067806402099983e-01 -1.260285836305549800e+00 4.121791386069589613e+00
-1.817310124447701902e-01 -1.188449965210550019e+00 3.820057144960249840e+00
-2.809979186650297667e-01 -1.436518159397000005e+00 3.524149531238119692e+00
-1.685592042827899206e-01 -9.339481144310599614e-01 3.985597691809160015e+00
-1.006035641237749800e+00 -2.909163463902200153e-01 3.451718605975469867e+00
-1.309819179126798794e-01 -7.875299319394098996e-01 4.201080270495699764e+00
2.926050541655023096e-02 -1.320464338730690024e+00 3.823076511869230032e+00
2.017570250079998573e-01 -1.380693454568360012e+00 3.918588838025580223e+00
8.806612612408981633e-02 -1.114227243959569957e+00 4.178302944082049386e+00
9.346799624085999625e-02 -1.261326901735579931e+00 4.099084665091149660e+00
1.206257979236102784e-01 -1.363543765809350106e+00 3.889670221003750150e+00
4.714497985072041430e-02 -1.051111927511359845e+00 4.208184327422530124e+00
2.375143244353017380e-02 -9.882406280266400334e-01 4.221737427109129470e+00
7.448258552023956369e-02 -1.341276759857419787e+00 4.047658771472109507e+00
1.507013629683502387e-01 -1.403325123440929856e+00 3.949044935439120163e+00
1.075700023703203279e-01 -1.032750444850579985e+00 4.255825424562179826e+00
1.689790933709600651e-01 -1.017767187641150262e+00 4.268097005658329834e+00
2.883889290832897245e-01 -8.913164080902500341e-01 4.396603353104810097e+00
9.227910107752013147e-02 -1.317820278278360124e+00 4.063840121239850056e+00
-1.421876228300402722e-01 -1.324340732605609805e+00 3.940876003823929885e+00
-1.699071770676501281e-01 -1.630159236987290150e+00 3.673288251176589636e+00
-1.448865834780801443e-01 -1.539320340163940148e+00 3.750525266546099523e+00
-3.761421362077397301e-01 -1.395196469717630006e+00 3.533177506164399961e+00
-4.386228623305599150e-01 -3.955650800885002205e-02 2.243381530588229644e+00
-8.584869901977498774e-01 -1.837564400256800345e-01 3.032673577698739908e+00
-4.048603912420098982e-01 -7.792467120616997089e-02 2.323490598270430141e+00
-3.178189289442099330e-01 -1.544738824642370112e+00 3.408416074031690002e+00
-2.501716956785300372e-01 -2.297259581562500763e-01 2.430658920653079758e+00
-1.327745007161400537e-01 -8.162848163019199577e-01 4.179877697023999694e+00
-1.892528418121202094e-01 -1.348211461698499924e+00 3.692528869549270176e+00
5.059230998782027200e-02 -1.262344886417180012e+00 4.149786582064439955e+00
1.484643203865010364e-02 -1.257890011586180190e+00 4.063810681399569802e+00
-2.149669816200296957e-01 -1.724767516488889818e+00 3.604700565843869775e+00
1.090562535897197094e-01 -1.324227166674380118e+00 4.068478828048569973e+00
1.018894887494301571e-01 -1.308242499231979883e+00 4.070931203541399590e+00
-6.711134448310800416e-01 -7.063163334246200797e-01 3.373463919511769937e+00
-1.897464185649302415e-01 -1.334325305422760177e+00 3.525336053077659848e+00
-4.580635330260500737e-01 -1.067538680367530191e+00 3.574713951281479840e+00
-1.912023372647202457e-01 -1.095010953345170179e+00 3.980931443698310090e+00
-2.504503156964601462e-01 -1.097750944299260123e+00 3.827891868328699765e+00
-8.903007332819898867e-01 -8.103541023071000327e-01 3.686499537440169671e+00
-1.839739189952993570e-02 -1.101373030590230062e+00 4.138853913279460173e+00
-1.998183783465901087e-01 -1.661310693955160067e+00 3.621963905974089570e+00
-4.447203076489298912e-01 -1.218379279004540017e+00 3.479895340338739818e+00
2.133990241638406005e-01 -1.327086659639689969e+00 3.877694306019230375e+00
-1.459144508705101373e-01 -1.537768635877669876e+00 3.749475021662389551e+00
1.684692693074198999e-01 -1.361301854203639916e+00 3.803859268107220082e+00
-8.870749557532000562e-01 -8.100939381147500562e-01 3.681018248573659779e+00
1.012410107235197643e-01 -1.073538618451880033e+00 4.216777281050609893e+00
-3.433352961150797356e-01 -1.172492247752269900e+00 3.734594479275409995e+00
1.150995726725700941e-01 -1.271985492058760325e+00 4.103442870003799925e+00
-4.619387144914000043e-01 -1.242934849486519999e+00 3.433567093109640034e+00
6.301716123943013059e-02 -1.320666244500980024e+00 4.051212661880120081e+00
-5.049147228289598832e-01 -3.717052423293499275e-01 2.931948686754790145e+00
-1.641652425949295946e-01 -1.110180527382889970e+00 3.989845447681010349e+00
-6.182852675775398765e-01 -2.719369519009995351e-02 3.539832579465290063e+00
-1.371052348913295305e-01 -1.326190979519030089e+00 3.889200708528449901e+00
-9.211088194702021781e-02 -1.190117871012380313e+00 4.053268311543109625e+00
9.139865719156015089e-02 -1.235874788673199998e+00 4.113154644303650187e+00
-3.056463090146699368e-01 -2.084276774398400311e-01 2.535534657646190126e+00
-1.449054654825698840e-01 -1.555442244917959904e+00 3.739798454851559928e+00
1.511856784286100819e-01 -1.390955953734049899e+00 3.968453486530839847e+00
-9.935617771634299711e-01 -8.410890060697995274e-02 3.482571231753520014e+00
-8.537167965201497566e-01 -3.765375014869100090e-01 3.016878114997579630e+00
-8.956706758007499936e-01 -2.459526822232098731e-01 3.078277192931139883e+00
-3.613346256605396434e-01 -1.146811519233799093e-01 3.813871239064710039e+00
-4.651113815340224278e-03 -1.276984740404119911e+00 4.047311092015429601e+00
-3.815345471570197322e-01 9.459704377027000621e-02 2.115331602511929976e+00
-3.963701487977400184e-01 2.031172433497299146e-01 2.430105608577719956e+00
-3.586953647987098925e-01 3.103858170376900816e-01 2.325626961597899722e+00
-1.430753459380800230e-01 -1.336872799669369893e+00 3.929466905598499871e+00
-3.440644130274599366e-01 -6.282793219094598980e-01 4.103881652669209679e+00
2.873252908273502548e-01 -9.464619688568000067e-01 4.360304975264670091e+00
-4.156855598637800853e-01 -1.518597461448440100e+00 3.386812802979289660e+00
5.344732999003021234e-02 -1.329047006500579720e+00 4.040641527659060372e+00
1.115038144219901994e-01 -1.142016541587739908e+00 4.172954890899509550e+00
-9.174437718332197900e-01 -5.230037954743399498e-01 3.540050682270029725e+00
-1.405374077532397514e-01 -1.405888783553630006e+00 3.845769287789710056e+00
-2.509746253055000764e-02 -1.002429487338589942e+00 4.191745792386850411e+00
-1.478212074102098761e-01 -9.548988871147698898e-01 4.098164930676990281e+00
1.502308957017199909e-01 -1.405106605344979886e+00 3.919638401491280177e+00
8.828786773187990988e-02 -1.129384954901270000e+00 4.167642962910609761e+00
-1.623861723105997079e-01 -1.355663677901929987e+00 3.921385929137620074e+00
-2.191141739455901849e-01 -1.497428380524769898e+00 3.460819021195029599e+00
1.587506509797202980e-01 -1.084004917682479974e+00 4.233424703302040015e+00
-7.028272638836698949e-01 -8.145644330595800398e-01 3.282658324918390047e+00
-5.015545225348598812e-01 -5.350843181300000140e-01 3.135777801433629719e+00
-1.382738753944696697e-01 -7.423263899229198826e-01 4.216770291647519819e+00
-4.164994894363900357e-01 -8.513963059389799692e-01 3.316261885780860119e+00
-8.428580807104899542e-01 -3.570949668613699890e-01 2.999940638296370032e+00
-6.569629801652796530e-01 4.329176586871008592e-02 3.565047233230929979e+00
-6.318328644161974594e-02 -9.700904219936299366e-01 4.190569050848259813e+00
3.260063895691001079e-02 2.898519218059001368e-01 1.778045382179049838e+00
-2.866580602869399641e-01 -1.329260861416790007e+00 3.645519743070009699e+00
7.794226589884045708e-02 -1.182598591589870018e+00 4.139125020321239745e+00
-2.209528982301023348e-02 -1.016937949966280064e+00 4.212171051654220122e+00
-3.398154607256596016e-01 -1.104992215789309951e+00 3.776776349414139755e+00
1.397913016576701750e-01 -1.347387516741770153e+00 4.068270429803279242e+00
-1.720595574113499282e-01 -8.014425813720500447e-01 4.072471089433180147e+00
-1.054195740670897941e-01 -1.427650064304829991e+00 3.817207446039120100e+00
-1.758029025481304686e-01 -1.060360589608670079e+00 3.888008236365909642e+00
-9.941764034954898577e-01 -9.080543532970997145e-02 3.487711428752349629e+00
-1.755801339259299709e-01 -3.312717025017500871e-01 2.853837701765829848e+00
-1.381989325341796970e-01 -1.661408176402099368e-01 2.395812006495460000e+00
-3.678094598793979486e-02 -1.022744886888619975e+00 4.176794302441459550e+00
-1.780653859830900743e-01 -1.060333760859770269e+00 3.897020036519379893e+00
-3.380439153694898557e-01 -9.437600957299400184e-01 3.761564789590470248e+00
-9.153464978805099239e-01 -6.669483656445499564e-01 3.599466033582579882e+00
-1.681225726035697754e-01 -1.404754552084070074e+00 3.662363956253779751e+00
5.145879348231030548e-02 -1.164329125697209921e+00 4.137405133019259829e+00
-4.025323442903099291e-01 -1.790256302741000116e-02 2.307162188902719624e+00
-1.774535479869299159e-01 -1.071825654495650149e+00 4.007352992927749824e+00
4.826706088642973569e-02 -1.113640921334570155e+00 4.166640947754819635e+00
-8.397974058714099410e-01 -3.619486733526799949e-01 3.001182104353559588e+00
1.384327648976704239e-01 1.078325821283800945e-01 2.064769854038249974e+00
-3.556046130597798616e-01 2.687672041870299289e-01 2.422292733860119895e+00
-3.037049164632898979e-01 -1.244779494991819835e+00 3.533225034279239729e+00
-4.922458440903301202e-01 -1.281866683888160052e+00 3.401900918383529593e+00
1.855615381402704323e-01 8.005701349531002542e-02 1.958973127514869850e+00
2.404905373558480441e+00 1.339340627606289580e+00 -4.091295500275897723e-01
2.085588136248370361e+00 2.016612630987340005e+00 -3.670467185618200290e-01
2.095221507044100484e+00 1.939084974181060073e+00 -4.478675165680701120e-01
1.610238021436201095e-01 -1.070890449451880055e+00 4.243152743939459626e+00
2.153492773130020410e+00 1.344930609689380052e+00 -6.335322113287000789e-01
-3.352659967851101541e-01 -7.350936835054100449e-01 4.035065954489299500e+00
2.071620127660950494e+00 1.465480965313030293e+00 -7.361564637912900722e-01
2.113110662751989999e+00 1.510991395017999839e+00 -6.005571761570998035e-01
1.694981376236450288e+00 1.812628308911170105e+00 -9.745376607873295072e-01
1.559878817153530495e+00 1.310623285881669986e+00 -3.125516273119801625e-01
1.854979130920989761e+00 1.755390497762470137e+00 -7.091090091406595519e-01
1.821686465739710492e+00 2.244697509604899999e+00 -7.088652868775700000e-01
1.220833412602240209e+00 2.160851750291080009e+00 -4.403296828637399685e-01
2.294935161728703932e-01 9.589241719108010376e-02 1.981824143626349954e+00
1.941731690274909994e+00 1.383711688246510363e+00 -8.457095583719000942e-01
1.914705729148340474e+00 1.614530921915169781e+00 -8.673311930166596184e-01
1.663802976533070410e+00 2.221352170978510010e+00 -7.400572292462603841e-01
1.473347149644580689e+00 2.166174825862509756e+00 -5.671220152830498407e-01
1.072935167755810326e+00 1.982477931716499775e+00 -4.051491661180595116e-01
9.800544877975703173e-01 1.450796650634019969e+00 -4.787886620926498082e-01
1.165019173987670520e+00 1.302148929727689808e+00 -8.611210954133201589e-01
1.835293704708059970e+00 1.682070531780280209e+00 -1.088729415490329977e+00
9.907325043917500906e-01 1.491370751208910050e+00 -6.623649412571701589e-01
7.764384466108302796e-01 1.568253883574739938e+00 -6.411438875600397047e-01
3.190373316015369554e+00 3.739019276977840534e+00 -2.522076519365720415e+00
6.072537903321704178e-01 2.142764958689379995e+00 -6.313290833164399984e-01
7.619474112960604728e-01 2.135381275292139946e+00 -5.333745718184603746e-01
1.708336642124010041e+00 2.122407124048990124e+00 -7.417432512297401637e-01
7.564387483127301692e-01 1.637770139857300133e+00 -9.373145378843394937e-01
1.829253533090740014e+00 2.144711998038819623e+00 -7.446590938682797756e-01
1.409121620609850467e+00 1.623718911524290043e+00 -8.100472573939097032e-01
1.737926879561340066e+00 1.949041782700330128e+00 -1.302966706288660070e+00
2.045260150918170261e+00 1.960305182079549624e+00 -5.009730764244100243e-01
1.957099929439110042e+00 1.520180840907909836e+00 -9.142769059878093074e-01
1.482720908126130333e+00 2.143949585185060513e+00 -5.494432866279801431e-01
1.157915352141910326e+00 1.395876379571979964e+00 -7.733657979823602702e-01
9.706148547120498904e-01 1.671866249616939637e+00 -5.624365613183801571e-01
1.223836788693450028e+00 1.713136731448630101e+00 -6.761283798749202489e-01
6.950841767129105619e-01 1.210654953177430215e+00 -6.425263988058702580e-01
-3.692828308438897977e-01 3.423938994938200420e-01 2.424060425964819743e+00
2.492415086574879979e+00 1.692169325093649590e+00 -9.075909954300795945e-01
6.566759228960501460e-01 2.032392385449969918e+00 -4.202691871186399197e-01
1.193089888641320151e+00 2.112053839516240039e+00 -3.854515117758503528e-01
9.579009846193504707e-01 1.932772566005380277e+00 -3.836332864101299478e-01
1.703400415010150493e+00 1.910715389806989961e+00 -9.154126778734301695e-01
1.054829916487850294e+00 1.430945456269359983e+00 -6.992462614432799484e-01
9.328315933922000092e-01 1.434185520221800125e+00 -6.944177133044897587e-01
9.566383237374198600e-01 1.907998029966070153e+00 -6.841205876742098013e-01
2.075152935524240405e+00 1.494883055780800163e+00 -7.682747223525403513e-01
1.887914467825989817e+00 1.767082920732520268e+00 -8.453823229305106324e-01
1.840219597417450004e+00 1.674064797032530194e+00 -9.484234441475800637e-01
1.309689206729140132e+00 1.428806964103030097e+00 -8.634902518176597042e-01
6.160627523284301077e-01 1.514262552051820254e+00 3.534492272661959866e-02
1.919247736101770130e+00 1.614709556268250079e+00 -8.650958371607804231e-01
1.167794146705330327e+00 1.250311004292160355e+00 -8.815890421430903068e-01
2.414972049497801088e-01 -1.387195697696300023e+00 3.913272646277459632e+00
8.862291710143401779e-01 8.873602476416202478e-01 -2.410810905636997514e-01
1.266100588795070259e+00 1.991053750190560301e+00 -5.176941354161499476e-01
1.783254990530830142e+00 1.487234648876319731e+00 -1.165955677175290361e+00
1.178617530983769868e+00 1.433641505225800028e+00 -7.228247081657701578e-01
6.527381107112804060e-01 1.921841527542429873e+00 -8.942095715288598257e-01
4.622869043187201044e-01 1.822409198110690021e+00 -1.134707192113579843e+00
6.076209495390605397e-01 1.737974531966500091e+00 -9.736540021840807135e-01
7.608699921315200676e-01 1.678160158982290096e+00 -7.835419450012599540e-01
9.590562615983504458e-01 1.947404673302770117e+00 -4.023121689988204963e-01
8.130315757356001427e-01 1.495734746466549581e+00 -8.040220617745199583e-01
8.860405979801404541e-01 1.679994862802649980e+00 -6.400535040912598284e-01
4.100520137736939574e+00 -9.007157954063016447e-02 2.137225008967029716e+00
1.158484719574720323e+00 1.683891372479230153e+00 -6.606974929518698580e-01
5.005555088651196805e-01 -7.866435293030300535e-01 4.409925457795289994e+00
9.698559464618399240e-01 2.098010082743019922e+00 -4.653661812006300025e-01
1.105981706657000352e+00 1.718607593709970072e+00 -8.226273437002000755e-01
8.276632861896500160e-01 1.873474320797949844e+00 -9.904180367788897321e-01
8.019004180525906023e-01 1.837607076990430244e+00 -9.485356504481208262e-01
9.130685539939200623e-01 1.855093775808879464e+00 -5.620783507136000168e-01
1.526522285038240057e+00 2.148887937135790072e+00 -7.162208001368997046e-01
1.212688947343080414e+00 1.815910434831700115e+00 -6.001857099605305557e-01
9.718551681399896225e-01 1.451296508472759594e+00 -6.075469661518502207e-01
1.223132676960419829e+00 1.709618560138419951e+00 -6.659583941947397889e-01
1.580143645135301256e-01 1.553851382427999805e-01 2.005459697815290099e+00
1.177400349647040656e+00 2.082856295861950535e+00 -3.455687559460702829e-01
1.232338182305520391e+00 1.555302718809369988e+00 -8.134504816122705151e-01
8.195433517042403082e-01 1.608418163547280066e+00 -6.461192859977504810e-01
1.065149856641199655e+00 1.992411451456389315e+00 -1.003634111607749624e+00
1.236164972453680733e+00 1.366605159657160229e+00 -6.577032204762298662e-01
6.209494289955049595e+00 6.759792772337800404e-01 1.391009235319759618e+00
8.324871838047380734e+00 1.486368433917639731e+00 5.872076343783101393e-01
8.495000541748503053e-01 1.221694564318060117e+00 -4.551259767543101020e-01
5.513725682550001395e-01 2.175537200402410054e+00 -8.260157346656900046e-01
1.407904458818860061e+00 1.543210758483249734e+00 -1.034273108284900378e+00
6.556310404465026664e-02 -1.083318172863950046e+00 4.194852472315630187e+00
1.228311566958720125e+00 1.952481113128540002e+00 -4.560286986456101310e-01
7.979673359189103365e-01 1.308423840430750218e+00 -3.960418908756500045e-01
1.794250880818270666e+00 1.555942003151439934e+00 -1.074664662592470066e+00
8.407272616810503862e-01 1.336973021345949864e+00 -9.058753753232600126e-01
7.704721937954497335e-01 1.708714701848290218e+00 -9.218256914936193702e-01
8.904474933942800874e-01 1.928957926408570334e+00 -4.077856260416798939e-01
6.264349139707698910e-01 2.438033097018910134e+00 -1.648869242194760165e+00
5.084909913241904000e-01 2.452198747833940207e+00 -9.795646174503902515e-01
8.592743149888901755e-01 1.825412645155029878e+00 -1.164162621725989943e+00
1.241627290180399967e+00 1.910807798009679814e+00 -8.031525905355296757e-01
5.994760789361399667e-01 1.826543426245839985e+00 -1.195293480466019798e+00
8.476519584908404070e-01 1.807570786323520196e+00 -1.160211168066489940e+00
5.932595966540405996e-01 2.252960265023860043e+00 -9.230486676786497924e-01
5.979601402811018929e-02 -1.165161288561920028e+00 4.139185644626349969e+00
1.227890765379990867e-02 -1.111346264801780226e+00 4.151530440101850239e+00
-3.020931784615901172e-01 -1.425556430191940116e+00 3.532646065141019864e+00
2.163481860808690982e+00 1.378417157844280094e+00 -6.071355316471898078e-01
2.030565260966449515e+00 1.502438126401989926e+00 -6.853789608776192921e-01
