1.067473971678598588e-01 -4.924267608293499965e-01 2.806092808438299890e+00
4.667355579067700155e-01 -2.430671582388900243e-01 2.387047496042559835e+00
2.398614289415097467e-01 3.927002494740994276e-02 2.176330612505839923e+00
-1.307466204110405705e-01 6.708207660475299372e-01 2.520074085524959706e+00
-5.475316155416503072e-01 -3.639684301442499548e-01 2.960444775224179814e+00
-4.383701784460805051e-01 -8.216639883408398681e-01 4.163533911536290155e+00
-4.339355942509000030e-01 -9.216072523914199399e-01 4.223739098811540416e+00
-7.695797978403404738e-01 -7.693365402099600070e-01 3.324752070243249591e+00
1.212327282784197990e-01 -3.853473086438199968e-01 2.756027188171419784e+00
-8.500300045046003117e-01 -7.276579466981899502e-01 3.348538652310280028e+00
-4.170187904670803469e-01 -1.060887457639799969e+00 4.003168972395410030e+00
-4.171619696962101109e-01 -1.339535018326639904e+00 4.005848431665789633e+00
-6.396319652484505625e-01 -1.048343844989879869e+00 3.632590624065590301e+00
-5.330239674188801402e-01 -3.416051979271999550e-01 2.950951674506759659e+00
-4.040976157855902251e-01 -1.303695970050259945e+00 3.836823165348089759e+00
-6.360919059103400386e-01 -1.225812677751059843e+00 3.534404790368749882e+00
2.270912971156495708e-01 9.995339892224996969e-02 2.236076269011779694e+00
-2.592946522340400239e-01 -3.259045439515798614e-01 2.902260224459070059e+00
-4.574589908873003541e-01 -5.823700725342599860e-01 3.304373648468479807e+00
-2.145541649752000790e-01 -2.221193642776899679e-01 2.671105153810640065e+00
-4.277710197886803734e-01 -9.060158371413699063e-01 4.229370610789539242e+00
-6.390462431144103839e-01 -8.602332243265700118e-01 3.754957974923899933e+00
1.532008551867196644e-01 -1.283959353171992834e-02 2.213785173640729909e+00
-4.522973991008003569e-01 -1.478892970898100012e+00 3.856138583544409748e+00
-6.135762896982903669e-01 -1.442447365758220190e+00 3.550014491112489790e+00
-4.092161747561302576e-01 -1.168088490046820027e+00 3.932237929584759595e+00
-5.371364926000403717e-01 -1.369211970448649840e+00 3.681680043750649833e+00
-4.233447334310400656e-01 -9.223520879763000835e-01 4.101467044498139813e+00
9.111678322480987191e-02 -2.760366020450100155e-01 2.827511047127469812e+00
-4.155986361295906928e-01 5.904741397292999627e-01 2.687979752422779534e+00
-6.401851237357600866e-01 -1.170081686997949788e+00 3.552947322750569903e+00
-5.890867089304805404e-01 -7.384841761515700265e-01 4.106821834570119734e+00
-6.151461241600502117e-01 -1.442360933253009847e+00 3.550262683436169464e+00
-4.203265143603103215e-01 -8.117865750733098684e-01 4.298943499962899928e+00
-3.962291219514904039e-01 -1.417157813982810044e+00 3.758550054003630070e+00
-6.544682794004803572e-01 -8.686054099635699410e-01 3.753509417854489882e+00
-6.516187634061503253e-01 -1.078964333468229952e+00 3.620447056424879850e+00
5.404519490638901580e-01 -4.022094803894601389e-01 2.437249919971450129e+00
-5.695862857707099103e-01 -9.818992632848899671e-01 3.924790404895949880e+00
-6.977907006862602568e-01 -1.372534371310820012e+00 3.481376119122240098e+00
-8.025791967194502163e-01 -8.174602166944300308e-01 3.686834709179029890e+00
-4.259488825033304060e-01 -9.246248047586599350e-01 4.102334427218609747e+00
-4.019436148625001870e-01 -1.302798016454379981e+00 3.839039512579560220e+00
-6.544074698367001730e-01 -1.444493744979880034e+00 3.446617050139719751e+00
-6.114278512046302794e-01 -1.516854612289570081e+00 3.399225069875339678e+00
-5.923460081396603183e-01 -9.482647539744899490e-01 3.944770374807800017e+00
-4.352754169477606183e-01 -1.171766107477330010e+00 4.217612684597599859e+00
-5.629683419576800851e-01 -1.235582364757609852e+00 3.764640422117009777e+00
-4.147607859471704739e-01 -1.597217223883419912e+00 3.817743690100579457e+00
-4.652499089044901392e-01 -6.952823157237199014e-01 4.333558676107109875e+00
-1.457334880587102255e-01 -1.119490131046209980e+00 4.379368686951259804e+00
-9.381294338900669771e-03 -7.493991097918200062e-01 4.692230071093160149e+00
-3.107811946345402365e-01 -4.896555281925599745e-01 3.167515963490959763e+00
-2.327091682276702933e-01 -2.136850459940701219e-01 2.724352225202689937e+00
-2.311152186076506077e-01 -1.351974968347600115e+00 4.168089923919759521e+00
-6.528406870809904117e-01 -1.468727724264889956e+00 3.382432950329810062e+00
-1.099710532176700228e+00 -4.281109860666899025e-01 3.507692442241120201e+00
-6.399081778096307183e-01 -1.052949383163519936e+00 3.629489631334309685e+00
-5.246691506592102705e-01 -1.530329889114629971e+00 3.521180004677590070e+00
-5.041717874142304101e-01 -1.427619153119420226e+00 3.608259531316069690e+00
-2.322381732705505186e-01 -1.353247697495810087e+00 4.167627199364380530e+00
-2.144971874052901128e-01 -1.320901055419630099e+00 4.197537229224219679e+00
-2.576295985795002963e-01 -1.248074295303259973e+00 4.219573064346509916e+00
-2.683396574909102661e-01 -1.210117951721209950e+00 4.232663455985149703e+00
-6.471982651573902068e-01 -1.473884648939249864e+00 3.386682654588310193e+00
-9.704916205216203018e-01 -4.457028836375899195e-01 3.541560603250580197e+00
-2.680426044707500122e-01 -1.208078798860229952e+00 4.233133555675330228e+00
-3.567086144095301670e-01 -1.035392054068560164e+00 4.279029517856409726e+00
-1.565086716650303522e-01 -1.378023641635449881e+00 4.208541965651699357e+00
-1.407563321947804535e-01 -1.277433310410640122e+00 4.267700141823699944e+00
-6.032392994994206781e-01 -6.350990751814099555e-01 4.179896538789489746e+00
-5.003904560295002746e-01 -1.337454080992809935e+00 3.748123409112969817e+00
-5.870239231637603972e-01 -8.794825965385799638e-01 4.010981076390709887e+00
-4.340407162388404405e-01 -9.193043512701399855e-01 4.227554945086239968e+00
-9.171914401549199347e-01 -8.517961356655798788e-01 3.774376938877019860e+00
-4.324033486103602275e-01 -1.702801061348979905e+00 3.711445647078030152e+00
-5.311093210510802187e-01 -1.517338796525869782e+00 3.515430638086880055e+00
-2.572520144923704510e-01 -1.161835100622029993e+00 4.277041189541959554e+00
-1.286072012602703651e-01 -1.419525245788169965e+00 4.108347401929130172e+00
-2.722307010413405060e-01 -1.099804536314149983e+00 4.301659970347760265e+00
-6.716381988442401418e-01 -1.358821428410209808e+00 3.475893962095989664e+00
-4.169308648234404391e-01 -1.064814597474579960e+00 3.997784711756819931e+00
-5.928242149724405330e-01 -7.438921397585899209e-01 4.105303168419560222e+00
-1.215558564956100707e-01 -1.418430858271150008e+00 4.107638674324929795e+00
-4.161994459997002682e-01 -1.346850206250330029e+00 4.040890070401069067e+00
-3.957044770244604326e-01 -1.333409186871270080e+00 3.994481685744289745e+00
-4.185546202645302749e-01 -1.345575094819940087e+00 4.040241830806140300e+00
-1.068359550776150302e+00 -7.976843248949699872e-01 3.667191993349609991e+00
-6.780317124406600726e-01 -1.340903762799090071e+00 3.466069319474740063e+00
1.176716912868194242e-01 -2.638776220973999553e-01 2.812817684892100267e+00
-9.484891358890301660e-03 -7.697671792269399349e-01 4.682574998920369325e+00
-8.205532413488603183e-01 3.980722339183007108e-02 3.575592358892349942e+00
-2.844995078768903785e-01 -1.901591871657000166e-01 2.633146288166419602e+00
-2.373433806515501399e-01 -1.520992498014799299e-01 2.590213857626549654e+00
-3.287786076911403121e-01 2.530470034269700630e-01 2.473183112743010170e+00
-2.569524390220001564e-01 -1.100905897979610026e+00 4.308869493300850451e+00
-1.968586099737505979e-01 -1.284603245240960145e+00 4.235876438321620086e+00
-1.076880130779070521e+00 -7.852703077873499637e-01 3.673203827401929633e+00
-4.560433963573504723e-01 -6.883718274671899451e-01 4.339904338255280436e+00
-1.472750673028502266e-01 -1.052827014949069939e+00 4.416840936861499145e+00
-5.896604234564017943e-02 -9.406033520172398799e-01 4.560045351790499524e+00
1.216314014486963302e-02 -7.365318971623999733e-01 4.702590623939089554e+00
-2.737211954771103795e-01 -3.484123423416600196e-01 2.909611571074079972e+00
-2.795092173810602709e-01 -1.088576569810840056e+00 4.300377229989909900e+00
-1.456160298721105306e-01 -2.686132774040000393e-01 2.754490268231499783e+00
-7.868979379628204818e-01 -8.001309550492998746e-01 3.342435998961419852e+00
-1.149699174013303349e-01 -1.425673065087119884e+00 4.061329686480160461e+00
-1.486528655638901242e-01 -1.103697862786739980e+00 4.392697468856050058e+00
-5.208024796286701008e-01 -7.061547680230498836e-01 4.168013088964049651e+00
-8.507300245842399633e-01 -7.243098837811099422e-01 3.348932083667340187e+00
1.142252083100592230e-01 -1.801281792985599539e-01 2.637901395391549997e+00
-4.605820529721704748e-01 -1.093298479537999857e+00 4.091789626954620118e+00
8.488977729915392345e-01 6.629859087170798526e-01 2.677297520365569561e+00
2.159276508506096093e-01 1.083269024339700293e-01 2.234363615451959717e+00
-4.100964042697006207e-01 -3.827978634667399960e-01 3.016125422267370126e+00
-4.281725149659605378e-01 -1.341498128788940036e+00 4.000679514966289929e+00
-2.938191027566803282e-01 3.304558631046999873e-01 2.521422186723899728e+00
-4.235369224335405747e-01 -4.092824536761699994e-01 3.050451883874509384e+00
-6.478693038124001546e-01 -8.641981158223499548e-01 3.754446586822210108e+00
2.813505945627090554e+00 1.261586314596710334e+00 7.621057669381015032e-02
2.162935672497189543e+00 1.533745154088660190e+00 6.041236630304003263e-01
2.143110882193659528e+00 1.473101722140049752e+00 6.125667056363098828e-01
-1.052055908092901504e-01 -1.564909101025399041e-01 2.532042298182810125e+00
2.287342001636769595e+00 2.056429689375889769e+00 -2.351580848762968579e-02
7.785856418755608743e+00 4.594926784281595511e-01 3.414743966142249842e+00
7.170511361340992096e-02 1.501454347387999322e-01 2.084384328205409975e+00
1.887179154962197458e-01 3.001551616634799968e-01 1.952473913832429853e+00
2.020710495066695422e-01 3.138424868069699114e-01 1.943745426683660016e+00
1.821135282270995859e-01 2.883336043996901354e-01 1.969331917909870056e+00
2.072144720486419622e+00 2.136456148313069736e+00 -8.736287441726009462e-02
