4.438508782134000658e-02 3.972928268469000379e-01 1.124335758984770006e+00
4.438508782134000658e-02 3.972928268469000379e-01 1.124335758984770006e+00
-1.158758597609799990e-01 3.046438060314400342e-01 1.181710788061440365e+00
3.437325601356799876e-01 3.870724000999300474e-01 1.175564453036419987e+00
1.022655374256299932e-01 3.854263391953199891e-01 1.133644435353080127e+00
-1.998399804332700314e-01 3.969578621725199374e-01 1.163645785313129899e+00
3.067077098276699831e-01 3.525995255202900580e-01 1.207762717570030286e+00
-4.405771062162899820e-01 4.447226330836500097e-01 1.089492004176459972e+00
-2.071656528204299796e-01 4.691541378775200277e-01 1.060651369103359887e+00
2.720600417548099670e-01 4.211065809284499917e-01 1.136959529193430019e+00
-4.015550038809699851e-01 4.684976771984500354e-01 1.044240936365520067e+00
-4.015550038809699851e-01 4.684976771984500354e-01 1.044240936365520067e+00
1.010188464811200004e-01 4.186912185670199626e-01 1.108647312021480147e+00
2.252211164629500384e-01 3.973522777614300061e-01 1.146937123438919848e+00
-8.296595374194001837e-02 2.391313893590999995e-01 1.208090227130000027e+00
-1.229172515849000051e-02 3.693083670774799376e-01 1.190473680400330192e+00
3.100898841472499723e-01 3.544972974486899631e-01 1.214662731814419860e+00
3.100898841472499723e-01 3.544972974486899631e-01 1.214662731814419860e+00
-7.230446298602000166e-02 3.003303201068600048e-01 1.225952962808539937e+00
-4.998357659169299638e-01 3.765435831491100727e-01 1.159753082991430428e+00
1.452425967941100293e-01 3.269314284664500692e-01 1.320162517962080173e+00
-4.551582712392500119e-01 3.417563173039099844e-01 1.219926963343270110e+00
3.798355172529600532e-01 2.862614627009399948e-01 1.301934825416569907e+00
3.798355172529600532e-01 2.862614627009399948e-01 1.301934825416569907e+00
-4.134313863113099896e-01 4.354420710816900852e-01 1.103990426740490083e+00
-1.970201033585300132e-01 3.176209101320000006e-01 1.105518823583659938e+00
1.674832382355899985e-01 3.766126988956499666e-01 1.150073298671800082e+00
2.240963798082998282e-02 2.469953573866100205e-01 1.395593941456160003e+00
-6.135290465300899942e-01 2.455154484933500247e-01 1.325212061226340055e+00
9.981799723402998148e-02 4.522470900646899938e-01 1.073058035882850092e+00
9.981799723402998148e-02 4.522470900646899938e-01 1.073058035882850092e+00
-6.540405758602599873e-01 2.021252465620000105e-01 1.390111573071690199e+00
-6.528399402785600714e-01 1.999681018273100075e-01 1.386904881224209962e+00
-4.457160985505000395e-01 9.754177800770000295e-02 1.470424519009440267e+00
-3.381344003034399970e-01 5.955635288695000640e-02 1.634185635736750353e+00
-1.845975057978799794e-01 2.072624069311999884e-02 1.443666963171729822e+00
-7.884963506604599770e-01 3.435288257642998833e-02 1.606445479112029950e+00
-2.648595081589399935e-01 4.053184695513499802e-01 1.109665762498849961e+00
-3.150897536191099579e-01 -1.073333835858399921e-01 1.895496631241070151e+00
-3.942774307022000463e-02 4.400117484109100641e-01 1.119254030282660128e+00
-2.529158100721000113e-01 3.303133177289500066e-01 1.055056542974150080e+00
-2.556655605094599881e-01 3.505555768936600147e-01 1.069701889945080087e+00
-4.103686994326599669e-01 1.080575651928700198e-01 1.434238664765299820e+00
-1.044785712398099975e-01 1.786066029808799915e-01 1.494590767001690246e+00
-1.044785712398099975e-01 1.786066029808799915e-01 1.494590767001690246e+00
-2.872789472393399435e-01 3.761654647356001135e-02 1.560620300133789939e+00
-2.060713632715699961e-01 1.255365492439100006e-01 1.559788452861820218e+00
8.326677789455999568e-02 4.263564903251100269e-01 1.108444517224430159e+00
5.069569619879999572e-02 3.718633826155500754e-01 1.161011936773000297e+00
-6.999503457722200395e-01 1.496844081097000179e-01 1.512539573350160094e+00
-4.546224143124499850e-01 4.478505582977899691e-01 1.087662656376070069e+00
-6.916582543794201898e-01 5.432680634663003549e-02 1.552320317689180218e+00
-2.366778945114300092e-01 1.730126336154000355e-02 1.688865219215000213e+00
-7.459179206876200841e-01 3.609976863016001181e-02 1.588848819865420037e+00
-4.371905715207600185e-01 6.048319120697999429e-02 1.694303589342680105e+00
-4.289580360881999899e-01 6.519251177226001448e-02 1.671164528813100070e+00
-6.829792518767801024e-01 -1.841339435434996563e-02 1.663443245264070391e+00
-3.033621806165399670e-01 -3.085243731414000212e-02 1.817378555454820077e+00
-1.444148337206099530e-01 -2.229207543299999150e-02 1.794290215604290140e+00
-1.409221024276600120e-01 -1.972740169894995899e-02 1.782672059263550324e+00
-1.678214905151499958e-01 -8.047560345982995855e-02 1.907710202996520277e+00
1.067258460786399965e-01 4.348744919699899514e-01 1.086801114469799989e+00
-3.105551998741200026e-01 3.073628478601200253e-01 1.084386230946960072e+00
-2.366176772977300058e-01 4.842691206769900170e-01 1.049867882487260040e+00
-3.107488390633899589e-01 -3.059695085422997618e-02 1.809397032689770146e+00
7.344493335405000156e-02 4.290465764858999442e-01 1.095509962381679969e+00
-1.271752915031240105e+00 -5.493330425661400174e-01 2.967973003427689882e+00
-1.044520663191599863e-01 4.469523103486799931e-01 1.103135850485069902e+00
-2.024201046930099723e-01 4.783063566309100345e-01 1.061692984167450060e+00
1.851817787823200334e-01 1.614573428809600031e-01 1.281759281821550189e+00
2.586874895274000885e-02 2.360008972301999852e-01 1.401194441107000088e+00
3.254121627103500058e-01 4.127010107235600245e-01 1.134549899062440304e+00
3.254121627103500058e-01 4.127010107235600245e-01 1.134549899062440304e+00
-5.401827796703499995e-01 4.152932300879800254e-01 1.111586037802279936e+00
-1.491474889141899962e-01 1.191288376105900104e-01 1.516956568452219933e+00
-9.721082292187999130e-02 -2.013213105645999534e-01 1.494427542650599960e+00
-4.924202065467300216e-01 3.635529660277500019e-01 1.175951346433099953e+00
-1.514127105268199824e-01 2.852280738601800092e-01 1.196720542890060024e+00
-1.117448030933199943e-01 2.636024524211200148e-01 1.335681980811190162e+00
-5.934158685684201018e-01 -2.957519562951999026e-02 1.734141884411500190e+00
-8.000103779011301652e-01 9.433352538795999886e-02 1.512756560663389926e+00
-4.622095982912699519e-01 -4.919726683487998797e-02 1.840493723435789875e+00
-2.688374551652399913e-01 8.162410335765002412e-02 1.560628697450130442e+00
-1.039032161323290016e+00 -2.917913419498799898e-01 2.233975193310100416e+00
-1.492332354298210095e+00 -4.429644721154899489e-01 2.605946344700750039e+00
2.158597223270999205e-02 2.448982529790600104e-01 1.399777748996060556e+00
-7.008709875240599629e-01 -5.080259448502798536e-01 3.286987758192629894e+00
-7.008709875240599629e-01 -5.080259448502798536e-01 3.286987758192629894e+00
-2.081781057884800057e-01 4.694480007757300122e-01 1.065063895272170047e+00
-2.480805892304500104e-01 4.191158654249800275e-01 1.113736080565610020e+00
-2.638148899677499881e-01 1.929932915278100014e-01 1.250909412753200112e+00
-8.198319339407700301e-01 1.754056895939400118e-01 1.504863148404280260e+00
3.325415222526499903e-01 4.019545976341899474e-01 1.156984806720410042e+00
-1.975815500618199883e-01 3.156131888347000203e-01 1.098916243337010101e+00
-1.514743227671399850e-01 2.871213654995999898e-01 1.195480704405869954e+00
3.285827423873999287e-02 4.577483336975100014e-01 1.068624784379640147e+00
1.309907399429200425e-01 3.572963161941200561e-01 1.183297832864569799e+00
-4.212932731293599908e-01 3.759951558710400432e-01 1.179421207567020069e+00
-4.252420034560699946e-01 3.594483828053600671e-01 1.213360000494589919e+00
-4.064656108637100251e-01 4.280141069570100321e-01 1.118301086452210047e+00
-4.222841669369500339e-01 2.827737632619700126e-01 1.292510253290999778e+00
-1.965860115328599833e-01 7.698713227222001021e-02 1.612221673637200148e+00
-1.982739170064499734e-01 -4.440308354526997792e-02 1.838910030949470364e+00
-4.568410778476700296e-01 3.344639405767999008e-02 1.703279002729479963e+00
-4.623741172236399688e-01 -4.918058307994999101e-02 1.840242672864659923e+00
2.254285530601100040e-01 1.577209315198900008e-01 1.285433899999600005e+00
-1.840639613048300205e-01 3.568740379690999998e-01 1.146701663108510072e+00
-5.763531110799801072e-01 2.393077862202200035e-01 1.344592278698700127e+00
8.081063120624001894e-02 3.877256425648299976e-01 1.126969878036780059e+00
1.393474593158999797e-02 3.781655367967799997e-01 1.149516605183990237e+00
-4.550739462509800215e-01 4.428552567335800605e-01 1.074270761261720164e+00
-5.379362333703500143e-01 2.273206160397800157e-01 1.346298188714210031e+00
-6.032099736824300118e-01 1.266266164986800113e-01 1.526802424258300039e+00
-2.626048524690700048e-01 2.838465222892599948e-01 1.069466678841989982e+00
-2.122026341889699796e-01 2.250974742699699827e-01 1.246249519388370253e+00
2.697739600642500291e-01 3.707389819034400125e-01 1.169030841505230178e+00
2.937895865630200665e-01 3.277749029515399926e-01 1.232849601147300245e+00
-4.895273350049799688e-01 3.611992433405200043e-01 1.170623781932849994e+00
2.124017007917999855e-01 3.413693811378899490e-01 1.205149816131899865e+00
-1.052123022609000036e-01 2.521995653642099544e-01 1.269022791998569932e+00
-5.876533979359900295e-01 8.380705152910006284e-03 1.727680372809760279e+00
-8.632215318719000940e-01 2.940563574370999578e-02 1.694592790998529885e+00
-2.740970518149099533e-01 8.199712219530999602e-02 1.571904026700880141e+00
-4.373983687091200223e-01 7.564798816417001026e-02 1.538016322349209819e+00
-7.550177791054100140e-01 -7.291798621431996863e-02 1.830345064587810100e+00
-1.462384791141170037e+00 -2.482875141653199391e-01 2.680479341967260343e+00
-4.977930919297300361e-01 4.029847982081500302e-01 1.108920698992000187e+00
-4.065812162879700042e-01 1.958522886396300011e-01 1.370858199965780067e+00
-5.179978675735200655e-01 1.383208006135200341e-01 1.463486614243359796e+00
1.961212661466099905e-01 3.824623389463399636e-01 1.140019094504969965e+00
-3.716415355096900353e-01 4.205193451764099866e-01 1.123806451751379942e+00
-8.597354347228799432e-01 -2.226103385060998474e-02 1.731614421697309947e+00
-6.963259472366200020e-01 1.927866760987001493e-02 1.615038315810009895e+00
-4.285796572401899818e-01 3.594877162978200591e-01 1.212244774828100002e+00
-4.573474573494499817e-01 3.430156207869800022e-01 1.223983837036739963e+00
-4.425156139523399590e-01 4.043430002409001411e-02 1.675779358839160516e+00
-7.945595334047899083e-01 9.142143815545999974e-02 1.507767012322310141e+00
-6.882831243724700787e-01 -2.042362966629995835e-02 1.692713139524209875e+00
2.040406702607000522e-02 2.409280047840400008e-01 1.397582668610790169e+00
-4.599740508585000165e-01 -4.730111838710998606e-02 1.836430594062470334e+00
3.058454593809800115e-01 3.509895045798100410e-01 1.198841952248680176e+00
2.936066584779600253e-01 3.282946980953399541e-01 1.229240864058310123e+00
-2.130803697531900021e-01 3.257227855362899716e-01 1.059360410163820099e+00
1.308003359215600403e-01 3.570703819378100441e-01 1.179264558980370303e+00
2.167278074067900406e-01 4.190980427206200121e-01 1.104010317961269916e+00
-2.682609374623700083e-01 5.220050784881001549e-02 1.697355596803340028e+00
-1.565326851007699804e-01 1.421460245489000740e-02 1.651220909516350144e+00
-3.757209573506100075e-01 2.528904241329600344e-01 1.257331198419750162e+00
-5.347400292320900750e-01 2.803135230329599770e-01 1.271437354909600081e+00
-2.872928002444599671e-01 1.742399742415001729e-02 1.707537337958750179e+00
-6.954493189611100634e-01 2.396700155598999182e-02 1.611511626339520387e+00
1.869553545176001058e-02 2.402168981914300228e-01 1.399252071505590056e+00
2.444661485320500094e-01 3.899730674786699991e-01 1.148576977006550148e+00
-2.614179541220300051e-01 2.094527268504200179e-01 1.400992473144180295e+00
-1.255276770346399895e-01 1.130668681563800210e-01 1.546360349625790054e+00
-5.707372796527701020e-01 6.010050026414001656e-02 1.613979484159979716e+00
-1.501010344609999825e-01 2.896071434298199687e-01 1.192974977074320098e+00
-1.801232525551899610e-01 2.035794559622800259e-01 1.214320438507240141e+00
3.168468954413700134e-01 1.921367811756900246e-01 1.457464437828020376e+00
5.428084044706999595e-02 3.831058308937600465e-01 1.184772897482090137e+00
-6.714786280068499869e-01 1.439824282338500183e-01 1.477809798996310153e+00
-4.417607085791199761e-01 3.894575405641001464e-02 1.670116437476639959e+00
-7.588096602921700073e-01 8.318228456032000784e-02 1.538415588600350326e+00
-3.679471157129000081e-01 2.254829949660500099e-01 1.249834717513500060e+00
-6.677598691157000665e-01 -5.019800540438499326e-01 3.299716834726309944e+00
-6.677598691157000665e-01 -5.019800540438499326e-01 3.299716834726309944e+00
-6.052197119490101418e-01 -2.916510199549998683e-02 1.743714781305750083e+00
-2.044811916538600005e-01 -2.872554866656998329e-02 1.793666434898400386e+00
-1.987002548245599964e-01 2.701595554414000233e-01 1.088998573560099992e+00
3.190502982541800203e-01 1.935683720824800114e-01 1.455617167026599823e+00
-5.236433829049299549e-01 1.365669918499000102e-01 1.467304978740589849e+00
-2.952944046992799221e-01 1.195015870279900194e-01 1.457188333076889997e+00
-2.505889091450299588e-01 4.141200483420199863e-01 1.108421434945630057e+00
-7.113901306705100458e-01 2.622663119443999213e-02 1.565203194552470034e+00
-1.820229620438700013e-01 -1.317568508572500297e-01 1.947847688501219920e+00
-4.542138264732499819e-01 3.752223256951999764e-01 1.137350717522529919e+00
1.249888641792199773e-01 -2.222573993729600184e-01 1.514561895406819847e+00
2.688642098128599667e-01 3.313722678603799876e-01 1.224112991642910320e+00
2.354136167128700330e-01 2.834876953043500292e-01 1.337834451107290157e+00
-3.514588504884799680e-01 2.809535638564100157e-01 1.223721784985900118e+00
-8.912784020192998646e-02 2.444030369195099861e-01 1.204272266291740223e+00
-1.474854145466699684e-01 3.349677126557399909e-01 1.194844030426580161e+00
-1.859686795487199840e-01 3.573445937562099717e-01 1.159275305672410106e+00
3.081756023542500111e-01 3.542215008418500011e-01 1.209649767686949762e+00
-1.741808102946099945e-01 2.464355018194299973e-01 1.209827668821000124e+00
-4.884973846150399979e-01 3.856416207155299869e-01 1.158281661636890281e+00
-1.994443407392900158e-01 -2.872722799441600472e-01 2.100706188724240420e+00
-6.427206181909499438e-01 1.199049557241000097e-01 1.604291997417070181e+00
1.656196237934199900e-01 4.277075132873600083e-01 1.154608658844979985e+00
1.656196237934199900e-01 4.277075132873600083e-01 1.154608658844979985e+00
-6.072412213731300801e-01 6.350507001219002357e-02 1.534488293423200034e+00
-6.072412213731300801e-01 6.350507001219002357e-02 1.534488293423200034e+00
1.752631311198299957e-01 4.217422243352100253e-01 1.111705518210400090e+00
8.383694865582000388e-02 4.437171847891200338e-01 1.069374841891229888e+00
-2.843279002359400121e-01 7.945176803364999152e-02 1.567213656743450034e+00
8.308614495566002400e-02 3.974267074528899935e-01 1.154029979242390258e+00
-2.903032147720500111e-01 3.641304265368001947e-02 1.549736042083400100e+00
9.609633833603997699e-02 4.292716010613599753e-01 1.085792513464890252e+00
9.609633833603997699e-02 4.292716010613599753e-01 1.085792513464890252e+00
-3.087037666687999504e-01 -3.160795724209003454e-02 1.816943066856480105e+00
-1.965221426192799992e-01 -4.105719481180999941e-02 1.833565329413260336e+00
-5.981269538766900151e-01 -2.996187193557001138e-02 1.738142320541129937e+00
-9.087327222352601375e-01 -4.059992018301500361e-01 2.789395381270260099e+00
-3.525891865251800095e-01 4.629190560279800026e-01 1.102674856901140199e+00
-2.437020648774399778e-01 2.092434357897700048e-01 1.223735343284199750e+00
3.738313953665299838e-01 1.909478734831900060e-01 1.468581077204470287e+00
3.736631902562499996e-01 1.873656045867200248e-01 1.460067144288359930e+00
-3.368339994259599290e-01 1.036346283477100338e-01 1.455838080560599934e+00
-6.977758405063900771e-01 1.472353705108900013e-01 1.520340099962110170e+00
1.537139828666500008e-01 4.206448315385900028e-01 1.100941329414280023e+00
2.236827263851699776e-01 4.167397446489700119e-01 1.089636020523790050e+00
-3.266678180263100084e-01 4.596152280044002447e-02 1.595875202683810112e+00
-3.152528943981499632e-01 2.955556925388800327e-01 1.076506237030810054e+00
-6.866244511536601092e-01 2.934422743219500251e-01 1.242598864186270191e+00
-6.498795009737300399e-01 2.358741494724199972e-01 1.365328595859880423e+00
2.845774702467800399e-01 3.345320514430000225e-01 1.147337149066679718e+00
-1.085229770763199986e-01 7.369545662183001056e-02 1.532935169582430035e+00
-4.975342591432299622e-01 4.016940928985800463e-01 1.101713413048460044e+00
3.315155001130800638e-01 3.993866023826699863e-01 1.154475956254299884e+00
4.593863640940599735e-01 2.928722673047899905e-01 1.352160657166499913e+00
-1.559329692372500020e-01 4.512994987233499566e-01 1.084491955375300076e+00
-4.407290292271099919e-01 1.343461692234200200e-01 1.407390724816039995e+00
-5.976885798449801390e-01 1.855504585690899988e-01 1.407647301484530100e+00
-1.109278337325200203e-01 1.120158996004999991e-01 1.511050455975370355e+00
1.078964507813499896e-01 4.367950088069599834e-01 1.068062058778980195e+00
-5.950528493092399618e-01 1.289265248377100270e-01 1.499849503063110046e+00
-4.198951255196100019e-01 9.934830333300032068e-03 1.731902551617329866e+00
-4.702773025149200037e-01 3.740743689236599723e-01 1.148800060815910129e+00
-4.702773025149200037e-01 3.740743689236599723e-01 1.148800060815910129e+00
-2.680933838720099827e-01 2.253695630015400131e-01 1.317157773969900081e+00
2.518168842170999677e-01 3.349779239026200450e-01 1.219571702819190140e+00
-1.676845083225899924e-01 1.846445483322899928e-01 1.188414137547880056e+00
-1.754544510764400045e-01 1.870770069795900103e-01 1.217743619106410158e+00
2.050637138666000225e-01 3.736628164713099443e-01 1.161284678906940204e+00
2.050637138666000225e-01 3.736628164713099443e-01 1.161284678906940204e+00
-1.633833453369600008e-01 3.272960372917800287e-01 1.186176224835920223e+00
3.710938897474100329e-01 3.413122401033100717e-01 1.225626547712419967e+00
3.724036442905800381e-01 3.419276999309099896e-01 1.231749554502119981e+00
3.704419342511300339e-01 3.394594185303699829e-01 1.224107841468670355e+00
-3.144937852732299643e-01 3.844803300591099759e-01 1.141936170766520098e+00
-4.485128501746999952e-01 4.123817631796400374e-01 1.144321918012820127e+00
2.297529901898600346e-01 1.601638981814199891e-01 1.297022076655570011e+00
2.297529901898600346e-01 1.601638981814199891e-01 1.297022076655570011e+00
-1.284316013525399758e-01 2.471585428279499952e-01 1.415296349822249944e+00
-6.837345348171000592e-02 4.483351478681399938e-01 1.105552450951289956e+00
-1.752907205298399884e-01 1.957780955583700300e-01 1.371921352084469969e+00
1.697324995378200196e-01 3.719034784855499431e-01 1.156931565216620328e+00
-1.811033476270299813e-01 1.990639677411699948e-01 1.396153212653700404e+00
-5.134516239733000198e-02 4.474890474015399411e-01 1.147004754453530229e+00
2.650855517963000008e-01 4.132031889274599967e-01 1.123717956890040170e+00
-1.559081956447599671e-01 4.890488829051999886e-01 1.042169079891460015e+00
-1.559081956447599671e-01 4.890488829051999886e-01 1.042169079891460015e+00
1.237883056126299897e-01 4.495402905785900183e-01 1.076915003025050055e+00
-1.153126123097900080e-01 3.172908268122499598e-01 1.278672558582529817e+00
-5.112143506207800225e-01 3.968386287438900872e-01 1.170950899543210078e+00
-3.189507725547599537e-01 2.387709438578400067e-01 1.262560602682039956e+00
-4.562004927708799840e-01 3.427970285087300617e-01 1.217249147407540200e+00
-4.562004927708799840e-01 3.427970285087300617e-01 1.217249147407540200e+00
-5.722576399846699413e-01 2.393389103153900077e-01 1.335318229468190232e+00
-5.722576399846699413e-01 2.393389103153900077e-01 1.335318229468190232e+00
-4.370387263360799857e-01 4.116619598394299917e-01 1.133440959234119916e+00
1.829892298140700091e-01 1.617568890205700050e-01 1.277623060242240260e+00
-3.376349399511599514e-01 2.458358273908499980e-01 1.264655387523490049e+00
-3.376349399511599514e-01 2.458358273908499980e-01 1.264655387523490049e+00
-5.635147292437100441e-01 2.864925607184000134e-01 1.262919846138310209e+00
2.579988835704800088e-01 3.067512577354900571e-01 1.511475989902499872e+00
-2.514945066365699700e-01 3.472889923874999951e-01 1.062328784994280184e+00
-3.889839899585099681e-01 2.697285980200800903e-01 1.318633348991100185e+00
-3.889839899585099681e-01 2.697285980200800903e-01 1.318633348991100185e+00
-3.711611595078099790e-01 2.473796379568599935e-01 1.222652532829770156e+00
-3.787530446362699643e-01 2.892456160120100428e-01 1.280018609456449852e+00
-3.787530446362699643e-01 2.892456160120100428e-01 1.280018609456449852e+00
-4.043330223802499845e-01 1.997321517596100104e-01 1.369331199870940097e+00
-5.405003613749900238e-01 2.298820438931599985e-01 1.347020464474690371e+00
2.647785589949999685e-02 4.029131980113299649e-01 1.124181535965759871e+00
-4.250746183334999651e-01 4.393124394141300071e-01 1.129194901512230009e+00
-2.096307551948299874e-01 2.513414076092600480e-01 1.205162217042960116e+00
-3.538055874705099968e-01 2.321034938188600016e-01 1.236728666299399926e+00
-8.233654878401999722e-02 2.384860896878999992e-01 1.211568316807400070e+00
-9.225966536252999672e-02 2.802686375131500096e-01 1.242455994621709969e+00
-9.488513398671000187e-02 2.830288100348400393e-01 1.262840292542229736e+00
4.442830479793998671e-02 3.975417123601600045e-01 1.125312919735030004e+00
1.609972124760999587e-02 3.811340410961600034e-01 1.147048753809380095e+00
-2.483761552189399924e-01 2.012165961105799872e-01 1.355358036980260472e+00
6.922930241720001709e-02 4.483334960747500375e-01 1.054145165864250000e+00
-4.687103499673000301e-02 4.513021270185100242e-01 1.148862562510410079e+00
-3.164090716323300079e-01 -1.161855926044799980e-01 1.952220829093060050e+00
-1.714069911924600009e-01 -1.249027012416899785e-01 1.910388037299540098e+00
-5.493077708046599783e-01 1.420799389141499947e-01 1.514407211231579620e+00
-5.493077708046599783e-01 1.420799389141499947e-01 1.514407211231579620e+00
-4.233196509032899901e-01 6.817791339800000072e-02 1.672795603586719970e+00
-4.247624716022599389e-01 6.590373978293001533e-02 1.666522030044520264e+00
-1.283970554347399762e-01 2.834681829002000386e-02 1.780795551620439898e+00
-2.920646043380100143e-01 2.187380705538000125e-02 1.701824963389940049e+00
-2.154491842357099951e-01 3.283878223302499899e-01 1.069504214102829920e+00
2.794635538045500134e-01 3.854156290090799963e-01 1.168145934062230218e+00
2.142530729254600308e-01 3.741526380455300060e-01 1.191914849790919995e+00
2.142530729254600308e-01 3.741526380455300060e-01 1.191914849790919995e+00
-1.386466381273000759e-02 2.079663309949600081e-01 1.333641355882849933e+00
-4.162020964176100235e-01 4.086713547083500320e-01 1.158545165958630108e+00
-4.421755592778499055e-01 4.504157300254399976e-01 1.089129276756890086e+00
-2.997217558000599413e-01 2.895673311223000423e-01 1.051564717575600216e+00
-6.242583173971100186e-01 4.519207647201800571e-01 1.064728185410710015e+00
-4.889878811990599483e-01 3.602670133674800157e-01 1.168862116890600156e+00
-4.062940290031299417e-01 4.286082993164499477e-01 1.114944406413910016e+00
2.302956790663900077e-01 2.713171656213799743e-01 1.313100119157540213e+00
-4.451515265357400275e-01 2.496631621688099878e-01 1.296083131645540121e+00
-4.792019384944199989e-01 3.129131291895900224e-01 1.289213261316310088e+00
-5.368612935083000304e-01 7.048062995468001857e-02 1.606140650294019867e+00
6.904051486400999971e-02 3.675199411011599304e-01 1.163829321187650034e+00
-2.836591032094499809e-01 -6.387046845259799488e-01 2.671095440314029901e+00
-1.012258899467700091e-01 -6.558660462602998731e-01 2.479221878408080393e+00
3.436242226293000773e-02 -6.698919573462600585e-01 2.536338639748370039e+00
3.362277089740999675e-02 -6.733577874092300242e-01 2.551833295690050019e+00
-1.253000814086480119e+00 -8.232472487506298231e-01 3.285976890333199840e+00
-5.866624027919300488e-01 4.692193584380000004e-03 1.728037039052389812e+00
-5.866624027919300488e-01 4.692193584380000004e-03 1.728037039052389812e+00
-2.829658583009099782e-01 4.959073486769993711e-03 1.760010254467800017e+00
-1.372803717814300162e-01 2.930709584529099798e-01 1.183094728146110164e+00
-1.472732569857199691e-01 2.816266688651900552e-01 1.182774667666409929e+00
-4.019665076989999974e-01 3.995302451742500649e-01 1.123928768968760039e+00
-1.802061487746600132e-01 2.937826996319400363e-01 1.203617426181720074e+00
2.915779524481899587e-01 3.266496563475200787e-01 1.227423008143740280e+00
-2.086061782415299937e-01 3.652838369346500524e-01 1.111366105084799827e+00
3.158621857606999650e-02 3.743587853193699466e-01 1.153898024969500113e+00
1.895009328759899858e-01 4.132559887313099756e-01 1.107699459630950178e+00
2.615907696325400211e-01 4.039046109751600611e-01 1.135871445235789867e+00
1.247421882076599764e-01 3.841117247216599973e-01 1.068642384401900181e+00
-1.013647209498499957e-01 1.272424198839500198e-01 1.539367507451939954e+00
-7.274768206438400053e-01 -1.460067694066002897e-02 1.670590648738139894e+00
-7.775076285296801393e-01 -4.880734793558000328e-02 1.798695024859460201e+00
-2.500778373237200203e-01 -5.692768489088200212e-01 2.409827019085479805e+00
-2.481717738629199976e-01 -4.513447224952999992e-01 2.401458603760589838e+00
2.075142511552000024e-01 4.092501195590000362e-01 1.116968347178260323e+00
1.065756396930789940e+00 -7.419141997788099019e-01 2.840726829495889838e+00
9.271828433263499258e-01 -9.810356558988599929e-01 3.047753498334350386e+00
4.838972928769200155e-01 -7.305660513637799447e-01 2.700203982948909953e+00
5.682251723697200330e-01 -8.667778560790400100e-01 3.187585663011370585e+00
-5.412194353724301132e-01 2.736597711586999937e-01 1.279410279788419924e+00
-5.412194353724301132e-01 2.736597711586999937e-01 1.279410279788419924e+00
1.015892708995000115e-01 -2.285239706446300090e-01 1.550728860716029889e+00
7.726332259752799470e-01 2.650714898128599950e-01 1.303469773784000196e+00
9.357321299084001009e-02 2.405100654453400100e-01 1.356364567235660346e+00
-3.627433148687599918e-01 4.604474842701500314e-01 1.074097933728720200e+00
-3.627433148687599918e-01 4.604474842701500314e-01 1.074097933728720200e+00
1.356883324721799844e-01 4.058597852415799512e-01 1.127130157932050292e+00
-5.602093662015200648e-01 2.218921920826099903e-01 1.404086337849979937e+00
-2.657987677256699599e-01 4.073319247017299638e-01 1.112865039389979938e+00
-2.034964859007999949e-01 -3.132917046689600582e-01 2.255883465217249917e+00
-6.623628631072701056e-01 -4.918794530307999402e-01 3.152582768582170569e+00
-6.623628631072701056e-01 -4.918794530307999402e-01 3.152582768582170569e+00
-1.538983217699400052e-01 3.241334918502600804e-01 1.167746365413770082e+00
-1.611259897730299984e-01 2.089132673410999952e-01 1.201632086940850108e+00
4.491192992641400150e-01 3.431655750350500744e-01 1.244954280690470316e+00
3.910142267196001220e-02 -1.625657629425900086e-01 1.560351417578739852e+00
3.779039184572000748e-02 -1.619605760475499867e-01 1.565656358113160174e+00
-5.592758714981900248e-01 1.438201433691499997e-01 1.535040949788980313e+00
-3.120544326939399538e-01 2.887237541625700121e-01 1.070444534777860168e+00
-1.164999448683999850e-01 4.488241354636600677e-01 1.099008327220559966e+00
-2.547629441625599567e-01 2.959108893554700526e-01 1.285151222872140231e+00
6.769483886258899075e-01 3.772414159438299830e-01 1.259261201424169752e+00
-6.362674137018400344e-01 7.111237789786001295e-02 1.556498612150759797e+00
-1.412703686883700072e-01 3.574444487740899845e-01 1.203506788146010198e+00
-4.231964267068299979e-01 3.585215350851399529e-01 1.220066463447109673e+00
4.593470028381900216e-01 3.681601059917399832e-01 1.178471729087960274e+00
-4.630645572400899912e-01 2.565877260247899638e-01 1.308835140868430003e+00
4.363409533868998769e-01 -2.373676965675899642e-01 1.627239953241970127e+00
4.345752891946200736e-01 -2.342506295005500061e-01 1.648659230208250115e+00
7.920398910567798545e-01 -1.051163060265200289e-01 1.785844086000050179e+00
-4.046597429858499462e-01 -1.860502628837001904e-02 1.706473090525310266e+00
8.578472279769498998e-01 -1.645790540755399933e-01 1.900499278563920313e+00
1.050143299274089781e+00 -4.361480095890200026e-01 2.357256120452760229e+00
9.645966044961798991e-01 -4.128523084778898955e-01 2.404569645428699776e+00
9.590886412166499397e-01 -3.974292341086300695e-01 2.351178124952959969e+00
-2.535047131002400311e-01 -6.096885522966200011e-01 2.546525378741090417e+00
5.904912335373400101e-01 4.226311218628699962e-01 1.158297395832879939e+00
3.586877041643001668e-02 -6.784608515535199835e-01 2.579657786527329577e+00
-4.892025630726999641e-02 -6.485922767052499927e-01 2.603648307984590016e+00
1.005520194576599913e+00 -5.189482951519499565e-01 2.551623873836689871e+00
2.122818124667900375e-01 3.423922143145899932e-01 1.207079290058860277e+00
5.014407820670498950e-01 2.566494680351001645e-02 1.296959424119140003e+00
-1.290350493880799976e-01 2.870992499094300321e-01 1.208674369969850115e+00
5.607404480471198660e-01 4.148855894795000498e-02 1.454595897984490183e+00
1.234326923342800031e-01 -2.176567049891199590e-01 1.509575218132840124e+00
4.299963489325599464e-01 -2.887918305012400211e-01 1.566726055978810095e+00
4.294789674437399785e-01 -2.905336492890899791e-01 1.569436029776320130e+00
1.060661172694299936e-01 3.616691754935900116e-01 1.173604878531480100e+00
5.058730556098999659e-02 4.144721106261100019e-01 1.116561496245930041e+00
1.457576473457799782e-01 -2.877514230657099992e-01 1.568407193974340252e+00
1.145268234883650038e+00 -1.943168101707299644e-01 1.945840653307530310e+00
1.045252768842260149e+00 -2.382036243749900140e-01 2.031807819206800314e+00
1.115166230262199853e+00 -4.752317872373900132e-01 2.259388889545710377e+00
1.155018824905369890e+00 -4.783823783136800234e-01 2.387087339202830005e+00
1.010552144115479889e+00 -3.193027256855099916e-01 2.308122019190860019e+00
1.026218578583779850e+00 -3.647054852308400097e-01 2.253340550349850258e+00
1.455722444355650014e+00 -4.677309814189698489e-01 2.531518755418790345e+00
1.308494068632430007e+00 -4.216321121902298907e-01 2.283223861852040404e+00
5.079258241727200307e-01 -1.606128371477499872e-01 1.247468245213560145e+00
9.641140550086099159e-01 -3.968496702898999251e-01 2.351479580624650012e+00
1.326799611283570046e+00 -4.118261606740599712e-01 2.442090149856130044e+00
1.371694610176909856e+00 -4.731598831164799401e-01 2.500701804603370437e+00
4.537330198532999598e-02 4.005651180295800584e-01 1.121963244102290425e+00
1.014050511798009868e+00 -2.864867350899999998e-01 2.235748055538750112e+00
1.284502099016469945e+00 -2.638560647232400802e-01 2.006798700457800066e+00
1.260598166959749689e+00 -2.558040776789799464e-01 1.963137211843310137e+00
1.206571467298670042e+00 -3.996046798870099837e-01 2.409285880886950171e+00
1.397844870311479859e+00 -3.973566491652800181e-01 2.380762346269130081e+00
1.547617844987870139e+00 -5.363272263542899765e-01 2.507625492018569879e+00
-5.971701406119399591e-01 4.505379124959699721e-01 1.054188442538809944e+00
-7.089851682697001500e-02 5.224558061835100631e-01 9.738793191707700858e-01
-7.205775342638998104e-02 5.271759302289300564e-01 9.985821126270300052e-01
-5.674103371864300804e-01 6.310388505254800329e-01 8.750564480453000282e-01
-7.520665598881399738e-01 5.611141157010800518e-01 9.935971174580300325e-01
-5.278139790106400886e-01 2.105606142780499790e-01 1.319134971188280048e+00
-5.278139790106400886e-01 2.105606142780499790e-01 1.319134971188280048e+00
-5.759790529560501193e-01 2.247675895333400009e-01 1.402319172829580296e+00
-5.759790529560501193e-01 2.247675895333400009e-01 1.402319172829580296e+00
-5.472234417908000692e-01 2.173922411186900161e-01 1.372965208480960264e+00
-5.472234417908000692e-01 2.173922411186900161e-01 1.372965208480960264e+00
-1.009645309218699938e-01 2.312182540931500274e-01 1.384889052488639916e+00
5.331759372682498554e-01 -2.988356146061399432e-01 1.984019396905880139e+00
-8.111316408730899763e-01 -2.926777497749000201e-02 1.734998306531569945e+00
1.156890003988609861e+00 -6.975036787409899519e-01 2.660587355707929813e+00
9.797024712305997252e-01 -8.929659286177500377e-01 3.022936798889540366e+00
9.730411670183598538e-01 -9.010710708337400510e-01 3.184090789463020155e+00
-2.056577329644399821e-01 4.693577936908900350e-01 1.051355913637129991e+00
-3.611064689809300177e-01 5.659302397973500209e-01 1.132702067720350092e+00
6.602626729668799044e-01 3.195306327773500543e-01 1.338055851463190393e+00
6.432272927205798796e-01 2.598734027291199622e-01 1.369876292420180164e+00
8.571708087353999694e-01 3.068212595699699730e-01 1.272624716512550158e+00
1.104625399129289809e+00 -2.453137773080399653e-01 2.129676051617410248e+00
1.165729008917820053e+00 -2.543320557321299136e-01 2.108915729572720110e+00
2.380121594429400189e-01 3.661949690865299312e-01 1.176300762097060026e+00
1.201406096116900191e+00 -2.904413669548600030e-01 2.255566361887810345e+00
1.029100025123999673e+00 -4.152801438628199726e-01 2.199098084405159970e+00
1.279892433735919877e+00 -3.898320436561999447e-01 2.335792120129170257e+00
6.936047165034798789e-01 -4.288598534854699551e-01 2.468870161103330130e+00
1.567425469032279972e+00 -5.039383007130698866e-01 2.578375369233760317e+00
6.979729106720000686e-01 -5.928273964672999830e-01 2.681555619817669989e+00
-1.968863636065800171e-01 2.825513139619499903e-01 1.104769329784769827e+00
-4.556531031409699617e-01 3.428930033722999982e-01 1.225227843340870315e+00
-8.819436828366501446e-01 -4.169402317720005691e-03 1.687953545486620133e+00
-8.700516423746199601e-01 -3.913892820473000023e-02 1.758929735205520206e+00
-1.182496904882490041e+00 8.358426952086600581e-01 1.656763783867019946e+00
-3.617381968046800012e-01 4.567071097795000201e-01 1.072716768934049991e+00
-3.617381968046800012e-01 4.567071097795000201e-01 1.072716768934049991e+00
-2.425672821698599824e-01 2.570950722379400366e-01 1.270671647913189872e+00
-1.171686848219899990e-01 5.115813878505199863e-01 1.008003402818079985e+00
-2.542425170136899948e-01 3.294964822012199646e-01 1.055730202786960170e+00
-8.012641794557499031e-01 1.622277078194500066e-01 1.499822038651109857e+00
-1.471803676031299968e-01 -2.235033529825000698e-02 1.728510869361109759e+00
-3.009874527702500191e-01 -3.726824014462001844e-02 1.837709044696049787e+00
-5.007156103913400491e-01 9.524189667117002878e-02 1.512571976678600105e+00
-1.559589304165199808e-01 1.311639181086000361e-01 1.493828044756540407e+00
-1.378176512299700007e-01 5.137304620859900472e-01 9.971754692420501387e-01
-1.969236123232599722e-01 1.036528451212899854e-01 1.608356121787990034e+00
-9.058794272698899031e-01 1.721579290643200089e-01 1.484187841566740218e+00
-1.692299687041599887e-01 1.623816026357200182e-01 1.421307616770980164e+00
-1.183864227424900051e-01 1.118555913557800208e-01 1.571616028693420208e+00
-1.954828664693569973e+00 -3.131219527232799171e-01 3.352013726121390036e+00
-1.314473328292769860e+00 1.001048418853439870e+00 1.607080503934820381e+00
-1.432551716215640036e+00 9.815899291498100254e-01 1.585725787425670052e+00
-1.246142594599279896e+00 8.946001956148399437e-01 1.763775954309819927e+00
-1.690684742186479905e+00 8.034142542327500358e-01 1.852473814596840018e+00
-2.337156102955099679e-01 4.791994601932100251e-01 1.053061867839669929e+00
-2.337156102955099679e-01 4.791994601932100251e-01 1.053061867839669929e+00
-1.520695303187350023e+00 7.026879382719100064e-01 1.897179725241739945e+00
-2.658765790371200310e-01 2.449301625804199967e-01 1.325181559132460052e+00
-5.046837464687500274e-01 4.102080990069399968e-01 1.131329005171540114e+00
-1.829702358898640080e+00 5.069786020283000294e-01 2.369451561086049818e+00
-1.744453323421130131e+00 4.783420584219799654e-01 2.235416407291410223e+00
-2.209045475815299753e+00 1.697683688368299693e-01 2.740772022502850014e+00
-4.031494642255600280e-01 4.197923088857500318e-01 1.131843001318950215e+00
8.679482571036799543e-01 4.332473767217799310e-01 1.134770198116940021e+00
4.853696312612900132e-01 4.575409282329099270e-01 1.120475758792770282e+00
8.294748337683999218e-01 4.100951956692500122e-01 1.170886107422139943e+00
4.135875301748699884e-01 3.088889127250800115e-01 1.252971702581730185e+00
8.041104400074700065e-01 4.826275204033400046e-01 1.079096168279449985e+00
-1.652932788739699954e-01 1.497823905654500076e-01 1.482169735207190087e+00
4.815008286216499456e-01 4.527729329684799797e-01 1.129003646716109976e+00
8.929504114205100151e-01 3.461070335337299575e-01 1.135682055913010080e+00
-1.935390351599630243e+00 2.322040041988100434e-01 2.439018821511760304e+00
3.039683296785600231e-01 3.568109121578100229e-01 1.190594855172109945e+00
1.505944427912400130e-01 3.560163998855999656e-01 1.191983481909189901e+00
-1.441011900038869920e+00 7.773092712517100100e-01 1.971980630696450021e+00
-1.497862722805590074e+00 5.686643184272999196e-01 2.128468996003200164e+00
-1.673220854609009933e+00 3.858519385494600940e-01 2.493478519079799671e+00
8.547853265455698235e-01 3.923676710782899590e-01 1.247390411518390252e+00
7.946074212106499779e-01 5.034374641620600332e-01 1.054420708017600017e+00
6.082293689994500152e-01 1.818980915319100278e-01 1.345535305975249951e+00
6.474597482979600471e-01 4.605470759690699634e-01 1.167719772891770091e+00
-1.980630667885199814e-01 2.510807990436899617e-01 1.063742438512920163e+00
5.416301785693897752e-01 3.221846688310999740e-01 1.283434649959790175e+00
3.027374099715700040e-01 2.420869061334499917e-01 1.406454032025279854e+00
-8.496748226094000267e-02 6.401346395049001270e-02 1.207966091878620141e+00
1.199302446377039866e+00 -1.680149112517799748e-01 1.906070945179130227e+00
5.693866209805900080e-01 -1.118333791722999904e-01 1.218779857285159807e+00
1.059780017170909749e+00 -2.791473710283799425e-01 2.165680503140450242e+00
-2.646902908844600000e-01 2.834277290252299464e-01 1.067497105178119909e+00
1.024754623999340142e+00 -3.764788523023099298e-01 2.257401907862089718e+00
-9.438522206260999137e-02 5.281585762013001062e-02 1.165876389638710098e+00
-3.687347438670299793e-01 3.104027342419499735e-01 1.282620771984539942e+00
-3.413558608029100272e-01 2.517673764630700139e-01 1.195261366943450199e+00
-9.328254659477000499e-02 -2.659516942379199778e-01 2.174681896297159689e+00
-3.624530235713900317e-01 2.038745610259100061e-01 1.200662388789030199e+00
-3.677419405153499743e-01 3.084791326537800193e-01 1.269939594400880001e+00
-7.004302627155799543e-01 6.116902415429001372e-02 1.890555314420250266e+00
-7.004302627155799543e-01 6.116902415429001372e-02 1.890555314420250266e+00
-3.188435786011399875e-01 5.090246863726100024e-01 1.039503595303680195e+00
-2.945870387165599458e-01 -1.354166128039900052e-01 1.914154923642100048e+00
3.447485299391400693e-01 3.494794400988600058e-01 1.228549541572830250e+00
-2.340272515035299872e-01 4.773147253296600168e-01 1.055541645961150188e+00
1.683700522980800252e-01 3.492170321904699559e-01 1.194316373090710037e+00
-1.429693525406199872e-01 3.525161518399599903e-01 1.224035478444009950e+00
-1.429693525406199872e-01 3.525161518399599903e-01 1.224035478444009950e+00
6.388226076592899982e-01 3.661883758863799798e-01 1.254956864159220142e+00
-2.459750706749399829e-01 3.881808937345500032e-01 1.087949343686000159e+00
6.824081048417199868e-01 2.031274297526300121e-01 1.336607123091660299e+00
5.380845779099298065e-01 9.695740310200001710e-02 1.398600206220410147e+00
7.156261700621699973e-01 2.880725913147300643e-01 1.237757535283759758e+00
-4.971101236569900328e-01 3.830167913118900369e-01 1.179983862973710274e+00
-1.898913393556199980e-01 2.803032516513900285e-01 1.172839086371229911e+00
-6.956280323065999749e-02 2.430500225539100057e-01 1.216153011207029788e+00
-9.225105926245500410e-01 -4.161210098483999476e-01 2.818189036541610015e+00
4.422643314716800389e-01 3.454076364807200372e-01 1.300903237898800135e+00
-1.122597344425399768e-01 4.605230512455199543e-01 1.090117075968989990e+00
2.140309780470699974e-01 3.439995968421200034e-01 1.212941411649839818e+00
4.247497309935000659e-02 4.006594810498800285e-01 1.132968050757579892e+00
2.934128102821700335e-01 3.272032941972100595e-01 1.226351061879889848e+00
-2.686989768232699305e-01 2.781487696804999521e-01 1.068996205444870062e+00
5.071123945782499698e-01 -1.613646241746799492e-01 1.242007819220269926e+00
4.119315667927799796e-01 2.373475948381199852e-01 1.461061349169780144e+00
1.363865638210779885e+00 -1.414141525515999476e-01 1.922324910822580168e+00
1.309262367493429835e+00 -1.339986360364999463e-01 1.826202884948179950e+00
6.735230805152498945e-01 -1.143264284041899670e-01 2.020399691646890261e+00
6.700895474912599292e-01 -1.199490498678200123e-01 2.021586020513649995e+00
-2.950401456380099541e-01 1.190358701402099983e-01 1.438033748819949942e+00
-6.140386668893701438e-01 6.299328509244001006e-02 1.534636779383390159e+00
-8.600544501951001841e-02 1.361091765384600250e-01 1.438267586512730123e+00
-8.069363686271999181e-02 1.611734013037500191e-01 1.395706182537189921e+00
-8.311285661161399441e-01 2.508032772336800109e-01 1.455269919166000125e+00
-5.968946571026400028e-01 4.633866798059399494e-01 1.081116121502640137e+00
-3.283806628097800107e-01 3.179788232659299663e-01 1.125044921391910036e+00
-3.673083533618199947e-01 3.091937291649400343e-01 1.275302098956009988e+00
1.600561806095530004e+00 -3.087099472437400127e-01 2.210347322739969922e+00
1.564954916798479978e+00 -3.005962183712899138e-01 2.164083668753699730e+00
1.565570176138019853e+00 -3.010811799424799595e-01 2.166386506214430074e+00
7.941338804895600179e-01 5.050737346373099790e-01 1.054326139109970084e+00
1.059173224115409706e+00 -3.802338028666899516e-01 2.293601145643439754e+00
1.043924355146609972e+00 -4.321538517525300716e-01 2.262280197156230077e+00
9.189910019353999537e-01 -3.075112228456099439e-01 2.185824781230609748e+00
1.536661162458739849e+00 -3.233906383372100457e-01 2.231597231403819936e+00
1.513432614915170005e+00 -3.292250810200400002e-01 2.327006140461529426e+00
1.510524498077639999e+00 -3.297343448394900456e-01 2.326287751105109880e+00
1.605262479464449887e+00 -4.817163023185999648e-01 2.518050315878160195e+00
1.495373445526579914e+00 -4.068185724245599877e-01 2.332087627738409719e+00
8.387875651953999867e-01 4.219015861310000393e-01 1.174137982472730268e+00
5.645071294307799636e-01 -1.127690406033400039e-01 1.213633991223779685e+00
8.041952336998298145e-01 2.759346772492400346e-01 1.303406744667170436e+00
5.218400315910399767e-01 6.901741670963001951e-02 1.332404284621889978e+00
5.212441997349799294e-01 7.970663983891002058e-02 1.313406121997560128e+00
-7.065405414679399865e-01 2.235119047585699958e-01 1.355835317216909974e+00
-4.177713204970199823e-01 1.362792714500100089e-01 1.398057079829179816e+00
-5.646750922620900059e-01 1.449138458430900001e-01 1.553425993799010030e+00
-9.082823579964200977e-01 1.735068304943299944e-01 1.490398168617040220e+00
-5.590807318065599274e-01 4.708695543238200498e-01 9.790563693155401870e-01
-3.101078788956700416e-01 -4.297656476758400235e-01 2.421913343234539884e+00
-3.101078788956700416e-01 -4.297656476758400235e-01 2.421913343234539884e+00
-1.816140933537589985e+00 4.965734076512600126e-01 2.300636090866859718e+00
-1.752604467497470120e+00 2.334122269476699985e-01 2.649702200878080838e+00
-3.671703691856699203e-01 3.129343839362099811e-01 1.289555608052809887e+00
2.388116350711999847e-01 4.164951992583999507e-01 1.096169791199880006e+00
-6.546960022368000232e-01 1.865583623563799864e-01 1.408127070746570286e+00
-1.590727268235480052e+00 6.650184872170199490e-01 1.955398999120540271e+00
5.116473569775699115e-01 4.960931041919599549e-01 1.039739721068710043e+00
-1.983398575448980239e+00 5.527771990906900079e-01 2.202039713094090079e+00
-1.991079927448180076e+00 5.538013052515300405e-01 2.211401197602649749e+00
-1.038895145404699960e+00 -2.921415150564700136e-01 2.232849260548180226e+00
-1.641068275743420068e+00 4.374405838444800354e-01 2.250659338402870357e+00
-4.508203474991599458e-01 4.126343208443299382e-01 1.156823143053089975e+00
-1.955403890605899864e-01 7.065000185782001341e-02 1.598757356284880249e+00
-3.685176692987699454e-01 1.680365556291002482e-02 1.990046817470719986e+00
-1.528976781393949880e+00 7.645309243015100398e-01 1.876917636992120109e+00
-1.439045662626750044e+00 7.727459900438399254e-01 1.958621315653230166e+00
-1.637521494497970131e+00 1.431774971286300102e-01 2.005300396792190298e+00
-2.043853150631199656e-01 -8.392634965609999109e-02 1.802243002619990264e+00
-6.900156497282500245e-01 4.009398446499999602e-02 1.557459418074909951e+00
-6.900156497282500245e-01 4.009398446499999602e-02 1.557459418074909951e+00
5.195831249109900130e-01 5.205309722488800084e-01 1.023002204623129963e+00
2.355768728985700167e-01 4.265955764294899755e-01 1.116489262833809892e+00
-6.183218592668600078e-01 -3.482914516912002934e-02 1.687732705028469837e+00
-4.352033813859300104e-01 4.820978960836500571e-01 1.068002488272460138e+00
9.024942993186998441e-01 1.446611490058100080e-01 1.135541432213190038e+00
-1.101242708814669902e+00 8.878589722796801365e-01 1.523248743734160193e+00
-4.797462274126999549e-01 3.991149426841700265e-01 1.124972920683839916e+00
-1.334300949621999681e-02 4.972193335143699766e-01 1.036887792800269992e+00
-1.533395469281099988e-01 2.043896649768300045e-01 1.260744290726670158e+00
5.067168383442798296e-01 9.504117163906000698e-02 1.368597629990460085e+00
6.943172282059399958e-01 3.673083000753999405e-01 1.190996241239460129e+00
4.649877585114700618e-01 1.519098930516200041e-01 1.376172337228360298e+00
4.767016594650499983e-01 1.457461035764200108e-01 1.319322968358370041e+00
7.726724673496399021e-01 3.924891355258000036e-01 1.212316351706409723e+00
6.423874515903399418e-01 2.185822385807600077e-01 1.350350947832870130e+00
-1.099800248427000027e-01 1.209327046645500003e-01 1.324769634830960108e+00
4.930663378118000373e-01 3.306593535486400670e-01 1.258456600826900029e+00
7.243227636272200343e-01 2.448434623240400010e-01 1.247929696189290283e+00
5.335135858447498380e-01 1.566507708501000129e-01 1.355848754970369718e+00
7.209859261527699070e-01 3.047109548976799642e-01 1.294741165346430023e+00
4.805585752378999098e-01 2.776857846966099830e-01 1.390538112008040006e+00
1.119423620481999893e-01 -2.142035503605700109e-01 1.457076512481300323e+00
-7.266803461524400376e-01 1.632608035127199875e-01 1.456230893790740222e+00
-1.601558621673000171e-01 9.519774391289981263e-03 1.690626104481329772e+00
-1.628422708837199973e-01 1.094346771509999150e-02 1.706541199996410185e+00
-1.703377095658199780e-01 2.484281376390001794e-02 1.742426629546060202e+00
-5.175631801436800794e-01 5.384237204542001443e-02 1.685995863849630183e+00
-3.003797096041899151e-01 -3.920978062766000694e-02 1.820631184492000010e+00
-9.395667396245500624e-01 -9.193025349488001541e-02 1.836300523074180013e+00
-9.618487475840199474e-01 -9.582713819069005323e-02 1.875976173713029826e+00
-4.553455927411700355e-01 3.219915517117100112e-01 1.273293586551090151e+00
-4.827681267461300108e-01 3.485465475299900362e-01 1.220506906497090149e+00
5.400562850686299043e-01 3.245194528740800166e-01 1.259759770672660206e+00
-5.077480368777600450e-01 4.459157811702000318e-01 1.075529911179770037e+00
-2.707131161867299962e-01 -9.584837350380998044e-02 1.920295030165690253e+00
-9.460064535064000024e-02 1.229480462945199831e-01 1.485522517670549991e+00
4.558906522660100546e-01 3.726803646726699615e-01 1.137870538215600025e+00
8.868433959131599709e-01 3.749404357711599856e-01 1.149841091902549906e+00
8.849126517844200235e-01 3.725122145539500051e-01 1.150676074456700171e+00
9.053585671424699832e-01 3.528593899475099827e-01 1.149130354687009969e+00
7.875941758003400794e-01 3.977039880796600091e-01 1.234642747886069980e+00
8.517735288303098784e-01 3.935370487034000053e-01 1.221335710049820111e+00
4.982720131762399807e-01 2.832331424819500842e-01 1.361333024833000227e+00
8.152164877403099696e-01 3.037312818684000382e-01 1.313406772830139957e+00
5.096848201744099693e-01 1.559247758491899838e-01 1.289348402269970162e+00
-7.795777948529999946e-02 2.139986873246999821e-01 1.298351293022010022e+00
6.196394864913599143e-01 4.526526803700600121e-01 1.106096423360710013e+00
-2.486626771842999906e-01 3.095375829514599442e-01 1.269313732878639911e+00
-1.620144178923400013e-01 2.013381165907900117e-01 1.198820944174940006e+00
-2.548512115762199826e-01 3.293384330928300630e-01 1.057957242133940046e+00
-3.287471728724700171e-01 1.628625423479100054e-01 1.398660793108589928e+00
-1.024250831650100058e-01 -6.799681414687299696e-01 2.517388270448220222e+00
-3.888959398180799609e-01 5.542269239029200545e-01 9.551456381513300231e-01
-2.452349098855499954e-01 3.872764220523600143e-01 1.083351089863989980e+00
-1.336193365150129875e+00 -4.380970122462699567e-01 2.612203979664949660e+00
-1.036752373317419984e+00 -4.737149536595400834e-01 3.164255569435809878e+00
-1.371277591545420060e+00 -6.122908049855999568e-01 2.918278099747349863e+00
-1.261412831423350145e+00 -5.455622786206999475e-01 2.938426442125469773e+00
-2.367895682691299741e-01 4.698386362632002433e-02 1.676934131079899970e+00
-2.499903538311599727e-01 5.980267965390300144e-01 8.728325170396100674e-01
-3.380417572942500115e-01 5.829675604423200097e-01 9.316299890238900483e-01
4.278783390603999037e-02 -1.268353805628999742e-01 1.097235479772689981e+00
5.670247039543100387e-01 7.288259334379001975e-02 1.563397715358250117e+00
2.068213173311500008e-01 -2.179774687352500073e-01 1.487140470041279805e+00
4.296475012164999857e-02 4.757510400055400268e-01 1.053506381054360119e+00
2.353623133399199707e-01 4.273517057511599937e-01 1.116211726102720014e+00
-3.013206621457000245e-01 5.461100793561400879e-01 9.503121935732300463e-01
-8.712306400601600442e-01 -3.696691268118998397e-02 1.757037556246010102e+00
-1.034321515094880128e+00 -2.907592563047699530e-01 2.222434997169489890e+00
-8.093200078500200068e-01 -3.600700331006799759e-01 2.513753655088290184e+00
-1.589844898275099838e-01 -1.445178621861799850e-01 1.935049242227980137e+00
-2.057524335804999938e-01 -5.996570963183299741e-01 2.509577579148219773e+00
-1.944717948154400244e-01 -5.606081230767998580e-01 2.347458959242170184e+00
-7.274064716544701437e-01 3.370325706223001316e-02 1.553689036832040404e+00
-7.458961612603799418e-01 3.828012398420999052e-02 1.587757061764869970e+00
-7.350885556472801508e-01 3.166055220727001518e-02 1.575966097049000147e+00
-3.282225101925200228e-01 1.873063790390003258e-02 1.676251015465960226e+00
-3.327161153006100158e-01 1.908762183219003816e-02 1.675478051634880394e+00
-3.663979411607100056e-01 3.912008179782003325e-02 1.709970887468670320e+00
-3.495516500892900114e-01 2.922947567009699377e-01 1.238437298751339899e+00
-7.801944620396999985e-02 2.268929902518000141e-01 1.162154403615230258e+00
-3.766697723951399346e-01 2.840448672462899671e-01 1.272187091707530193e+00
1.138545933308900138e-01 -2.163625421172799823e-01 1.458817785070250395e+00
-1.795082632795799715e-01 3.593012743395900266e-01 1.143231987362530067e+00
-4.164439320088499930e-01 1.354713960959099961e-01 1.420909906858370153e+00
-4.164439320088499930e-01 1.354713960959099961e-01 1.420909906858370153e+00
1.092167190935399990e-01 -2.131050857001599852e-01 1.439255994333630273e+00
4.228281985298999734e-02 -1.265129478652200212e-01 1.102208652939169919e+00
-4.298029837164800138e-01 2.902613498155399707e-01 1.305754308287220056e+00
-7.069174308198100665e-01 1.502734115712700269e-01 1.517061754190230261e+00
1.373978814797499892e-01 3.692140410132199735e-01 1.203495332375110305e+00
1.338029122212800182e-01 3.603915078235300218e-01 1.187899457206940124e+00
1.319045585959600086e-01 3.588875016630800330e-01 1.179437333811750310e+00
-2.099117951277999772e-01 2.162336032087300020e-01 1.229459180143039898e+00
-3.110290681313200301e-01 1.163057859906400093e-01 1.522499710265570183e+00
5.488633069262999903e-02 4.575823581183000588e-01 1.072580611355850255e+00
-1.219441630951100253e-01 5.748944627271800334e-01 9.115677995034699999e-01
-3.112432181874499881e-01 3.584243512448900271e-01 1.113952430585000153e+00
-4.124598928311999646e-02 5.154767587023399988e-01 1.021550127286350085e+00
-4.279155919952499776e-01 6.326088845551600670e-01 8.803594274163700772e-01
-1.295211496058799872e-01 5.915386952496100026e-01 9.143052988053600449e-01
-1.279479394445300067e-01 5.360847285333499856e-01 9.795276905420099434e-01
-8.791926652207400217e-01 8.518708194950042056e-03 1.669123012012859952e+00
-3.856186612592899521e-01 5.538804455132599891e-01 9.525657639879600014e-01
-3.866503060865900121e-01 5.504148539302999854e-01 9.512484622482799690e-01
-7.403918023020100714e-01 -4.736711915215999213e-02 1.724502360123190137e+00
-1.150669700258300232e-01 4.476256761171499843e-01 1.108296916213450167e+00
-3.485001318878000465e-02 5.300217888102199959e-01 1.019081634445760054e+00
-5.356846250773900087e-01 2.855143956326500199e-01 1.268245630153010062e+00
1.133571499104199798e-01 -2.160163524212600494e-01 1.458011095108370014e+00
-3.403818090440099975e-01 2.017895350134900345e-01 1.314825009238300257e+00
-1.490363497110199775e-01 2.862125186587399783e-01 1.188270758773549929e+00
-3.086404393659599732e-01 1.904989243364099971e-01 1.324599362025000282e+00
1.977610544814500104e-01 -2.186244241096400309e-01 1.472172949291919775e+00
-5.365599915963999988e-01 4.080105115444000452e-01 1.111066432137240323e+00
1.977005361172500253e-01 -2.187815844546899535e-01 1.466264414743520206e+00
-7.955770855363999972e-02 2.294713844191700047e-01 1.165231024688059946e+00
-6.739612922910500625e-01 2.828348174058800124e-01 1.270829059540920181e+00
-8.669769363529601369e-01 3.906640476612997792e-02 1.666004910085410184e+00
-7.723509213653800831e-01 -4.999659726121996606e-02 1.740108056197330111e+00
-2.546698263439599597e-01 6.013228592917300164e-01 8.857521026605800207e-01
-6.179561991336801619e-01 2.647249467407900569e-01 1.309745987900000408e+00
-2.768853745631900121e-01 2.615420798042000783e-02 1.724994118469739934e+00
-3.219248554302199805e-01 2.055686073293000460e-02 1.694239581943739914e+00
-1.408735677109399786e-01 -2.017462528957000845e-02 1.774067628651510464e+00
-8.105270191665500112e-01 8.939435842999776671e-04 1.678168333085620301e+00
-1.110481859978000030e-01 2.879732440317500641e-01 1.167537772511459959e+00
-4.735899344366799602e-01 4.829353686164800097e-01 1.046762880550049957e+00
-4.391901535475799534e-01 2.285124758764600084e-01 1.318109452844590024e+00
-1.263821685626729918e+00 -5.674920793564499633e-01 3.109865781927819928e+00
-2.124240333492399824e-01 4.083316092927700147e-01 1.122224768807449813e+00
-1.928284182058299934e-01 3.716839766434000270e-01 1.193260764906559857e+00
-4.133978013377800353e-01 4.751990232556300153e-01 1.067486864359020071e+00
2.134751354088900155e-01 3.502404068565300177e-01 1.189724721666630014e+00
-7.304855514195998656e-02 5.200949855614300787e-01 9.704519269138600635e-01
-5.999342465889800913e-01 4.438063226111600423e-01 1.051472360467500256e+00
-3.315499342521499027e-01 2.371088953035800084e-01 1.188731797307849725e+00
9.964228111519998765e-02 3.886442553326799887e-01 1.142955565961390141e+00
-6.776331589517601284e-01 2.849989071282500452e-01 1.274540446850680020e+00
-6.776331589517601284e-01 2.849989071282500452e-01 1.274540446850680020e+00
-4.326470465665699927e-01 2.883661908889100234e-01 1.317072097407510078e+00
-3.877030237044499783e-01 2.632524196379000259e-01 1.294510291892260412e+00
-6.242482139278401343e-01 2.231922095612600132e-01 1.365316260592940090e+00
-6.242482139278401343e-01 2.231922095612600132e-01 1.365316260592940090e+00
-4.948142837587699572e-01 3.402116323696999789e-01 1.201328895557189913e+00
-1.130936566718699909e-01 4.455459162074399959e-01 1.102958078246250029e+00
-1.130936566718699909e-01 4.455459162074399959e-01 1.102958078246250029e+00
-6.801144085587300658e-01 2.899812043129500472e-01 1.230962081640210037e+00
9.715200397977999391e-02 2.505370042451000034e-01 1.378510837441460080e+00
-2.441548636935499950e-01 4.186996016195000392e-01 1.108077203098949859e+00
5.455402901687000233e-02 3.816695400396399318e-01 1.152862457420339659e+00
4.670678549603000246e-02 4.833695036021800062e-01 1.043339288124769837e+00
-3.421253905905000114e-02 5.281510102692000830e-01 1.011496981373410042e+00
-2.264165989727599804e-01 5.827820604594800002e-01 9.161088123451200937e-01
-1.239564721255199953e-01 -1.298054295503997535e-02 1.754501524465450046e+00
6.774710017790000482e-02 1.092378071154760155e+00 1.472861119615310077e+00
-1.601069865608699960e-01 1.112107132234589901e+00 1.468674023369040071e+00
-1.575831813076099819e-01 1.096507850670499939e+00 1.451327409912510191e+00
-2.741110212353999875e-01 1.107487167367140035e+00 1.440394945727629938e+00
-2.748511387072399836e-01 1.105770724741250044e+00 1.442987844428080368e+00
-2.744302137390999818e-01 1.104409658708320086e+00 1.444578626163730117e+00
3.913160594926100022e-01 1.052949601273510005e+00 1.535531274267059931e+00
-9.582637069558000431e-02 1.079055483861790066e+00 1.479049317997870094e+00
3.986090203216999805e-01 1.058730703479549895e+00 1.546473356841900237e+00
3.860340111760300341e-01 1.047651495440960145e+00 1.530378067564760247e+00
-9.865410924577999729e-02 1.080904496538259929e+00 1.484139588485529959e+00
-2.061653253595800150e-01 4.615583288848200683e-01 1.075982428747000119e+00
3.918581539998299834e-01 1.042498146070619969e+00 1.524769573450710070e+00
2.691690844874199962e-01 1.066803070482259974e+00 1.544124785255789778e+00
4.625382983676001175e-02 1.066572967046430120e+00 1.518543540239630119e+00
6.490140753015000152e-02 1.081650712413120052e+00 1.461547811080920134e+00
-6.853713877384198794e-01 1.154252679968160056e+00 1.455752960278500208e+00
-6.733180950059900471e-01 -1.595910668484995520e-02 1.649475782385030342e+00
-3.388437045116799995e-01 -3.358611433921995792e-02 1.838598020456509996e+00
-3.401519017426899993e-01 -4.742895556075996111e-02 1.838262937707340061e+00
-6.844160595546000536e-01 -3.027300077873099626e-01 2.201115380823560397e+00
-1.510788471766919994e+00 5.828336610141600094e-01 2.138937649957100451e+00
-1.884724175109240063e+00 -4.971720720980399300e-01 3.137056265374520425e+00
-1.709297343497180099e+00 -3.961789436135200182e-01 3.043531193483770547e+00
-1.777364332875640107e+00 -4.021216420876099207e-01 3.146038200362430093e+00
-4.652524586146700170e-01 5.554474785147500704e-01 9.456570648112401223e-01
-4.653568795301499805e-01 5.603499170353600789e-01 9.418929371670501371e-01
-4.740758481274999769e-01 2.554058721993500147e-01 1.328244883891460226e+00
-2.049091291861699915e-01 3.055967569084999669e-01 1.058810573024909996e+00
-8.464719528030001383e-02 1.280937444630899924e-01 1.560095052955850381e+00
-9.392923320429999445e-02 1.184009902275399984e-01 1.532319441105320035e+00
1.627780775894900056e-01 4.272143834151400643e-01 1.127113300110630156e+00
-4.914007159341699515e-01 4.006675024004799912e-01 1.089089707622620029e+00
2.724064813462099832e-01 1.074831546789190018e+00 1.547897700930219944e+00
-4.751513962064999874e-01 4.974658527724800106e-01 1.042767804795139863e+00
-5.080566871682200558e-01 5.012029652962900483e-01 9.947497073412101543e-01
-2.565199768672000169e-01 6.051904091755301307e-01 8.899733746162800108e-01
7.373121165537999122e-02 4.271512379983399832e-01 1.106776356443150089e+00
-1.031752404832800007e-01 4.588557546311400337e-01 1.070282226707820250e+00
-3.334224863303000136e-02 5.280080269407800841e-01 1.011679948211590130e+00
2.130256615988999902e-01 1.123851091658250034e+00 1.461168983498270180e+00
-2.033872721308099818e-01 2.515507622395100062e-01 1.048550583079200127e+00
-2.964208811355099615e-01 8.317178819710001336e-02 1.555801560547450002e+00
-2.964208811355099615e-01 8.317178819710001336e-02 1.555801560547450002e+00
-5.938143261558701536e-01 1.197617916603399835e-01 1.509647149658019938e+00
1.089115563172799728e-01 2.208868818513300136e-01 1.501688271246669704e+00
4.623414128349700447e-01 1.496472208811000237e-01 1.349157638283480232e+00
-3.804038024846499444e-01 2.671876152754900646e-01 1.262586891484640095e+00
2.159760826262400180e-01 3.343848069159300884e-01 1.619566062723840183e+00
-1.178928005248099931e-01 -4.091716484797000564e-02 1.695453804148809862e+00
-1.237220878631900001e-01 -6.129705803469998049e-03 1.604735472388680417e+00
-1.155982447768199861e-01 -4.165505446964998248e-02 1.707178629396400193e+00
-1.281892417314700050e-01 2.259687589692999099e-02 1.728722052933750142e+00
-1.281892417314700050e-01 2.259687589692999099e-02 1.728722052933750142e+00
-1.013953827530299778e-01 8.960978562113000589e-02 1.546583002958199948e+00
-1.826565014010499977e-01 1.981730969006000043e-01 1.377669161503100259e+00
-1.426751706866900005e+00 -3.568791920752599767e-01 2.599624774532699689e+00
-7.600586293788000325e-02 1.934813144808899821e-01 1.264989363345050410e+00
-1.901107882576599517e-01 2.601951584337099943e-01 1.050013256682309937e+00
-2.200337866931899866e-01 2.466104758180100165e-01 1.250757298548290208e+00
4.939445665164700627e-01 8.355103226879000144e-02 1.309194027384049885e+00
2.133578124048000346e-01 2.228890946348099644e-01 1.549968255653070059e+00
3.819449884645900184e-01 2.864271991710499732e-01 1.308869380688039818e+00
1.911510953248400091e-01 3.171615900475900363e-01 1.540250536897860290e+00
-5.357349915274800534e-01 4.067669754491399781e-01 1.109220816418540201e+00
-6.188944772610299738e-01 1.398534688074299925e-01 1.461390670156729854e+00
3.458966195127800014e-01 3.879340731544299592e-01 1.166628669123019879e+00
-1.086946583080999201e-02 2.081851248327200032e-01 1.335648378954489957e+00
2.235947283430199939e-01 3.134280960007500560e-01 1.567843540089119969e+00
-4.323207638991499735e-01 4.547469802845799380e-01 1.072403953665260090e+00
-1.350300117365799968e-01 1.531464943331199979e-01 1.414311899037939746e+00
5.526159663960399371e-01 1.000689777858800034e-01 1.573440506127429916e+00
5.308181552945699933e-01 6.932782139174999136e-02 1.393461619012010377e+00
2.952890685530299986e-01 3.292424389162300624e-01 1.236583806585130230e+00
-8.653136799593700301e-01 2.216850446666399910e-01 1.534607204161030136e+00
-6.270275381682400839e-01 2.367610078841500265e-01 1.329039012714490209e+00
-5.482086274048000307e-01 2.542477457114200035e-01 1.317025212205329865e+00
-4.726351536835799449e-01 -6.373435978522199452e-01 2.430179594048780256e+00
-1.347231657868809940e+00 -3.369326741962399563e-01 2.456733421175780308e+00
2.785313270741000546e-01 4.179283447870900670e-01 1.120654119959429984e+00
2.785313270741000546e-01 4.179283447870900670e-01 1.120654119959429984e+00
-4.612526906108199709e-01 3.109980407962001370e-02 1.714251458719910026e+00
-4.612526906108199709e-01 3.109980407962001370e-02 1.714251458719910026e+00
-1.488151338046799776e-01 2.773411092361199870e-01 1.182878058236419783e+00
-5.875173283634400612e-01 1.535877736319996023e-03 1.727155023891070229e+00
-5.875173283634400612e-01 1.535877736319996023e-03 1.727155023891070229e+00
-1.068904044355340144e+00 1.542417784674800230e-01 1.716843005195370253e+00
-1.339371877989299908e-01 -1.696994054532599827e-01 1.645073691476610200e+00
-8.525037805162800630e-01 2.240826705829800092e-01 1.519672236231840223e+00
3.060493030963300498e-01 1.911305370583400165e-01 1.431730343756840274e+00
-2.137433223609500055e-01 -5.051719337513799202e-01 2.728188770629990323e+00
