-3.874483072153500629e-01 -1.650845404815198814e-01 2.494127752595920455e+00
2.618614910573602295e-01 -1.032200429122701602e-01 2.315069240027709974e+00
-2.944868489873297968e-01 -4.682955566613199450e-01 3.029950732899500565e+00
-7.123786314741398229e-01 -6.634820369038398891e-01 3.402683663689080262e+00
-3.698172991189596637e-01 -6.445013771744898534e-01 3.339889423015249825e+00
-1.142068238808002789e-02 -3.915137252220035613e-03 2.255304984233399868e+00
-4.217013026506499784e-01 -1.622850073022700235e-01 2.489907547263370269e+00
-3.722541794362292933e-01 -6.486960470623398534e-01 3.338592823095820172e+00
-2.396648493861901486e-01 -4.257352590502005985e-02 2.282033773547859745e+00
-3.948215487594999296e-01 -1.455395056001959952e+00 3.398024026022860244e+00
-5.573917255614195820e-01 1.038627698073700811e-01 2.204934574069449926e+00
-3.391823013240400364e-01 -1.841841706193100281e-01 2.573697091885650323e+00
-3.383563799352997670e-01 -3.014338057296298556e-01 2.606060886770830365e+00
-2.906990339743598106e-01 -1.575861596392900132e-01 2.400082133501849846e+00
2.697549555445903913e-01 -1.068664142031899855e-01 2.375548222414249899e+00
-6.709519883006986873e-02 -6.529247087862399823e-01 4.158485685447759650e+00
-6.231463496962952320e-02 -1.383773271194769894e+00 3.621780140702550277e+00
-6.686972335867968908e-02 -7.954239403117597806e-01 4.024928546289940456e+00
-3.406418647763294061e-01 -2.133625538459998916e-01 2.535580845659480165e+00
-6.239326323328953094e-02 -1.278246193718299839e+00 3.694595450374840162e+00
-3.912688527623986445e-02 -1.114573461972770074e+00 3.945571961643610237e+00
2.378589527037000551e-02 6.059322650665999177e-02 2.089282843687319868e+00
-5.553509040990034507e-02 -6.283679729422300131e-01 4.159385925507930182e+00
-2.352746790506099472e-01 -9.742002194944399118e-01 3.836738531770099936e+00
-5.495037968558500463e-01 -8.544609412111199287e-01 3.786966387063319672e+00
-2.323246382818795475e-01 -6.240124050219799656e-01 4.089590409803060211e+00
-3.615934322268796741e-01 -8.601878056089700131e-01 3.691558694669049956e+00
-6.002219301124966933e-02 -1.382892169968319873e+00 3.621056695372420364e+00
-4.569627452946978252e-02 -6.463172911190798731e-01 4.128638775608900247e+00
-5.202192123083015929e-02 -8.909255716740400732e-01 3.960290795045020573e+00
-2.150640508499201964e-01 -2.043582159065698844e-01 2.488010131009390058e+00
-3.940048072770698795e-01 -1.454461059605629991e+00 3.397346793955850153e+00
-2.358747182344096416e-01 -1.214807739665519914e+00 3.665641178693180180e+00
-3.763245378272501718e-01 -1.475787535445959975e+00 3.409064252556659902e+00
-2.335445249474701335e-01 -9.755186978615300042e-01 3.844972423109050297e+00
-9.275592339623006666e-02 -1.131894791622340080e+00 3.724812677842820108e+00
-6.515384607474006273e-02 -1.380910182714980117e+00 3.620221189623120228e+00
-2.359221147283299125e-01 -8.555897334553499434e-01 3.914037414139130533e+00
-3.769106510804300925e-01 -1.234116026664249910e+00 3.482592242458430132e+00
-6.607417358483897996e-01 -7.690931243193800393e-01 3.375266961566520063e+00
1.211573138444701492e-01 -9.988128701821600286e-01 4.117264109405240902e+00
-2.318148654416898324e-01 -8.691177886465498714e-01 3.921090765230890174e+00
-4.066985393540096805e-01 -2.265978817928993028e-02 2.426848802446750053e+00
-1.299311202240698293e-01 -1.302748727042299937e+00 3.656137724622220198e+00
-5.765557847699831484e-03 -1.304973265460460219e+00 3.897270803195260314e+00
1.745638792222701241e-01 -1.089289155994599856e+00 4.079508974328479809e+00
2.096533285281600989e-01 -1.125378067538279847e+00 4.067878246014119625e+00
2.544390593025602776e-01 -1.250432912027230170e+00 4.011363718425270619e+00
1.557972882099001311e-01 -1.250921417408049852e+00 3.981007862545149933e+00
2.236993385568801784e-01 -1.256838183325249991e+00 3.993152502402170789e+00
2.718897998880001055e-01 -1.301087890007099901e+00 3.979720249962300116e+00
2.002310358872398943e-01 -1.227013770555720029e+00 4.011732250356180529e+00
8.105628105021978058e-02 -1.051887798227819859e+00 4.074971681562700176e+00
1.958854624394499311e-01 -1.294159851464919964e+00 3.965731097781720393e+00
5.789204932750369181e-03 -1.296683893754820183e+00 3.896945601901620204e+00
-5.435311127308599666e-01 -3.504014071214001103e-01 2.868861545114059997e+00
-7.150018689168957664e-02 -1.441477992349730064e+00 3.728186456017570372e+00
5.475016670885013426e-02 -1.291977715603030097e+00 3.922369686473129669e+00
-7.356765203578996548e-02 -1.442517995360080185e+00 3.728923106906820273e+00
-2.450115464523801023e-01 -9.366920595718499776e-01 3.854181219338630005e+00
-4.477797724437015958e-02 -1.051366077455450077e+00 3.962480885387770435e+00
-2.314446632967896988e-01 -8.724898738345999716e-01 3.918997548928840224e+00
-3.996323278186999506e-01 -1.479748224409790147e+00 3.338565966881790192e+00
-3.708927815072198264e-01 -8.479568539042099395e-01 3.804449987017029855e+00
-3.305679394850269404e-03 -1.368317860487120008e+00 3.800466862250620359e+00
1.942145409382503018e-01 -1.096323077385540135e+00 4.082152170829139948e+00
3.580815220675996891e-01 -1.339008312975310089e+00 3.887719545533109944e+00
1.815497283536600115e-01 -1.054031165813269943e+00 4.116318902090910115e+00
2.324498440459397131e-01 -1.128797088424799977e+00 4.070832149001760492e+00
1.570009640650802396e-01 -9.603079008170098962e-01 4.154082172374030435e+00
2.339238451967502463e-01 -9.929064339712798670e-01 4.108193682619480036e+00
3.144101421504701399e-01 -1.036807387181930107e+00 4.147467521453109818e+00
-8.149238043964990297e-02 -1.679817768849370063e+00 3.590053174549470150e+00
-1.280449916731103421e-01 -1.481430018259520143e+00 3.428513212149180145e+00
-2.659374927002033928e-02 -1.533916323616399957e+00 3.689263672246520187e+00
-3.716837419384697583e-01 -8.569480494248998825e-01 3.805645614054720127e+00
-8.051333018446900081e-01 -8.387180174639898844e-01 3.726691013325730051e+00
-2.339245517731400881e-01 -9.915766410973999578e-01 3.832942280888040010e+00
1.724620294851200164e-01 -1.178357170050770009e+00 4.032142177802850114e+00
2.557888943643003010e-01 -1.264452016461770079e+00 4.006190796355669548e+00
2.106135930440000692e-01 -1.231405335876329943e+00 4.013583725729329643e+00
3.357499287521203968e-01 -1.358204471387089995e+00 3.933529705688970424e+00
2.776411883283205206e-01 -1.239050655007770008e+00 4.013421347724350774e+00
1.699734383596900322e-01 -1.154600394721579937e+00 4.039634692803040217e+00
-4.510015026809011118e-02 -8.965768303507000159e-01 4.064675837149840376e+00
2.050368270513902580e-01 -1.172767028299199987e+00 4.038026213083459659e+00
-5.512887740329652786e-03 -1.296232536558459936e+00 3.845896919627540100e+00
1.665304269526202141e-01 -1.258068892547729911e+00 3.976163504132510518e+00
-7.083783386371900193e-01 -6.703701915797100064e-01 3.403779139264949904e+00
-3.498406316891995438e-01 -3.813816481304900252e-01 2.889682581206490131e+00
-6.204697576586948315e-02 -1.375857584689209823e+00 3.618190978903029986e+00
-2.089360116310299276e-01 -1.346955743486760060e+00 3.591623996698039889e+00
-2.325553169476899384e-01 -1.093663063257050094e+00 3.761417064763089790e+00
1.675631458105799609e-01 -1.153494045619140262e+00 4.040083831053860486e+00
1.480604770520703717e-01 -1.240147968683539936e+00 3.983608315428920577e+00
2.208815627437101803e-01 -1.259508782898980161e+00 3.992891232109820443e+00
2.122467985631906195e-01 -1.184956812015260041e+00 4.030483003500420658e+00
3.151762486805100849e-01 -1.335777512549490176e+00 3.972336571152830231e+00
-7.798514551341950707e-02 -1.675740806453849929e+00 3.582959466738070198e+00
-2.312651344689897748e-01 -7.291827184984099874e-01 4.013310973832250106e+00
1.710870043192200818e-01 -1.155839357763319919e+00 4.040573260949799739e+00
7.471804695581019118e-02 -9.831180885553301163e-01 4.111830207480670296e+00
2.865217888334803398e-01 -1.218011919278630062e+00 4.039756292806250038e+00
1.879161122801202843e-01 -1.271524342171399979e+00 3.781190013360780089e+00
-1.871912098767101185e-01 -1.424252421177679917e+00 3.498820444414840303e+00
-5.294405805494983852e-02 -9.146883688626399334e-01 3.946565556704640265e+00
3.175889596884502453e-01 -9.822696752689999977e-01 4.184949449026600377e+00
2.894613043589302492e-01 -1.007604341050700070e+00 4.184345288110020711e+00
-2.209894793457598539e-01 -7.119387848341498515e-01 4.019841310404010493e+00
-1.718863319010033308e-02 -1.547546940725620157e+00 3.685320774286219958e+00
1.402689427580039450e-03 -7.658612045420198911e-01 4.156755914253840167e+00
7.212533452919305255e-01 -6.756138129217899024e-01 4.241029887419809796e+00
2.570416419016603449e-01 -1.280538989742399991e+00 3.989744256761539987e+00
2.400216640702197424e-01 -1.107482487554910078e+00 4.086334123543990060e+00
2.519030021072001801e-01 -1.321943819298710077e+00 3.810206817641610400e+00
1.976521149840899660e-01 -1.015670604562009860e+00 4.138410833483570528e+00
2.250583361826299367e-01 -1.303085275208470062e+00 3.973023029660390115e+00
2.868717135225700154e-01 -1.294385665572699962e+00 3.989560002389180404e+00
1.023479836894707340e-01 -1.007479641171539875e+00 4.118797447274120671e+00
2.922097672822303593e-01 -1.359399588319559982e+00 3.864840898323180340e+00
2.622279193720999935e-01 -9.929172397838599284e-01 4.178037231152059938e+00
2.748920401352297205e-01 -9.807277796452801288e-01 4.177093241238799770e+00
3.288521574522902391e-01 -1.361220155732639991e+00 3.932698376513400262e+00
3.234537479070098698e-01 -9.734686843456500371e-01 4.182432400158989871e+00
2.430422073237301639e-01 -1.278383399075170068e+00 3.986992861458090509e+00
2.791076535052003926e-01 -1.236064802091410009e+00 4.015548076430910385e+00
-2.831236571464597063e-01 -1.390016569785760048e+00 3.520413955506420223e+00
2.719731201914901142e-01 -1.319930730776219807e+00 3.802070101542580183e+00
1.627706089720701854e-01 -1.248123859337660013e+00 3.985329735677439977e+00
2.754932352050101230e-01 -1.165251102694340180e+00 4.064142565579779820e+00
-9.129129199775298797e-01 -2.173174501062200559e-01 3.097460391574100136e+00
2.540011562570900772e-01 -1.260642276448200150e+00 4.000942399963860474e+00
2.417911369193901372e-01 -1.224790416421299932e+00 4.007129251522860258e+00
2.512381608025702207e-01 -1.164346485223830108e+00 4.056360870598610724e+00
2.520365706765299585e-01 -1.075302893078400102e+00 4.111713450542420212e+00
2.200505768834499776e-01 -1.211380054466180134e+00 3.739862918567780525e+00
1.988797459967299730e-01 -1.236591918345190111e+00 3.748806132465410279e+00
3.272339653762501577e-01 -1.336391156615460041e+00 3.823405905473760136e+00
6.609829121107013705e-02 -9.553913044132198440e-01 4.139616865287099934e+00
7.697621531227971658e-02 -9.441425995551799843e-01 4.136985937430800675e+00
7.782599087986996622e-02 -1.067058456023900037e+00 4.166457823368579838e+00
2.564922491382302105e-01 -1.275175787526030113e+00 3.707071876926350207e+00
2.443913419606604798e-01 -1.172970698706679915e+00 4.046960890194820415e+00
2.652974409646602361e-01 -1.409933483876719906e+00 3.888804818418460041e+00
2.870473082098299322e-01 -1.222196849303560207e+00 4.037632343406180269e+00
3.778687240099500855e-01 -1.284762500531400065e+00 4.024127963145599729e+00
-1.405088487990946433e-02 -1.535870953829689967e+00 3.689038806706550488e+00
2.085218039262599632e-01 -1.230458625165300024e+00 3.706307542774739616e+00
-1.474344763226032029e-02 -1.180935118078209944e+00 3.413479853525069885e+00
3.438929075999306306e-01 -1.369771296811169936e+00 3.935456247322889567e+00
4.935791576800001579e-01 -1.195582473367649889e+00 3.677601679298249771e+00
-3.578712133320971489e-02 -1.538906969572840122e+00 3.663218310358999918e+00
-1.518940521210954131e-02 -1.693276624471430125e+00 3.602001829566890301e+00
-1.347177488606954299e-02 -1.511296165682340042e+00 3.702553717325160143e+00
-5.564483730672997730e-01 -7.250146075606299645e-01 3.352830175776730037e+00
-9.985478123696196473e-01 -1.221459852783998157e-01 3.554498395566720426e+00
-4.756283276746975375e-02 -1.591300555665910110e+00 3.647208413632330171e+00
4.443349858522300799e-01 -9.497509062744299291e-01 4.252255634730450318e+00
2.735395788357606328e-01 -1.243450117158209967e+00 4.017362796844550665e+00
-9.751024328838897581e-01 -3.469113791858990936e-02 3.648699190082830057e+00
4.259972596275596324e-01 -9.583664203818501592e-01 4.230761020895590363e+00
-1.051370890198130237e+00 -6.902731978075016261e-02 3.603749818459530019e+00
-9.757150784566896995e-01 -3.696506633289997623e-02 3.650130994995640421e+00
-9.774341011681197955e-01 -3.081127585384002554e-02 3.650366209996460221e+00
-8.806454873591997856e-01 -8.665326373774984159e-02 3.646935023839549928e+00
-8.758452914848497972e-01 -2.676340490329099930e-01 3.703265266826210045e+00
-5.250251878749998546e-01 -6.701885139978199790e-01 3.222120328038320380e+00
-5.228571482193000719e-01 -7.078290156561699575e-01 3.257902587999569999e+00
-7.019723018978796247e-01 4.441812130480005116e-03 3.579777801576500273e+00
1.065226133769400008e+00 -7.988420425708898653e-01 3.946697968781590404e+00
-8.113277657401019027e-02 -1.329418799027390019e+00 3.654785273377950006e+00
-3.947726089967398266e-01 -1.774682151303098587e-01 2.579732367682249894e+00
-5.791981703910975554e-02 -8.880298133967300389e-01 3.966209599073289738e+00
2.359520351660497894e-01 -1.117063969937180046e+00 4.078812140522479979e+00
2.088829832064207359e-01 -1.226095058264839999e+00 4.078103666414720330e+00
1.977048378968198072e-01 -1.292580429205750114e+00 3.964826443260729860e+00
1.621019916283801265e-01 -1.224292347468209918e+00 3.997494988979930497e+00
2.606992260195299949e-01 -1.283541801123730064e+00 3.989371773799250676e+00
2.527657062103902952e-01 -1.268125136920879914e+00 3.992874907428640263e+00
-1.042283462159496743e-01 -1.315643262940100033e+00 3.489185338322700503e+00
1.275341625306101179e-01 -1.070617755462699883e+00 4.077641017107639598e+00
-6.188121414291947175e-02 -1.271581088931809989e+00 3.718727319736330195e+00
-3.706886493737497901e-01 -1.218715796814139996e+00 3.478050220334139908e+00
7.419836204616991893e-02 -1.039464514153970010e+00 4.077384125094850376e+00
2.430169430476305514e-01 -1.222288315646789858e+00 4.024479799399310664e+00
-1.567746806868299814e-01 -1.299890537845910021e+00 3.500677800214190505e+00
1.691556188676601735e-01 -1.239922439101719842e+00 3.990299947662260038e+00
2.610349039195596355e-01 -1.075618751447239951e+00 4.114842401445780062e+00
2.641575752097100604e-01 -1.258808315434159830e+00 4.001059109503999345e+00
2.673921967683301482e-01 -1.230989884536319856e+00 4.023747614945640372e+00
3.205833554768302562e-01 -1.006299945208160018e+00 4.173420147755179777e+00
-6.209079375989003946e-01 -4.552814341820088373e-03 3.589914843175820103e+00
2.519106579906700283e-01 -1.165463332521029960e+00 4.054438169503410627e+00
-6.212409536619700745e-01 -4.345065936772984916e-02 3.570870189548050355e+00
-6.249781658443798182e-01 -9.949529520689948114e-03 3.557305255243670139e+00
2.425809880980498434e-01 -1.196712149531609981e+00 4.036765888511410161e+00
-1.609520677064946170e-02 -1.532829380053760016e+00 3.694027397583160344e+00
2.402816013080100177e-01 -1.102936255577109836e+00 4.056622544856449686e+00
-9.956274342822699630e-01 -1.277430560906799295e-01 3.561914352740999767e+00
-8.962128028022096071e-01 -4.092332406543399692e-01 3.079398861138000321e+00
1.420775004051697543e-01 -1.244769014353950043e+00 3.983469111701030130e+00
-7.456016092286965602e-02 -1.465921834648909794e+00 3.729782661547730527e+00
2.968942736226707346e-01 -1.301457655465710017e+00 3.985580620827589904e+00
-9.015940141255700535e-01 -2.448919081213499771e-01 3.106986850279169765e+00
-1.653518984619406496e-03 -1.440729204984370071e+00 3.751604187994489692e+00
-4.400073644259538952e-03 -1.312878826057290116e+00 3.879964242788149775e+00
4.545394129185900134e-01 -9.188581554971200216e-01 4.261148169973780320e+00
4.028255197016901157e-01 -1.383426767779559974e+00 3.973119661742220643e+00
-8.921764042736097799e-01 -9.315048973518980091e-02 3.650186004697250297e+00
6.885539984567401461e-01 -6.813186088712600563e-01 4.272964608426319977e+00
-8.864643014482198602e-01 -1.047320730648798603e-01 3.654679137761600138e+00
-5.251716521022986583e-02 -1.025226372064919955e+00 3.883914801435900177e+00
2.380857337133197582e-01 -1.079453366346460053e+00 4.107908258336940399e+00
2.921258324608304591e-01 -1.257628489802769867e+00 4.015255248933890186e+00
-2.445798320201975073e-02 -1.334830205537860026e+00 3.878194307072480029e+00
2.426162489903198605e-01 -1.204695322323100060e+00 4.035985413440280389e+00
-1.297414281076800791e-01 -1.480474976431750189e+00 3.427483547420929977e+00
3.136776683355200213e-01 -1.040285793310039786e+00 4.148755580483319605e+00
4.140528348477601206e-01 -1.322686648385509756e+00 4.019659859614749919e+00
-7.070051011949907149e-03 -7.213105732448399365e-01 4.173672275176240731e+00
3.148733806558001724e-01 -1.327969072198659894e+00 3.973882130791960066e+00
-8.890762607681998997e-01 -3.890505683951699378e-01 3.061384105233869946e+00
2.843906499141204414e-01 -1.276376054991430031e+00 4.001155198137410274e+00
2.502937073031201720e-01 -1.201848784397610226e+00 4.036569823771089638e+00
2.457442248146199937e-01 -1.174143890735829920e+00 4.060166774621610131e+00
2.480695425469101600e-01 -1.231178180390710031e+00 4.013638411644350867e+00
2.568854388732901839e-01 -1.255164184223930057e+00 4.009439790221390076e+00
8.037393061656006310e-02 -9.429611108418599619e-01 4.135908043956200153e+00
-2.885493314686993216e-02 -1.270381194506380096e+00 3.499422806518699858e+00
-9.911495421015696916e-01 -3.638238606931000207e-01 3.533460385743820265e+00
2.060125025439800694e-01 -1.165194597633220086e+00 4.039117280450840397e+00
2.420758184718700967e-01 -1.236415142013650215e+00 4.017526486746930026e+00
2.692663221125606299e-01 -1.199411863606149931e+00 4.038493657784390400e+00
-6.678225104375012933e-02 -1.065637365093199840e+00 3.959374469851399958e+00
-4.890907480139983221e-02 -1.058384344809539801e+00 3.956050889884539679e+00
1.651848226046204182e-01 -1.230072441790689863e+00 3.991931708951169888e+00
2.599661780259201471e-01 -1.141462588434849934e+00 4.074834562569330743e+00
1.807532481247400291e-01 -1.286498055839830013e+00 3.798540226184590196e+00
2.000160488108604362e-01 -1.218134452812089874e+00 4.012320863386130476e+00
3.135984183471700604e-01 -1.348928482382570238e+00 3.831416468351750204e+00
-6.889333644611994600e-02 -1.058072196630760020e+00 3.884843439509680252e+00
-8.071289221235198319e-01 -8.418659541015898196e-01 3.732013076736709678e+00
3.317154937300799133e-01 -1.300849849898020105e+00 3.766492738141340446e+00
1.810104718268203960e-01 -1.261010219256129883e+00 3.741044260907010255e+00
2.154720415034203640e-01 -1.224502885182499945e+00 3.733029869830080116e+00
1.272060975873299249e-01 -9.866648930708999954e-01 4.151601607405820182e+00
-7.968384843498999004e-02 -1.302972068647120008e+00 3.690366105693859922e+00
2.340183252242904466e-01 -1.369209749380090102e+00 3.789569178189750254e+00
1.717199183233399928e-01 -1.226491310158720038e+00 3.711177374098380000e+00
1.572183137726601565e-01 -1.233607187766640134e+00 3.720273027712380109e+00
3.251499231996501926e-01 -1.312840455437759957e+00 3.735647920600360550e+00
2.305115332353002700e-01 -1.144648960332490084e+00 4.062377237616989767e+00
1.909125948342400569e-01 -1.211367762522949754e+00 4.012928367190809809e+00
-1.822956310947101422e-01 -1.323825331663259997e+00 3.633582864916220068e+00
2.814621695438304094e-01 -1.177155299014499779e+00 4.053784937600020122e+00
2.196491896469603411e-01 -1.234222380672099995e+00 3.652749765712139940e+00
1.840747574323100544e-01 -1.266017157761719858e+00 3.743335205243759845e+00
3.389825981582004211e-01 -1.296312147706370155e+00 3.738907438657870230e+00
-6.351862840981992164e-02 -1.041313305142550050e+00 3.849557363112969810e+00
1.453264346675107177e-01 -9.740788360306399385e-01 4.137102399091980409e+00
2.655962297920302362e-01 -1.230012682643729871e+00 4.023000839621450275e+00
1.981805957646098904e-01 -1.275920619725429805e+00 3.974666724049069622e+00
-5.322025731209798494e-01 -7.626150044295000319e-01 3.315909797707879747e+00
-9.961291132626899358e-01 -1.382835790642799045e-01 3.563211522171120027e+00
1.998718456462902360e-01 -1.210477491459279964e+00 4.005322581479240363e+00
-5.537254698225797522e-01 -4.790486335302698850e-01 2.999767462085849878e+00
3.126574669648500837e-01 -1.374473261648240019e+00 3.940794949697740357e+00
-1.824460707331798659e-01 -2.251756224840499865e-01 2.543730999991129949e+00
2.319657587956105438e-01 -1.269574623128340018e+00 3.994023822818379976e+00
-2.926089543803600534e-01 -1.429724380914100257e-01 2.381733928288370272e+00
-5.207367053925970879e-02 -6.599097274334299046e-01 4.124470367512690139e+00
1.462427288665599789e-01 -9.980566020541199457e-01 4.128231231029859671e+00
4.271529075103401851e-01 -9.586778737739201084e-01 4.231191931135880324e+00
-4.093902803812397018e-01 -1.444351748319359974e+00 3.396415951698100066e+00
1.493521524239702636e-01 -1.303675526750829761e+00 3.843238343503709853e+00
4.370085125879303867e-01 -8.525679971695598880e-01 4.291711025555679626e+00
-6.229585928710099640e-01 -7.736552002650000093e-01 3.376459615800460057e+00
-7.560124505878600409e-01 -4.521268069582100591e-01 3.613943357759869635e+00
-7.960438264778397777e-01 -7.649323249800299429e-01 3.740451976461669936e+00
-5.459104159012400093e-01 -6.595868539671099207e-01 3.358118729528250412e+00
6.986399498734803259e-01 -7.375986092516999548e-01 4.302095343967519803e+00
7.069159795771300381e-01 -6.641890693414299607e-01 4.268429380531649997e+00
-3.608193477948393735e-01 -6.580287775994999588e-01 3.350137277069539898e+00
-8.008521491100495382e-01 -1.730059284075599058e-01 3.843759663802760240e+00
-9.085364083058997675e-01 -1.591552527007699114e-01 3.577234558001169962e+00
-9.027637750551695817e-01 4.876029057402009315e-02 3.493874667410500123e+00
1.024919657013129815e+00 -8.322062015530999890e-01 3.914421301801520148e+00
1.019410702945810154e+00 -8.371984111353600877e-01 3.914974841656800209e+00
1.044457060217370170e+00 -8.198212056543598969e-01 3.904409989702839923e+00
-3.352902882817598851e-01 -1.824355997310699307e-01 2.571707083947230021e+00
-3.250367332919998908e-01 -2.036359732311899817e-01 2.545326465002490046e+00
2.010107642274503448e-01 -1.128282374429539825e+00 4.066621246445640381e+00
1.596204976193504876e-01 -1.030080747502509997e+00 4.111272786614710739e+00
-3.347035935523900996e-01 -2.149967639948699993e-01 2.529521556146010042e+00
-5.761892408380500097e-01 -1.626762607887400902e-01 2.738989563753440049e+00
-5.677797956948300584e-01 -1.863724740579997263e-02 2.320814884121980004e+00
-2.330415532820198088e-01 -1.214837439055520107e+00 3.681732535894640002e+00
-3.769538522849096296e-01 -1.274679071609499115e-01 2.367287323664710286e+00
2.468322776373903515e-01 -1.168845144711559980e+00 4.063859101785020300e+00
-6.144992966201496820e-01 -7.334613806000099823e-01 3.414855836449710136e+00
6.919889318772498576e-01 -6.746145991258600816e-01 4.313609724482859953e+00
-1.024802319924839944e+00 -3.080296299507300217e-01 3.174382687721170271e+00
-6.854857179616979934e-02 -1.059961211055820085e+00 3.960468765703840432e+00
2.865583121374104536e-01 -1.088134022818780133e+00 4.113181430824019991e+00
-2.395043019032798703e-01 -1.092087323343990057e+00 3.752363647407969793e+00
2.433130325756001078e-01 -1.105865493864650162e+00 4.083627645140849971e+00
1.979437792458500489e-01 -1.077958189516140086e+00 4.096492366704239885e+00
-2.398973153927497215e-01 -1.237542650468660188e+00 3.653143780329460188e+00
-2.494542190275996774e-01 -1.036156134711109900e+00 3.794986501688510039e+00
-2.830229711635956491e-02 -8.329792408916598667e-01 4.160501754485820491e+00
-5.648869911315699266e-01 -7.073284991425299317e-01 3.389476248880749942e+00
-5.501923077845998211e-01 -6.510603264998400252e-01 3.362853562154140441e+00
-8.855359760582901529e-01 -3.936665043943199382e-01 3.062175907032360200e+00
-2.151139001813984208e-02 -1.302171253568739751e+00 3.823684444915380176e+00
1.731660692848500105e-01 -1.238716208866250001e+00 3.991295424205349995e+00
1.923324659011202975e-01 -1.140320769125229949e+00 4.048153935561810357e+00
2.312579625817301476e-01 -1.015570491825920074e+00 4.148204166285439420e+00
-4.788521298560333150e-03 -1.308363589468329868e+00 3.891347064344289564e+00
-5.441297286723498772e-01 2.629435696067500272e-01 2.348227915755749962e+00
3.162283781475601074e-01 -1.027037793012099964e+00 4.158230580288339695e+00
-2.258834342341700108e-01 -7.285823479593399599e-01 4.018938633881360190e+00
5.242527066641802236e-01 2.272678634341580128e+00 -5.926597287924606494e-01
1.084033253662660456e+00 1.796196588369699754e+00 -1.241580816177760171e+00
7.304218782956999334e-01 1.739497190912319802e+00 -1.001188675583519982e+00
7.572104038091702627e-01 2.296475243789170229e+00 -7.508755540369900228e-01
4.771615793799903749e-01 1.412101641981839961e+00 -1.010679771300180052e+00
1.082992223659450470e+00 1.840098929252130588e+00 -1.319227036162330391e+00
9.371485132573096344e-01 1.830110322633390574e+00 -1.171229994010650310e+00
3.167112313357796083e-01 1.588078257009809757e+00 -7.893820908707900319e-01
1.019338361935502313e-01 1.649045672198639956e+00 -7.400167851934400520e-01
-1.059038490836696766e-01 2.209606546985199760e+00 -7.031697447176805671e-01
6.027091549296015316e-02 2.213607592297020421e+00 -6.260357037101800248e-01
1.049540694983699396e-01 1.923196807571639688e+00 -8.057849470815601212e-01
7.017730040254606116e-01 1.750716423265429977e+00 -9.885096831506900994e-01
9.396072237048400666e-01 2.099164422337140401e+00 -1.516653902675680454e+00
4.746543608307898232e-01 1.505075311910720082e+00 -9.218771727297598861e-01
2.965948907610700402e-01 1.766634824147539806e+00 -6.860287769686601589e-01
5.293303954845698378e-01 1.826336897576160467e+00 -8.310124768475801726e-01
-2.173530068998985598e-02 2.103201827607720009e+00 -5.012672323743798675e-01
5.074543045690305121e-01 2.221989916008130006e+00 -5.351182644220104923e-01
2.881401482389001067e-01 2.025946103791090191e+00 -5.046713095680896988e-01
9.583129794503202348e-01 2.058495372531590206e+00 -1.128253015063209963e+00
3.797315554922100489e-01 1.532507503351240086e+00 -8.347721307044004835e-01
2.594693576888702502e-01 1.526794200173569926e+00 -8.142352203436902247e-01
2.498777045383699935e-01 2.001079098396009837e+00 -8.027075755058297180e-01
5.692196358919399124e-01 2.122903960503589982e+00 -6.952018352874300700e-01
5.713772546869200220e-01 2.106639893725830159e+00 -6.767795634157500739e-01
1.035725231505860489e+00 1.641954637512089477e+00 -1.390904163759049572e+00
-2.606166037968695726e-01 2.352308684700190167e+00 -1.053780306883970619e+00
-7.880993979525996451e-02 1.992554828693900770e+00 -9.717523369094400731e-01
-2.909904945747796567e-01 1.879371768605019977e+00 -1.186616399720840098e+00
-1.203162815612599523e-01 1.805856936791680134e+00 -1.046419359757320366e+00
1.223576994975599241e-01 1.579368923594360208e+00 -9.069161568174199939e-01
2.023376209448803920e-01 1.768522819410939917e+00 -7.520232600109200138e-01
6.528750391691695576e-01 -7.186224630486899301e-01 4.282489276647070575e+00
-9.143324594313697595e-01 -3.068563351007991269e-02 3.535973620818300134e+00
1.700774562848699212e-01 1.867149659350390234e+00 -6.942059361178107846e-01
2.773855545517296406e-01 2.191597288455550352e+00 -5.857308172500299559e-01
2.347693997927402521e-01 1.938262639556449951e+00 -6.900397157487903055e-01
2.264026432137598022e-01 1.945149489146880128e+00 -6.765636367470400092e-01
5.206399005057900098e-01 1.928033316228810801e+00 -7.533187805450507479e-01
-9.950067503538972957e-02 2.221705129247109944e+00 -6.995197253083704769e-01
7.237826959952030847e+00 2.352813641048849824e+00 -6.754066942905299076e-01
-3.394318462007999138e-01 1.683589273488609983e+00 -1.279155043923310808e+00
-2.717881011619898146e-01 2.478185950601270449e+00 -1.011696222236330156e+00
-2.463600879560998713e-01 2.325815996865970181e+00 -1.440474073210870509e+00
5.030050180401701709e-01 2.218780736637029793e+00 -5.428339278965499393e-01
-1.531611925859199808e-01 1.701690362822129821e+00 -6.114000440163100958e-01
5.314800416658496118e-01 1.669520743756789827e+00 -9.697398365180898150e-01
2.762106128586405696e-01 2.125890970655300194e+00 -4.395403030014402024e-01
5.691094059326102794e-01 1.481646294325710045e+00 -8.175365499184696905e-01
-1.394334701846200453e-01 2.253900991340530346e+00 -7.119241353784098170e-01
-2.082621993163997764e-01 1.854009360587680177e+00 -1.258239981826980491e+00
5.447773173781103040e-01 2.065413823778210034e+00 -6.111187763071701529e-01
2.068869300541904543e-01 2.457039816178320457e+00 -1.047356691384160099e+00
6.377037206991669649e+00 2.286080541992219217e+00 -6.800318727017400366e-01
7.184983648652032429e-02 1.897661294866769932e+00 -8.488405695362895020e-01
1.481387530786300033e-01 1.423042864550180475e+00 -1.012953564882560498e+00
-3.215753434026193958e-01 1.971912945747700263e+00 -1.131393888662580283e+00
-2.169331031109096308e-01 1.908570483610780411e+00 -1.219810958296420944e+00
-9.827979711388978856e-02 1.582723269974460223e+00 -1.048373822016219981e+00
3.300034208522006907e-02 1.528701059000960427e+00 -8.460852061165804461e-01
-1.025677075931249904e+00 -3.088265182443500345e-01 3.176773204455950239e+00
2.460079563309398587e-01 1.413163118842750254e+00 -1.015778932413090141e+00
5.972717396860428352e+00 2.032536957561869695e+00 -3.852622020114500057e-01
-2.966571108832298798e-01 1.832696532884670493e+00 -1.236427786201190093e+00
5.667844145764158625e+00 2.164371912029110057e+00 -5.305145856913699998e-01
1.119745438389800896e-01 1.523183130285589826e+00 -7.508296587042704306e-01
5.259455198414002552e-01 1.666398911099420399e+00 -9.040944584585204336e-01
7.269733218705360045e+00 2.054327056234910298e+00 -4.300754337322707510e-01
1.969293326182199877e-01 1.495017937274800257e+00 -6.329722590578195085e-01
-3.431607383692800717e-01 2.665702197035420440e+00 -1.034042719493039941e+00
5.988424248739629974e+00 1.999408843730859253e+00 -4.058118146150395678e-01
4.183355385358997758e-01 -1.376343086408640115e+00 3.968953720581740008e+00
-2.663668779740198111e-01 2.422375630636790067e+00 -1.032188787159570742e+00
-2.398548182723496680e-01 2.505260819120160409e+00 -1.711923888126060556e+00
-3.390702835283199157e-01 1.965795419898570540e+00 -3.570100688955502033e-01
-9.752601878420952275e-02 2.933046953924160150e+00 -1.689132465729701105e+00
5.236997076043691024e+00 1.465306007811429723e+00 1.591536704682299241e-01
-1.315300379126296271e-01 1.441760981046249945e+00 -8.485738898148700304e-01
9.758680628458016315e-02 1.911470315039430101e+00 -1.266946974623209821e+00
8.790114037751006748e-02 1.892825136941330033e+00 -1.261696238378089641e+00
5.179687815380070504e+00 1.838909125701739811e+00 -5.018047844342599095e-01
-9.811818928749098667e-01 2.837034064874569772e+00 -1.427285961401709935e+00
1.585535526245150262e+00 -2.055287543920600868e-01 2.675873414497260239e+00
-1.654423652359295893e-01 2.318414412995410068e+00 -9.896224930785300078e-01
-2.030888444195295683e-01 2.439965389486660641e+00 -1.080229769883880087e+00
5.109448306857810707e+00 2.012018397773420286e+00 -8.812855044176803876e-01
5.847014265142188805e+00 1.937207358879159180e+00 -1.174855533293499787e+00
-2.152892929145702183e-01 1.933115172170550178e+00 -1.368508010355230065e+00
5.559005988120899744e+00 2.102168534862079774e+00 -4.224241264472807789e-01
6.756017125193260142e+00 2.979891260463249480e+00 -1.453811710813010416e+00
1.657897622932640314e+00 -2.571055357322501456e-01 2.557919620813509987e+00
6.509091219855699606e+00 2.570110053530579641e+00 -1.078063985439879913e+00
-9.853933433057699975e-01 2.551307412838069943e+00 -1.118450890609050008e+00
-2.895964934047099426e-01 2.195268116780860090e+00 -1.479833127486900102e+00
5.027803963033189660e+00 1.777650840956270351e+00 -1.318302371119102201e-01
-4.080831196885397194e-01 -9.416475596433993012e-02 2.484845469174280286e+00
5.064094067110300301e+00 1.967906382016719746e+00 -8.538310322283202414e-01
5.500127036292308702e+00 1.872626645658510114e+00 -3.124708789669703446e-01
4.256487686079010402e+00 1.219902236492830028e+00 5.380805651941098500e-01
4.093664883464001036e-01 -1.382134131836239899e+00 3.961974496459140127e+00
5.373752996679529659e+00 1.631517320919019909e+00 -7.570444450560998018e-01
-1.277177621733109891e+00 3.213196879591410315e+00 -1.693163860563650980e+00
-1.241488905015639688e+00 3.279143301373690811e+00 -1.869196236998750704e+00
-1.270446119415019837e+00 3.152566597971159901e+00 -1.626795909243340832e+00
2.095463910036601263e-01 -1.128500563011309854e+00 4.067304933677149847e+00
-1.223987088973359949e+00 3.221463999314429394e+00 -1.794676633138269972e+00
6.020002577116221332e+00 1.506302059379069469e+00 -1.327506320360089864e+00
5.045148900400208802e+00 1.691981057339729588e+00 -9.920329067165909454e-01
4.962030074040599814e+00 1.656907580340660324e+00 -9.151983543451598369e-01
1.602344581864900697e-01 -1.078311945080050016e+00 4.086166575205410822e+00
-1.241867623761359951e+00 3.231204378682689615e+00 -1.814601008926229886e+00
1.701364593306000650e-01 -1.150441177060580022e+00 4.041909820303379419e+00
