-4.161996101132403592e-01 -1.481722051748399771e-01 2.478018076135799941e+00
-5.020449158151003566e-01 -8.307249661444799926e-01 3.691160074981929995e+00
-5.020449158151003566e-01 -8.307249661444799926e-01 3.691160074981929995e+00
-5.036204875625702737e-01 -8.323323805533701103e-01 3.690168096505849871e+00
-1.876346938293402822e-01 -1.880867233139200678e-01 2.601595598952779920e+00
-4.943941756101466467e-04 1.417378485199497495e-01 2.043353368044490193e+00
-1.938222453628299924e-01 -1.278001969926990000e+00 3.906411253169160602e+00
-7.197650941918301015e-01 -6.919926801477900291e-01 3.389195797540759614e+00
-5.850595160634401992e-01 -3.295557240904000151e-01 2.872255425528559947e+00
-2.149962364836701667e-01 -1.247092762024349932e+00 3.737234010021579955e+00
-8.865781022400209821e-03 1.463841573245597827e-01 2.020622792265689860e+00
-3.271991996287200166e-01 -2.937198834505799772e-01 2.773417352302760097e+00
-3.402897425862305703e-01 -5.507973711486302548e-01 4.152974326588200427e+00
-7.178669880194101793e-01 -6.940781849199700870e-01 3.389805383414260298e+00
-2.437934993706001308e-01 -1.424809504907780244e+00 3.768503323349479572e+00
-4.608633253705700650e-01 -1.411964777082970190e+00 3.496902814757100408e+00
-2.142004436779494370e-01 -1.109333917948289949e+00 3.829073156101340025e+00
-2.140673479747898789e-01 -1.109113832084290152e+00 3.829323730469199383e+00
-3.681232007231702852e-01 -1.328350874714810059e+00 3.610702065484789891e+00
2.417940140021013207e-02 2.197295044984992618e-02 2.056016180007560035e+00
-2.178096012982200236e-01 -8.595948283091801034e-01 3.993490559943059459e+00
-4.623628191611002247e-01 -1.411995562277480021e+00 3.497435751137530247e+00
-2.191690819389799927e-01 -8.563463831111199909e-01 3.991807024592540110e+00
-2.143004386724500776e-01 -1.110546052536330208e+00 3.829387651281879634e+00
-5.124118120886900218e-01 -8.365415927683299557e-01 3.693391557902990119e+00
-3.883146845792802004e-01 -9.367056756046199251e-01 3.848132273777889800e+00
-2.200085185870905846e-01 -8.620370812983699782e-01 3.994868729240179661e+00
-5.009650766254205578e-01 -1.444505782240800063e+00 3.415925148106980114e+00
-1.024781649456101285e-01 -9.791539080035900344e-01 4.152024927903029905e+00
-3.926368812399601005e-01 -1.076617073290999871e+00 3.768142206617540069e+00
2.319112385644972463e-02 -1.164588931033169850e+00 4.094818581409570335e+00
1.216833623864199687e-01 -1.024199236130739932e+00 4.218902778717110280e+00
1.914173341734937139e-02 -1.269922213735230176e+00 4.031597179656380092e+00
1.071615623312998089e-01 -1.302768278702759908e+00 3.874569435468909973e+00
-3.715966164982802411e-01 -1.493403994194419937e+00 3.453794185727590005e+00
-4.288361184357700751e-01 -5.814870766905100297e-01 3.308841235958140281e+00
4.831491880743801204e-01 -6.717159459001200705e-01 4.421416746833700451e+00
-3.443098762087903886e-01 -1.386437542502470199e+00 3.533581984503180173e+00
1.806527699569970835e-02 -1.271295838567859882e+00 4.031374969851509782e+00
3.816733387677961886e-02 -1.236621118160380117e+00 4.056854938872810123e+00
-1.754899378348051542e-02 -1.129348595825059975e+00 4.099211235243730655e+00
1.644308520281922981e-02 -1.271472076100899962e+00 4.028242260682920239e+00
-1.734519685650015575e-02 -1.127277209208000119e+00 4.099578934494549465e+00
-1.104555356001903910e-01 -9.607472515808701541e-01 4.157777299700080142e+00
7.655575692742955241e-02 -1.202472025283189971e+00 4.103683475581370033e+00
2.179598766096102480e-01 -1.362443393545770043e+00 4.065283244554979802e+00
-4.040495044725100904e-01 -5.851010046054700986e-01 4.098349378749910343e+00
-3.983208265420801197e-01 -8.330946528241800486e-01 3.934078240430399553e+00
-1.049527666281502292e-01 -9.723858745405300485e-01 4.157262653061680524e+00
-3.800595558082902059e-01 -1.481175506806350128e+00 3.449088629799110350e+00
-2.669668933860336324e-03 -1.078830227429619981e+00 4.139832077927409593e+00
6.211555683099945213e-03 -1.072328855668440051e+00 4.141945267790090313e+00
-1.810358431627001607e-02 -1.017382020873490056e+00 4.165603152815670285e+00
1.478210231879799608e-01 -1.295729722913880000e+00 3.834238149873259616e+00
-2.184003892524204460e-01 -1.004584783840180240e+00 3.893169609247660645e+00
-1.922040516824052858e-02 -1.127481171511980129e+00 4.099614812153389742e+00
-3.982581368427700053e-01 -6.952249048674700171e-01 4.025220986185349403e+00
1.210317240821199292e-01 -1.329457620133579931e+00 3.953188259354949885e+00
1.280672652852894444e-01 -1.313716007382109918e+00 4.051608883349449464e+00
-2.600139756994046536e-02 -1.226373038495960133e+00 4.040641802123769999e+00
-1.858467752941499462e-01 -1.284002173891070075e+00 3.940802303755670088e+00
-1.883804267581901115e-01 -1.282942519820370109e+00 3.940577106489880244e+00
-9.396112540110002076e-01 -8.019493947254201505e-01 3.683877187060569991e+00
-5.387636318138202540e-01 -1.343610382156540162e+00 3.437308154739270094e+00
-2.457155039953602405e-01 -1.299721778421000229e-01 2.391290332650489958e+00
-2.572520259629298423e-01 -1.311199938287509914e+00 3.532734916243380319e+00
1.202068904530402271e-01 -1.276632926480000041e+00 3.776154257655240265e+00
-1.838402983682301262e-01 -7.390378392776899563e-01 4.190451975123060002e+00
-9.728733118921599754e-01 -2.225231583693999537e-01 3.071795850333140177e+00
1.273002785123700242e-01 -1.318963129010069846e+00 4.048986346431689753e+00
2.150012577584696771e-01 -6.745389993178501076e-01 4.474895022956119739e+00
2.193279198083595283e-01 -1.366577328817200065e+00 4.058669487439810375e+00
-6.093573338110001014e-01 -6.511223282790801203e-01 3.216403549593430000e+00
-6.714378091474701993e-01 -7.884762324233901554e-01 3.650368000632420173e+00
-4.574512143154401134e-01 -1.484832171064480066e+00 3.389848525244440136e+00
-7.847779169296298374e-01 4.900299719816991750e-02 3.531899538852150133e+00
8.781995026027988871e-02 -1.305786360707560156e+00 3.880855747737790296e+00
-2.527731611134198531e-01 -1.306964619584320086e+00 3.528469415145849997e+00
-4.031035003090801538e-01 -1.516059879966719759e+00 3.360340089851439949e+00
-4.126528481408702209e-01 -1.697991271601700936e-01 2.511070784419800361e+00
-5.229268451595698863e-01 2.626604096049499626e-01 2.353593879546330037e+00
1.454142538948297592e-01 -1.327640476677550030e+00 3.928664642711430233e+00
1.350622652077295704e-01 -1.296117834044530071e+00 3.834039965733859745e+00
5.599660827228900573e-01 -1.066209310648309927e+00 3.699756190428449720e+00
-1.726731583050256091e-03 -1.017009151899969988e+00 4.169878104330470237e+00
-2.012654960086024403e-02 -1.284553046182100200e+00 3.898693828052490318e+00
-9.479108997774601253e-01 -7.900558458559200359e-01 3.691123539648309748e+00
1.237306917693894448e-01 -1.289035293036130181e+00 3.864274184885220009e+00
1.178641309658896574e-01 -1.017827629372450193e+00 4.225446002923040290e+00
-2.317180619715699663e-01 -1.412863467481229929e+00 3.765195517284510185e+00
-3.380727795249298673e-01 -3.170412831157500833e-01 2.783744308787119870e+00
1.750205147143399920e-01 -1.330411124159559977e+00 3.968710585901599863e+00
-1.089868177044750253e+00 -2.432699772461700549e-01 3.431192135220570094e+00
-6.705189697068603127e-01 -7.940108101059799584e-01 3.651405319394969595e+00
-2.642065950728023083e-02 -1.006822695355700015e+00 4.165475239367020244e+00
-6.094840455959982251e-02 -1.047572546155719930e+00 4.130476946885970335e+00
2.194601126230999455e-02 -1.264585380221769917e+00 3.877517000301679673e+00
8.632446666785975609e-02 -1.144741639357020002e+00 4.134950216634679876e+00
-5.976239473849200845e-01 -6.149818035074600120e-01 3.186966985599489988e+00
-7.939791023608602227e-01 7.212992324659994736e-03 3.548766083399880422e+00
-1.092386859258500209e+00 -4.252149718763997832e-02 3.477746674552039785e+00
-5.702917244236402894e-01 -3.635937044488002368e-02 2.247381812075840202e+00
-3.826965825801704746e-01 -1.131235608150100713e-01 2.513456813465940076e+00
-3.564149473409099489e-01 -2.431750894181100575e-01 2.615030932493750182e+00
-2.646713421743607242e-01 -2.689193285073600004e-01 2.650324374610700140e+00
-5.196420030944501889e-01 -1.278735865452990117e+00 3.463285487152790054e+00
-2.477597634100301427e-01 -2.326646715122901998e-01 2.606077227330859891e+00
-1.501845668787100685e-01 -1.477381356652230027e+00 3.746577348013770514e+00
-5.238330774937001166e-01 -3.813774428074001577e-02 2.302299027180590318e+00
7.152208950053973169e-02 -1.238278986478420052e+00 4.073937233300759964e+00
-3.891197369887497981e-01 -1.186373738166770053e+00 3.685171231518570067e+00
-1.079399056544900759e-01 -9.272257568722899190e-01 4.184669109976050017e+00
7.684404297200009282e-02 -7.274797275520801243e-01 4.161521758617929834e+00
1.199216776668299289e-01 -1.008239899169889986e+00 4.232235855850819739e+00
6.367642980269483388e-03 -1.311427000253630126e+00 3.748111091406300055e+00
8.995660666088012292e-02 -1.276538464365079895e+00 3.831929940969460269e+00
-3.999363195322100939e-01 -9.955932690077100577e-01 3.805349619704050390e+00
-7.511801367039703248e-01 -7.068364027249500747e-01 3.323502691254729857e+00
-7.744646562279098312e-01 -6.731855435667299936e-01 3.292534886827520157e+00
1.059568933919599054e-01 -1.287572780523240201e+00 4.059400273697750805e+00
-2.138366295868898703e-01 -1.355198503149349865e+00 3.659304123686560217e+00
3.859914570522997579e-01 -7.586106410061800309e-01 4.515513047267980085e+00
5.231729799388102897e-01 -6.749940394276701117e-01 4.347473325672130073e+00
5.062623190702897347e-01 -6.771460847231700608e-01 4.384304085625310599e+00
-5.702140061265801307e-01 -4.324284781886000850e-02 2.247978854173529939e+00
-5.391155606253799082e-01 -6.891573741703993505e-02 2.349731258723010363e+00
-2.326454029375399912e-01 -1.024552389615140058e+00 3.909571265113350513e+00
-5.843066638395200130e-01 -7.529535972860001980e-02 2.270835782229680078e+00
-5.185627122614002715e-01 2.624650156480600183e-01 2.438947170320640012e+00
-2.210597278292025791e-02 -1.277757764703800758e-01 2.441703441258660234e+00
-8.036437916749994415e-02 6.405461986929983365e-02 2.019746027071350092e+00
1.190404525819501735e-01 -9.643316320832100441e-01 4.256556536506610477e+00
-7.084889465381498663e-01 -7.139869053805900645e-01 3.337876967252290328e+00
-6.456092342268298090e-01 -6.207547240195500082e-01 3.349792358557520444e+00
-8.369705804143301453e-01 -7.029368857031300655e-01 3.409725456792149778e+00
-1.158557333422600699e-01 -1.143082592059520008e+00 4.049748851555159845e+00
-3.907618430083701355e-01 -1.191423752884489984e+00 3.672708690219469663e+00
-1.799171139213502357e-01 -1.280287557299109924e+00 3.950818409527060204e+00
8.199984803084969798e-02 -1.282499467852030062e+00 3.837667099194730369e+00
-1.733346842841498869e-01 -1.274128714356429937e+00 3.945076144483030234e+00
-3.902840335191399834e-01 -1.065398115323020090e+00 3.775859940709580087e+00
-7.887298767566601754e-01 9.602393619765992039e-02 3.522156367469429838e+00
3.618595541323998965e-01 -3.767772868414200893e-01 2.739786855346570071e+00
8.121948956263200792e-01 -3.291507154567001603e-01 2.847954205159520136e+00
-3.995786348863097359e-01 -8.318110955656701222e-01 3.936341324349860393e+00
-3.991165324083802979e-01 -8.271809833671599499e-01 3.935052363170280287e+00
1.174281034457695938e-01 -1.012087605058510142e+00 4.221617596367630121e+00
1.665285882863400069e+00 1.713624987344639194e+00 -9.612273851363892785e-01
1.551556233403069474e+00 2.232736082468089744e+00 -8.336337286463695317e-01
-1.050225055439404365e-01 3.473647892203398646e-01 1.733930359617970041e+00
9.064323282946800120e-01 1.345308377517199894e+00 -9.044134713751701415e-01
1.576000840864389740e+00 3.523598528250589279e+00 -2.955233091646300103e+00
1.565532877464569594e+00 2.255552536769169780e+00 -8.485051358246000763e-01
9.552771352132896077e-01 1.783223036499609560e+00 -7.361194342581194316e-01
9.312999121709601980e-01 1.382102252806499898e+00 -9.683178259175397873e-01
4.353363985606999442e-01 1.138039202524559812e+00 -5.818342702292091939e-01
2.876483509648952719e-02 6.994835396784992998e-02 2.007778182567140135e+00
2.225657597128498644e-01 1.781335069446649655e+00 -1.360895473395849598e+00
7.362756703163695349e-01 1.634473153932049616e+00 -6.522282615768795200e-01
9.592612401897500085e-01 1.788225276453749846e+00 -7.729145478844003936e-01
2.926571597806595371e-01 1.882046006342739553e+00 -1.323410426660780237e+00
7.365157396392096878e-01 1.621404300062149861e+00 -6.409385548129902244e-01
1.461024836329139820e+00 1.918971815266619974e+00 -1.108877185340429561e+00
2.152925866934896071e-01 2.429365494335609554e+00 -1.118551269522719993e+00
6.552389825097599818e-01 1.428982658752159907e+00 -6.810095116064502907e-01
-1.355305486381901403e-01 -3.015355537389500240e-01 2.606229283259359875e+00
7.210439880273895596e-01 1.566056689579890193e+00 -5.975746948854994134e-01
1.578966262570570045e+00 1.778023562750089770e+00 -1.171393615256319132e+00
3.496813063314898606e-01 1.834334244820249538e+00 -9.987251846984597226e-01
6.893810602746599514e-01 1.983153272887359986e+00 -4.448000032013992300e-01
1.584971026665895621e-01 1.669715586960449638e+00 -8.770123979935950942e-02
5.617231619381595209e-01 1.725418847188179505e+00 -9.998077417457695848e-01
2.021681248634994432e-01 1.899946896066779800e+00 -1.264613600998780063e+00
6.735119967792697615e-01 2.091414650553969690e+00 -4.115273257687499520e-01
8.663529434528700612e-01 1.899008551073949835e+00 -1.040218085120729663e+00
8.915197519181409902e+00 2.222155187029590362e+00 7.532722443220229991e-03
2.161650157629195768e-01 1.943890508645479631e+00 -1.388710161952609434e+00
7.693365495384698605e+00 2.123596928015079488e+00 1.112615025067194008e-01
8.842379653246990046e-02 -1.156790392906549947e+00 4.124308937935370345e+00
-9.676804879528302372e-01 -1.947041407712700734e-01 3.044794263284040348e+00
2.124854602984700414e-01 1.934397153774729983e+00 -1.301797323330109668e+00
6.368993186775210091e+00 1.791437228825029759e+00 2.512227653971805807e-01
2.921695208853498649e-01 1.869072412379729986e+00 -1.289158381558079602e+00
1.886816974114999823e-01 -1.268922215509060036e+00 4.105951303256859752e+00
