-6.587918197392996777e-01 -6.707416167239199645e-01 3.438664321856260031e+00
-3.260921102694198659e-01 -6.396289910534399548e-01 3.347265076899049951e+00
-3.008051819700496843e-01 -1.445037913096019810e+00 3.421303923038780059e+00
-1.295576855704401176e-01 -5.932983506315401279e-01 4.081540019197909430e+00
-7.192680872824797067e-01 -8.452675314447899435e-01 3.785416864674330029e+00
4.288124638182022608e-02 -6.113559889406200432e-01 4.139996700930690388e+00
4.409421078142017336e-02 -1.351724907618990112e+00 3.616481853934789825e+00
4.012282439667025358e-02 -7.563355525836200632e-01 4.009165085906159831e+00
-2.841326713702900797e-01 -3.635766452130800852e-01 2.871470203993689907e+00
-3.814979762901198335e-01 -2.196464878240600438e-01 2.537396194478029887e+00
4.415701193305032746e-02 -1.244886519588739748e+00 3.687359186458190052e+00
7.847680120171007800e-02 -1.075161547379590132e+00 3.932990788110499736e+00
-1.277057518883895071e-01 -6.932170955538199397e-01 4.004530352956219730e+00
3.707457798997015885e-02 -1.012136626092430047e+00 3.841080173868919978e+00
4.297353225462030579e-02 -1.644798816917679929e+00 3.584170977912960243e+00
4.441331963403203353e-01 -1.271410945882289978e+00 3.935864129473510165e+00
3.515164617869803720e-01 -1.160494067276500063e+00 3.992794299117859769e+00
3.018102494381702527e-01 -1.142923505757559965e+00 3.991358053387410010e+00
-5.105410729046098162e-01 -7.194180210903300399e-01 3.423127475426670063e+00
-1.328892629546096771e-01 -9.473973455746800276e-01 3.837995928453629801e+00
-1.285955313275994882e-01 -5.924634553025399653e-01 4.084121500313520059e+00
5.162666763738021913e-02 -7.438864556553199670e-01 4.019836479996450329e+00
5.010522168420017408e-02 -9.916321741284599423e-01 3.853820753886600059e+00
-2.762201088464699694e-01 -8.430674749737500084e-01 3.701599480287540267e+00
-1.340194878758995678e-01 -8.334679895089400770e-01 3.925585941451860350e+00
6.146407361723005280e-02 -6.042546871649598916e-01 4.108426780404609957e+00
-2.776182751784697089e-01 -1.463486513156909918e+00 3.428854817453040216e+00
-3.000956867616597634e-01 -1.444076740629769873e+00 3.420548394672509929e+00
-1.342104057388100458e-01 -1.191138269544639972e+00 3.671396802386869940e+00
-3.990391809108300158e-01 -8.991641945936400537e-01 3.812502200365590177e+00
-6.257500266886497631e-01 -7.186492424887400698e-01 3.426494623592879929e+00
-1.304440588271300605e-01 -9.484566932612500390e-01 3.846084657409309937e+00
8.519859251480355056e-03 -1.099724413126839995e+00 3.717552976145050092e+00
-1.337353493015598360e-01 -8.274343099375700561e-01 3.913176645883730043e+00
-1.335441201087994578e-01 -1.093507969286769965e+00 3.753799076899090092e+00
2.454597922362800055e-01 -9.477741417403799939e-01 4.089384085220109988e+00
4.911514116815300923e-01 -1.288249971401199900e+00 3.847922679661480050e+00
-1.283660660627199412e-01 -8.405848766803700745e-01 3.920094806168289647e+00
-1.369297026719098476e-01 -1.089981101846589917e+00 3.754747169550450181e+00
-2.481273052267951584e-02 -1.273637402042639977e+00 3.654843119649770156e+00
1.180157219761404086e-01 -1.264515384043660040e+00 3.885242803974580106e+00
3.004568182538802645e-01 -1.036105193398660029e+00 4.048928868684230409e+00
3.363893709843601698e-01 -1.070553247276760045e+00 4.035103652567279653e+00
2.050218652394599772e-01 -1.003707005666780061e+00 4.051305490905940054e+00
3.235934603781402963e-01 -1.241862575264579993e+00 3.937122696986210091e+00
-6.283803390753097684e-01 -7.642379900874400889e-01 3.395567380456959938e+00
-3.939266942128982762e-02 -1.054953008760589839e+00 3.796713419461910100e+00
5.982008869442045906e-02 -6.070993029291399390e-01 4.108429514642740088e+00
1.795505758485997916e-01 -1.247889449574010046e+00 3.905193531040190180e+00
-1.432002828852199094e-01 -9.100984188492100557e-01 3.855556942702880185e+00
5.143584135886980491e-02 -1.098622064295630141e+00 3.783624829952770163e+00
7.081940521218976770e-02 -1.012002140181610166e+00 3.949278029102570198e+00
-1.279835522234598066e-01 -8.439750364625799861e-01 3.918033237716690209e+00
-1.266620589300999633e-01 -6.908797887244200187e-01 4.002666893151189953e+00
1.812932068330801449e-01 -1.248080370409309747e+00 3.906646703273700005e+00
-4.334289974737197682e-01 -3.946242394091099559e-01 2.987947399992149755e+00
-1.221231542478196097e-01 -1.336234954495350014e+00 3.604921420478810035e+00
6.377044428669975673e-02 -1.646177942827650176e+00 3.585601807775749883e+00
2.010452566117102435e-01 -8.832451492257000769e-01 4.109071870263940163e+00
3.085023181864103847e-01 -1.004775522125089804e+00 4.067792684226399835e+00
3.268127072749802409e-01 -1.011345416524600083e+00 4.073277185541479994e+00
3.442768801674902512e-01 -9.925682657213998894e-01 4.085010352399289779e+00
3.594981415374802758e-01 -1.072723846290840166e+00 4.036273976242659600e+00
4.190120336373701626e-01 -1.262815849412910030e+00 3.768536878388539790e+00
3.828464302318046464e-02 -1.648949169489869693e+00 3.591169237519010071e+00
-3.144343398744986473e-02 -1.456567794658199855e+00 3.430709256174970356e+00
-2.773945682226299780e-01 -8.380384890755400162e-01 3.816061107137969977e+00
9.474897216455024918e-02 -1.268842377276670152e+00 3.815795687145909998e+00
-1.311705193095797917e-01 -1.326675501002930080e+00 3.584750756223620272e+00
3.527140817469405221e-01 -1.156425563978879856e+00 3.993552328877449931e+00
-1.309191038193997514e-01 -9.647538204278399698e-01 3.834384046251340106e+00
3.848446573117798586e-01 -1.208270017992570278e+00 3.972162602834759859e+00
2.539002722247301058e-01 -1.019309630491799901e+00 4.051812790855709778e+00
4.058148140255206648e-01 -1.181627142120890150e+00 3.977206662097340306e+00
2.962115463283900851e-01 -1.102363292328260025e+00 4.010608756330849900e+00
3.319562989843296563e-01 -1.118714651918039982e+00 4.006485531352909746e+00
4.780444043941201038e-01 -1.284439514347510247e+00 3.852531095994990107e+00
-6.191665798277989907e-02 -5.564861209870600733e-01 4.127927941382610655e+00
2.932739992353403657e-01 -1.207139219399729901e+00 3.949293556352119872e+00
-4.306984860453395569e-01 -3.924645162347200067e-01 2.981645731612899919e+00
-6.543554900975698807e-01 -6.773892014179900833e-01 3.439546190492670075e+00
6.881145114095987836e-02 -1.215389050445680130e+00 3.883128030573780087e+00
-1.062109388211798233e-01 -1.323186643827620079e+00 3.597595771237010354e+00
-3.708204508501196095e-01 -9.198008993951098944e-01 3.846914652408360169e+00
2.937888511305399852e-01 -1.101374626786739919e+00 4.011231920294539677e+00
2.745224714330700699e-01 -1.190053443801779798e+00 3.957906360373950161e+00
3.487791543328202515e-01 -1.205416297293320227e+00 3.961628293123229838e+00
4.224705823986201203e-01 -1.247959007349779936e+00 3.948901004781010027e+00
3.021481530896101830e-01 -1.147363550686939959e+00 3.997119837148349841e+00
3.111886148755300674e-01 -1.142086417895350037e+00 3.995433566941549941e+00
4.099606308445968850e-02 -1.644840649934729893e+00 3.583752279367120153e+00
-1.279755460566103231e-01 -6.989651098836501264e-01 4.009707222767469936e+00
2.974605124574805082e-01 -1.103523468794799900e+00 4.011474806682739924e+00
4.315217153582602272e-01 -1.182279926983540008e+00 3.986528278070350151e+00
-8.779715729360004772e-02 -1.401120184789620193e+00 3.504604325660450215e+00
4.454749047076602686e-01 -9.196870773834600055e-01 4.140818013605450432e+00
4.187797452317001401e-01 -9.464544097313201121e-01 4.142880466217169655e+00
-1.181493358397798232e-01 -6.810820135492299254e-01 4.015113526334260108e+00
1.169542695504701690e-01 -7.205971968728800414e-01 4.134597261193579953e+00
3.909172481523599529e-01 -1.169554003619230009e+00 3.989176982354579959e+00
1.033417685322199908e-01 -1.479314474652559941e+00 3.696828629963019974e+00
8.353762605981205347e-01 -5.914190748667700337e-01 4.159387610945589842e+00
3.655776325361399515e-01 -1.018647155202210275e+00 4.066887259117559772e+00
3.671267933321300525e-01 -1.050734454159730102e+00 4.050773156980360667e+00
1.993575199327501934e-01 -1.007109696840080115e+00 4.047196471465769996e+00
4.160641964657600944e-01 -1.236881899721439693e+00 3.953576336563929594e+00
2.273204497063905372e-01 -9.573724551436998409e-01 4.092560811819350164e+00
4.379046688498799966e-01 -9.712343925663400324e-01 4.114881270934890090e+00
-2.345668759227899081e-01 -1.496486333151699988e+00 3.417456021548220146e+00
4.569116088416405042e-01 -1.302589084538179787e+00 3.894614422548330346e+00
4.506437939203200571e-01 -9.106465343039100713e-01 4.137697135251990233e+00
-2.262078565669396468e-01 -1.426921216062069675e+00 3.501710780494490027e+00
2.897272920715900923e-01 -1.197218537567339869e+00 3.958570445896909984e+00
4.037593637237200106e-01 -1.107023251620040227e+00 4.026741146115409897e+00
3.824458447921501580e-01 -1.204665612162159949e+00 3.967013841263010043e+00
-4.351344922565898443e-01 -2.296212166529201237e-01 2.427587114201870122e+00
4.147429667357798166e-01 -1.185091143267390068e+00 3.988540646026789815e+00
5.305720969543705756e-01 -1.306718300792529819e+00 3.935766191121579993e+00
2.699994141614703302e-01 -1.217313528652349763e+00 3.697994670838499864e+00
3.793813958520098062e-01 -1.017465687595679791e+00 4.074585097823570479e+00
4.132532332150704590e-01 -1.298741979687309867e+00 3.850886466751930026e+00
2.694563189279199911e-01 -9.493655702118599660e-01 4.098107192523739783e+00
2.098669690642602781e-01 -1.017162983867039960e+00 4.142988413193229746e+00
3.624087484695701633e-01 -1.225017890619750194e+00 3.674163021007609942e+00
3.718498046205707119e-01 -1.116694058631019892e+00 4.012236474882380222e+00
3.296139320105302417e-01 -1.145521941388299991e+00 3.993144067576510192e+00
-3.615690911342599456e-01 -1.413328416739109805e+00 3.342806576508950300e+00
4.158966814524904798e-01 -1.293818880552420003e+00 3.853678288188150169e+00
1.055830965421207246e-01 -1.499714892021709822e+00 3.682093640745629948e+00
1.144134435251200621e-01 -7.499195026298799416e-01 4.114266189108020555e+00
6.411565865734036862e-02 -1.150965254774369839e+00 3.401795945185639880e+00
5.917805522211017077e-02 -7.384174803190999281e-01 4.035503259621240346e+00
2.667735614755901707e-01 -1.241127076126239848e+00 3.806985739170499983e+00
-5.699213518441199611e-01 -7.808871931313799974e-01 3.410616203359770005e+00
1.059195900270304413e-01 -1.474873658810779808e+00 3.695120857987889806e+00
4.151612427874700195e-01 -1.161472987177469829e+00 4.002353186347390235e+00
-5.042433038815798962e-01 -7.250989732914300268e-01 3.377460469129440312e+00
7.186636257996026345e-02 -1.557647422641049939e+00 3.643984885086750225e+00
-8.844101958426999754e-01 -4.085190888768700512e-01 3.103986033126640010e+00
4.022790967704401588e-01 -1.186152552220049783e+00 3.981534808578620410e+00
3.410999498790401319e-01 -1.183740710848480093e+00 3.971179256204779850e+00
-4.792466425388899331e-01 -7.081254427305501142e-01 3.279879596239759998e+00
2.507812666108977240e-02 -1.297760965629429997e+00 3.650010230913129927e+00
4.029995128149010952e-02 -1.251650737527640000e+00 3.701574609275850136e+00
1.051635951776397349e-01 -1.499621420227319923e+00 3.683995661115869957e+00
4.220514656935101527e-01 -1.289102827164600118e+00 3.842026146265749897e+00
9.158883028289999118e-02 -1.529783533654689887e+00 3.685143908307780158e+00
-1.280709380508100459e-01 -9.628650787781799503e-01 3.828152553635590039e+00
3.744547157655899738e-01 -1.221542450374980104e+00 3.960728152623420151e+00
-3.398469137632798009e-01 -8.865907386579998661e-01 3.780606839188980217e+00
-2.554001038808797475e-01 -1.488826287721899844e+00 3.327992646491920059e+00
7.144952791520400304e-01 -6.508351932985600996e-01 4.142317038210330260e+00
4.931859968914986680e-02 -8.495260184903701273e-01 3.951417015715749770e+00
-1.494788250476601910e-01 -1.504063252748879975e+00 3.304279581920329889e+00
4.843897599710000890e-02 -8.500350379535400736e-01 3.952958244562689849e+00
1.136921828151402636e-01 -7.629185924947099462e-01 4.128231997557829658e+00
5.338609326756982298e-02 -1.661874450243010060e+00 3.606137936466920380e+00
3.252485411886603117e-01 -1.240209566023189769e+00 3.936049678213080050e+00
2.887544490193900693e-01 -1.173211601221230138e+00 3.970364600036000002e+00
5.573965889310983357e-02 -9.818490179749199687e-01 3.869309692567580061e+00
2.524980071960096772e-01 -1.019941511041099869e+00 4.050539131444889307e+00
3.713311262367104959e-01 -1.166463106107909820e+00 3.990735567565490083e+00
2.879406389452299209e-01 -9.781986299877400981e-01 4.080535296266059930e+00
3.909790798641301635e-01 -1.308976457725509857e+00 3.899611149263879639e+00
2.960394536537300780e-01 -1.188597514354859941e+00 3.962879649314499986e+00
3.812505622482098566e-01 -9.756292335350500444e-01 4.101718771244390105e+00
3.960010973367205089e-01 -1.173901000578980058e+00 3.988190621967730110e+00
4.488238963587902752e-01 -9.437588389260802568e-01 4.129474305105150123e+00
-5.878216829833697865e-01 -4.352697465140997757e-02 3.588986553998810169e+00
-5.944043720947997933e-01 -1.054746958040997384e-02 3.575227178340799838e+00
1.037812435379206200e-01 -1.496682787331740094e+00 3.687180499349630214e+00
4.179073971623301631e-01 -1.291194880749759744e+00 3.848761166373010134e+00
4.793307817868601717e-01 -1.263920002946719912e+00 3.809561674980609602e+00
-9.567079296699798618e-01 -1.473002136385002103e-01 3.611452392584809878e+00
-2.454702413121934157e-02 -1.306027529816639943e+00 3.494161076113240227e+00
2.688023832389503376e-01 -1.194980639761030083e+00 3.958322031973430022e+00
4.484794393236057886e-02 -1.432186996382849742e+00 3.726428050062150277e+00
-8.969269907436983047e-02 -1.403522721526650141e+00 3.506405650382919958e+00
4.261028171890304250e-01 -1.243503597610029709e+00 3.948920214755810232e+00
-4.653529237465601209e-01 -4.692438737151016781e-02 2.326301731382019788e+00
1.175545466613101553e-01 -1.274466708123040082e+00 3.872059885266499801e+00
-4.971208966050997269e-01 -7.377490813995098984e-01 3.339811440260770148e+00
-1.005977084595889748e+00 -1.042296950009601320e-01 3.663684804642139969e+00
1.184250317580999301e-01 -1.272689413186490093e+00 3.868012099547479821e+00
8.197771673695899430e-01 -5.853547173774400481e-01 4.231724002904750037e+00
-2.366862880908700006e-01 -1.502695898598810142e+00 3.398521566484570045e+00
8.059979915497499370e-01 -5.926338463205700346e-01 4.193120901634680209e+00
-8.485793950235798189e-01 -1.055990784272099470e-01 3.690571805455330257e+00
-8.419193751794398217e-01 -1.167749265476399900e-01 3.694778230517460127e+00
3.812433031153603658e-01 -1.257799068837060164e+00 3.765887188475300018e+00
3.722334873858699211e-01 -1.275146401947810038e+00 3.779309657609210227e+00
2.608350580722005319e-01 -1.315812964598150003e+00 3.530900270483070091e+00
3.384817497842100842e-01 -1.085371651167620133e+00 4.036526117314739537e+00
2.581733364402603037e-01 -1.237641070668769938e+00 3.659618838459779866e+00
4.036081384687397744e-01 -1.117887958504409918e+00 4.017449156483980488e+00
4.008362954407704848e-01 -1.052501402171490019e+00 4.059559583905690161e+00
2.535101357367799402e-01 -1.023475363955479889e+00 4.049953425070899726e+00
1.610059669860097742e-01 -1.228191088367140082e+00 3.827742077455670078e+00
5.549381045889001385e-02 -9.879009566083600813e-01 3.871175103412889840e+00
4.418081621952403282e-01 -9.785513717250000632e-01 4.105993961142799797e+00
5.465591740983706259e-01 -1.257926908663330012e+00 3.973828628254220341e+00
2.646481274384000493e-01 -1.332991678835770077e+00 3.536499616661319845e+00
1.074841334697200779e-01 -6.762118324026999971e-01 4.151418844515370132e+00
-8.763745211472599994e-01 -4.128411952403300278e-01 3.108262736599860077e+00
4.135526370120805595e-01 -1.218793460258869921e+00 3.965041536123820265e+00
5.421784443596298075e-01 -1.259058561091810136e+00 3.974233833259240178e+00
3.784423288841902711e-01 -1.145432057735790154e+00 4.001872006641459478e+00
8.432725668531038110e-02 -1.064046300629500230e+00 3.929872988193209959e+00
4.069330077158204162e-01 -1.053780474346579954e+00 4.062397275978080202e+00
3.743057926101402977e-01 -1.117526908210229930e+00 4.025308449417920542e+00
6.165287543000008696e-02 -1.239258543466479789e+00 3.490023800305209978e+00
-3.608492201260102838e-01 3.026964406730900947e-01 1.729772456549179882e+00
3.326099704246101574e-01 -1.111081187626520084e+00 4.007372672846379658e+00
-8.153978729443966955e-02 -1.292106952071950143e+00 3.624370160816329900e+00
3.743304850417201735e-01 -1.098555099102779931e+00 4.028887037592959963e+00
3.878815790017302589e-01 -1.083860301314110153e+00 4.038259634476579762e+00
4.943673190996702438e-01 -1.284267700797939948e+00 3.842576605000930012e+00
2.948701182572097679e-01 -1.238394876535529932e+00 3.771582925515600149e+00
2.124832956288003061e-02 -1.264014861817650104e+00 3.679711491252330102e+00
3.273416094849102009e-01 -1.164794394248629850e+00 3.982000051816160013e+00
4.101861365058034892e-02 -1.021526753217520067e+00 3.873943511031000320e+00
3.520577987364403860e-01 -1.226335155612229944e+00 3.950332831819459933e+00
2.892091529336502376e-01 -1.214101464420390020e+00 3.713848489654520080e+00
2.535543562188999900e-01 -9.346334827555199398e-01 4.122925491760369709e+00
2.792953118969032644e-02 -1.270557239173519815e+00 3.684929443263250004e+00
4.168985620310103890e-01 -1.249441734687209982e+00 3.947437811646540062e+00
4.755288295906301421e-01 -1.278374632170630187e+00 3.875360899550210014e+00
1.015883813115503465e-01 -1.151751673304310053e+00 3.886166417177109977e+00
2.432428006102402840e-01 -1.354533115048099923e+00 3.565529202855159951e+00
5.142995195530009056e-02 -1.397689639342420076e+00 3.715268537126750203e+00
4.265224783171301937e-01 -1.087531885698890033e+00 4.046342853482240542e+00
2.624174507082099872e-01 -1.188397802708980100e+00 3.694614050343259848e+00
4.350268239171204421e-01 -1.258480238545139906e+00 3.697742269924329861e+00
2.646806865990702917e-01 -1.367329056902479856e+00 3.580106062143889822e+00
3.577443199242402727e-01 -1.088823455346770164e+00 4.028258294615119972e+00
3.179669236424205181e-01 -1.158498328976030001e+00 3.983226789380659660e+00
-7.760086563247980962e-02 -1.297857112397600154e+00 3.636904179857689989e+00
3.848976343252301646e-01 -1.160887747198249942e+00 3.974697239173219820e+00
4.095151797129199522e-01 -1.118809608792239896e+00 4.016131201370470194e+00
3.770770113739700946e-01 -1.144379648020850126e+00 4.000795467187449717e+00
4.450577260872305985e-01 -1.278377050197009757e+00 3.935983131184769945e+00
3.499629679424902662e-01 -1.176377159344579981e+00 4.013829725460549724e+00
4.267780274901999960e-02 -1.005231888555589981e+00 3.838074591580519890e+00
2.697710721003505618e-01 -9.214211629095200307e-01 4.106818500235510427e+00
3.109238809270804538e-01 -1.149216837009509939e+00 4.014087712969919508e+00
3.256131986895098862e-01 -1.223351031760509855e+00 3.945550394723030152e+00
-4.810286098675697897e-01 -7.621327425287600654e-01 3.339324642215180106e+00
-9.565421218347600618e-01 -1.578240352507400690e-01 3.612955273597830086e+00
-9.554031142118200037e-01 -1.538800975234700941e-01 3.616614324882399867e+00
3.262348526819600636e-01 -1.157299003343380095e+00 3.974913444746650093e+00
7.359029778451020576e-02 -1.551263181565309957e+00 3.643620711723650096e+00
4.421398461233505550e-01 -1.316497563257080117e+00 3.904196517523970122e+00
-4.232380860757598562e-01 -1.878559626955400574e-01 2.519860669285570065e+00
-3.496343188191097795e-01 -1.499987106186699837e-01 2.379077866113339823e+00
5.551067385076002836e-02 -6.182416618980299816e-01 4.105002934981399676e+00
3.396633921989402616e-01 -9.746627502365698970e-01 4.111472617492499815e+00
4.234613287874999799e-02 -1.005237140690180109e+00 3.847360174862130222e+00
3.728629875948303862e-01 -1.128839978025550028e+00 3.990686652112199972e+00
5.628042338273804290e-01 -9.019875799288499252e-01 4.164304698909379709e+00
2.962478211294903296e-01 -1.195533472028579736e+00 3.679881912187319859e+00
-3.160239240163296159e-01 -1.434800528560579824e+00 3.420692041629520119e+00
-1.324752100416999312e-01 -1.344376857119290003e+00 3.589813976376430293e+00
5.658899815786799792e-01 -7.818202553614200800e-01 4.235552059796850344e+00
-6.967581783130198936e-01 -4.576871768026100629e-01 3.649310876358839995e+00
-3.209234141224697190e-01 -1.366418225046620138e+00 3.462197403307969878e+00
4.185478185206799040e-01 -1.217915582134340147e+00 3.964898764321310054e+00
3.725804185850001282e-01 -1.168833924183110051e+00 3.989122516472349833e+00
-3.132966385313595836e-01 -6.481192202907799516e-01 3.358003865319440173e+00
4.639297392273000753e-02 -1.352101808456299903e+00 3.616153447933889709e+00
-8.790790781054196312e-01 3.236585920944001771e-02 3.533347640098510212e+00
1.120121134948110608e+00 -7.386442032905797817e-01 3.812036629485569872e+00
1.114947610747619944e+00 -7.439033108359800472e-01 3.813110675000969785e+00
-5.251809424390099235e-01 -4.136606713673700586e-01 2.911919817952580036e+00
4.091389448683400154e-01 -1.201355542463799830e+00 3.971926362157899959e+00
3.294553712642502852e-01 -1.137310869172980077e+00 4.010769227624869870e+00
2.849404042464303011e-01 -9.771189873567498463e-01 4.080831050095530266e+00
2.892318382495302487e-01 -1.213693466923949860e+00 3.712805077884259841e+00
4.502293107800801053e-01 -1.014445785120440036e+00 4.089094868604440158e+00
2.879333470943699069e-01 -9.389653017557200165e-01 4.094753328723749419e+00
3.980157783747899636e-01 -9.995424423783298984e-01 4.109789796490409763e+00
-6.853529053364797452e-01 -2.119865190872201044e-01 2.378677758575079793e+00
-2.288526954465597285e-01 -1.437448661352680013e+00 3.512618806724099763e+00
-1.359036136190496791e-01 -1.330550595107700129e+00 3.588686182293639781e+00
-1.301132145314394251e-01 -1.190693955279319871e+00 3.687207402096780218e+00
3.684023867940200425e-01 -1.273117925882620183e+00 3.782898073005400263e+00
3.753988133592902621e-01 -1.112104912113119903e+00 4.028815744091789774e+00
-6.342797535050996860e-01 -7.177127471352200416e-01 3.419354238683459890e+00
-5.606322928527898153e-01 -7.251478162833799868e-01 3.438902786645460008e+00
-5.566618260682199004e-01 -7.352851522253500693e-01 3.444071130684029924e+00
-2.720267300864498417e-01 -6.481278612054700572e-01 3.933396322482820118e+00
-7.020492819214796398e-01 -7.658108913201199242e-01 3.602131568593169852e+00
-2.266961576306991688e-02 -1.284187023718670106e+00 3.687046284434340127e+00
-5.585994481073899287e-01 -7.807637042280800577e-01 3.413407319042209842e+00
8.119451008252203117e-01 -5.904655553738400453e-01 4.234055596456530068e+00
-6.933000641250597340e-01 -4.829553594384399240e-01 3.662874656306190246e+00
8.436792397606502902e-01 -5.803519611997199901e-01 4.161030022751790014e+00
-5.058658361094399147e-01 -7.215129258742699614e-01 3.370790702076220224e+00
3.843197722402105221e-01 -1.099555464505409752e+00 4.028849922527470540e+00
-7.194541116127497471e-01 -5.173941369287098357e-01 3.650573919449190186e+00
5.835729013461099512e-01 -8.522897473185000461e-01 4.187173985964859568e+00
8.923312450617402192e-01 -4.993748735469600852e-01 4.053491946434780502e+00
1.215797296887380252e+00 -6.387413301954101286e-01 3.826851666115570261e+00
-7.274935228469299187e-01 -1.929129801732101246e-01 3.881726147194250132e+00
-1.013062499460809951e+00 -1.025319640431701096e-01 3.657330613247550044e+00
-8.928607761243796404e-01 -4.179819764766000700e-01 3.124001057294360173e+00
-1.006846160768769760e+00 -3.366942696400301305e-01 3.230465176105179914e+00
-8.324722562628898981e-01 -4.498877979361199930e-01 3.098980212560400016e+00
-8.510778805866898722e-01 -4.325762347354999982e-01 3.084569550084149903e+00
-8.418921507554097960e-01 -4.437212005400300585e-01 3.089230037638380111e+00
-7.701515087669297266e-01 -1.389172244812000301e-01 3.673623419451979899e+00
-8.928818475440900571e-01 2.635184210299978957e-02 3.534860053564939708e+00
-5.323129995332900322e-01 -4.787732006383700334e-01 3.014749307361079822e+00
-8.919025260629400709e-01 6.996206417053985049e-02 3.504638165533980221e+00
-9.189546680273301682e-01 -1.020025836778102324e-01 3.536540129528690013e+00
-9.170810522898400485e-01 -1.110127236462701283e-01 3.528889942102900079e+00
4.421984192998102969e-01 -1.292868689982619834e+00 3.795183946096059913e+00
-1.316907037391397139e-01 -1.439265464428280072e+00 3.206685147552749804e+00
3.835340847467603176e-01 -1.221807475587619818e+00 3.957592815901420202e+00
4.745665961211065209e-02 -1.021858440972620130e+00 3.949318029700830124e+00
3.145626544916098055e-01 -1.054314428551140104e+00 4.051375530239130107e+00
-2.388155891468999314e-01 -1.505813924656830061e+00 3.428324899856550090e+00
3.527775264118799825e-01 -1.202679496365749889e+00 3.953746762843290075e+00
2.976802166468899280e-01 -1.216290560145110167e+00 3.728902528206190059e+00
3.987352944172100067e-01 -1.021684887384900042e+00 4.079700582792339603e+00
-1.374973635278795570e-01 -1.067034997585829981e+00 3.756142523866899730e+00
2.725502753843103143e-01 -1.311621213792220075e+00 3.568114503481379707e+00
4.132346876697305937e-01 -1.055813201472339813e+00 4.056347700422220370e+00
4.124349291590601041e-01 -1.054967726248870141e+00 4.058613255597520286e+00
7.763340024675002837e-02 -1.076798506465429961e+00 3.932350421861970258e+00
2.556991411876006204e-01 -1.218120167109759899e+00 3.594529008319610419e+00
2.877001560726104579e-01 -1.214013068713289734e+00 3.709990490076680025e+00
5.040450561886045122e-02 -1.060247582448900161e+00 3.760780940034230024e+00
-1.379921495637197459e-01 -1.214300521959000179e+00 3.659630283377329985e+00
-7.210409520462797150e-01 -8.252341441699598823e-01 3.754692526507850125e+00
3.056118983028599523e-01 -1.216653607843170004e+00 3.692708653376399752e+00
2.719051948837800659e-01 -1.174304301517560045e+00 3.681897918532619940e+00
9.885667544573006893e-02 -1.258721019507139882e+00 3.809704424974450276e+00
4.504701180962600304e-01 -1.197547061950090086e+00 3.652838065229469855e+00
2.325133509101502405e-01 -1.152020515528499711e+00 3.633557518308200063e+00
9.298628630086014368e-02 -8.214652304196200516e-01 4.058085078485960118e+00
5.254055469649010490e-02 -7.781826054262699355e-01 4.051780412012719879e+00
4.677746950358008249e-02 -9.233797326747700263e-01 3.958301862892779965e+00
-1.424991372523987110e-02 -8.458302500834300464e-01 3.968055207006710106e+00
-1.304433089758698650e-01 -1.366692218230449951e+00 3.514023665501119886e+00
-1.470076158254696175e-01 -1.010841141373250096e+00 3.798519553428779894e+00
4.150120049149799151e-01 -1.015828065486559906e+00 4.085183609007570382e+00
5.360875429381017909e-02 -1.026530124708370018e+00 3.942563411895020131e+00
6.687453647061003537e-02 -1.150100041751270119e+00 3.401527258266329845e+00
-5.665657083688098172e-01 -7.697302281738299667e-01 3.321898955995310043e+00
-6.180763053642797100e-01 -5.854921321596199268e-01 3.142131590150929910e+00
-5.139908552151100096e-01 -7.083204078389400138e-01 3.414675913598260060e+00
-4.946415102583197054e-01 -7.329610491372899883e-01 3.331347653812559706e+00
-4.926905277200697153e-01 -7.026576257609999931e-01 3.302625299998710240e+00
8.589692464545000128e-01 -8.933923420345302180e-01 3.833655012362069847e+00
9.224993471876103968e-01 -8.385782022595500429e-01 3.804175511679869892e+00
8.188923950349900061e-01 -6.168671620477599316e-01 4.192251249887940290e+00
7.887263519121399113e-01 -6.012330259768001728e-01 4.186934713798880381e+00
8.516948260659700232e-01 -5.709582212206201213e-01 4.159701478423159848e+00
7.050090451507400324e-01 -7.320576761585999570e-01 4.201899466828270313e+00
-7.980984799566899213e-01 -1.646208757120100064e-01 3.911835064859459976e+00
-9.067243712187600391e-01 -1.319826244671500337e-01 3.554597409870420055e+00
-5.685924219649998168e-01 -4.470554247755600397e-01 3.007858012550360005e+00
-8.787242007676101530e-01 1.283440690812898133e-01 3.397372924501159908e+00
1.013625209821870321e+00 -8.439258869754699965e-01 3.734579643926720038e+00
-4.667952794851697451e-01 -6.732861819489999178e-02 2.457645350868889800e+00
-4.424530118779397281e-01 -1.403419197737399982e-01 2.525865405086869853e+00
9.604405332673202622e-01 -5.117621597542599821e-01 2.973645223838190077e+00
9.075149235482049548e-02 -1.511192786865580118e+00 3.671489126250820245e+00
3.394943911795098579e-01 -1.164231448978930050e+00 3.984906670326189726e+00
-7.326455435699499308e-01 -1.604298006739302007e-01 3.907068839658490056e+00
-6.661482249749799411e-01 -6.034840989580070314e-03 3.601597123612390039e+00
4.051463567411204281e-01 -1.130984902330099962e+00 4.015030003368200262e+00
-6.670129817317795862e-01 -7.003577558530300617e-01 3.459925023050580251e+00
-6.225340283268496755e-01 -7.603879963786399632e-01 3.309195046031150333e+00
4.063483346545702091e-01 -9.619236923583398546e-01 4.114289831406940046e+00
2.690859196609403092e-01 -1.188035215183259830e+00 3.692513744519410057e+00
2.980796826106399955e-01 -1.182178685555560049e+00 3.651092721093399884e+00
-5.158208734663696227e-01 5.816371849532999683e-01 1.865837543771809770e+00
3.824285915350000842e-01 -1.069784518114770044e+00 4.055028898333910448e+00
-1.248035544106897987e-01 -1.060992538342619973e+00 3.770380992801309894e+00
4.134463317241996450e-01 -1.044823324005260234e+00 4.056578230031229637e+00
4.224171179109901253e-01 -1.251098849246649936e+00 3.954586231875119928e+00
3.154960611553505601e-01 -1.138499922509540019e+00 3.996310041980460248e+00
-9.103795930332696518e-01 -1.280282232804499376e-01 3.733539920571340431e+00
3.450075431470360332e+00 2.652656205646219956e+00 -1.444387513581639304e+00
4.443913602144604624e-01 -9.649990795758998097e-01 4.115019133862640288e+00
-5.338124286655796524e-01 2.145936664968659535e+00 -7.483611750816301367e-01
-5.165498028052100121e-01 1.925171559606800198e+00 -1.014719793267340187e+00
-7.387510659385096989e-01 1.796787230161719595e+00 -1.210018595693980181e+00
-5.538233187483398989e-01 1.735092719695439989e+00 -1.082798920093580808e+00
-2.891184677606699616e-01 1.524385330304299568e+00 -9.595821255038399222e-01
7.728915272260401537e-01 -6.370672332449500708e-01 4.206886253969350342e+00
-1.658131049301698745e-01 1.422731400791649836e+00 -7.902114063336802552e-01
-5.277947534104998617e-01 2.158422913065929816e+00 -7.454319808900899957e-01
-7.377213933083999198e-01 2.399221167990450265e+00 -1.046872750490370318e+00
-5.702458131571099820e-01 2.188244280736349801e+00 -7.551100518023199371e-01
-6.324599654935800785e-01 2.166368722487709508e+00 -9.271090908955503807e-01
-1.007484925201829862e+00 -3.374867487188700776e-01 3.232930689284850168e+00
4.438697723808102680e-01 -9.639155491626201222e-01 4.117859641367600076e+00
5.229619876003660295e+00 2.403925969421069286e+00 -1.038731580518740039e+00
-2.840849574393700117e-01 1.470919246188729712e+00 -8.022808668314005409e-01
5.496660904849304252e-01 -1.312307896676659924e+00 3.923813399554820336e+00
-7.628788761248699313e-01 2.413684532498240110e+00 -1.747750356904830493e+00
1.615599450463909736e+00 -1.565164581177100889e-01 2.403315072635019867e+00
5.133645694119479685e+00 2.337301858420309575e+00 -9.204921309303601973e-01
-1.495955478309100029e+00 2.712251813874429818e+00 -1.409942050246849821e+00
1.546569160258240316e+00 -1.090098238843602019e-01 2.522572404572029914e+00
-6.215881691746298898e-01 2.245665559082569818e+00 -1.030830146972149919e+00
-6.727291840064699713e-01 2.363232949796059579e+00 -1.120071849001650133e+00
4.654105100786569693e+00 2.215702945973580196e+00 -1.341076745674070203e+00
5.051534836146229779e+00 2.300141412180289446e+00 -1.273444537178870295e+00
-1.436829094117269889e+00 2.404818965076619630e+00 -1.056991890910700338e+00
5.133165687126080456e+00 2.338366893094679710e+00 -9.212703233641401646e-01
1.612003004513580695e+00 -1.591474926378899646e-01 2.400040116654059918e+00
4.635482554270200950e+00 2.189959498469260080e+00 -1.311929416913999891e+00
-1.460424729004639932e+00 2.433025362860409491e+00 -1.097201426633590771e+00
-7.774581342158199959e-01 2.106307587953279548e+00 -1.507453286014069249e+00
4.644740598603569026e+00 1.992689343471509833e+00 -5.838090917227503063e-01
5.095517955932299614e+00 2.108360017761129690e+00 -8.032643438159912108e-01
3.959808215521681607e+00 1.409388614922889804e+00 1.547168619217498264e-01
5.404938726863899312e-01 -1.318697215410820078e+00 3.917670381612519570e+00
-7.416467026034998522e-01 -7.767075260171298901e-01 3.741448832494409960e+00
1.361943308289439880e+00 -3.294422149781901510e-01 2.177936674365430036e+00
4.947349221256100549e+00 1.852034372251120775e+00 -1.232324883104391144e+00
-8.010764981978197863e-01 1.699978072854009703e+00 -1.459997137844120552e+00
-2.832303866940599768e-01 -8.138182661260400241e-01 3.813395576078459914e+00
1.529015241782120338e+00 -1.196549791793100059e-01 2.458179717546789878e+00
-1.813685744369119890e+00 3.131186101786409548e+00 -1.836611186814580687e+00
1.548317310310689976e+00 -1.084055826661500799e-01 2.520254009904289827e+00
1.271729150494340210e+00 -2.545084035013600587e-01 2.615369589577239751e+00
4.582830572803750613e+00 1.896528418895919721e+00 -1.428376320866529881e+00
1.267809098035560300e+00 -2.226335168863800007e-01 2.687526207096929909e+00
4.575853710254870421e+00 1.880844645033630247e+00 -1.411955751073939780e+00
-1.816544446640310007e+00 3.008228215617859913e+00 -1.590661441834260170e+00
1.405265979933710163e+00 -4.014007160190902201e-01 2.616226741006329792e+00
-1.748777970880929900e+00 2.966699734798029287e+00 -1.628978623872109566e+00
3.364040791624698379e-01 -1.073688087587129969e+00 4.034591147101719955e+00
2.197835063629979491e+00 2.927469471423398417e-01 1.295649469684769572e+00
1.497073479289270370e+00 -2.924368291322300140e-01 2.504453722516850167e+00
-1.854164712026829864e+00 3.073981513787520381e+00 -1.719933715697480547e+00
-1.787280147957349907e+00 3.076018789044849822e+00 -1.762816212254379789e+00
-1.983478234013119845e+00 2.753128135472969529e+00 -1.694861328099069642e+00
1.432750986646730063e+00 -2.345018987338802763e-01 2.207473583884449919e+00
3.535205373781730831e+00 1.986598961213079662e+00 -2.099461883156210185e+00
-1.723793169707399819e+00 2.667321734482880125e+00 -1.208911431961019911e+00
-6.329398973396300754e-01 2.064842779283981855e-02 2.329507667669870052e+00
1.064054063027340291e+00 -5.026123959854199574e-01 3.959355755135880006e+00
5.552108178470000155e+00 1.748962550330309895e+00 -1.850699331389479507e+00
-2.191691039463929958e+00 2.546457214176549577e+00 -1.978056563031239889e+00
4.523619886252150835e+00 1.852804336819919850e+00 -1.357328741587479293e+00
4.605768028287579696e+00 2.164707600370659790e+00 -1.293113078710960373e+00
-1.095071005564459909e+00 -1.929447923239901996e-03 2.990195480880320389e+00
1.428601285362040230e+00 -2.401656783630601311e-01 2.210207561163199941e+00
1.535898753841080211e+00 -2.046615359972799864e-01 2.408329449257939903e+00
2.860965894913109597e+00 7.787977235112100161e-01 7.578927395217898155e-01
1.618996922524229998e+00 -1.079721985095898340e-01 2.166369582092070090e+00
1.447327943209440360e+00 -2.976400703564701100e-01 2.180490810919589961e+00
1.438764756971680381e+00 -1.135286486573799936e-01 2.489316893340440373e+00
-1.608174723939099993e+00 2.173579159062149380e+00 -6.876152656413498931e-01
1.398709510893410446e+00 -3.524091443908099475e-01 2.248488195010269752e+00
3.712307096313698374e-01 -9.872883712316400384e-01 4.077653937728419997e+00
-2.260859164913139985e+00 2.506726662402489758e+00 -2.084933855687480353e+00
2.963322379321398081e-01 -1.098155854343900062e+00 4.012796169035439675e+00
1.458867684718150315e+00 -2.433090643338000625e-01 2.177759731919719943e+00
1.351562972185900602e+00 -2.460465155086700717e-01 2.198548984611919721e+00
-1.078746448548799641e-01 -1.392586177012000048e+00 3.517309672089949935e+00
-6.790263430081200369e-01 -6.707035609994300707e-01 3.442191441640860106e+00
-1.320479563335497097e-01 -9.709248741770898361e-01 3.833401707383960133e+00
3.402101438781199860e-01 -9.661592087584698341e-01 4.110421728061839808e+00
