-1.541030598081398750e-01 -1.405585400140149765e+00 3.301569864677809996e+00
2.236860784924399326e-01 -6.848915858947499657e-01 3.825019364770310126e+00
2.141989255159502115e-01 -1.170440238931669708e+00 3.498814113458959874e+00
-1.818442661694703588e-01 -8.540414385412901099e-01 3.676217187910870265e+00
5.267469765689991590e-02 -6.396407283056497750e-01 3.854672700103709992e+00
2.137679724576400098e-01 -9.396593212577301069e-01 3.655635030156299869e+00
2.336524214200799143e-01 -1.568319117885339953e+00 3.389759002344019834e+00
2.446786885053597871e-01 -5.143089263842599568e-01 3.953766513561809859e+00
3.349358446602197503e-01 -1.176775542076180070e+00 3.665158334627809822e+00
2.403474417919500006e-01 -1.253940740158720146e+00 3.580706843573739917e+00
4.291539478295001153e-01 -1.222658076467579846e+00 3.364926634356019797e+00
-3.113639969344994540e-02 -1.167801611978329879e+00 3.368446007163869993e+00
5.040718627009597164e-01 -9.957481609362699437e-01 3.104322624334309833e+00
1.000919314945289962e+00 -7.516106365580399462e-01 3.490585979159440022e+00
1.040045702297869745e+00 -6.953951121230500521e-01 3.460135207111029843e+00
-5.448062894837701897e-01 -7.232975838570098182e-01 3.386712900784079938e+00
6.105977639766497767e-01 -1.062896620654719904e+00 3.725658249421309964e+00
-4.325444861500096216e-01 -7.058268399596098197e-01 3.359233097070009944e+00
9.403011082655798880e-01 -4.008341464619897820e-01 3.724892198752450145e+00
6.120627182371802810e-01 -1.173237353079560119e+00 3.574286355458720088e+00
4.081442521794986789e-02 -8.930189932822497623e-01 3.687260115493839585e+00
2.443640352885596556e-01 -5.550871071384697597e-01 3.902333826125549798e+00
2.268852359820403564e-01 -9.179030038196398511e-01 3.665986486715259840e+00
4.490185568191007448e-02 -8.938150433399698613e-01 3.694688977631689575e+00
4.252807663100988123e-02 -7.737791428140599059e-01 3.763568096512780237e+00
2.460602972638037400e-02 -8.543877969451998400e-01 3.712320055071769875e+00
5.399479659119097441e-01 -1.136503386869299970e+00 3.689427107390529592e+00
3.853727584877031376e-02 -1.038422726133539697e+00 3.601876143186339974e+00
5.047390335636992020e-02 -7.862953840594598676e-01 3.769030247988979898e+00
5.498396062767199055e-01 -9.664546362481998276e-01 3.785960859449279958e+00
5.966933557838993707e-01 -1.084595900590209938e+00 3.717508394281860085e+00
4.948704767327996024e-01 -1.101291453970299816e+00 3.715211311566950059e+00
5.355875126639295658e-01 -1.138190699913119941e+00 3.688932555076529951e+00
4.989773287777703459e-01 -1.074082474829149980e+00 3.730079004320789871e+00
1.348487370182693823e-01 -9.902371706026900089e-01 3.626266224329549814e+00
-5.076853683243203186e-01 -5.102696318555199895e-01 3.061411213752499805e+00
3.040403025411997362e-02 -8.569955330891800838e-01 3.707256373991589804e+00
2.964281728376993996e-02 -8.624619055741600260e-01 3.710118929956669920e+00
-1.275640988171602430e-01 -1.294845178011330145e+00 3.372729207626609771e+00
5.308553322146991604e-02 -6.372077452388398289e-01 3.852688616156389578e+00
2.543528856753498602e-01 -1.567519103585400142e+00 3.387055007611499580e+00
-1.147479368824400048e-01 -7.923945196829200732e-01 3.699967755442239881e+00
5.344856429834901057e-01 -9.397558170592998916e-01 3.804338092951290218e+00
5.260368713638094995e-01 -9.468442771775799072e-01 3.804424802301629605e+00
4.132813040021399154e-01 -7.942797488125498129e-01 3.888826265201450028e+00
5.593840439992900926e-01 -8.880586117932698365e-01 3.834925295847239735e+00
6.873118818425796306e-01 -1.157523231013859899e+00 3.562513929765109832e+00
5.629796746240294247e-01 -8.307164390472998594e-01 3.820101879610129814e+00
5.990322767559197459e-01 -1.149882792593910130e+00 3.506327881241249944e+00
6.569773860264902510e-01 -8.604187118192598849e-01 3.835266922195160078e+00
2.925046880069004374e-02 -1.156899199518959920e+00 3.514878950353280018e+00
4.380057776549994841e-02 -9.100759295031199958e-01 3.682980130602659941e+00
5.987765927418400302e-01 -1.098377404013939795e+00 3.711954405186789874e+00
5.090938203714898691e-01 -1.002292184127049790e+00 3.769180288169479809e+00
5.448066588550695144e-01 -1.014823551508070132e+00 3.757795500970659841e+00
5.980381931254501460e-01 -1.090669415147049737e+00 3.710315265214879865e+00
1.271478819430496010e-01 -4.967545386611600389e-01 3.965523096591849761e+00
-5.738311082477702829e-01 -6.790374805652100720e-01 3.404388435578789895e+00
4.173936648712972541e-02 -1.012721396780229988e+00 3.612276308797489843e+00
5.067533027782995525e-01 -1.001561680470980154e+00 3.770286446958579951e+00
4.862599593295500178e-01 -1.094615824433779805e+00 3.719312440672910114e+00
4.102542453034900838e-01 -9.228019999181299449e-01 3.827816420735739911e+00
6.571910042282897990e-01 -1.160543123077219851e+00 3.662119927020400123e+00
6.559556180805499181e-01 -1.159404097916840071e+00 3.662406738821580188e+00
2.316461057180401184e-01 -1.568567286544139794e+00 3.389735497157269961e+00
5.402099880726973780e-02 -6.453840723192899587e-01 3.859684078654529671e+00
4.112744483707895249e-01 -8.457056358805399299e-01 3.867180273921499989e+00
2.146383868608596757e-01 -1.061566637458159823e+00 3.586041737451309608e+00
6.615929586938902318e-01 -8.049951929396800265e-01 3.871270982642089464e+00
6.283625722358010535e-02 -6.265713504271398504e-01 3.863420438420269942e+00
6.040874218611000934e-01 -1.059234292254479737e+00 3.728230374318449503e+00
2.977781454100596470e-01 -1.397405587511699743e+00 3.491727599437679963e+00
4.336185273635999593e-01 -1.143018340591079873e+00 3.500206662800430024e+00
5.792496810735996426e-01 -9.117761691453400985e-01 3.812450619521909889e+00
5.859000272963497125e-01 -1.057674373966909886e+00 3.731133254242889663e+00
5.107188348351598961e-01 -8.012908396174901471e-01 3.883105269332939979e+00
5.666711635607697417e-01 -1.142257287333909854e+00 3.687854736944950140e+00
6.284811753158896508e-01 -1.123578712110420152e+00 3.687028902193810076e+00
6.186785569970698617e-01 -8.103386326094401682e-01 3.875385157125549984e+00
5.836518785053499414e-01 -1.114667810038870055e+00 3.696756121092629854e+00
2.987007750927794802e-01 -1.398409787448960051e+00 3.492380491195199887e+00
5.022248754862701503e-01 -1.097320368036609928e+00 3.717508139484140273e+00
5.192555751621603655e-01 -1.012330986399129884e+00 3.767564723315260267e+00
4.492011523531402872e-01 -1.163994224602979966e+00 3.593009453709999690e+00
5.846300697654598366e-01 -1.008647511118129891e+00 3.755650632722270288e+00
-1.309499331094299279e-01 -8.204379967054098444e-01 3.584475365906730104e+00
-8.605991116551101605e-01 -8.579533553266993628e-02 3.722261721456349814e+00
-9.398165529910302851e-01 -1.328528438110800902e-01 3.699316456762439920e+00
-8.604337193056099675e-01 -8.809474984205012404e-02 3.723772181571499917e+00
-8.629707441728398098e-01 -8.227897562964980871e-02 3.724559446410490082e+00
5.534194201062998530e-01 -1.078549385421399887e+00 3.720067972936540013e+00
4.515547357150984098e-02 -9.079018754446898098e-01 3.676350753176220287e+00
5.877509645043397235e-01 -1.112665172018509896e+00 3.702512466832009963e+00
2.308089808104294427e-01 -7.766286564915301227e-01 3.764708177437370296e+00
5.368203823810397957e-01 -1.136374228003619979e+00 3.687589586684210108e+00
5.739634437380498611e-01 -1.107527984459660164e+00 3.703386296667690036e+00
1.361096346776395904e-01 -9.881592764887598968e-01 3.624181404775019821e+00
5.238926912194394880e-01 -9.553061487058500667e-01 3.797250728146729593e+00
4.659055303556902672e-01 -9.248735327011499141e-01 3.818574447280099982e+00
2.201925174778200933e-01 -1.163085458817629814e+00 3.521987739960500186e+00
-1.467106726501898883e-01 -1.165830533888740028e+00 3.375506503012609905e+00
6.007655409433199090e-01 -1.197913060320529688e+00 3.637578137799939881e+00
5.083460827745400756e-01 -1.088086275813609838e+00 3.720669946279149709e+00
6.044390540352297947e-01 -1.091650836347359821e+00 3.704819265402189643e+00
-5.444057425883501722e-01 -4.165178417905002206e-02 3.550724103013430000e+00
-5.510593111429600288e-01 -3.255522297397983600e-02 3.540647795757950078e+00
-5.539560829351701798e-01 -1.853683738269995551e-02 3.541889964632209953e+00
6.151737748272503303e-01 -1.177431327999549859e+00 3.582806417430480117e+00
-8.890155922385902798e-01 -1.833636840753198882e-01 3.642987102307889913e+00
6.380289382063297765e-01 -1.129117469140330066e+00 3.680360868965049992e+00
3.252086662300595066e-01 -1.192145163329350055e+00 3.664893211376470283e+00
5.581190492100995826e-02 -5.383840994887298947e-01 3.934974194372709899e+00
-4.340100018013899330e-01 -7.226796005801198186e-01 3.274548224137619812e+00
6.299476739133096359e-01 -1.125907672051289943e+00 3.688939162833529739e+00
-9.017427933338995061e-02 -1.456240528246590005e+00 3.265488274499209531e+00
9.899258490379594377e-01 -4.420759813141501571e-01 3.858485321907459742e+00
6.167446892860195540e-01 -1.006517862573020006e+00 3.754508243537370227e+00
5.424147462278101628e-01 -1.135371895848619861e+00 3.690201699424569881e+00
4.254930925751598814e-01 -1.251785837314070005e+00 3.381143816817550274e+00
2.351788132623298111e-01 -9.136248244997100532e-01 3.682019143131599836e+00
6.571795913587998861e-01 -8.639302140283600107e-01 3.836653785368719927e+00
2.636012339240094704e-01 -1.601429095780160017e+00 3.373397481966930123e+00
5.896873690348400920e-01 -1.009215802418459873e+00 3.767967401911409997e+00
7.595793093264298079e-01 -1.125806922387889930e+00 3.682752580429739631e+00
6.101090809749400989e-01 -1.031130954080149653e+00 3.740323891088800146e+00
2.485007528768097274e-01 -9.535757984802198939e-01 3.757895012988309968e+00
5.884742259464799119e-01 -9.903441047556398313e-01 3.771856330818420311e+00
4.551966334926800251e-01 -1.114232533482689913e+00 3.477348895829700304e+00
6.359714222911496684e-01 -9.097029027742398188e-01 3.824515305793239950e+00
5.536017664599399701e-01 -1.157446380716280032e+00 3.478322954764469621e+00
5.808330260652998511e-01 -1.186444948026909918e+00 3.495869067338539971e+00
2.424408093826300181e-01 -1.321641351082080140e+00 3.521644831988870017e+00
3.794251609251997337e-02 -1.017589097767289896e+00 3.611996806325230125e+00
2.341882404915098803e-01 -1.564234743523019944e+00 3.386960432201949978e+00
4.890424578733698624e-01 -1.109997652111200050e+00 3.709364873948239882e+00
2.514123825869796214e-01 -7.379968432680799051e-01 3.868434473818049835e+00
2.357031554579100963e-01 -6.702582093296099996e-01 3.831021439474019630e+00
5.903059453928496403e-01 -1.035639235239430134e+00 3.742846590168409815e+00
6.575304998936100098e-01 -1.161825009073089721e+00 3.663251795056309934e+00
6.072330054891699191e-01 -1.062362919494589830e+00 3.725964232267449994e+00
5.373227865174698969e-01 -1.119567133100050071e+00 3.697174779749230034e+00
-4.159188936343802823e-01 -7.452501026754299041e-01 3.270419559901990070e+00
-4.783329091727006599e-02 -1.437160024763789901e+00 3.308751598967379692e+00
2.138457281339998239e-01 -9.814195276346400210e-01 3.663996057462129752e+00
2.371615420862402956e-01 -9.802233850865400555e-01 3.708908350464160009e+00
2.544779648019996898e-01 -7.449517978139101881e-01 3.877752918934620041e+00
-5.402724420030002861e-01 -5.996385150781599060e-01 3.649176740535869712e+00
2.377136842955596130e-01 -9.093464716034500572e-01 3.767346406683449889e+00
4.573464838552800948e-01 -1.140429054776360029e+00 3.398870966015000050e+00
-5.174589385049195300e-01 -5.344550065199099587e-01 3.594956829015739874e+00
-5.362761347610300877e-01 -4.767021433679001774e-01 3.569177319522049530e+00
3.300315163570495258e-01 -7.130266420460299459e-01 3.952010447585859509e+00
-2.784700479104103010e-01 -7.837504732514100070e-01 3.672891334314349887e+00
4.708016433931199174e-01 -1.111496188630479942e+00 3.487144909912939905e+00
2.718052545384996854e-01 -5.500004499851098849e-01 3.991105894639709994e+00
5.041547547365095028e-01 -1.003840117724669856e+00 3.122273198112649695e+00
4.984363662465494116e-01 -1.005142331163530134e+00 3.108751395240930027e+00
2.514823189687502847e-01 -6.382597352430897653e-01 3.926350239147099686e+00
-9.891592176072006026e-02 -6.267652352986298192e-01 3.823818393798659621e+00
6.054070999325000813e-02 -5.409811659930798822e-01 3.929875828404759908e+00
6.408777250979014184e-02 -5.433356075211001057e-01 3.928631118175470061e+00
-4.771659524018900811e-01 -6.144202896667498859e-01 3.633520780194150035e+00
2.474957663703500899e-01 -7.139636443350799722e-01 3.860263683427789694e+00
2.714009474979897085e-01 -5.380103993978101462e-01 3.994707441383440027e+00
1.038418976249899650e+00 -7.052781608501897948e-01 3.475917666233649950e+00
2.547749064629600824e-01 -7.014682975803900877e-01 3.923964254032910048e+00
5.029487750460499562e-01 -1.022493769339059888e+00 3.130992621386019970e+00
2.434442019003202340e-01 -5.459194379143598175e-01 3.918763489449109905e+00
4.970558640455697841e-01 -1.020268857153679987e+00 3.116453390717969896e+00
2.466442134890898252e-01 -5.666544749592000718e-01 3.964438982881540063e+00
5.529475354009498744e-01 -9.278902629788998713e-01 3.223031924153799910e+00
9.417271332822498842e-01 -6.795038781336198985e-01 3.344710999606009594e+00
9.410281348203595186e-01 -6.894327093439799325e-01 3.347694318276800196e+00
2.483161887036802185e-01 -9.373802823373099669e-01 3.745638906883529629e+00
3.206636244410501213e-01 -1.172276765834419976e+00 3.660702379858800093e+00
5.143000047165595667e-01 -1.149911860175179878e+00 3.485196398426950282e+00
4.467961053599602828e-01 -8.505504063607997045e-01 3.864079575838139657e+00
-1.295847281419502117e-01 -1.288699209164309689e+00 3.369112648344459782e+00
6.620605257473397565e-01 -8.146057312036599773e-01 3.874387000972189909e+00
6.725684901794894976e-01 -8.019960420656799815e-01 3.873108936978779671e+00
5.819058020267600106e-01 -1.134254329726930077e+00 3.426273241789449919e+00
3.605260091720299265e-01 -1.089195474937000085e+00 3.414138076919130071e+00
3.634342361160403101e-01 -1.072562651415389867e+00 3.433786361081139660e+00
3.402130944220198572e-01 -1.038664655607360210e+00 3.383211301483299849e+00
3.324616018128896400e-01 -7.025689655394100619e-01 3.946883190247960194e+00
5.826127443353996682e-01 -1.020627215501469953e+00 3.734078385407840095e+00
4.596240725119495885e-01 -1.158345601735629948e+00 3.583653375128370122e+00
4.438853225938799163e-01 -1.162247125982240004e+00 3.598050054359269723e+00
-8.970566338899499392e-01 7.904205770516981033e-02 3.412642948925940001e+00
-4.717107611750699370e-01 -7.836012683333197781e-01 3.366539369891230038e+00
-8.471256632410497645e-01 3.403554102000327930e-03 3.554841059106530032e+00
5.112755025052795332e-01 -9.282877485924798666e-01 3.791306750511810097e+00
4.991244943553301283e-01 -8.788896723606898220e-01 3.842779054069129785e+00
4.549712407586596896e-01 -1.113824684595009940e+00 3.476329806941119926e+00
6.657340322069997818e-01 -8.987539574622399607e-01 3.817705632871200017e+00
3.930526742970705811e-01 -1.080387561680570041e+00 3.435377524514850123e+00
2.795574120984012367e-02 -1.274461798073510010e+00 3.435651503118869687e+00
5.520686529570797418e-01 -1.164639650565459927e+00 3.528312511740479884e+00
1.018162269444140122e+00 -4.541443582866001583e-01 3.878403806576749879e+00
-1.395291259031603559e-01 -1.180614056748169993e+00 3.385778094428870233e+00
1.004531954358300894e-01 -4.777395177623899869e-01 3.960442081380909585e+00
1.041476591515379635e+00 -6.955033559530301446e-01 3.460607545031509691e+00
4.554391063766596304e-01 -8.360345776920499183e-01 3.856194671018799980e+00
9.295340426354297136e-01 -4.372983025829798587e-01 3.805601985855710190e+00
9.364026407672096930e-01 -7.056959988289599472e-01 3.357386582262380070e+00
9.401468265018895210e-01 -6.987789784236998480e-01 3.350907896391039920e+00
6.451591645195100533e-01 -1.177532814904070246e+00 3.536857629328310271e+00
9.382130694779093893e-01 -4.191347682805399710e-01 3.731124740669809814e+00
1.184633440233007207e-02 -1.442207810055009976e+00 3.283320244977209867e+00
7.759774978976974324e-02 -1.439302624432160060e+00 3.259403986885820004e+00
-4.717581578807701348e-01 -7.264165268582400969e-01 3.388488515177280114e+00
6.139993979038602667e-01 -1.151941943172489768e+00 3.570175974645499739e+00
4.579044939482397325e-01 -1.094801838379179992e+00 3.415341740006040183e+00
2.385296921233299727e-01 -1.147354847529360011e+00 3.640555735004819660e+00
3.995071191850501080e-01 -1.234255833257229984e+00 3.367595720020399863e+00
-4.750361138870702327e-01 -7.718572874653499838e-01 3.357882719131239924e+00
5.209137922813198429e-01 -8.958812395604400791e-01 3.829383084667020043e+00
9.949756932936897336e-01 -4.587842644907198508e-01 3.812105810089259528e+00
4.756472150201007665e-02 -1.285980720414179768e+00 3.447984400574619634e+00
7.484335517740197119e-01 -1.194545688369400116e+00 3.629740453957730040e+00
6.178119961157100271e-01 -9.918242765845899367e-01 3.766707407045120082e+00
2.457851720032802056e-01 -1.317569740332570127e+00 3.524728171318340042e+00
2.324267156394297373e-01 -1.104515035838449899e+00 3.643428110167119982e+00
-9.395003108225703503e-01 -1.447108922182900326e-01 3.699926546859289900e+00
6.210768614566402057e-01 -1.027296957702219959e+00 3.751429995237610004e+00
-8.606976741578502565e-01 -4.561980436388900495e-01 3.099935384094779867e+00
-8.596693789436602451e-01 -4.018198807550055207e-03 3.558908618308350036e+00
-8.691393093817803006e-01 3.944762464490003673e-02 3.529973936243179899e+00
-8.716151275880701377e-01 -1.343927625097300904e-01 3.563061481665990016e+00
-8.703740475488201955e-01 -1.431601654273200186e-01 3.555010966328650213e+00
3.241596189475894896e-01 -1.154127386997040094e+00 3.662061778037550397e+00
5.960123491722999489e-01 -1.111981721163999737e+00 3.697652637243559859e+00
2.462274420913099782e-01 -9.482143018716899796e-01 3.759514431805940138e+00
2.668910214010011828e-02 -9.673421011593797969e-01 3.650631239536589856e+00
5.301038194588896246e-01 -9.525787975826700560e-01 3.806523901495659779e+00
6.458535820490998169e-01 -1.165771289495970198e+00 3.528551865948829747e+00
6.003231243363402747e-01 -1.152865852343849973e+00 3.508729035373749916e+00
6.144160943333401015e-01 -9.113320928204498017e-01 3.818447768024349820e+00
3.243392994701999044e-02 -1.012506496384799837e+00 3.605486730426889608e+00
5.974136180332898505e-01 -9.096582313306900147e-01 3.817237162981499843e+00
-5.737103285454701052e-01 -5.416506810419199347e-01 3.605235262463859947e+00
2.489424216900593123e-01 -7.288011626339899740e-01 3.872891766034119776e+00
8.906285782237701731e-01 -2.336751115362498687e-01 3.760766125198609977e+00
3.902759957025025983e-02 -4.044222461003499358e-01 3.983190964463120043e+00
1.204821970905719741e+00 -4.095942634450797648e-01 3.439566735620859905e+00
-5.638761738226403253e-01 -7.339381625756599137e-01 3.335156294196359728e+00
-4.735458062648203459e-01 -7.229808245280100465e-01 3.388548804784019985e+00
-5.520009691154599274e-01 -7.566665469039198788e-01 3.349981218866959765e+00
-5.329669827158400874e-01 -8.002167486325899581e-01 3.300685842893780197e+00
-4.749763951363799031e-01 -7.693561526037698828e-01 3.246570208420549886e+00
-4.823693310854002547e-01 -7.605993252549300143e-01 3.237706607391139801e+00
-4.864852132821999575e-01 -5.606164133825098927e-01 3.269461476875259898e+00
-9.394860632257397981e-01 -4.498721954421899261e-01 3.742135251895539749e+00
5.893902646681503654e-01 -1.149027412155720018e+00 3.460806786963749992e+00
6.274435065481798190e-01 -9.437665934620100838e-01 3.792016325820189770e+00
4.930018086577003800e-02 -1.331466201782729897e+00 3.356033223812270094e+00
6.270238567394001983e-01 -9.430086097380998567e-01 3.794411432798010075e+00
-1.325456892085101757e-01 -1.412746708926079897e+00 3.293036114059729957e+00
7.556055930850100744e-01 -1.170100234230839753e+00 3.623379905280519786e+00
5.990048293476197827e-01 -1.112694783857310021e+00 3.693396331096139740e+00
5.877307099476598573e-01 -1.068734372024109813e+00 3.794897166382310338e+00
5.232633567437998678e-01 -1.142782796360389819e+00 3.484177191733500045e+00
4.529556163720398487e-01 -1.114303223593969827e+00 3.473864374219959750e+00
2.800288720913002294e-02 -1.159045499272540081e+00 3.507974273768329709e+00
2.390732884763897559e-01 -8.364410556341699277e-01 3.764839636848499982e+00
4.672826115962798177e-01 -1.115064096762219847e+00 3.453355273983150120e+00
2.372518505018601509e-01 -8.503421823448198413e-01 3.770455816478650135e+00
4.124567492582009720e-02 -9.083414956962099218e-01 3.684295016130030298e+00
2.460872069789399319e-01 -9.412989642661599987e-01 3.747124881049829881e+00
2.225941309311973981e-02 -1.309856424077250114e+00 3.360649531484599883e+00
6.040199307569000808e-01 -1.079980791439679733e+00 3.726598041248720072e+00
2.513723652199000291e-01 -9.522200345238498453e-01 3.751590945124259946e+00
5.873190110132098241e-01 -1.197835918327680105e+00 3.634442513662299756e+00
2.523245568765295488e-01 -6.158062641648300861e-01 3.944137063167989954e+00
-6.733700751942999219e-01 -1.839480407596700839e-01 3.906014436297719605e+00
-7.749096451379799966e-01 -6.389400126866018326e-02 3.685911551636849914e+00
6.532879494684795674e-01 -1.131106124230719878e+00 3.472347438400340103e+00
5.668526333607903922e-01 -1.147979181860339537e+00 3.509708649181499940e+00
4.157413562372296312e-01 -1.224161779628139879e+00 3.360501886826139817e+00
2.317917062348295865e-01 -1.228219044299899920e+00 3.565071942600639865e+00
2.652776818576896289e-01 -1.511787854233469952e+00 3.424374023004159717e+00
-5.707066573870100967e-03 -1.441442965574729840e+00 3.297700837715699773e+00
6.521588260490198685e-01 -1.136017755430689835e+00 3.474094128087549915e+00
7.671683076872302109e-01 -1.113441952204219820e+00 3.593565269754730007e+00
-6.416302728647600429e-01 -1.458191200082699091e-01 3.911856719391479942e+00
1.021718018380580073e+00 -4.189207708254298890e-01 3.729272391625420013e+00
1.052894707569730137e+00 -3.099318932480297217e-01 3.683061782033170140e+00
2.468829824657099437e-01 -1.009310495476269942e+00 3.720658886060669968e+00
-6.109220058565898448e-01 -1.729478570750300204e-01 3.888590206539650040e+00
3.333314038996300077e-01 -1.163371350831789774e+00 3.639638288038329783e+00
-2.220152825860033374e-02 -1.379554494837770040e+00 3.363303006619689839e+00
-6.221275573030897732e-01 -1.253839614195983998e-02 3.579210316921709989e+00
6.838020300513898420e-01 -1.148333080709539988e+00 3.555310822645270097e+00
6.461596941688796392e-01 -1.263820087422209859e+00 3.581605553801999964e+00
8.870376207551595726e-01 -4.084159665818599683e-01 2.696063258340929636e+00
9.063576953389298474e-01 -3.501822955545198512e-01 2.646052180911089735e+00
-4.780108049707405549e-01 -8.013567070149200111e-01 3.301148651169070192e+00
-4.619156937422603804e-01 -2.554263294091401182e-01 4.061233612141800009e+00
-5.600068863198899294e-01 -7.582964370644097452e-01 3.268669107297640153e+00
-4.696697522774200273e-01 -2.782317130445799425e-01 4.044794838319480057e+00
6.498223751069298615e-01 -1.124042773950229890e+00 3.471514135148599856e+00
1.109569795490630284e+00 -6.236764128492696679e-01 3.539661749826179982e+00
-1.440065310568701129e-01 -1.968566036084200555e-01 3.957669440425630292e+00
-6.377532328761901237e-01 -1.676286910738702396e-01 3.900831181067959896e+00
-6.248426607303498859e-01 -1.743828175759301047e-01 3.921805594238469972e+00
-6.308088988612103876e-01 -1.675923342818101958e-01 3.912782545445179672e+00
-9.406627600704009495e-02 -3.220738375196198211e-01 3.986089573676479869e+00
1.244798363377990214e+00 -1.491946600103997156e-01 3.747860651229930173e+00
-1.057093091735520130e+00 -5.297723098825699584e-01 3.223358226478959754e+00
-1.064442892788930006e+00 -5.182783624967399749e-01 3.213116080822649767e+00
-1.038109125581750058e+00 -4.883907405524299250e-01 3.214983590820059689e+00
-1.031354028411670232e+00 -4.862306819135899794e-01 3.213947381006040160e+00
-1.035172104493979894e+00 -4.704987762608598967e-01 3.203566912820959622e+00
-1.013797640333730099e+00 -4.941730213842998598e-01 3.218465026348380054e+00
-1.012302443296610122e+00 -4.768322073863799915e-01 3.210415370425599768e+00
9.723795154821197606e-01 -4.769576726474301642e-01 2.939634647988179861e+00
9.743923635017694984e-01 -4.798309417449100334e-01 2.940397111145849784e+00
9.672155508554900472e-01 -3.910022552060599121e-01 2.851854380459760030e+00
-9.456936458127900291e-01 -1.500907787248899616e-01 3.702289815139939932e+00
9.872355304225797212e-01 -4.137195821892798442e-01 2.866411978397310101e+00
-1.107283120689240175e+00 -6.002481698809991606e-02 3.664300291710770097e+00
9.746307015437993826e-01 -4.810386141076300470e-01 2.942838927162509943e+00
9.762781575857597538e-01 -4.378642033791900756e-01 2.857598773579120177e+00
9.424564899915002236e-01 -5.833880624648999369e-01 2.976027380415219969e+00
9.434763813324198445e-01 -5.884934749584500580e-01 2.983486175699240128e+00
-7.688341997742500489e-01 -1.117371581409600800e-01 3.701910482639859890e+00
-4.295679152795903732e-01 -6.377476455944500744e-01 3.147341877155810153e+00
6.601921289351704303e-01 -8.186559076475898866e-01 3.875516697872309901e+00
-8.667819699585501692e-01 2.299264984769955333e-03 3.561435862917320172e+00
-5.936063222688501284e-01 -4.204647706680598729e-01 2.914827151513279979e+00
6.102521242927996248e-01 -1.146972438791819870e+00 3.717483558316019732e+00
8.204669751402997591e-01 -1.424671043851000185e-01 2.379006526675629729e+00
7.801369485125597691e-01 -3.552666851092797229e-01 2.599460567697899904e+00
5.391189636207696090e-01 -1.001554283006580004e+00 2.950735684599669728e+00
3.083361531772501607e-01 -6.013892291934498369e-01 3.954739451799019978e+00
5.432617732028197644e-01 -1.144623808938920018e+00 3.102340324213840095e+00
-9.815249632107998501e-01 -2.137855725568398313e-01 3.923035288014089961e+00
-9.842176307435799298e-01 -2.041364788392399099e-01 3.917728465185029929e+00
9.739640261105599883e-01 -4.936330449817297739e-01 2.903187049152819998e+00
9.396445774285298036e-01 -6.013304512555400771e-01 2.991233667559360043e+00
9.374715257411199154e-01 -4.504564883885296966e-01 2.921553111882559950e+00
-1.302676950089570074e+00 -1.550096204123099231e-01 3.201523990476180082e+00
-1.028045550593770008e+00 -5.333817399922099467e-01 3.212603332083999952e+00
-6.095917251225997369e-01 -6.940478894583798075e-01 3.438261856360969926e+00
-1.121233472825070354e+00 -4.399898961131998298e-02 3.658444809248919682e+00
-5.105713339442798926e-01 -7.598196476258900489e-01 3.415361928412020021e+00
-7.525406189657501965e-01 -4.176331590022998030e-01 3.577622953797409799e+00
2.724908320143795137e-01 -9.873283785343298646e-01 3.775736731415530123e+00
-9.048591911750403227e-01 -2.225003525313700159e-01 3.735533883635289598e+00
5.713534634650394572e-01 -1.153353983365160040e+00 3.513504874222829866e+00
-1.194641112967979923e+00 -5.613780517808986126e-02 3.684582506952509995e+00
-1.198436986034260077e+00 -4.709238905283008592e-02 3.679103280209730098e+00
-1.230813784436420200e+00 8.166078499498574672e-04 3.665299001942889934e+00
7.435015911301099401e-01 -3.216871146652698910e-01 2.553116387446909830e+00
8.183428625915700749e-01 -1.424606714526999163e-01 2.375541562596049872e+00
6.189663508993397123e-01 -1.014151337731280078e+00 3.749566573461289742e+00
-9.088655294338201518e-01 -7.013290714289999173e-02 3.554780046352670198e+00
-1.015464921909569940e+00 -3.846285109411600178e-01 3.633183175376769825e+00
7.658410218364295474e-01 -3.135759154327022458e-02 2.269630423538719910e+00
8.052853318026897966e-01 -1.511875988791300252e-01 2.374513420409969822e+00
6.105863440940004772e-01 -5.056007485397997492e-01 2.697873647753319837e+00
5.444518491212102518e-01 -1.123723429486390035e+00 3.091227871816889738e+00
7.491487026024397089e-01 -1.179233201597650105e+00 3.642684634081689854e+00
-1.039913390327802389e-01 -8.263563755439299330e-01 3.710307799255969652e+00
4.699909930059043006e-02 -1.005167894551609820e+00 3.617078919621779853e+00
-8.529482294183901026e-01 -7.653644931326499812e-01 3.626086795588720157e+00
-1.045605973483680229e+00 -2.070111024424499124e-01 3.955270659352100093e+00
2.295991008379694165e-01 -1.375363917000079539e+00 3.505189737429649899e+00
-1.064839267387900135e+00 -2.239162100714200410e-01 3.001339764433899937e+00
-8.148578618510597948e-01 -1.594421334949398528e-01 3.764561937932610292e+00
8.130933617377400502e-01 -1.067757355562402033e-01 2.334799310019930019e+00
6.049948319573399402e-01 -1.063708753493909809e+00 3.728897856895390106e+00
-8.077745696495801653e-01 -8.056098571445998724e-01 3.641273118609359649e+00
6.363303228259202804e-01 -1.137054443623789712e+00 3.686484195523779928e+00
-4.394184668338803057e-01 -7.070482197760400433e-01 3.306705369323790222e+00
5.287776322956196928e-01 -1.036221962771950000e+00 3.750646007750169986e+00
-8.217466699634596861e-01 -1.593266771113299729e-01 3.753983511399260120e+00
-1.137791752529609957e+00 -4.458595957671995791e-02 3.695279874493929917e+00
3.989405907122400841e-01 -1.104086063851410060e+00 3.424791390341679787e+00
8.791069120266294945e-01 2.731413559238040190e+00 -1.616982968275750832e+00
6.334736321917597834e-01 2.483611603921870525e+00 -1.299325363268590383e+00
8.736102752043199970e-01 2.739920126735530204e+00 -1.602173414104450355e+00
5.062436723779994985e-01 2.058825848962730021e+00 -1.658734942754150676e+00
5.384138127876969548e-02 1.771999236944750589e+00 -1.206740304692370369e+00
2.880862412748097512e-01 1.839789143541890049e+00 -1.049541720472340511e+00
4.615161999647021673e-02 -7.818143510180900480e-01 3.770603541915160228e+00
2.365972464698402611e-01 1.603728664829039641e+00 -1.043916569763790214e+00
8.130954100552001407e-02 1.908781157310879717e+00 -1.130465860130329681e+00
5.935849871300598046e-01 2.334143557440489847e+00 -1.197403219298029953e+00
-1.258780232861504977e-01 2.281988876798669796e+00 -1.092189895682170508e+00
6.600898990706394187e-01 -8.501798077278999166e-01 3.845270496776000080e+00
6.056501512018952482e-02 -6.437924948246098733e-01 3.863638371132219973e+00
-1.131905964181001423e-01 2.275238019687050084e+00 -1.070280043822950056e+00
-2.036788455590099467e-01 1.949457279522730069e+00 -1.333313096943450127e+00
-7.743889765509992529e-02 1.830710249125960143e+00 -1.341293259812259997e+00
1.035383359515997803e-01 2.107493561076850153e+00 -1.681252986771810232e+00
-5.847673172594403113e-01 1.737547628964930091e+00 -1.649098133340580308e+00
-9.936807152464699477e-01 -3.779163141461099329e-01 3.277990680808029911e+00
6.600304529542802001e-01 -8.491558701713699531e-01 3.848179550468049825e+00
1.333078833208869884e+00 1.157611203029800251e-01 2.085314631523469853e+00
1.107688896100390341e+00 -1.228366461825400879e-01 1.779175108427299978e+00
1.108665292136289615e+00 -1.085021809690300820e-01 1.771390361170969818e+00
1.295505775736069953e+00 4.525110896177020336e-02 1.835328348750060012e+00
-3.013436718962630323e+00 2.829483270661629302e+00 -1.275963710406650797e+00
1.251118340593509792e+00 8.070513064869011544e-02 2.058447502084889802e+00
1.424372942478659532e+00 6.311339281708903126e-01 7.370656735950298355e-01
1.112555661003069574e+00 -1.444014026716988752e-02 1.761690660505989880e+00
5.465165027689096178e-01 -1.124140150324959730e+00 3.081831506147759914e+00
1.028423125873419774e+00 -8.546637673764001519e-02 2.239388963150689804e+00
-3.931908125746970128e+00 3.060695118209320054e+00 -1.351111450533960756e+00
1.041073928615170008e+00 -1.607896736058100906e-01 2.372319192103269803e+00
1.314652601344810101e+00 4.648656221499600782e-01 1.218454585222069841e+00
5.092119254994393884e-01 -9.980945357182200439e-01 3.771386568914639970e+00
5.453642828027702727e-01 -1.128397196617839660e+00 3.087995340798729949e+00
1.188717167982709100e+00 -1.063983745420902238e-01 1.784691058828299814e+00
1.296908314480969882e+00 8.027297690137036312e-02 2.039292144819520036e+00
-9.447945093918799220e-01 -4.448346876522699667e-01 3.639159123742869983e+00
1.076088371071989958e+00 2.397672574370002252e-02 1.615058284146639878e+00
1.256313776820280115e+00 8.649826872751020801e-02 2.062979430302160022e+00
9.766378853741803923e-01 9.528114580078028695e-02 1.925831569231689855e+00
1.011316789458789778e+00 -6.507262472150010524e-02 2.251280259820589880e+00
4.237157659881898297e-01 1.806945369942829505e+00 -1.496432276052420018e+00
-4.407365652606459960e+00 2.743737738269719895e+00 -1.015859806128190268e+00
-8.461083209961401952e-01 -1.596309839194498537e-01 3.596777381824439956e+00
1.093091997453000008e+00 -4.097471392845997151e-02 1.803112866623129751e+00
1.019550198669779917e+00 1.973899828838301396e-01 1.831006897989669868e+00
1.067131252493120019e+00 1.485871621297603085e-01 1.801545203697409780e+00
1.056710887909630081e+00 6.229300970289997075e-02 1.845407687454939882e+00
1.015105055066119366e+00 -4.366236284210098795e-01 3.829364575380759916e+00
-3.883598733961219907e+00 2.672935230218699942e+00 -9.260557284601698136e-01
-5.980484200190201438e-01 -6.749632977772799247e-01 3.411956064843649994e+00
1.086317188129110267e+00 6.839237812443998976e-02 1.551934000067799913e+00
2.096751607898490022e+00 2.199354940695580130e+00 -2.675205825231859347e+00
1.103546372657959740e+00 -2.617398634880085950e-03 1.845168949436909678e+00
1.274086082302409828e+00 2.434559689233504187e-01 2.068362038035679973e+00
1.137207867974709963e+00 -1.310604411627198651e-01 1.775036591983109924e+00
1.042658717219279829e+00 -2.619705268189800318e-01 2.587418313416789850e+00
1.017573954744880105e+00 1.862879753611101918e-01 1.843917457482999955e+00
1.017771779326329895e+00 1.995051553445401638e-01 1.828766341303139864e+00
4.200863400946399651e-01 -1.173854642048099972e+00 3.418211664192639887e+00
1.368151032749719942e+00 -3.840176029784991840e-02 1.763450402373469839e+00
1.094596102873119925e+00 -9.325456721599678644e-03 1.806944396027099886e+00
2.126827988731670338e+00 2.367573033896639867e+00 -2.727730053030219981e+00
-4.380941536181500062e+00 2.286842052338270204e+00 -7.475035353557308859e-01
1.369714412717379481e+00 -1.510888798501985875e-02 1.739394894512579892e+00
1.094745568228719712e+00 -1.555153040386900720e-01 1.831665895692749846e+00
9.828172903888097167e-01 1.688049915270801726e-01 1.854194911766449794e+00
2.692204775712498943e-01 1.667894364187089806e+00 -1.255279451557500092e+00
-1.054880624928570043e+00 -4.495183471036500178e-01 3.385024131846469775e+00
1.287269825604159923e+00 -1.021051626401499046e-01 1.665727162791539762e+00
1.018845042402549694e+00 -4.213406378192008361e-02 2.219790682992250019e+00
4.997347289941100890e-01 -1.028295973148489750e+00 3.330255004468119839e+00
1.082690995305819914e+00 -7.937970033998986708e-02 2.424384554462200025e+00
1.087982237191199797e+00 -1.119310446073500387e-01 2.267213165787600015e+00
1.214736195252759998e+00 2.558588445298015657e-02 2.162992284744899685e+00
-8.864820058753601906e-01 -3.468462754179499896e-01 3.204535371269980004e+00
-4.485254483749029575e+00 2.391265052173409789e+00 -8.623107742646003437e-01
7.700350599472400859e-01 -1.113086548775680029e+00 3.675532970826339785e+00
-4.685786533688359512e+00 2.610611137885739730e+00 -7.837453381940604480e-01
-1.133956531358080166e+00 -3.454814229308098561e-01 3.294611283578039895e+00
-4.079258505057359763e+00 2.132088367916229910e+00 -6.767746094876101459e-01
7.940431119547204375e-01 2.539044928165829607e+00 -1.686384938272230460e+00
5.605674711390595810e-01 2.230087529534949375e+00 -1.476438892207629916e+00
6.840061853647596557e-01 2.241003454589890254e+00 -1.877600491347420242e+00
-4.664414906296030061e+00 2.701648264375999808e+00 -9.403416404428699416e-01
5.506834750160001235e-01 2.206822474637139653e+00 -1.438806084866639967e+00
1.022997429470959840e+00 1.836689409150999985e-01 1.845218675210599901e+00
7.259258714114698030e-01 2.022244380848303713e-01 1.720544242185549910e+00
-4.750279560083559893e+00 2.637731427634080195e+00 -7.993090735360603993e-01
1.004448036401869970e+00 1.336851945180501655e-01 1.888085598660109943e+00
-4.538328806138199667e+00 2.436408177428700306e+00 -9.241612746808702816e-01
2.651723114015096527e-01 1.885906170927460046e+00 -1.243792793224940407e+00
5.408281955358202886e-01 2.162817825344339973e+00 -1.347933207192400840e+00
3.022783905702999263e-01 1.749670455827410542e+00 -1.185933840580990939e+00
6.683917470119697946e-01 1.831646711770440472e+00 -1.281355752011779980e+00
5.804905242842597346e-01 1.945250059600149850e+00 -1.657675231019690276e+00
-1.059909539554260149e+00 -5.239533112890899513e-01 3.218328740900189722e+00
3.807961211049999406e-01 1.829697624710370452e+00 -1.203243198958590554e+00
-3.231466452698859904e+00 2.937618573378310227e+00 -1.308160799316090639e+00
