-5.382226908694596190e-01 -5.451361373114199660e-01 3.062972912524859925e+00
-3.638036092408603039e-01 -1.990456943470199080e-01 2.351398909741659882e+00
3.693799384789020479e-02 -8.300195527911100601e-01 3.968504850651330074e+00
3.678521121453037779e-02 -1.069680232481149851e+00 3.807373226507249964e+00
-1.592623356494802245e-01 -9.872636377530499274e-01 3.815513757980100173e+00
3.544452485988047741e-02 -1.177317161958689962e+00 3.736686245946519769e+00
-3.197226691985899372e-01 -1.514486453867619931e+00 3.372414958760910242e+00
2.623469505692987980e-02 -1.427889669904889747e+00 3.565410636264370048e+00
-1.636862889396297760e-01 -9.891667798430600067e-01 3.820127448682230309e+00
6.465648464058970646e-02 -1.155249044676500025e+00 3.885981369188149959e+00
6.676010709218971328e-02 -1.153633462334839876e+00 3.885381728863570139e+00
-2.876682906286398556e-01 -9.141198114903498206e-01 3.782361457330400079e+00
4.332101469656901571e-01 -1.067465285844610090e+00 4.055160611051830344e+00
2.419302772721096950e-01 -1.343182753445510080e+00 3.777562503648729919e+00
3.072356886083200678e-01 -1.127136408919599875e+00 4.001158624976500100e+00
-1.619684675565999932e-01 -1.571275883693779907e+00 3.391227894510139951e+00
7.986435734834098632e-01 -6.879643502433501201e-01 4.190627799633650064e+00
3.145449444620100898e-01 -1.321220365899649973e+00 3.886379548570549680e+00
3.364705107138696860e-01 -1.285159273184550033e+00 3.908163140148849912e+00
2.931331468741702473e-01 -1.219233022741029959e+00 3.945916588913089829e+00
2.819075511086204244e-01 -1.182925003175599787e+00 3.962723180882999685e+00
4.065442793780800201e-01 -1.331103666314009892e+00 3.895950180002180296e+00
3.123603574277598049e-01 -1.321511960606499780e+00 3.883619297913599944e+00
4.010460848734900274e-01 -1.373154189299349959e+00 3.795105428368950040e+00
1.893680710568301784e-01 -1.022634557179519899e+00 4.041662677162309869e+00
4.029853755560104389e-01 -1.331757813588089867e+00 3.895870393581269742e+00
5.237066923747204505e-01 -1.396125857114529634e+00 3.878894179364839712e+00
-1.385997349165806192e-01 -6.715870001771699904e-01 4.048139441586159570e+00
-1.457519234465101121e-01 -9.175362453784499106e-01 3.880877689996249824e+00
2.091128245832996058e-02 -1.718182427570370097e+00 3.530632934756609664e+00
3.004505856908106232e-01 -1.131564047799729966e+00 4.000693707590589732e+00
-1.492166166194399679e-01 -1.400781576093099723e+00 3.538467442247399841e+00
-1.436689361395497855e-01 -9.129237379827598309e-01 3.876378443458630141e+00
-1.386366656532502795e-01 -7.805405707897600243e-01 3.973054861695129780e+00
4.293501292180197382e-01 -1.354735185326810143e+00 3.883961680506479830e+00
9.848677936824001833e-02 -1.349886706284829874e+00 3.836962021841939574e+00
1.677576782013012746e-02 -1.721885716472359995e+00 3.532502789549729627e+00
9.588313769173995027e-02 -1.349033571340509940e+00 3.837255588320779953e+00
7.392636624028048331e-02 -1.575882872034579663e+00 3.629586896529339857e+00
-7.262617076446802322e-01 -9.289228392235000520e-01 3.741433632933699904e+00
-9.237038032970799062e-01 -3.511824486487999941e-01 3.159439383961600178e+00
7.986960593506999828e-01 -6.852796002319498925e-01 4.147788099044600330e+00
8.227060113838398081e-01 -6.581023709714599601e-01 4.146340437717880079e+00
3.548055542533998796e-01 -1.103104387589779911e+00 4.022735387565639975e+00
3.776469042226398010e-01 -1.253005622640420036e+00 3.936753180650859996e+00
-6.710675022076799667e-01 -6.755583893806993423e-02 3.579597173157859746e+00
8.464160764233019663e-02 -1.555418221236879894e+00 3.645152213241489747e+00
-2.923485284811198071e-01 -9.267749002669499747e-01 3.785315478585399962e+00
4.298325904030999567e-01 -1.360022497985420076e+00 3.881396785918460157e+00
1.897305157888600213e-01 -9.762210278692798893e-01 4.065624650171740129e+00
2.523021345941898197e-01 -1.336886122286430112e+00 3.763419922421490149e+00
-7.338872778763001481e-01 -9.177708875779400088e-01 3.750396608069719750e+00
4.302583063245797312e-01 -1.061452987289990046e+00 4.062450096016419820e+00
2.766225701953901606e-01 -1.061825707122070028e+00 4.031927600369309417e+00
1.872086819844898109e-01 -1.018069249359609962e+00 4.041686805340829913e+00
-1.016110560843330068e+00 -1.673616606915699911e-01 3.647123779521109999e+00
-8.608553667685399091e-01 -5.094940901424799273e-01 3.071126645861840032e+00
7.939887588770000448e-01 -6.860426357357198857e-01 4.149896049931360409e+00
-6.735011287295002980e-01 -1.100302968679598425e-01 3.597077003894979974e+00
-1.578358563803501369e-01 -1.267748988526719911e+00 3.627795701287110042e+00
3.462379160874400341e-01 -1.319714261572279890e+00 3.676695379328039692e+00
-1.598107851802299528e-01 -1.079028467838659910e+00 3.751641162938029961e+00
4.072171760198499690e-01 -1.330495264924469900e+00 3.896435708283110255e+00
2.164457402578001677e-02 -1.421779515835849939e+00 3.564895360862100127e+00
-9.692857251863500334e-01 -2.260395697623298616e-01 3.593589816477789967e+00
-1.019051904811909992e+00 -1.610313303081400971e-01 3.642019499403470029e+00
5.303332264194700052e-01 -1.338903918581419994e+00 3.918140909688910156e+00
3.234426849403502224e-01 -1.154849888076709963e+00 3.986517214422229838e+00
2.636959183378984051e-02 -1.094906373242029884e+00 3.820719313789290084e+00
8.228218808551002184e-02 -1.246455606857799880e+00 3.846676150588749898e+00
4.317329919590902065e-01 -1.007352425750239977e+00 4.092138312491769625e+00
-7.213606405717301051e-01 -5.275786160718199946e-01 3.616476584359110014e+00
-6.155830395228698571e-01 -8.510184052132199195e-01 3.376298763477410425e+00
3.197695584238902100e-01 -1.199735092768679845e+00 3.958326141322989766e+00
-8.548388889596398865e-01 -5.027724459379798727e-01 3.072439640912839831e+00
4.333134691321602894e-01 -1.008183290313850122e+00 4.093820086757899546e+00
2.849300707711011071e-02 -1.318454025510249927e+00 3.647573173178349837e+00
5.142902586443098834e-01 -1.403312051991270071e+00 3.873418207968609916e+00
-5.874559152364200454e-01 -8.438666216255699126e-01 3.375193397072459689e+00
-5.773594680681597424e-01 -7.876858352386598705e-01 3.404540018671480262e+00
-7.053263242937100053e-01 -5.830961727990999766e-01 3.652424862821949780e+00
-2.921122621294798272e-01 -1.250029903363469863e+00 3.383859999472559998e+00
3.983583881053998077e-01 -1.273216971128889874e+00 3.936030916815819847e+00
1.086667818355270487e+00 -6.843151486515197668e-01 3.775404221285709738e+00
1.103916236384889782e+00 -4.141172869108000754e-01 4.085730786944050230e+00
-8.465652914851098387e-01 -5.279417224108399198e-01 3.085868137254069943e+00
3.181437471747994294e-02 -1.474078529047029962e+00 3.664614026834439819e+00
3.655087594215897795e-01 -1.225953911120950091e+00 3.950501586072749483e+00
-5.693231812513297463e-01 -4.281510296097499335e-01 2.860545961904449985e+00
3.678626109821299117e-01 -1.169271462606680023e+00 3.973975060313389651e+00
2.221535076675698051e-01 -1.429106421789869907e+00 3.511797011819509873e+00
-1.649627600507197478e-01 -9.920122645535699446e-01 3.820685282776460134e+00
2.846784133992303900e-01 -1.270878733444779973e+00 3.910149268144190060e+00
8.308899305928996171e-02 -9.866795581438299045e-01 4.000012993091189628e+00
1.897000143333902322e-01 -1.079705914794510058e+00 4.004142422059530304e+00
2.537937055975700851e-01 -1.426309087189360003e+00 3.513551133111130209e+00
3.400467742462800480e-01 -1.326323889568149950e+00 3.683748117902499786e+00
2.566633601759802374e-01 -1.242785682681139869e+00 3.626910558790619632e+00
5.476841929746298909e-01 -1.020982827975910112e+00 4.103496616377130479e+00
1.107830012253603336e-01 -1.339057550590669887e+00 3.838920500803060243e+00
-2.900525362634600590e-01 -9.342459671264199406e-01 3.666695169251859898e+00
3.372464185125401137e-01 -1.239933014943840117e+00 3.942852407796320069e+00
-1.506895480300598500e-01 -1.147689047438359866e+00 3.719422338513579618e+00
2.726743401074700479e-01 -1.289960158791549905e+00 3.659336688025849771e+00
4.733332058742800719e-01 -1.359851442993140092e+00 3.755960571635120093e+00
2.143028964796500624e-01 -1.447942837538579886e+00 3.530677022167790113e+00
2.233714173845102735e-01 -1.309361689679729990e+00 3.557355492238090111e+00
3.383637993292900603e-01 -1.314935592687059840e+00 3.672620492616929688e+00
1.970996374373199522e-01 -1.069994791671070145e+00 4.003751345741859424e+00
-7.950494104972800624e-01 -2.667257234292398360e-01 3.865157670853319960e+00
1.076019526734750098e+00 -5.500914251167499103e-01 3.899753982817749876e+00
-8.373975341104600290e-01 -2.066609868298798780e-01 3.684571767051839863e+00
-8.657150679059699705e-01 -2.388894012963400648e-01 3.599736936767469864e+00
5.243089710240398382e-01 -1.397893589416030036e+00 3.865564469024540095e+00
2.668463771613795998e-01 -1.300247900346750196e+00 3.664418038386799914e+00
2.720743687921296505e-01 -1.290414660083440079e+00 3.658731208575269900e+00
2.162756980407301022e-01 -1.228806004088220050e+00 3.592701366549409858e+00
8.349982485467597471e-01 -9.858212624794699952e-01 3.787554209855459764e+00
-5.296550013543599444e-01 -7.786844347510899489e-01 3.383199301963820016e+00
1.158401581716880457e+00 -7.783465384768998296e-01 3.795193600609500173e+00
-1.023442513982550039e+00 -3.927153332629199634e-01 3.206484191507209758e+00
-6.024713699750396945e-01 -2.321000679303598657e-01 2.792147156055279744e+00
-5.555944388491600439e-01 -4.620737754794799201e-01 2.929074694865639650e+00
-2.886282428521300680e-01 -9.239240826987600297e-01 3.783372064804329860e+00
-5.630076425368502058e-01 -4.758522556793099989e-01 2.921599341419029994e+00
9.246395177902901885e-01 -6.028269641581401883e-01 2.950968569155469901e+00
3.099494050615998475e-01 -1.319492354424759872e+00 3.881792645805879793e+00
2.615039799198015658e-02 -1.113738159754699808e+00 3.830523320012400035e+00
6.736692125924204078e-01 -3.271512445430897476e-01 2.564258464525619896e+00
-1.468011435617100346e-01 -9.117105606586298761e-01 3.882108172442090055e+00
4.286352526247596550e-01 -1.055748776349509921e+00 4.058897298659980279e+00
-7.102607675021599398e-01 1.869187998301699682e+00 -1.354207823794200571e+00
3.925551392748900525e-01 -1.201857835489419823e+00 3.966163859356109711e+00
-1.845150200883960201e+00 3.004536612091259773e+00 -1.495197755367480230e+00
-1.462195485660090055e+00 2.400669104134269816e+00 -9.803099520524103383e-01
-1.881279008984579892e+00 3.132042934203580042e+00 -1.635518316652340154e+00
5.515533954248381221e+00 2.691862252447340342e+00 -1.367763014199120164e+00
4.941439367762621160e+00 1.862847112748290623e+00 -1.310776787437820445e+00
6.137510492186601496e+00 2.761167880188509560e+00 -1.527867722678380780e+00
4.604404109902731079e+00 1.938841929937160202e+00 -1.529551060446530109e+00
4.534739524018680967e+00 1.893797747306389834e+00 -1.461870393386020428e+00
-1.522688594990980082e+00 2.669506821310109856e+00 -1.279120830500479755e+00
-7.030272331236002703e-01 1.856056053486730306e+00 -1.320786537370240321e+00
1.172784523227440090e+00 -2.911762606949001020e-01 2.552445476565599947e+00
-1.592151987194310170e+00 2.915364035100279860e+00 -1.596917965647489890e+00
1.420668894273980243e+00 -3.622920986673100474e-01 2.131034153916079976e+00
1.543144842859140109e+00 -1.481805974301099171e-01 2.458797783875580123e+00
-1.890832411815640102e+00 2.475055556396019707e+00 -2.067838520413660675e+00
1.559648353045819835e+00 -2.053835416380400680e-01 2.186889687546219818e+00
5.488296968816460009e+00 2.638155929855760196e+00 -1.370273989392280178e+00
-1.855186175371160040e+00 2.929238254532120056e+00 -1.444392097518660378e+00
1.530944307785179870e+00 -1.647782324988300573e-01 2.472245345004339789e+00
-1.497973952158179856e+00 2.474995434918440207e+00 -1.130629284645019883e+00
1.410540181391570336e+00 -3.495240912202302042e-01 2.144977181318690196e+00
4.339507721697302145e-01 -1.302197562901819872e+00 3.292343366927209747e+00
5.067070878348070906e+00 2.641277400629419514e+00 -1.918216490922510786e+00
-2.339925502231460008e+00 2.661705544831739711e+00 -2.147620397038719986e+00
5.322239962001599878e+00 3.024017377122740324e+00 -1.824749870687619957e+00
4.343110905109104358e-01 -1.309279682085469965e+00 3.298869604263710009e+00
1.437247936450589680e+00 -2.043500463812397694e-01 2.475281926113769959e+00
1.679500272759100188e+00 -2.419605642838100756e-01 1.855333919774279750e+00
-6.872929344122402640e-01 -7.653608358151099411e-01 3.431405425938280018e+00
