-6.519575770961799632e-01 2.568228927551999830e-01 1.013340756983860169e+00
-9.461183517499700546e-01 4.117161096392100150e-01 1.060519779658400052e+00
-1.094598143817640201e+00 2.922975397534700037e-01 1.205998852887989914e+00
-1.146559893006950048e+00 2.507080685816999721e-01 1.260736438642430013e+00
-4.822338305330400310e-01 4.228119350922699970e-01 1.080243170078469817e+00
-1.215229732677320040e+00 2.044721371869800131e-01 1.377692016934779939e+00
-1.237182228258530081e+00 3.360051967536000633e-02 1.524789888898190116e+00
-8.851332454543801020e-01 -2.378101932641999566e-02 1.726603646807279846e+00
-7.100405242333300837e-01 2.958651938763599554e-01 1.000933052541790103e+00
-8.913189992566699082e-01 -2.258676621904998766e-02 1.717735562809199923e+00
-5.413758889190299906e-01 4.375713289188200017e-01 1.058030447804710006e+00
-9.751642306061201193e-01 4.554084728988499475e-01 1.008589104150929838e+00
-8.549219214253500621e-01 4.635046877809600452e-01 1.040347421206090139e+00
-1.159604870484139960e+00 1.144539118226000490e-02 1.606247771876199826e+00
-1.319935504761470035e+00 1.608236927006899963e-01 1.363294416289539956e+00
-1.524862279170190016e+00 -4.717404486767198812e-01 3.117839826633930222e+00
-6.873289364851700167e-01 4.260629472122899331e-01 1.048994530844800099e+00
-1.187220935254529985e+00 2.788116652322299438e-01 1.216503066553940027e+00
-1.329436668249080133e+00 2.437154124746700457e-01 1.355134393751389998e+00
-8.816689495533100995e-01 3.855840255399899941e-01 1.122918220117719912e+00
-1.224277833395040149e+00 8.945548425789998093e-02 1.452655192563219844e+00
-8.429482159361501026e-01 4.528001685493499573e-01 1.033069997151880193e+00
-6.355488575622301184e-01 3.565446194784299694e-01 1.088300104359000153e+00
-1.525218668940260036e+00 2.828310594415000406e-02 1.592410982966009803e+00
-7.107177671749099757e-01 2.938950169689899528e-01 9.994654534431199888e-01
-6.215196318285101107e-01 3.231268449825199229e-01 1.140738889762290098e+00
-9.707269628084600477e-01 4.481835537701899796e-01 1.004321768097850009e+00
-9.023358778552399428e-01 2.189080434533499930e-01 1.276897385411069896e+00
-1.420763610625890072e+00 4.893689093446001309e-02 1.569146723567529822e+00
-8.848036425456200504e-01 3.860158836724900122e-01 1.121377958543070097e+00
-9.165215030056201861e-01 3.727612432576299928e-01 1.128795070403169953e+00
-9.954718694811000024e-01 6.464344997526000336e-02 1.570071509509800123e+00
-1.007811608509199930e+00 2.939399712998200243e-01 1.189417013377780163e+00
-1.237869105090020128e+00 7.778811514849001685e-02 1.472871894786630165e+00
-1.091236760101680137e+00 3.117851898569000135e-01 1.167511199903179753e+00
-1.425757782851809985e+00 7.626718133943000133e-02 1.509892495308019944e+00
-6.518884122538599613e-01 2.728005239301999896e-01 1.026792263067620059e+00
-6.896456485255100244e-01 4.214527182878299860e-01 1.043260949768320067e+00
-1.145952488816129877e+00 -3.483632114109999622e-01 2.387719731565910219e+00
-1.186821063750790106e+00 -3.753995711110399980e-01 2.566496296317290149e+00
-7.857313427876699841e-01 4.752283423027999776e-01 1.012053830684930045e+00
-6.390446348099100282e-01 3.570657558936999876e-01 1.100525235181149863e+00
-8.666781741586899734e-01 6.316177537018000110e-02 1.490781283410769653e+00
-9.170506752577400889e-01 -1.024137998442699871e-01 1.824090638482749993e+00
-5.242286676842999871e-01 4.177834419206200023e-01 1.089933432992080009e+00
-1.991037704150410148e+00 -4.514736166832999942e-01 2.752420528609450301e+00
-1.652136832548760204e+00 -3.403926573520199561e-01 2.600381529971260264e+00
-8.551450088313000686e-01 1.182886529925200325e-01 1.367666931450139955e+00
-1.147071409273050069e+00 3.474480963058099725e-01 1.114950602243600208e+00
-9.333509876307000130e-01 4.371905365640900154e-01 1.003999903689109852e+00
-8.074561966964599602e-01 9.438120102081001828e-02 1.440728307922070073e+00
-8.549061387341601037e-01 4.606275125849099705e-01 1.023502569678710117e+00
-8.304284611410900352e-01 1.746154808211100307e-01 1.305593004044379946e+00
-8.132335679997200195e-01 4.923026378040799567e-01 9.739876104554798797e-01
-7.455980494296601258e-01 4.143027889037599332e-01 1.071142558788739763e+00
-1.008760827251750092e+00 4.955084534107399574e-01 9.443060322193899125e-01
-9.253562447332599472e-01 -1.088181038649300159e-01 1.856161401546489786e+00
-8.717618232604100736e-01 4.794804111634499155e-01 1.000115965715839828e+00
-9.384464778630801085e-01 3.941984568544599776e-01 1.070512376096580009e+00
-8.119536997213498974e-01 2.215731672628599991e-01 1.034329052039589802e+00
-1.281537314287299889e+00 4.234074975339998520e-02 1.526164756276819912e+00
-2.067014615439469960e+00 -3.405844834536700394e-01 2.417163788209300002e+00
-7.590120637965200867e-01 3.043338435584199697e-01 9.941085813390599935e-01
-1.317844880351640047e+00 1.222464877167499797e-01 1.418573366677070124e+00
-6.815117507779300254e-01 1.502542166158900017e-01 1.457643319603640020e+00
-1.401672351653530102e+00 1.715662677956500126e-01 1.533162432653599749e+00
-8.960044182033299887e-01 5.134465022377400212e-01 9.497671462110499618e-01
-1.019760113536869905e+00 4.976244033303199310e-01 9.452388622424099385e-01
-1.320385668099690157e+00 1.236163233565399922e-01 1.421592215455129926e+00
-1.147053675518570071e+00 3.169871831189199907e-01 1.163256411132389978e+00
-1.349670827949610130e+00 1.027543643730002149e-02 1.605849496395729936e+00
-1.390687344367540046e+00 7.602908285250030429e-03 1.595112023817549796e+00
-9.633912697846500617e-01 5.100871365706700633e-01 8.799433570836199259e-01
-9.213298331954700160e-01 3.459049024403699768e-01 1.164847770003660132e+00
-1.059768593726740038e+00 4.566241786487200138e-01 1.010929912361180127e+00
-6.820957734474899503e-01 1.283059734301900123e-01 1.485057351694900163e+00
-8.802437749419300683e-01 5.009101343701900522e-01 9.634289720007398472e-01
-6.508274683090300439e-01 2.847021658445599845e-01 1.043002999101690031e+00
-8.469989186071700260e-01 2.201719813853599828e-01 1.244547598903989805e+00
-9.150316734418699749e-01 3.724312828702099898e-01 1.130245917344020246e+00
-1.418604837262990026e+00 8.149606969410000401e-02 1.498869029929870145e+00
-9.912847156162400974e-01 3.546092909489599876e-01 1.150360003280439969e+00
-7.206959752348700565e-01 2.624497612801999780e-01 1.200741922317609900e+00
-9.509955088299200110e-01 5.059081062537500451e-01 8.693868217697500178e-01
-6.956031101631200420e-01 3.384760970912699674e-01 9.882132285445099917e-01
-1.087848216857060013e+00 2.777318635728699969e-01 1.237961403215609879e+00
-6.540042737586899690e-01 2.503192523152799609e-01 9.816603747791099455e-01
-8.862075767381700775e-01 -3.068653964998999811e-02 1.746883939347759984e+00
-8.871066878299000980e-01 4.367689525868799771e-01 1.032513124881380140e+00
-8.346984238836300252e-01 2.317391603701099978e-01 1.125906392521640154e+00
-5.735607597699700078e-01 2.929384235332699871e-01 1.106146030499939981e+00
-1.149354368410830052e+00 3.818806096099199854e-01 1.122937912108290082e+00
-1.088873478667319983e+00 3.158609147761500258e-01 1.173432182356590081e+00
-7.621720706393999567e-01 2.519013596310399894e-01 1.004037740869599959e+00
-5.880796374894100564e-01 1.481461261851600153e-01 1.390968480650469630e+00
-1.146805269754230139e+00 1.079924036430500167e-01 1.421505770360420140e+00
-1.420868547781970026e+00 2.336453823535800112e-01 1.332212931763969932e+00
-1.515225339793340176e+00 1.192081064374299892e-01 1.520097655350450161e+00
-1.537272890693890171e+00 1.222942798446800261e-01 1.537406707057830113e+00
-1.962854664870010035e+00 9.173817399678599882e-01 1.636778237471050002e+00
-2.057374178287790123e+00 7.158981028075300790e-01 1.922923119075179876e+00
-2.068385465362760023e+00 7.155330592078300578e-01 1.918600965747990106e+00
-1.876084039814210236e+00 6.286949849935800083e-01 2.058048554594570145e+00
-9.433882942650599901e-01 4.460772345266499905e-01 1.032652405312989963e+00
-5.225627809226500720e-01 4.126213769720299962e-01 1.086702307854419791e+00
-8.302677458639800001e-01 2.299737934034699893e-01 1.115045531916609933e+00
-8.423925447180100612e-01 4.440813371876999871e-01 1.046695394772970245e+00
-2.465179188451799952e+00 6.089901390208699583e-01 1.936989562676629806e+00
-7.258031336721300075e-01 -3.406009580111000329e-02 1.731645308718999798e+00
-1.585912409259880196e+00 7.458452279413002595e-02 1.554732777374449926e+00
-2.036641661465839803e+00 7.032249895158501074e-01 1.895480854064529597e+00
-2.096660727391240098e+00 7.246821790488100490e-01 1.956556273562089610e+00
-1.429232957125970094e+00 3.458988227207997895e-02 1.573717169094590140e+00
-5.785024131592000352e-01 5.357148427933999812e-02 1.153826682392339986e+00
-8.721963653973900943e-01 4.907459719184799618e-01 9.875966814378098757e-01
-8.070081084345900324e-01 4.414527434052299415e-01 1.043065865972999884e+00
-8.406506224172800579e-01 3.295585780951700294e-01 1.197579095787570047e+00
-8.085577962119900874e-01 2.693297509679900004e-01 1.112951010582760025e+00
-7.497224198294301090e-01 -2.896469427932099605e-01 2.117409939832400223e+00
-7.517474386310400991e-01 -2.857730211014099519e-01 2.101622588219190124e+00
-1.759534155969050273e+00 9.905606810748900370e-01 1.472335805431999933e+00
-2.391667144433970105e+00 2.931914770647005980e-02 1.721080740742499726e+00
-7.691492529197401229e-01 2.622745464497799883e-01 1.042424780912559967e+00
-8.353551640353300556e-01 2.240717852097100227e-01 1.114216138007620094e+00
-8.381995165523199454e-01 3.276986568062499328e-01 1.185087861056929981e+00
-1.275760903382790135e+00 1.117103551226799885e-01 1.749797294102290124e+00
-7.560588717861700392e-01 3.468050097625199890e-01 1.022210382552070085e+00
-6.852499090469399423e-01 3.954241282704999971e-01 1.022854487081679808e+00
-6.850779513456399794e-01 1.820612899680000007e-01 1.288058471390920001e+00
-9.454074162684500404e-01 4.175769266365099708e-01 1.081105246108900131e+00
-6.532375743197300633e-01 2.807972150809199818e-01 1.111314190642789912e+00
-5.446051650362500052e-01 2.295866778451600143e-01 1.168927859018509707e+00
-1.670655662265849939e+00 -3.492579996195699921e-01 2.626835526011940036e+00
-7.172880053114700782e-01 2.889314355031099568e-01 9.980445706845200160e-01
-8.099095306008499140e-01 1.290809596775699952e-01 1.355911249417639963e+00
-1.143145330280830096e+00 1.083222365636500040e-01 1.408408262676980049e+00
-6.021681122860500501e-01 1.223416073901099910e-01 1.383931560476860056e+00
-5.885034464149699884e-01 1.471892651086200154e-01 1.343142167674849841e+00
-1.325624819430559986e+00 3.205413534398600106e-01 1.306604581247140073e+00
-5.817548175771800611e-01 -1.707761470125099545e-01 1.566246566322909928e+00
-1.021647284578999892e+00 5.100104797676000556e-01 9.723181963781200032e-01
-7.791145054536501302e-01 3.345440384796399824e-01 1.046899139314710014e+00
-8.968956620502699373e-01 5.104734005574199651e-01 9.504569578231500948e-01
-8.384064087463301007e-01 3.282902191255600011e-01 1.190478812021509736e+00
-9.235665144009601590e-01 1.606416655936600268e-01 1.300734979680580050e+00
-8.579053152663100867e-01 1.483973877149999954e-01 1.356601714372329903e+00
-9.800426449038701637e-01 4.932029457144899709e-01 9.253176914726199964e-01
-1.538963605360150089e+00 3.944937466640004858e-02 1.580442690715410103e+00
-9.829718223248500308e-01 4.917809049054699955e-01 9.231874466497400622e-01
-6.867015427937700478e-01 1.815903408583399992e-01 1.365416402659250128e+00
-1.157813096245219997e+00 -3.779747104118300061e-01 2.511428453022989782e+00
-1.045193742098839973e+00 5.470184771216201058e-01 8.731246274767801019e-01
-1.016305508365860089e+00 -4.271266737813099734e-01 2.313754121158070554e+00
-2.380991385976379604e+00 6.654658156388499890e-01 2.022512831917389953e+00
-2.247692204520090442e+00 5.291894943950100627e-01 2.191749589170480572e+00
-2.393949561684099780e+00 3.923149849161300384e-01 2.369440124086750199e+00
-8.397517533681100321e-01 3.318068363591499814e-01 1.204726531849400040e+00
-6.870112277906600395e-01 1.405436048079500289e-01 1.470566544271930010e+00
-1.925560585235039923e+00 8.884785289071600589e-01 1.591571337674280162e+00
-2.094430660297860403e+00 8.117116139889600790e-01 1.714505006124060094e+00
-2.338681352750989983e+00 8.058179965739700190e-01 1.722784975322300127e+00
-2.526397529566389633e+00 7.415369820096001652e-01 1.904506647479049963e+00
-2.535094482158549933e+00 7.433044050281600867e-01 1.912808970904969819e+00
-2.208457208324190013e+00 5.875163361439200704e-01 1.994217371670329753e+00
-1.416725785025010120e+00 2.333239544708800017e-01 1.329239773181110085e+00
-7.386352283047200595e-01 6.765647666453000753e-02 1.526851237124090099e+00
-1.154739420447980169e+00 3.551113082642600172e-01 1.118879858274880013e+00
-1.729440863602759837e+00 1.004712336578770016e+00 1.485984876652770348e+00
-1.939487321441770051e+00 9.034305635799000367e-01 1.612412348731689926e+00
-2.012163214769339792e+00 9.045864517341299926e-01 1.647560979936150138e+00
-2.204904953662889966e+00 2.979397225387299675e-01 1.743344654565160079e+00
-1.222418224524940200e+00 9.104027946101000968e-02 1.448699678980470029e+00
-7.915096878704700467e-01 -8.753390596618002006e-02 1.723062156749150198e+00
-9.723329294245999233e-01 4.477693105891200065e-01 1.008345179900360211e+00
-2.049196414287260293e+00 7.186320622055201168e-01 1.904560403344260244e+00
-9.714125842239400566e-01 4.464641868455999640e-01 1.006589355005499842e+00
-9.027636661261000395e-01 -1.283244703803399500e-01 1.829013019133759910e+00
-8.593524053590200218e-01 4.828820090916899899e-01 9.849486121837500718e-01
-1.941525504769260113e+00 -3.061833612277199967e-01 2.219878677934860711e+00
