-2.563871781902298252e-01 -7.197938903511500452e-01 2.835701566076179958e+00
-4.262958706457902203e-01 -2.259747718033500163e-01 2.600846166239950019e+00
1.810203231293798787e-01 -4.182713367150000527e-01 3.814233536220609899e+00
-4.503934850147599533e-01 -6.784325709260999870e-01 3.285883718430870015e+00
7.963143198346012142e-02 -7.881755228434800253e-01 3.565175416371740180e+00
-6.074870790502950868e-02 -7.360065293543499587e-01 3.563885019171940005e+00
-4.386960553266501250e-01 -6.517213995098301016e-01 3.106644975631490002e+00
1.004235221431599712e-01 -1.251324636668140089e+00 3.196589596822370094e+00
6.074117407489900700e-01 -1.031968079813430084e+00 3.491914596827180084e+00
5.855084661228104892e-01 -9.347537947991296781e-01 3.558803854171630032e+00
6.956952121723900540e-01 -1.026973457602829765e+00 3.477635038007860224e+00
8.167714704372706080e-01 -1.069622036827169831e+00 3.427368642258599607e+00
5.756093676712601415e-01 -7.900661106324400329e-01 3.647701878168380318e+00
6.753919572046003239e-01 -1.065753576691359727e+00 3.372184584132769558e+00
-4.856197463670199888e-01 -8.267745960624600654e-01 3.638075009630009848e+00
6.690794260413399641e-01 -9.534701796991399414e-01 3.526667848347770029e+00
7.221632667920201420e-01 -1.050281894109380110e+00 3.455605296559980388e+00
5.185854742417297381e-01 -1.059136541742649928e+00 3.388907686017019749e+00
-4.923887875044199447e-01 -8.170391861418200286e-01 3.649131779424689803e+00
7.197640306640500363e-01 -7.547159488153101226e-01 3.641506510423679899e+00
4.761083577744700257e-01 -7.541928288137099701e-01 3.686428874044560100e+00
2.744450650005099135e-01 -1.026460802858829791e+00 3.432703396366710180e+00
6.141038588558500599e-01 -8.657791628860500577e-01 3.592524341116369868e+00
6.601613221185402836e-01 -7.698616703012999274e-01 3.650212573485450029e+00
7.219203648637901871e-01 -7.014741972319300523e-01 3.672998373013429685e+00
-4.566792835416193519e-01 -6.645809040488999120e-01 3.279644042094779888e+00
8.251189361232103003e-01 -1.000696816757389751e+00 3.464544451416010418e+00
6.554331714800798458e-01 -8.723987052003798759e-01 3.568306851788519918e+00
-6.210512343392005086e-01 -1.183512157507999873e-01 3.819177616361970173e+00
-5.790190207090701868e-01 -1.609399104491300303e-01 3.830519007322299885e+00
-1.067883777533360057e+00 -4.980020081190599246e-01 3.159258587264710094e+00
9.301529795702498937e-01 -3.559468020608499428e-01 2.693381279208799661e+00
-1.056943289419189691e+00 -5.064606318442699262e-01 3.163249405253919733e+00
-1.058380663987939840e+00 -5.118415455823199789e-01 3.172149517843089850e+00
-1.022084119000490121e+00 -5.247169559686699625e-01 3.171151845569459837e+00
7.266207361683698629e-01 -9.422379494889998597e-03 2.200229320984509851e+00
4.042410268303302523e-01 -9.994853306574097429e-01 3.239261880859849896e+00
3.988721310103597872e-01 -6.329441092748798736e-01 3.781816841429789910e+00
3.051101012454400241e-01 -5.324118643577200327e-01 3.768242072310630242e+00
7.588768059984962733e-02 -1.068815648235509785e+00 3.356692294804149768e+00
-2.930138621870082005e-03 -1.365361921411329948e+00 3.112604254908379886e+00
7.253303747246802047e-01 -1.041097946415019848e+00 3.288463994071030072e+00
2.048610372377805966e-01 -9.661719896805597285e-01 3.386842112509070191e+00
1.120021892782001594e-01 -8.574852927307798911e-01 3.554410881440559944e+00
8.605583849563598342e-01 -5.897693547106201972e-01 3.254588303170829811e+00
7.206897030481007604e-02 -1.181320139311730077e+00 3.264496109710380178e+00
9.433326712989997809e-01 -3.662674735782999180e-01 3.649366454813419480e+00
5.794430257633300663e-01 -1.023898405418190105e+00 3.275863593719080313e+00
3.967343133250600395e-01 -6.311434998984999378e-01 3.780198994493139786e+00
4.790094233408503932e-01 -8.147646313323297917e-01 3.647217817221520164e+00
6.546744655501606225e-01 -8.947766239575398739e-01 3.564407749853910179e+00
6.196244411784701533e-01 -1.045016451022109827e+00 3.312860110235750000e+00
9.226094731708034402e-02 -9.428521169263999191e-01 3.458613728422079703e+00
5.026246406046102067e-01 -1.010219209290330156e+00 3.284971450262519799e+00
6.466464661718798190e-01 -1.041956811659700000e+00 3.310813165351409904e+00
5.019722295770798759e-01 -1.010775415398580179e+00 3.284526324383540086e+00
3.996440557149396611e-01 -1.087454043018220018e+00 3.478674064277059941e+00
2.914467844764101478e-01 -1.278812795290170001e+00 3.323321070926279930e+00
3.783571210879004276e-01 -1.081229077784259918e+00 3.436321772509600248e+00
-5.973836341160021490e-02 -7.458207539311401124e-01 3.564737531881220001e+00
-1.071793312315700852e-01 -1.109423295611069893e+00 3.238781899776269846e+00
6.679909708681299740e-01 -1.088261478001209870e+00 3.434317879300059939e+00
-1.076951266938199758e-01 -1.106749867505219864e+00 3.234541269823529852e+00
6.015478758677197391e-01 -1.031097371615480096e+00 3.488752060081059980e+00
7.415968494210103401e-01 -1.023534167383090221e+00 3.269647317954759824e+00
1.052317070799704268e-01 -9.307171806789498181e-01 3.468431778871630122e+00
1.142175348370000343e-01 -5.229983354768800163e-01 3.960546071473990182e+00
1.056416627614570114e+00 -6.024574387819299215e-01 3.258438556015949672e+00
9.498989278109202239e-01 -5.778689536769600066e-01 3.144508198529689658e+00
3.049523850218802679e-01 -6.773216995827998632e-01 3.690543679633960128e+00
8.835612273430015762e-02 -1.193591642669760144e+00 3.275540656238709936e+00
8.702768706802599397e-01 -2.258943976854799196e-01 3.637034436666019666e+00
-4.128536908493303237e-01 -2.480641328506698606e-01 3.943308470770600316e+00
9.340558075187201936e-01 -3.660903251153599935e-01 2.703619820189380185e+00
9.388676134009301677e-01 -3.644304653010899120e-01 2.704164871554460170e+00
7.169580898140401892e-01 1.111399058962003750e-02 2.180775997505549846e+00
4.091876293459901781e-01 -1.071829657942050096e+00 3.073615399201199860e+00
7.344568789986705148e-01 -9.379858519762099833e-01 3.709028145510520069e+00
2.955861440291505104e-01 -1.466831689460769805e+00 3.203103045441070051e+00
2.919945049343799504e-01 -8.793233223335199522e-01 3.534032438356599748e+00
-4.127830726018095753e-01 -6.750056878662500370e-01 3.582818799385710129e+00
4.005283473512499803e-01 -1.089417312517469760e+00 3.480156925470950124e+00
-4.848024221414899415e-01 -8.243097554048501863e-01 3.646518745052969912e+00
7.255881876341203629e-01 -1.027785406463239903e+00 3.277534576315130010e+00
5.111736891664002691e-01 -1.059282416066900101e+00 3.400727793720689895e+00
5.164553181000401949e-01 -1.061897945710460256e+00 3.397000546873520044e+00
1.113708619516810661e+00 -6.008491434064899828e-01 3.200378952850750025e+00
3.884072179964501714e-01 -1.075591545917550018e+00 3.479098515274460013e+00
3.012417684781296678e-01 -1.173142430966589878e+00 3.397871164722879644e+00
6.902669959652802945e-01 -8.644305501410397552e-01 3.603997221681139784e+00
8.209118920506397465e-01 -8.575370496821198563e-01 3.386985602909319937e+00
-6.522859853417006804e-02 -2.407947235192500202e-01 3.848682462013920169e+00
-9.559179009835698793e-01 -4.089351099233299314e-01 3.593060815358059656e+00
9.337616963090802358e-01 -2.179744743183598121e-01 3.491142186284060145e+00
2.049225453807701491e-01 -3.612789890121298475e-01 3.875649620493510028e+00
4.744391164334498256e-01 -7.146676003041299019e-01 2.954595837532369984e+00
8.472000976800400096e-01 -5.148753618281199929e-01 3.040732717969389931e+00
-4.544622367309099076e-01 -7.185410703300099122e-01 3.250280935254509895e+00
-9.512618096853500127e-01 -6.376659620748099666e-01 3.560240756391840122e+00
-5.025929002115896438e-01 -7.004400701584098110e-01 3.302587584029810230e+00
9.331588292790997663e-01 -3.234077390072600533e-01 2.669123731978789937e+00
2.917170288749799667e-01 -1.282250920586299969e+00 3.323314727659029799e+00
-9.002979696692898770e-01 -4.720820237304698130e-01 3.710606476990990110e+00
-8.980633329131599840e-01 -4.756389109027598927e-01 3.706282409768739683e+00
-6.554052443626399160e-01 -3.788032535906600273e-01 3.516103197831709881e+00
-3.980126856661980739e-02 -3.390649156554599308e-01 3.850484610098099836e+00
-9.803808514834699839e-01 -2.245262349236099020e-01 3.911954436042510252e+00
6.438617652464797558e-01 -2.602723386364398372e-01 2.563960068169250039e+00
-9.621866806257501903e-01 -1.850807526054900620e-01 3.908281552061140030e+00
-9.458955517767497767e-01 -1.985722926776500863e-01 3.865671904702900008e+00
8.431806430782100570e-01 -2.738497733496099151e-01 2.513656751189170091e+00
6.254555915689001822e-01 -7.876087543973000482e-01 3.642448649711239828e+00
7.329538838534501721e-01 -2.895916718241098309e-01 2.535020573675589972e+00
-9.682905820531697572e-01 -1.901709999017100472e-01 3.898410685955130184e+00
2.049277440512207171e-01 2.845672834932500450e+00 -1.864422689246820308e+00
1.161926694346897548e-01 2.431296061725390256e+00 -1.897791982193210547e+00
-1.961464612784897810e-01 2.427158703438869747e+00 -9.322577189499803296e-01
6.633385429060023597e-02 2.063116136485639629e+00 -1.617668480185620705e+00
6.823375253755004088e-01 -9.002835308548797766e-01 3.553101598975139996e+00
-5.595632703622102078e-01 2.933209807416981008e-02 3.460511892916080079e+00
8.976548268784600992e-01 1.204133434319802909e-01 2.020614921154320065e+00
9.600159262926397652e-01 6.883483043931981626e-02 1.560213216319799923e+00
1.120595032447600392e+00 2.616651709679600479e-01 1.844991549245309947e+00
8.356313741394703065e-01 4.195476081753501951e-01 1.581618765836939833e+00
-5.707744405900960771e-02 2.461769404143590023e+00 -2.078829926484639490e+00
-5.175263816166349784e+00 2.453002379603669958e+00 -7.310316630003010907e-01
-5.578042091177899398e-01 -6.613960400927099137e-01 3.335043757993640057e+00
3.707796810523023012e-02 2.327338227164209794e+00 -1.885553466976379600e+00
8.625655820608604252e-01 3.658829792078599485e-01 1.646492954534469977e+00
9.576250063010500746e-01 5.208477460893012889e-02 1.585622034226950028e+00
1.280230245693703139e-01 2.220882906395770462e+00 -1.966346479916339707e+00
-5.269235272932499825e+00 2.657889008503180328e+00 -6.189115315009106055e-01
-1.199795419231129756e+00 -3.980886856998999690e-02 3.648701576579159944e+00
9.669554283843400100e-01 -7.674685158387983819e-02 2.337832785061519925e+00
-5.987073093027230009e+00 2.451739427093269974e+00 -4.514967453662603880e-01
-2.513986404209012093e-02 3.405047889751849688e+00 -2.402640597905790099e+00
-5.882607481506710201e+00 2.377474246559430071e+00 -3.881647842219808631e-01
5.182459564175503353e-01 4.341269415362700723e-01 1.492453213711879778e+00
-5.025111300504889300e+00 2.590035112363029413e+00 -5.801466481609005577e-01
5.368627351030901274e-01 4.614658381661098652e-01 1.454929292849080014e+00
1.090613700704801126e-01 2.567372215024180004e+00 -1.402212969215790306e+00
7.873762116348999029e-01 -9.847887737748598491e-01 3.483906694247259850e+00
1.943715643157495343e-01 2.719137447934929952e+00 -1.738585651781790364e+00
5.789935043047305108e-01 4.015910636537900480e-01 1.522930081945409908e+00
-5.007706664324720336e+00 1.474072309513579704e+00 1.230962323322109420e+00
5.143857107175100474e-01 4.168387609901502699e-01 1.495098920809709853e+00
-5.992500662285060287e+00 2.456416101844619782e+00 -3.810081709713810660e-01
8.585666061610899291e-01 3.460750724290502234e-01 1.649503186389089882e+00
-5.146156180868960206e+00 2.584527323948059951e+00 -5.970607670807610567e-01
-5.962274072944550696e+00 2.425207562146709961e+00 -3.397394368333608305e-01
-1.161245316171530151e+00 -3.304941981560898245e-01 3.241732179378499890e+00
8.627197038127003559e-01 4.010419615647600189e-01 1.612319140899949987e+00
-5.399324444430080305e+00 2.085994005499180126e+00 4.438282197813596675e-01
-5.130220427309540199e+00 1.914561455840419590e+00 5.918864378665495973e-01
-2.254968157789694061e-03 2.078408326125789962e+00 -1.584592351364860097e+00
-4.426156971374719973e+00 1.434423260147779544e+00 1.020850381506109406e+00
-5.035909422985399786e+00 1.853587312951400001e+00 6.343645260230994509e-01
-6.384875015336899384e-01 -3.901728298106499349e-01 3.497216709637969601e+00
-1.060900525772120018e+00 -5.160493158399799274e-01 3.263577093986519628e+00
-1.063507657819189989e+00 -5.062940596258700410e-01 3.166338181076420177e+00
-1.893273241173498711e-01 1.950408935428170398e+00 -1.091652292055550699e+00
