3.191724920698399970e-01 3.889771597124200286e-01 1.214784417464559896e+00
2.685636227346799854e-01 7.728672791879001580e-02 1.852799664449319650e+00
2.399063725809199576e-01 5.206336066688099784e-01 1.096467106307980055e+00
8.755863669905599167e-01 4.410303676720000454e-01 1.217966548326779863e+00
3.807489618624799732e-01 4.167012369467500421e-01 1.261433572905739986e+00
2.365254780781000377e-01 1.742781941187599992e-01 1.596280587344070190e+00
7.240967856684401571e-01 3.936298960291500504e-01 1.292099161653419870e+00
2.377120706051999988e-01 3.638429208785100566e-01 1.204617311862919760e+00
2.559961017074199874e-01 2.650279298796400229e-01 1.372403577315189915e+00
6.686928149405599875e-01 4.617985225448700271e-01 1.129835383110319835e+00
4.548367497886199873e-01 3.540309632256800065e-01 1.364120198891769942e+00
7.635972170613201104e-01 3.490770225621000478e-01 1.349680368159460020e+00
3.056748520930400170e-01 3.299038578366600416e-01 1.200324180183739875e+00
4.531843290891799936e-01 4.695326026220000282e-01 1.122416353684589918e+00
8.197176339989600269e-01 3.542059363763900293e-01 1.349378636164059841e+00
8.180965021953801042e-01 3.499841742286300406e-01 1.341322790098250062e+00
8.614809509816598876e-01 4.565726313318700380e-01 1.211397339027169950e+00
8.578211668277400115e-01 4.503141399645100296e-01 1.198114525300489897e+00
2.563496600337000775e-01 1.233999201987399930e-01 1.760578694002229883e+00
2.672446075612799898e-01 2.885574622229000186e-01 1.410436104723339801e+00
3.010622404696600141e-01 5.310646820643799559e-01 1.126404770511189923e+00
5.498998826728400680e-01 4.029567381283999938e-01 1.387887139829319993e+00
2.393567310456599928e-01 4.341021085790800482e-01 1.209837436900189855e+00
5.960617804746799475e-01 2.871775996597000224e-01 1.210731387876440079e+00
2.790014606749999793e-01 5.769453253022700512e-01 1.010576672016439970e+00
5.744424736526799746e-01 4.345282206129100211e-01 1.464411336537159825e+00
3.751803391415399758e-01 4.736894003414500731e-01 1.113505718971969927e+00
9.618364140715398580e-01 3.223725619876600113e-01 1.197478242604190113e+00
9.649980088719201099e-01 3.258252438337400636e-01 1.206184428622339988e+00
9.584211677963399012e-01 3.252630091489100428e-01 1.196966822680889830e+00
2.477342164050400086e-01 3.705160208713100256e-01 1.188955106748939894e+00
9.023363290816199811e-01 3.153570989291299975e-01 1.208840966081770052e+00
8.982726255502599955e-01 3.122163451716800098e-01 1.202364171030089857e+00
3.834503338370399694e-01 2.707560196287100429e-01 1.233232029213039871e+00
3.965082015940600280e-01 5.107018518294000886e-01 1.080162084254430166e+00
2.623621797882199624e-01 3.675920429849400262e-01 1.212094634988689856e+00
3.968477455360399642e-01 5.085557604632300333e-01 1.074197272161479866e+00
8.902590334044400144e-01 5.092608281587299723e-01 1.124464124282479993e+00
8.875852164268800415e-01 4.436065046411900581e-01 1.172638185293019886e+00
4.630220752439999643e-01 5.343929737480699327e-01 1.021763728137139893e+00
5.498892914005799604e-01 4.034491268954900067e-01 1.380249750925369723e+00
9.096269194510400169e-01 3.199081264978300143e-01 1.223202387111079981e+00
3.810927575067800110e-01 4.882097460134800504e-01 1.126255667389749915e+00
2.275348498620800020e-01 5.320989009931900160e-01 1.085060719850720057e+00
3.004057223195999438e-01 3.552368200082300365e-01 1.276611596735959697e+00
8.309572277955599162e-01 3.995073995937100664e-01 1.315351644203899717e+00
2.647066455496199788e-01 3.943174077066600169e-01 1.229181448233029883e+00
2.768954720302599926e-01 4.292856719686600209e-01 1.280836518685949610e+00
3.318724086236199966e-01 2.588506243072800639e-01 1.227991165226970161e+00
5.253044522842800212e-01 3.747968729641000807e-01 1.283071359169439818e+00
8.672715840201599136e-01 4.908660494090600346e-01 1.110734106578399993e+00
9.524710519743000425e-01 3.311695448217000792e-01 1.203676455928949673e+00
8.927645340851397826e-01 4.471044390419899872e-01 1.244312556214149934e+00
7.980403963658799782e-01 5.185810392727400187e-01 1.000608187911919966e+00
7.341901074393599735e-01 3.595146480213000095e-01 1.303661314343879996e+00
9.915526456133800792e-01 2.820861120893400353e-01 1.319875304043569786e+00
2.616343151539000100e-01 2.860597518023500485e-01 1.392910347672149829e+00
7.778192969545998370e-01 4.373542293039400231e-01 1.188068830704079870e+00
3.097204388140599729e-01 3.710317989849000186e-01 1.244674429965929807e+00
3.333599386737199355e-01 2.263735959394100050e-01 1.232871432415879820e+00
7.121297628655800516e-01 5.243142133539299143e-01 1.033870086682549871e+00
