-7.201335846437602051e-01 -3.805146843920599320e-01 2.826098409345710216e+00
5.207111535344899345e-01 -9.501626493186898781e-01 3.166628122708770032e+00
7.677348691003000880e-01 -6.949761969966797848e-01 3.484096339024610245e+00
5.512686741836794191e-01 -1.021618148009340032e+00 3.294053609942910299e+00
5.337992562515196937e-01 -7.044693631835597936e-01 3.566770136778240285e+00
8.545360647783497576e-01 -1.006571959698189689e+00 3.277575428683829895e+00
1.641633463834999418e-01 -4.323293389892799432e-01 3.708714925877810042e+00
6.420036513100799702e-01 -7.892696298494596974e-01 3.483198969492250274e+00
1.596302337928094950e-01 -5.430848781853099272e-01 3.636456794293380312e+00
7.620514298432796707e-01 -9.916686840818998983e-01 3.317572557423730029e+00
-6.261471193207197583e-01 1.375731167542015854e-02 3.498183442346990191e+00
5.329824884457994294e-01 -6.576990353539595713e-01 3.590016481847920105e+00
-4.291429988258901318e-01 -8.181812880932898269e-01 3.656461617307440015e+00
6.170820205563298799e-01 -7.245189042150899095e-01 3.523111655574610257e+00
5.308593463172801563e-01 -7.004815509637798421e-01 3.567749862545090078e+00
7.091375266562400803e-01 -9.275531463271198263e-01 3.375304714325480404e+00
3.155728354894695720e-01 -9.932735360114297585e-01 3.350726585723029949e+00
5.410890401697998620e-01 -6.691235266056998476e-01 3.590237548314850091e+00
7.667873073597899491e-01 -1.025639279414469751e+00 3.288717561073029927e+00
7.025872034961797574e-01 -7.963603279373197008e-01 3.460836802525269817e+00
5.491202827456693747e-01 -1.020332325562729903e+00 3.292812683574880328e+00
6.774324025531299753e-01 -8.879303981871498053e-01 3.410515536503780254e+00
7.063372971904899877e-01 -9.509564758505496540e-01 3.361776163027339948e+00
6.922739759756297850e-01 -7.498404802797298263e-01 3.482170699317939988e+00
1.651088223742998018e-01 -5.185439906631394980e-01 3.638284091387079755e+00
-4.493160786933603212e-01 -6.786734640342796387e-01 3.280734997357300120e+00
-5.926681693485902347e-01 -1.595257399874498994e-01 3.833818190835009965e+00
1.087799806294869498e+00 -5.344405647660098735e-01 2.987750475431139918e+00
5.217050492158299413e-01 -8.907363541447098632e-01 3.466252353681249954e+00
-5.769908632633304890e-01 -1.215102399566099223e-01 3.819019075626940207e+00
8.445412237805993705e-01 -2.971693427637800422e-01 2.547131510660709974e+00
-1.067822124171950104e+00 -5.586843134731698246e-01 3.236922831340490081e+00
5.476854789977694260e-01 -2.198640626849934776e-03 2.038584610330969937e+00
5.418080079158298368e-01 3.385573196910351967e-03 2.030336728267259971e+00
3.544824275082993914e-01 -8.801775597834597953e-01 3.455621848871319735e+00
1.119321436732798603e-01 -1.049502425037139863e+00 3.302090844296309946e+00
8.474861750019595519e-01 -5.322208935559999965e-01 3.085298831746960069e+00
7.784867668480002223e-01 -6.538879853963397437e-01 3.511538194775029709e+00
1.032993837921396540e-01 -1.165594470409039962e+00 3.214797716398470229e+00
5.365175507827593115e-01 -7.092037169114997486e-01 3.565518643630309903e+00
3.951688392161298857e-01 -1.460911409911069825e+00 3.086647207230420076e+00
3.509512548390700815e-01 -7.946007574984497168e-01 3.508353590965319846e+00
5.324301502293602439e-01 -7.622996791875797928e-01 3.530454854648070295e+00
5.220033974370794638e-01 -9.702846706174597102e-01 3.174623272993350120e+00
-7.767611791578197256e-01 -1.413926007641597149e-01 3.704291845859049914e+00
9.042522712767699922e-01 -3.907139198256497359e-01 3.045349745105569994e+00
8.701375979027501373e-01 -2.113154501141496500e-01 3.336332625919149919e+00
9.358047404424101323e-01 -4.453445489661096435e-01 3.426333051096180249e+00
1.083139486081840186e+00 -5.284213951537596321e-01 2.985076093167760014e+00
1.083956468358409975e+00 -5.266764919643897036e-01 2.985228689363640164e+00
4.227300286216895131e-01 -6.812483258017498766e-01 2.838789580694339953e+00
4.225007053624199038e-01 -6.839086431086399687e-01 2.842919411380850025e+00
5.594187612363299422e-01 -9.008711662271697840e-01 3.063697477372870015e+00
6.791814206069695103e-01 -8.895198743821701726e-01 3.412021060278910056e+00
5.213346901203896877e-01 -9.708932063157299508e-01 3.174283188921100063e+00
3.337652340486596536e-01 -1.248417443190199760e+00 3.248229279960310301e+00
-1.556291018751032595e-02 -7.265436665466700195e-01 3.515270566582380241e+00
1.094575891852039629e+00 -6.016527028848800418e-01 3.042050996874900104e+00
1.419113785412995377e-01 -8.122311324104398711e-01 3.463900719260230243e+00
8.978744956404201005e-01 -3.746754686174196269e-01 3.039884634382060025e+00
6.364200247750697592e-01 -7.403387056109497211e-01 3.508797505785469895e+00
-7.786513467537903299e-01 -7.494635237709298403e-01 3.585755084942269910e+00
-8.903419677830901602e-01 -1.008499451892609811e+00 3.532466153702980005e+00
4.517429356850395372e-01 -1.126206712089699913e+00 2.949223329131990035e+00
-6.342277264116602531e-01 -7.052360979491398840e-01 3.206564798537620220e+00
-4.133666553299399915e-01 -6.460541222276199314e-01 3.231228224317800102e+00
6.468121466031395705e-01 -9.776103957140599432e-01 3.364668917749760180e+00
-9.524976081812202011e-01 -2.524335239710797651e-01 3.731228861974289934e+00
7.575227239036994575e-01 -9.709656187557197393e-01 3.129346114022589997e+00
3.957520146682100837e-01 -1.464888125547290088e+00 3.087525452463689923e+00
3.562365408953795942e-01 9.097175891686037907e-02 1.945681591898060114e+00
3.293425300742001127e-01 -1.256687696208299787e+00 3.247544408886149814e+00
2.910363323216502707e-01 -8.129716325528097975e-01 3.026963536328670212e+00
8.512373117343998707e-01 -9.999161114201596812e-01 3.278073672412120221e+00
1.042675264941280044e+00 -4.918089677831396500e-01 3.039342269775710204e+00
2.903207017734494855e-01 -1.224849876340509791e+00 3.223744756139820034e+00
3.580305441950200063e-01 -7.859800981885998183e-01 3.514584841563969775e+00
7.371317541331596779e-01 -9.724154209329800569e-01 3.136367392860969883e+00
-3.474653506281004667e-01 -2.345214345936399436e-01 3.919650269006530241e+00
8.376753658614997100e-01 -3.267256210399398508e-01 2.522559212898680236e+00
9.664860266747199447e-01 -2.107520209839797154e-01 3.321182742616830108e+00
8.424095388326398037e-01 -3.247821537987796159e-01 2.522431804215750084e+00
3.782294133382597678e-01 -1.218666338476197541e-01 2.225558105381100216e+00
-8.088762762089103386e-01 -7.400072206822994048e-02 3.434477211088999837e+00
-8.290000040992904218e-01 -1.676689206982298064e-01 3.555804116771070333e+00
5.371596554458202277e-01 -2.837254388493599677e-01 2.446445452006289933e+00
4.175014357592097269e-01 -9.627653568790898175e-01 3.149625783136090096e+00
3.368781673720695480e-01 -8.415093556357700066e-01 3.444207648264760113e+00
3.527324335668096111e-01 -7.922969632131300344e-01 3.508017604101970388e+00
1.655475781345794317e-01 -4.321554933481399630e-01 3.704396338729960103e+00
1.040990771745769816e+00 -4.880724899390298521e-01 3.042397176569080042e+00
-4.145994504011301096e-01 -6.579758929029899672e-01 3.236375710733150335e+00
4.554877287934595564e-01 -1.102337746217719516e+00 3.076243667020849948e+00
-6.442747765498246793e-04 -2.677590380515497692e-01 3.770159186141699870e+00
3.671985060540992052e-01 -5.259214238925199458e-01 3.658468147089890099e+00
1.685053065116699500e-01 -4.589171316311897453e-01 3.877394023464650008e+00
4.122886809957995169e-01 -1.275011902088279969e+00 3.227519121519160095e+00
-1.139286737064860056e+00 -6.345541312519986654e-02 3.710039850938790185e+00
-6.435539602389699354e-01 -5.292501457722897928e-01 3.602456025570660358e+00
7.091412047537097862e-01 -2.380294770009496741e-01 2.325309209477210093e+00
5.518887206384195387e-01 -2.910820607973998442e-01 2.446091105738569915e+00
4.515895865275201260e-01 -1.060168268671899838e+00 3.392668242985670268e+00
-1.135060034773510029e+00 -8.368949797165700089e-01 3.293820860812130213e+00
6.045543221146294499e-01 -8.610278552321696255e-01 3.079453505638420019e+00
1.137631015633699949e+00 -6.729554269385973342e-02 2.968436083530519909e+00
6.296939408632495905e-01 -9.077749024384096366e-01 3.105413169771269910e+00
3.711240741578798463e-01 -1.052778518909396333e-01 2.200481340257709917e+00
2.495346526721498037e-01 1.886879329771029568e-02 2.005662902317379981e+00
-4.222147577095900495e-01 -8.173614011368299792e-01 3.636774667382220105e+00
6.588921158033298475e-01 -4.408778519691898268e-01 2.788516639939860209e+00
5.103227117382194145e-01 -9.443480017937798676e-01 2.762583511323380314e+00
8.487282039786099297e-01 -2.700323425640698272e-01 3.399741073152299897e+00
9.043563937544703002e-01 -3.895375894619896862e-01 3.045343618029949795e+00
1.572883505633293488e-01 -4.236363285500299725e-01 3.700122802544940193e+00
7.197139136771499857e-01 -4.083788401701695658e-01 2.747371541635140080e+00
-3.528490132478903085e-01 -8.696432928999898726e-01 3.652285881535590306e+00
4.349096809583099521e-01 -6.900025813646298856e-01 2.841231834469370110e+00
7.221409562694200979e-01 -9.522863790242399595e-01 3.123018685169050013e+00
-9.054497843193802797e-01 -6.680890383697599688e-01 3.621177129313990051e+00
3.342377332717902938e-01 -1.251832948403929890e+00 3.248298892151000317e+00
-8.459986575955300570e-01 -4.941402441032296533e-01 3.758408970554830031e+00
-9.148190877667499166e-01 -2.436408418600100045e-01 3.960280044334569816e+00
-8.944382524241700771e-01 -2.154396715622899361e-01 3.913629441410059862e+00
-8.880358357413999926e-01 -2.176661793412999479e-01 3.909163607510949934e+00
5.955937371267596703e-01 -2.865210875801198487e-01 2.513800803572399989e+00
5.922310690867997884e-01 -2.811255195845399069e-01 2.510942425331129879e+00
7.183030123154701130e-01 -2.472124351536297837e-01 2.342891534897329819e+00
7.168473999383597750e-01 -2.501362600891798849e-01 2.342495795406470016e+00
7.584690389874202410e-01 -6.840622764228996289e-01 3.494610250806319929e+00
2.407921012357401302e-01 5.068462339102031144e-02 2.007599101068500147e+00
5.238114250272301042e-01 -6.811037072203698362e-01 3.552190440830520046e+00
8.442925680231994079e-01 -3.267277433605200176e-01 2.522554559603640278e+00
-7.214363135347399147e-01 -7.757078967712197626e-01 3.568809867699699989e+00
-9.791611187429882790e-03 -8.412785536612696902e-01 2.058719143937360219e+00
5.199640595777794694e-01 -2.491798578388200180e-01 2.428157187973820186e+00
7.071198931113094055e-01 -2.449855031357099922e-01 2.336505251850029996e+00
3.149510069478402841e-01 -3.326275351201797292e-01 2.437169359254049983e+00
2.827949301462018283e-02 -1.299981782255599239e-01 1.875985459429289959e+00
4.770130535549954587e-02 -1.861593726225985179e-02 1.911382575898119995e+00
-1.155555336735940131e+00 -9.463097323269997752e-02 3.717268407178059952e+00
5.079657685836895809e-01 -1.018576329158589644e+00 3.394484795772819918e+00
6.913078700507195862e-01 1.327853957066202906e-01 1.847696547327230210e+00
-9.066030158900302283e-01 -2.092308296987697158e-01 3.944207175348109828e+00
-6.503320485936796569e-01 2.657168631072199361e+00 -2.015752205489779847e+00
-7.176064175326501982e-01 2.237527810610170143e+00 -2.024193802406189846e+00
-1.168030264096620030e+00 1.752793508578700310e+00 -1.324476606254620492e+00
-1.221571936449809881e+00 2.245500472456350316e+00 -1.111188449518859755e+00
1.483312923346198353e-01 -6.826317061978999234e-01 3.553053295906920095e+00
-1.176402263943929993e+00 1.763127545563350163e+00 -1.351655545914479895e+00
5.902961842566094575e-01 3.579152667378502350e-01 1.460258259248760071e+00
-7.019152549757097237e-01 2.025550353646190516e+00 -2.086905159293588774e+00
-1.176219437095780140e+00 -8.185891945819956383e-02 3.721403947927369948e+00
8.069956781527896084e-01 -5.065784445864984775e-02 2.146464120185839874e+00
2.258927729711701637e-01 4.008965096275900475e-01 1.349333719315189972e+00
2.379792484843799016e-01 4.277213311604799451e-01 1.308881396789070006e+00
8.274539675446392906e-01 -9.213292957613197220e-01 3.334650492827179846e+00
-5.762103669033702413e-01 -6.629167539458098446e-01 3.365631792334299988e+00
-8.004196896267701256e-01 2.293815667541250214e+00 -1.172942553360769580e+00
-6.540864130617340066e+00 1.956953299517720124e+00 2.966408618100695449e-01
-1.068785134736400355e+00 1.936435367651399009e-01 3.342746532914070201e+00
-1.460279573374210216e+00 1.838805168046689920e+00 -1.433462459989789828e+00
-6.916235640277799135e-01 2.118021002316780255e+00 -9.921465281878392162e-01
4.548797622087499271e-01 -7.320665219324499207e-01 2.879623220037000220e+00
-4.789500493895420874e+00 1.107014793731899482e+00 1.481057947662080210e+00
4.789541528813097138e-01 -5.891108351031497659e-01 3.014541246743910108e+00
-6.568200871182780176e+00 1.956513281920619685e+00 3.110840843368807285e-01
-5.466947799904900762e+00 1.476268758707499851e+00 1.162334654279599810e+00
-6.184406496575605150e-01 -4.063660707351399726e-01 3.510816393542570246e+00
-1.043303636249639954e+00 1.749510901845280353e+00 -1.352020779982299636e+00
-1.058564178934530142e+00 -5.645127529665697752e-01 3.337190308268060068e+00
5.986628665065998334e-01 2.951122806646597763e-01 1.498753069565330165e+00
-7.373005239223702212e-01 -5.565645640355697532e-01 3.330033349499819995e+00
-6.427966095032079608e+00 1.329204658830219765e+00 3.904029581211307942e-01
-9.152982675544798497e-01 1.771867481670639899e+00 -1.362278066002259536e+00
-1.405546588846570355e+00 1.939036099163270466e+00 -1.335719218527960273e+00
-4.938982586219109905e+00 6.128030544265701263e-01 2.573965619332600152e+00
-8.342031885636598254e-01 2.011812479239740270e+00 -1.859892037938440268e+00
-9.030106893815001978e-01 -1.986322668310198658e-01 3.961984369899040459e+00
