6.248337155739398519e-01 -1.084800540007619940e+00 3.269094037182239898e+00
7.650312179507094967e-01 -1.115115395412389798e+00 3.463632672060390050e+00
7.644617486043201460e-01 -1.116753532535519788e+00 3.463927955130759795e+00
7.849694026562401561e-01 -1.075848012019440025e+00 3.476649280225399874e+00
7.370529589230399026e-01 -9.860835123090397891e-01 3.554444569068939686e+00
7.614507108896200194e-01 -1.117637731640819920e+00 3.462306759678179802e+00
6.530108609027500677e-01 -8.471716082813101067e-01 3.673307635482530031e+00
2.818854760521696257e-01 -6.869887982594500286e-01 3.759973802769049911e+00
8.715248358062095413e-01 -1.129464034638369974e+00 3.410164085795469813e+00
8.828512529550898158e-01 -8.306602478350100238e-01 3.590435110908249960e+00
8.856958139382102857e-01 -8.203758332222099714e-01 3.595764224493909644e+00
8.175347759084599097e-01 -1.089611015675419736e+00 3.457199350793879855e+00
1.140058524815609875e+00 -6.218493514004097555e-01 3.131240037137909660e+00
-2.159184848018100844e-01 -3.819855317279499118e-01 4.072487135329289742e+00
-4.469298677947799447e-01 -2.687086211764999621e-01 3.977997987109960221e+00
6.114257245893797155e-01 -1.144695728054596628e-01 2.159984748622640005e+00
6.052553307750101474e-01 -1.087178933882095855e-01 2.152072727346809877e+00
6.502248337431999481e-01 -9.042628036764799315e-01 3.635919769541839930e+00
2.463448688769003248e-01 -1.057925801339779870e+00 3.514178530227219710e+00
6.263931976974403959e-01 -1.105079295736639766e+00 3.276632478915999958e+00
6.544701499201295292e-01 -8.931767393866898441e-01 3.633040577912630020e+00
4.888797415719801087e-01 -7.175369770189399254e-01 3.752249560254359739e+00
4.558193033235600211e-01 -1.201272282364999722e+00 3.464159428091399651e+00
1.180742734620659817e+00 -6.598492705009798565e-01 3.075357083263339675e+00
2.140292675373096642e-01 -7.807447259795499139e-01 3.669775854548170013e+00
1.399418833625529324e+00 3.362961767079901687e-01 2.782655025102289681e+00
1.044774716589250030e+00 -3.163241140291699338e-01 3.466726323723489767e+00
8.983203264258206033e-01 -5.994192406630998171e-01 2.977163608576379517e+00
5.564102493034397412e-01 -1.186138008531679944e+00 3.491064545421179943e+00
1.020931670118097045e-01 -8.678803256958900203e-01 3.641699356590849757e+00
2.418626543795987516e-02 -1.239894468878199874e+00 3.331472872617059711e+00
8.181459496700402845e-01 -1.170602036846039695e+00 3.397787837529119948e+00
9.978331230684300834e-01 -5.071194444100297627e-01 3.140029835230009780e+00
7.533738477855802529e-01 -8.819354292504597570e-01 3.610880057289839851e+00
-6.070710063468700568e-01 -9.304895001658499698e-01 3.752290644590089652e+00
5.476525029677898893e-01 -1.256417328766029851e+00 3.050911310410049815e+00
-1.016894190211680149e+00 -2.028727454072800640e-01 3.896902004157899668e+00
8.600797996079396768e-01 -1.104995803224899653e+00 3.222684397970579706e+00
4.361713320546103390e-01 -1.392768185120369928e+00 3.350882965338989550e+00
3.243351512373200407e-01 -6.277865894610800135e-01 4.001613709148900355e+00
9.591809640746999932e-01 -1.136973070077260006e+00 3.367241836025459900e+00
1.142358081238550316e+00 -6.243057495519900302e-01 3.131801005002170069e+00
8.985424133474197994e-01 -7.717529062089397707e-01 3.617247955139720084e+00
4.688205410596300027e-01 -1.584599092036349965e+00 3.243478655454270054e+00
9.186455941149205273e-01 -4.487908054142797365e-01 2.626341413467119690e+00
6.565119252171895958e-01 -1.151304188265350081e+00 3.389928264728769847e+00
6.612656176060900393e-01 -1.153685487673049792e+00 3.385415972153409836e+00
1.140792497639909975e+00 -6.206301386353499927e-01 3.134990059287389830e+00
2.997599518944795705e-01 -6.076646499647998523e-01 4.002052095697179901e+00
5.936449033068904590e-01 -1.096128156004096965e-01 2.147358895783649579e+00
4.389072744316302455e-01 -1.404301790716110165e+00 3.353971786601650074e+00
9.195334538861597018e-01 -6.721983001852795958e-01 3.194009948403339738e+00
4.383775634705902036e-01 -1.398392302520189645e+00 3.354711767988409754e+00
9.130049322792697097e-01 -6.424011522038299837e-01 3.184372674298109995e+00
7.552878836903600401e-01 -6.164495708719598399e-01 2.998222887596480035e+00
7.525440751096601488e-01 -5.745430008819796264e-01 2.908443289489139882e+00
6.360910660145999707e-01 -1.117580697222599895e+00 3.286347613949359925e+00
2.431344890977897855e-01 -1.300385120956830010e+00 3.327441060808249862e+00
2.248038313916298492e-01 -5.152578973765900017e-01 4.004833028145169393e+00
7.876366837531594278e-01 -4.048613416281199306e-01 2.618341930007019869e+00
6.199713218142499649e-01 -1.105854097267049863e+00 3.280578773966549733e+00
5.138995533144794514e-01 -3.753273371993599561e-01 2.566497388978019600e+00
4.642864997550999462e-02 -6.437851984785498693e-01 2.205941541751530011e+00
5.182972234443599113e-01 -1.410737909264200063e+00 3.327446277886119574e+00
8.410757475113399551e-01 3.636990807616204968e-01 1.845396488727939932e+00
5.639546871301401865e-01 -1.199265788288379930e+00 3.495289987425779898e+00
3.122914726264300889e-01 -9.256814079674979823e-02 2.138522990847709693e+00
7.531257576887897542e-01 -5.751363618455100912e-01 2.908847372521309538e+00
7.818561474289702495e-01 -4.037145371278496597e-01 2.620641131979949634e+00
8.647960288187301892e-01 -7.181410371839298534e-01 3.197486339852650072e+00
8.185116702562202917e-01 -1.101521377502539867e+00 3.223235811615039914e+00
8.781008115801798297e-01 -7.848322985614599734e-01 3.622207052063299848e+00
8.247082744319795822e-01 -1.094491033626779908e+00 3.224473438025479588e+00
2.820551093165799550e-01 -5.688368026755399320e-01 3.826056144799279579e+00
8.442696393772997077e-01 -5.624909049424198226e-01 2.877635115865179838e+00
7.575858172621598996e-01 -5.795525318043996954e-01 2.907523574620679785e+00
-7.645048329095203155e-01 -3.530955501122399198e-01 4.122187851698759786e+00
8.245460644213800094e-01 -1.179620116759779958e+00 3.341561126829059702e+00
1.241644742087999909e+00 -2.844117439360795974e-01 3.100596969018939664e+00
1.241576525754820359e+00 -8.333242359985959524e-02 3.155993155372879944e+00
4.850943864602998978e-01 -8.168795199426998055e-01 3.692127208712539854e+00
1.020238092739819802e+00 -2.438564921705401733e-01 3.319274657460860034e+00
8.388191253290098182e-01 -7.472104644246100325e-01 3.062003127054729656e+00
6.548884774212293536e-01 -8.022823641290698360e-01 3.697933018704969932e+00
6.754617147415098444e-01 -4.106764345314299902e-01 2.627440243142009635e+00
7.928299842792196905e-01 -3.656263994244197679e-01 2.452828619813479882e+00
8.748913832122400258e-01 -8.254598300680797696e-01 3.593322418435080046e+00
5.567958095081602110e-01 -1.195940429966959817e+00 3.495065980140819928e+00
3.202510363041497499e-01 -2.371221064257498234e-01 2.341472667054489865e+00
9.252581067150100758e-01 -4.487968164122899672e-01 2.626092362208509723e+00
5.713816309980299657e-01 -1.112629279529709692e+00 3.270176570909409719e+00
7.056664706788398078e-01 -1.117656277462919956e+00 3.257026082509779652e+00
8.114796050141697137e-01 -1.164193195365209821e+00 3.332679148557949667e+00
8.141570974293803609e-01 -1.163435147088659694e+00 3.334214284524879890e+00
1.341217544591280397e+00 -3.971887789767998278e-01 3.049457246610979944e+00
9.584185243088798600e-01 -5.898675850919199437e-01 3.166455075255319773e+00
7.645612180884602260e-01 -6.219222767561398690e-01 3.001112309139220002e+00
9.000644989840398402e-01 -7.675686629825200225e-01 3.619695616152180051e+00
7.857364875804195847e-01 -1.076342574159539822e+00 3.476991418017359781e+00
5.570134942742801520e-01 -1.220204577172279814e+00 3.187254226200219698e+00
2.952005943240503250e-01 -6.953131562776500019e-01 3.759355747249789825e+00
5.596298606516802998e-01 -1.230540561611039863e+00 3.182875065875919951e+00
6.032148774184800111e-01 -3.830688588902397829e-01 2.545038368829139586e+00
5.423944836150500493e-01 -3.982410647640099999e-01 2.594262870620709815e+00
5.054199974822095598e-01 -3.578790065193298009e-01 2.558805557743389691e+00
-4.056153725679902955e-01 -3.031896193448897492e-01 3.993792170269969688e+00
-6.726073196512403207e-01 -1.948902573745998623e-01 3.832790845969459959e+00
1.395880908069799808e-01 -4.731305806558598892e-01 2.018312889757599926e+00
9.162394822740300704e-01 4.836049106864503955e-01 1.702577163008809791e+00
9.129025939321699923e-01 5.229734786539901314e-01 1.671330724991609840e+00
5.965851580128802567e-01 -1.041658353251198044e-01 2.147603509516899933e+00
2.726036902101500736e-01 -2.927929004862983575e-02 2.095659315503869635e+00
1.141525893073739972e+00 -6.242556311733398200e-01 3.130767593079559763e+00
9.176315004798096808e-01 1.818873345074698555e-01 1.775079036483289796e+00
-1.224892925055340198e+00 1.708501338997580277e+00 -1.101697044871980946e+00
-1.422991660285319870e+00 2.197706498409400133e+00 -9.307184559038201854e-01
-9.547774944644999984e-01 2.216952571389860349e+00 -7.760955548885601907e-01
-1.234248497632429942e+00 1.719382219143710255e+00 -1.128336434834550150e+00
-1.133697786705040178e+00 1.686497529410800222e+00 -1.167866016434999654e+00
6.237133537408596773e-01 -1.103090655364620032e+00 2.881126389491719841e+00
2.755747313399803389e-01 3.301526527976204051e-01 1.450949467681819982e+00
9.376073471406201065e-01 -1.059519852109259919e+00 3.426216814673940014e+00
2.626113708350494846e-01 2.851052048247904036e-01 1.494688123484989806e+00
-9.753659421005402841e-01 1.760989698971180406e+00 -1.066300566642800707e+00
-8.447827757714601038e-01 1.853963243132580097e+00 -1.475933096528059263e+00
-5.001084859501900848e-01 -5.473149725770098950e-01 3.665907714679470075e+00
-9.737030024554100827e-01 1.728175838053810143e+00 -1.148417041244110148e+00
-1.462412517541610280e+00 1.895074506035290263e+00 -1.100438546359130410e+00
8.018577460028599724e-01 7.787766479004201159e-01 1.883717448230119773e+00
-2.132661022646960003e+00 2.538684418681840249e+00 -2.310078542246119415e+00
8.704255726452991837e-02 -9.868354640980969705e-02 2.040918808174909671e+00
-8.279117423807003107e-01 -6.764878544202599375e-01 3.547295077516980033e+00
6.523061309751603254e-01 1.997996264971599878e-01 1.623655525548319822e+00
1.930823709302398328e-01 4.086327029231995311e-02 1.862655975417639942e+00
1.118805441058660310e+00 5.977920609014204523e-01 1.973025179779239968e+00
1.107996781775739681e+00 6.162936769507401102e-01 1.962003333157919638e+00
8.221424181435001977e-01 -5.571257089609398250e-01 2.886544377240579884e+00
9.404433582360192112e-01 4.678852169947802508e-01 1.768605666634279761e+00
-1.817656241239100190e+00 1.962091898963259862e+00 -1.250178572520699749e+00
8.788218578095898792e-01 4.319980928862499070e-01 1.855837327112289881e+00
-1.763372735810869951e+00 1.897696242607429973e+00 -1.158288983254230242e+00
2.769590096842899918e-01 -9.386058343413297145e-01 3.619598539709809604e+00
