2.374101118316800374e-01 -8.912785226395398830e-01 3.797373236848950562e+00
8.791241837951502269e-01 -8.164173266173098131e-01 3.781391082422859817e+00
7.688295875842898752e-01 -1.099906544088209870e+00 3.665430227752750181e+00
7.682733112153101729e-01 -1.101545619473309756e+00 3.665744821490379834e+00
7.877139473987297968e-01 -1.060039094245889935e+00 3.678191818255860390e+00
6.454020000875400065e-01 -8.287512435112498466e-01 3.864293190747970286e+00
9.700484809704503775e-01 -1.127719592890029876e+00 3.576205988013330117e+00
2.721646765716898564e-01 -5.610788035476599322e-01 4.005305885212890438e+00
7.547003589931504663e-01 -9.124327839872899970e-01 3.781018441863700286e+00
2.691013028769804194e-01 -6.722111255141599573e-01 3.933550754104989888e+00
-3.097980043189800803e-01 -9.650243867548699006e-01 3.943790321557960166e+00
6.412179097210000123e-01 -9.020480321612496244e-01 3.825459889379879908e+00
6.424082732895102232e-01 -8.247998285511297656e-01 3.865257295844060081e+00
8.803510267701404324e-01 -8.002792957906499360e-01 3.794568098399790035e+00
7.610129409349895013e-01 -9.049731114431300849e-01 3.779355566641100062e+00
8.800292300616101571e-01 -7.560844457272599684e-01 3.818378176380630151e+00
1.148606312111589922e+00 -6.090931268907000540e-01 3.334804220418490228e+00
1.196587267077560135e+00 -6.537398760838499800e-01 3.284072605500660380e+00
-4.731106699916003411e-01 -2.599796440838499922e-01 4.114800225693140412e+00
6.425506321651401898e-01 -1.277936545808999735e-01 2.324682719558389898e+00
2.478773333312802585e-01 -1.049432804739519831e+00 3.695798612607259948e+00
6.489891065859496599e-01 -8.756809403076799558e-01 3.825244833333490302e+00
4.610731733585904379e-01 -1.190728300246329807e+00 3.656904002693620370e+00
1.191842684525960205e+00 -6.477974483191796251e-01 3.281374866737579943e+00
1.036775094175339529e+00 -2.971002604391199675e-01 3.659041760934390375e+00
8.251012912071700178e-01 -1.156139922986969992e+00 3.602925920368059920e+00
5.686966458009501402e-01 -1.254358875932959805e+00 3.248716953966390264e+00
8.724459424065700297e-01 -1.094119069949790024e+00 3.427895244219280269e+00
1.150918919303709931e+00 -6.115000407276001138e-01 3.335507890695230238e+00
2.394280073560399735e-01 -1.307946189433550011e+00 3.524040826004810167e+00
-2.419795135846496414e-01 -3.693706897741300121e-01 4.215756221680080351e+00
1.149185470398520259e+00 -6.077733169796399881e-01 3.338547286024570404e+00
2.769956810453302332e-01 -5.868429599364599625e-01 4.174099451425659524e+00
6.311338627663403145e-01 -1.289781641448997096e-01 2.319576112130349976e+00
9.266847504136102032e-01 -6.612776144695799996e-01 3.390786249487180104e+00
9.501980617038601196e-01 -6.618225627995899529e-01 3.382270953329459928e+00
5.624672087385103048e-01 -1.252365958753439923e+00 3.246613686311470293e+00
7.688344614803104271e-01 -5.730527997886298852e-01 3.097068705486079931e+00
6.464885297491700378e-01 -1.108586110627290067e+00 3.483719018885100382e+00
7.600771214048007707e-02 -6.051813045608798181e-01 2.339381511567879990e+00
3.464782538476400831e-01 -2.415645732606299667e-01 2.502600058533860139e+00
5.679615102796100601e-01 -1.186328346469729844e+00 3.691860024509640237e+00
5.569471491599098378e-01 -1.247078140447920092e+00 3.244799136136040207e+00
7.739778023470003099e-01 -5.780055244456998587e-01 3.096454692980719958e+00
-7.891672991409401927e-01 -3.578347739211000800e-01 4.210085470990030387e+00
-7.827381666681498817e-01 -3.599932173082498466e-01 4.205624605335399835e+00
7.227597888306496188e-01 -1.119851141299789798e+00 3.438840563334220057e+00
1.016593494117670193e+00 -2.285708428391699520e-01 3.509068371405920317e+00
8.519231535059299532e-01 -7.406543172170300116e-01 3.257829594407090301e+00
6.457356280175696739e-01 -7.832611265350800656e-01 3.887862608258750186e+00
8.287307538267900675e-01 -3.721374929485798955e-01 2.645421437436480172e+00
8.227033168800503837e-01 -3.745295502708401170e-01 2.638221792751879846e+00
5.607685497372600913e-01 -1.183118798875389732e+00 3.691296245274640064e+00
5.823473757082697766e-01 -1.105010524301959673e+00 3.465105637111430159e+00
7.170807727209802529e-01 -1.108304318714250059e+00 3.456939340756119972e+00
5.589822018309198448e-01 -1.183935605674609981e+00 3.692063886095490410e+00
7.166941310738801363e-01 -9.534491203464998677e-01 3.735088042192030056e+00
5.733108024548299042e-01 -1.250187544649010052e+00 3.378554577176200002e+00
8.876813041843498731e-01 -7.186353237720197740e-01 3.378384458291700199e+00
4.072546135547798762e-01 -4.668511401179797904e-01 2.744316351206540272e+00
5.197932290059599225e-01 -6.147771520525797673e-01 3.995674656617620002e+00
2.825482638539802416e-01 -6.803440246355100252e-01 3.933618080511950055e+00
5.754812077517796887e-01 -1.225146298497539643e+00 3.380353167048840035e+00
7.640582281006103038e-01 -5.788867979108298645e-01 3.167759350404180108e+00
7.709308857398000647e-01 -6.238075812029497680e-01 3.193929868303610142e+00
5.718248491423199020e-01 -4.912993585344700431e-01 2.994078591770870101e+00
5.685654848228702818e-01 -1.216457140477659848e+00 3.381853429312340342e+00
5.471706410890599948e-01 -4.548010221038798484e-01 2.978182599083390336e+00
6.336143328663803587e-01 -4.072812305798101384e-01 2.731844203059550225e+00
9.763289852993199958e-01 -5.477890270751006874e-02 1.516248078313169989e+00
6.301219377382705211e-01 -3.926439762754199148e-01 2.723925054124740175e+00
5.677711760834505128e-01 -4.075568210217197507e-01 2.771278592119569950e+00
5.315384518155603644e-01 -3.686245867113300267e-01 2.733530738264629889e+00
-4.319087102713501380e-01 -2.934384589204301896e-01 4.132916228067450071e+00
6.339847228256800804e-01 -1.234827092286499006e-01 2.319793139557000394e+00
8.306709667181295664e-01 -1.013106722065359788e+00 3.685113804141970206e+00
9.784127362341399348e-01 -3.917717504991198307e-01 3.762890533204310106e+00
1.150124333775249585e+00 -6.114873999879797406e-01 3.334444188075360138e+00
7.286853460246498493e-01 -7.798547251986799322e-01 3.864424903703090219e+00
5.250576772381099211e-01 -8.250635740724998612e-02 2.313620666756530220e+00
8.001510247798404585e-01 -8.774170940724967949e-02 1.699963899002150169e+00
6.598185463660599659e-01 -1.649067457444901574e-01 2.355608952023080072e+00
8.764321967248100975e-01 -7.992762454519598547e-01 3.793114598596110110e+00
8.237479932533307014e-01 -3.604796777040195632e-01 2.641262030533120253e+00
9.507379812541900677e-01 -2.425012808055497793e-01 3.554430327754820151e+00
5.801782878931800447e-01 -1.257192964706389748e+00 3.378402537958530072e+00
-1.153790973796519737e+00 2.075677200764589614e+00 -8.254982682318998677e-01
7.855743527179401831e-01 -3.781110097398343584e-04 2.128189264020420080e+00
3.207006720955702939e-01 2.622611712772500159e-01 1.642149014198230228e+00
3.323875399202500525e-01 2.890667365058898763e-01 1.601566716646120270e+00
-6.051583588505400346e-01 2.228255805545729551e+00 -1.251794373079849976e+00
-5.329712126809919681e+00 9.336750752818498977e-01 2.034494402183620210e+00
-6.486264708035300863e-01 2.248932811472359461e+00 -1.051387082992390809e+00
7.044036780760505323e-01 1.686480338368701037e-01 1.790905523067900074e+00
-1.123454863623090105e+00 2.079116801635789713e+00 -8.228008900745198417e-01
3.105805961358605316e-01 2.744687520855098040e-01 1.624178971792699988e+00
-1.684173583100629701e+00 1.823690107712329977e+00 -1.212566714648719568e+00
7.714989704981198848e-01 4.984051822248700692e-01 1.974786557490769923e+00
5.740145305087018812e-02 -2.081471494074027540e-02 2.123611363284640063e+00
7.333118693885896100e-01 -1.121701724140789835e+00 3.439313811655490216e+00
-1.235187265053520056e+00 2.121018230732850007e+00 -7.837031170687702719e-01
