2.510814747693999038e-01 -8.889364121933100993e-01 3.860560230972269746e+00
2.687930663434401346e-01 -1.048591791082460034e+00 3.765236070542779867e+00
7.763383268314001384e-01 -1.095097993122370106e+00 3.726855809338040171e+00
7.819381666947200493e-01 -1.092073494901760089e+00 3.726512086520250122e+00
8.008499239404796022e-01 -1.050325667556280207e+00 3.738966883716829948e+00
7.789953034992800340e-01 -1.093080461020200067e+00 3.724838166783219773e+00
9.829105913168403319e-01 -1.114317301410620242e+00 3.634149772370649956e+00
7.501872245167597875e-01 -8.475120477939404040e-01 3.878101004534619811e+00
7.650511455042798836e-01 -8.417428861208700042e-01 3.872409242996809997e+00
6.825588174859200663e-01 -1.131008381472600188e+00 3.637931765579029975e+00
8.883011502560398398e-01 -8.002383886215000963e-01 3.850563256067309759e+00
7.404382291167199703e-01 -8.400353869943500973e-01 3.883555004042529735e+00
7.513000308653996484e-01 -9.647005592886601644e-01 3.808914405138669856e+00
7.323072326486799177e-01 -1.056205672740290202e+00 3.761180390585099786e+00
2.840602513859202816e-01 -6.481128528014601375e-01 4.005436155911399787e+00
1.197626594169199699e+00 -6.348196552305103157e-01 3.342092304348619702e+00
-2.350244767989200234e-01 -3.784190794900701427e-01 4.299101330205159499e+00
-9.646746554320400069e-01 -7.177995220616899541e-01 3.618540489042620045e+00
-9.525667099893200263e-01 -7.251170620973399483e-01 3.621190115598549752e+00
-9.154406801064001176e-01 -7.399773120973200946e-01 3.624615724474289813e+00
6.283550584783195170e-01 -1.176972537618701242e-01 2.401648094483369800e+00
6.221956974122000439e-01 -1.122809311100398943e-01 2.393494481351079894e+00
9.587433799543600976e-01 -6.400820514070102440e-01 3.442980180530260004e+00
6.570860993817602136e-01 -8.803889142182601546e-01 3.891996773973709800e+00
2.611938625523997359e-01 -1.048851798383520162e+00 3.763770902134440099e+00
6.480214789996798785e-01 -1.088003263542379973e+00 3.535911535586830023e+00
6.610489249694797564e-01 -8.692248963082300772e-01 3.889017848544130018e+00
9.751251903255200304e-01 -3.190532913108099500e-01 3.694343509533950076e+00
1.192748353336400058e+00 -6.289407738326200370e-01 3.339495607067239913e+00
9.473472713441197790e-01 -2.928417129780103156e-01 3.697564983162449970e+00
9.428620962663996075e-01 -2.791221517004602859e-01 3.691959919455920058e+00
1.386966605128519880e+00 3.684627136423797023e-01 3.034102234859669789e+00
1.036912917242279519e+00 -2.832271643585002607e-01 3.721417292446119962e+00
8.397948538571200494e-01 -5.415736023152299961e-01 3.141113265580439684e+00
5.710447571985199922e-01 -1.167853689761980007e+00 3.749505424063289905e+00
-6.497900154808400330e-01 -3.163999282648000122e-01 4.099452836041590054e+00
8.388246556558396350e-01 -1.145320793056120223e+00 3.662599456130549935e+00
5.793951806541994820e-01 -1.245617948822669963e+00 3.311186391009089736e+00
7.756389685763198649e-01 -1.091840329686780020e+00 3.724186054906239995e+00
8.827967232211997306e-01 -1.081435754013100325e+00 3.487359615381149691e+00
4.652028079941201710e-01 -1.380261847656210072e+00 3.610909146140650172e+00
9.794181164517596905e-01 -1.107765843444180165e+00 3.634707765941599611e+00
1.151951071974679497e+00 -5.936679392378303444e-01 3.394395968026330035e+00
2.547582498506795190e-01 -1.306402785489410245e+00 3.590486833426639990e+00
5.429999801443203822e-01 -1.083628570911689959e+00 3.512386611195009944e+00
8.684833362608799234e-01 -1.086710162533709667e+00 3.497551116199340004e+00
8.394261420761996995e-01 -1.037523249377440004e+00 3.725386292954830036e+00
1.150196515173559586e+00 -5.899895796444403206e-01 3.397481813147820162e+00
5.841866101411601342e-01 -1.221857159444310170e+00 3.438191839778709902e+00
2.889818778065600391e-01 -5.888077195115901663e-01 4.244599562973569995e+00
6.107332213016403166e-01 -1.136244596610000990e-01 2.388531648317959721e+00
9.626224130271596735e-01 -5.648223632925699622e-01 3.424115754411829915e+00
4.766964600040801692e-01 -1.204146874362890252e+00 3.712506190446799970e+00
4.539845491287195500e-01 -5.777493459828602074e-01 4.324949658220599957e+00
6.096462408138800804e-01 -5.499928829959099819e-01 4.227428149595639617e+00
1.141276398090040001e+00 -2.936372026148699188e-01 3.717561111494700032e+00
1.142068617626959881e+00 -3.302870055744600020e-01 3.717000273144360101e+00
5.731060126693998669e-01 -1.243716443589190090e+00 3.309178409352329986e+00
9.957567823678399321e-01 -2.822265267656802745e-01 3.809441265889719652e+00
8.888533678216399281e-01 -8.099273929269402705e-01 3.398506724233790077e+00
6.066301110420000420e-01 -6.253052830669700857e-01 4.080002405063539506e+00
6.562426968727601562e-01 -8.776155798013201004e-01 3.893869693632829865e+00
7.661391872508001022e-01 -5.601371715867198287e-01 3.161276099383289573e+00
6.578744359908799133e-01 -1.100022071378920163e+00 3.546069543355909737e+00
2.699742438541998801e-01 -1.294463427468869998e+00 3.581382435423239752e+00
6.415358408617999331e-01 -1.088913419267150129e+00 3.539722332057499976e+00
6.473063908309599768e-01 -4.090155362531200378e-01 2.810544321781229815e+00
2.784980031357999763e-01 -1.322990601162340241e+00 3.604776758494180111e+00
7.365792728915998566e-01 -1.108850468779400078e+00 3.500079671564849892e+00
8.428569518186797005e-01 -9.424690192893803165e-01 3.324277828798379630e+00
5.834293620066399733e-01 -1.180351953145080124e+00 3.754727327330070086e+00
3.292702873286001974e-01 -1.056652681022998141e-01 2.372923103083799834e+00
5.674751156227997306e-01 -1.238510491306149985e+00 3.307470855086950046e+00
8.759924746011598096e-01 -6.951160237765600103e-01 3.455350523808709884e+00
8.701565857115594049e-01 -6.921587654376799570e-01 3.450481399741950117e+00
1.233420840540079944e+00 -2.308972701244500492e-01 3.352997462322769628e+00
8.411387480599201716e-01 -1.079272369329089987e+00 3.486892497187410012e+00
8.470813638979999283e-01 -1.072028822835570327e+00 3.488146174467240179e+00
8.581426779572001173e-01 -5.457133145841799315e-01 3.132374778009360039e+00
7.713555428204794673e-01 -5.649993552128200758e-01 3.160562476106959728e+00
8.197667373807595581e-01 -4.909835373057900298e-01 3.090857153871819918e+00
6.160785403124795501e-01 -1.217631427902059915e+00 3.419863328524590074e+00
1.241256210870560484e+00 -2.513824811856097963e-01 3.359399812474360036e+00
4.880230579823199299e-01 -7.973336083050799328e-01 3.942816963175139744e+00
8.541365332243597841e-01 -7.273180150827801560e-01 3.319848186222049691e+00
4.916046357371994802e-01 -1.202604432208020047e+00 3.725773342319889547e+00
3.145850295283199038e-01 -1.331187702547150131e+00 3.607086034938929764e+00
6.570931154020396292e-01 -7.772615061142901238e-01 3.952264026781389994e+00
6.915292085839999103e-01 -4.012182046894801069e-01 2.875557158038160033e+00
7.388235091313601899e-01 -1.101883716202620045e+00 3.497814596984579971e+00
8.166672941112800288e-01 -3.554587158163702298e-01 2.710173618571309895e+00
5.761771563556803422e-01 -1.177259637035710016e+00 3.754279191682639905e+00
3.369689069737198395e-01 -2.463859891201301000e-01 2.578559170688839774e+00
5.934405428666802429e-01 -1.097403838201309823e+00 3.528328372473289676e+00
6.136088305023195133e-01 -3.660553472306002920e-01 2.791052516485780011e+00
5.744150172473196925e-01 -1.178110916711070155e+00 3.755065113571319557e+00
9.662584288422397805e-01 -5.644900992582400079e-01 3.424187816287089792e+00
7.288313398698003098e-01 -9.452914907091798380e-01 3.797478104818459599e+00
7.774476775167200593e-01 -6.055124222466401473e-01 3.255030890462109916e+00
-1.649514625034003146e-01 -4.110592654134102020e-01 4.278742398975969863e+00
3.649074053325596090e-01 -7.775521237054100476e-01 2.653858677234859798e+00
1.583367044984960170e+00 -2.074721101364900289e-01 3.117301931912169977e+00
8.949036643423200488e-01 -5.790238069068298632e-01 3.230931875978889867e+00
9.028369570441596714e-01 -7.361392557503699807e-01 3.879076987036079949e+00
1.149115746461519816e+00 -1.696178694191052827e-02 3.685950934258499956e+00
1.285228905133597443e-01 -4.757139791740603307e-01 4.538730792038509598e+00
1.229883455418240068e+00 2.112354892520302840e-01 3.423506605784549794e+00
1.406224884828559230e+00 3.063113773084797931e-01 3.066308416584629715e+00
5.577292699850797675e-01 -4.556487961279400700e-01 3.054943708774100042e+00
7.896427816603996952e-01 -3.908524759617300059e-01 2.868163512235209822e+00
8.740819554790402179e-01 -1.631478129912999897e-02 2.213924852716569802e+00
5.298131347397601054e-01 -6.115760130478600232e-01 4.062807686181959532e+00
2.931389617499999822e-01 -6.825420677357401100e-01 4.004074786291079491e+00
7.624022884047998438e-01 -5.664873827284200303e-01 3.231984840488189903e+00
9.762618629105599410e-01 -3.285654011585104062e-01 3.697125723422909793e+00
7.703688176084400041e-01 -6.114480772692101329e-01 3.257773925948880045e+00
5.664435214558798393e-01 -4.810520246369303088e-01 3.061423377977280147e+00
9.207011693355595661e-01 -4.132985587906004010e-01 2.867586574339989980e+00
6.941622569965599787e-01 -4.522257073392199622e-01 2.842467696941029853e+00
6.233302494549195494e-01 -3.943923253625301051e-01 2.798939351633940031e+00
1.029235158641359948e+00 1.876683164672896531e-01 2.019518454181460143e+00
5.018929431851595346e-01 -1.574876690711050076e+00 3.504718632560539948e+00
1.032359858005119868e+00 1.657346106013199982e-01 2.029470020039790157e+00
1.022168724750359914e+00 1.672650339992298729e-01 2.015095531338030099e+00
8.462092271021197654e-01 -3.438905333846986601e-02 1.728200301466319866e+00
8.668520997899600289e-01 -1.088805542799510251e+00 3.498314353773409824e+00
5.580316802371600993e-01 -3.960122064195299441e-01 2.839237504555149894e+00
5.206571766817997826e-01 -3.574581572838699817e-01 2.802221801551839864e+00
-4.251889420090799732e-01 -3.070423258499399566e-01 4.214665263063009704e+00
4.448517142442800498e-01 -1.318571172646859857e+00 3.637272426601390052e+00
8.248177402124396984e-01 1.764018514703999951e-01 2.173765882503709612e+00
9.249855970301998909e-01 4.817962238668498376e-01 1.940731481296899874e+00
9.211547942504401121e-01 5.204965264190002383e-01 1.908716316845709748e+00
6.134949420788800012e-01 -1.080835760113501021e-01 2.388746204567019582e+00
5.291813469093598066e-01 -9.060733542003007734e-02 2.393257803336199974e+00
2.886412964253999291e-01 -4.441263458441979672e-02 2.328031063825489966e+00
1.151142293439759712e+00 -5.936619992577500948e-01 3.393342957363690182e+00
5.438077233523195275e-01 -1.250063607889799755e-01 2.428929408922689603e+00
8.988100018324800544e-01 -1.348120496889604336e-01 1.843510539218889743e+00
7.754015023301996656e-01 -7.717616369346003147e-02 1.757563259797519706e+00
1.045988576360879829e+00 -5.931014826897995640e-02 2.217437846983330019e+00
9.827041255479196380e-01 -3.058693185911400825e-01 2.082978310046760040e+00
5.584179341658002116e-01 -1.278829842094402203e-01 2.416226982470729645e+00
3.323133286812400833e-01 -1.363764319856199947e-01 2.403776635413449991e+00
1.225291026454959908e+00 -2.131372577072903063e-01 3.351186375132019890e+00
9.641757533413999326e-01 1.425909120614401449e-01 2.031591383934419959e+00
1.015176962291039597e+00 2.843201040757998843e-01 2.126507159064609631e+00
4.788774311899999248e-01 -1.228824651380340027e+00 3.701894303903729977e+00
7.707762487112401750e-01 -6.573676810134965187e-02 1.767017720329560060e+00
5.845854768466400841e-01 -3.887066554605100865e-01 4.202334294083479804e+00
-8.031278949787201693e-01 -3.480148826592202038e-01 4.327398944209809528e+00
8.114364280170396349e-01 -3.438602924716300802e-01 2.706155177774169918e+00
7.764304912170398865e-01 -1.081107295611069885e+00 3.726675165774449905e+00
5.926480958311604041e-01 -1.249061987795949902e+00 3.440688172497539998e+00
8.788044676601196592e-01 -3.262573871141600801e-01 3.695350484903099808e+00
9.117003837227999341e-02 2.350860039196798201e-01 1.732261066865409926e+00
-1.186799595190640044e+00 1.589814980210880302e+00 -9.335394929104205985e-01
-1.404087688986239923e+00 2.075357035769910041e+00 -7.759535320848796047e-01
-9.404772184325602691e-01 2.112095606621529953e+00 -6.109723249615002238e-01
7.604519230496800120e-01 1.872019180355999346e-02 2.195949277990499660e+00
8.324519720247600674e-01 -1.965601513383030685e-02 1.708676351548449990e+00
9.380485947776797673e-01 1.698258399706198407e-01 1.709861242170879869e+00
9.387880947824793765e-01 -7.286896064490289149e-03 1.543866926364249936e+00
-9.598253070036397716e-01 2.097174279047660406e+00 -1.793986336851229879e+00
-1.068642387390480009e+00 -2.526200771828199798e-01 4.108126873550570046e+00
2.829695391193998155e-01 2.591254530842099779e-01 1.721453498031029650e+00
-9.399409620644001429e-01 1.650790593895570035e+00 -8.933592946741901741e-01
-8.249384678075202260e-01 2.211100940650159608e+00 -9.059789896288004130e-01
-8.027205203677598710e-01 1.740807157188959620e+00 -1.301479906369210404e+00
-5.042446593121203691e-01 -5.596387377972100730e-01 3.889120164672189794e+00
1.924750358821598617e-01 4.322944767073999550e-02 2.064222635281159679e+00
6.719980847419204650e-01 1.884495260127601046e-01 1.860857149415109824e+00
-1.863419776651760174e+00 1.673850427913289751e+00 -1.162599961160419859e+00
-9.074994828178002404e-01 1.617878586395230078e+00 -7.835226327523105994e-01
1.106331709747599312e+00 6.249369507475097674e-01 2.202080742092630050e+00
9.974549684760081192e-03 -3.540343001137900014e-01 2.086696485497769871e+00
8.716057321868793117e-01 5.041487970965594645e-01 2.049989004933399972e+00
2.742847546943196768e-01 2.887032553434301096e-01 1.700028943436119766e+00
8.356546473861601321e-01 -5.409002664048001563e-01 3.140675219387489836e+00
1.079237054552720121e+00 6.637034105723900179e-01 2.164883701253449644e+00
9.481078344648796730e-01 4.679887395575492715e-01 2.007570212242869800e+00
-1.783549309314480080e+00 1.821891207790059974e+00 -1.100134198276689901e+00
1.640658637137999420e-01 -2.515595192542701142e-01 2.554159395837690028e+00
3.220698355107196598e-01 2.540941425046798763e-01 1.727781547996469991e+00
8.856025131410794060e-01 4.316694378917300678e-01 2.093990412778559573e+00
8.619880380936799646e-01 5.079969867723901356e-01 2.047608083569739890e+00
9.325060535693601160e-01 3.492073880297101862e-01 2.172212922917720057e+00
-7.881471586956403375e-01 -7.000020818816301560e-01 3.778748027572699897e+00
3.417603410919998197e-01 1.606352987967007984e-02 2.104290969223010066e+00
