6.008277465606803869e-01 1.842150384869098989e-01 1.522871618300149610e+00
4.969185865402800939e-01 1.225117296640698683e-01 1.604240907404319572e+00
2.772173872213399282e-01 2.191904502957986445e-02 1.758337712223899674e+00
2.823088393237200844e-01 -9.535689933577029542e-02 1.649721488995179897e+00
2.995478188799001185e-01 5.632484940152198138e-01 1.524587631854789738e+00
6.003840240218998314e-01 1.853203748084701896e-01 1.521674318153089622e+00
3.163556257807400574e-01 5.890529604160987809e-02 1.692385745543409703e+00
4.969335914039401114e-01 1.558810221619497671e-01 1.571844009267739706e+00
2.847670083396802720e-01 4.940252238416100727e-01 1.549989987436249717e+00
4.347995574476597458e-01 1.651278864352894171e-01 1.515365331852239761e+00
6.414747002500020834e-02 5.253542928539856049e-03 1.421930527131529676e+00
5.712014973314016864e-02 5.176561749814398983e-01 1.507591037674869572e+00
2.886858492408801435e-01 -1.216662067921900903e-01 1.658694126810549729e+00
2.731275721509403009e-01 4.970759916222300401e-01 1.569762980223499582e+00
5.164597675482200945e-01 9.360444907614984267e-02 1.605004166232269602e+00
1.469909834004601290e-01 4.520039717680399693e-01 1.555425151917789961e+00
5.400226054598022962e-02 5.300829185496500617e-01 1.480155240236829428e+00
2.805900918721200288e-01 2.627525101506200667e-01 1.457419375558359764e+00
5.799073417391986673e-02 5.344765842493000019e-01 1.462438171169069712e+00
5.950685106500597232e-01 1.875451693984497847e-01 1.533276882471709568e+00
2.888726941235197909e-01 2.301160910409039140e-02 1.737619877281849634e+00
3.034470600347001223e-01 2.683212076233965071e-02 1.701468059826629853e+00
4.419309172707002187e-01 5.068468434738959694e-02 1.717054333934879606e+00
3.777915591008600416e-01 2.107645996022695645e-01 1.481475511879849716e+00
2.519714554881600233e-01 -1.252751513718801668e-01 1.601760938741999762e+00
6.741238097538015950e-02 4.173100868636800964e-01 1.528203843175439669e+00
4.856814360621199977e-01 9.517937690096989201e-02 1.614199047009409860e+00
4.424306164099200966e-01 1.215885486484096223e-01 1.558993033013439611e+00
6.431968854718401740e-01 6.108833181157800052e-01 2.382965274230299357e+00
3.841143667404998130e-01 5.477847031123972421e-02 1.666011433761279692e+00
4.157367498258002225e-01 1.905331975887099016e-01 1.492625712832019502e+00
2.947905593147601699e-01 1.644781173452500855e-01 1.539516028216559640e+00
2.415005220066401836e-01 -1.276083849090101641e-01 1.617008456861019683e+00
3.541477143151203766e-01 1.514270270816198138e-01 1.525236772047959599e+00
5.064384368812600012e-01 1.210823937836900122e-01 1.592842745150889749e+00
4.174298635814399638e-01 9.347709358780997846e-02 1.606435274311059480e+00
3.923979313260399504e-01 1.230542937325098674e-01 1.539962646469809515e+00
4.208797083004800488e-01 1.781914918693596750e-01 1.521579817749899588e+00
3.048152450255201540e-01 5.224005811146799072e-01 1.534552343506029537e+00
3.176877950304601850e-01 5.425758233692101751e-01 1.488440096169279858e+00
4.104558881289201988e-01 1.828343887087100494e-01 1.509267136291239542e+00
6.183931091194800889e-01 5.704355271969496766e-01 2.359598586058179848e+00
9.227207133164028185e-02 4.317090209011700264e-01 1.525853657608329694e+00
-1.201807377739398941e-01 5.056563836375802534e-01 1.581396870855419579e+00
4.414491585876201274e-01 7.673910545107975878e-02 1.616551146327129818e+00
4.122942151270401201e-01 1.149675311876998673e-01 1.561710124485439666e+00
2.822601291749802233e-01 -8.947474018718004629e-02 1.651656995089319624e+00
3.929789279271000968e-01 1.240680891350298687e-01 1.550475737087109618e+00
5.873353273376997752e-01 6.486156199067794059e-01 2.356645879301159763e+00
2.438780431612801447e-01 -1.013177338744399858e-01 1.611836561791049949e+00
1.409393817745401289e-01 4.284473030036897168e-01 1.546257794949369657e+00
2.014762400525800246e-01 -1.288775507338300041e-01 1.571011019237769757e+00
1.671673353639600013e-01 -1.255453389194498559e-01 1.571553428422659549e+00
4.366419317612197926e-01 6.623776012575999239e-02 1.650043633602089832e+00
4.315966562273600982e-01 6.181761804938012972e-02 1.662191890568019526e+00
5.874758405812019468e-02 5.351507162521096372e-01 1.465716716001789877e+00
5.388559193156017280e-02 5.311456388200397338e-01 1.480326778908639618e+00
4.403289265990999457e-01 1.119139608003099084e-01 1.587616195761869520e+00
2.959871928850801304e-01 1.437566395898801641e-01 1.584133428140489519e+00
5.220120718495400158e-01 1.053732672012896998e-01 1.608290730557869530e+00
3.827064455666200349e-01 1.533454222892400853e-01 1.535463078063349585e+00
5.217098259981598485e-01 1.035723712780598493e-01 1.602708858575579765e+00
4.266339219826200679e-01 8.852031181109976110e-02 1.630652201261419743e+00
5.461097142616597733e-01 6.066213911091697941e-01 2.299581100814249712e+00
5.844640672067200615e-01 6.460145660929599298e-01 2.318472764037389666e+00
1.024717456350201505e-01 4.565384433964900790e-01 1.552815410943299668e+00
2.753541117827997819e-01 -9.197430339891021767e-02 1.644188530604329790e+00
2.677104447916998087e-01 -8.774996881343999355e-02 1.635175297591219490e+00
5.034593111930603104e-01 9.352793126373004640e-02 1.595834436185569638e+00
2.137020444941599706e-01 6.683184679087950109e-02 1.705116722208219748e+00
4.393071074213004135e-01 1.374537105923900882e-01 1.518282552191829726e+00
3.788064854065200660e-01 2.081318470777298035e-01 1.461765404008829705e+00
4.104302347130199813e-01 8.948835624632978103e-02 1.589895584361529668e+00
2.082390008685399696e-01 1.492169507584801824e-01 1.586845401953299817e+00
1.496196227933601630e-01 1.548647156178499795e-01 1.631642104280859762e+00
2.675599605983201013e-01 5.740806076571991490e-02 1.696256829953959766e+00
4.157310846804602722e-01 1.010986321824998146e-01 1.611055669587209582e+00
7.477773041883994942e-02 5.735654497364597315e-01 1.417752574507059826e+00
4.080830205209802219e-01 1.448219326169202237e-01 1.479635222869469580e+00
1.928342398942399782e-01 1.426692866814698313e-01 1.621944317517779899e+00
1.566253450273003001e-01 6.515501157533010179e-02 1.736774989100559496e+00
2.352500896003599795e-01 3.679928750768968193e-02 1.656814766334889999e+00
2.781163558293997529e-01 4.666571258450002979e-02 1.713326370500649620e+00
2.939355201583400135e-01 3.548035073851996124e-02 1.705659147458079561e+00
2.752168266335399682e-01 1.171372819409695065e-01 1.603295039718679593e+00
3.963349176527002360e-01 1.618528241149597147e-01 1.529848284627869814e+00
1.768843064106200291e-01 1.372188140993000349e-01 1.622777242873569614e+00
4.442600250573198739e-01 1.128270345520598905e-01 1.601695116183239787e+00
4.341778955320398925e-01 1.048215875045299672e-01 1.567814894621199606e+00
1.563768900587001465e-01 -1.149787705550802119e-01 1.587132748182789488e+00
1.625088546847999194e-01 -1.155554887444703027e-01 1.582226281119209821e+00
2.668585824214200208e-01 3.238231853573798613e-01 1.528994630541479438e+00
2.129677516572001661e-01 5.827905562322899247e-01 1.382788558443429405e+00
3.527990440186201671e-01 2.023629110380598117e-01 1.474747187782589286e+00
2.350744042554799851e-01 -1.013795443323399770e-01 1.616922597491049496e+00
4.851655056089001494e-01 1.070630372233598582e-01 1.578562859491469572e+00
1.886242475385000450e-01 -1.387162256969900476e-01 1.558347693531719758e+00
9.779979729540011490e-02 4.475932052988695897e-01 1.547794694096789714e+00
3.288226032548198230e-01 8.875660534569962401e-02 1.599321455764019850e+00
3.765759063668798756e-01 7.804551586317987066e-02 1.631840780958389692e+00
2.429058372055001858e-01 -1.003457387931800948e-01 1.614020906235089647e+00
2.567344623403202686e-01 -1.122460611509301653e-01 1.646257345237259528e+00
1.879659706548399978e-01 1.334101636944999836e-01 1.618882644598889531e+00
3.253274420284000268e-01 1.500384393169398312e-01 1.568187256337829627e+00
4.160858953901800383e-01 1.363610991264001537e-01 1.547005159320979706e+00
5.036690973534800886e-01 1.467691026261495058e-01 1.559045329591629780e+00
4.303780952756401934e-01 1.330042652349299193e-01 1.522136037453349466e+00
3.182312035097001335e-01 5.165119126546600103e-01 1.501996745519819765e+00
2.540778994046000161e-01 1.608253723605401753e-01 1.556725227325229444e+00
2.645108271278400203e-01 -8.963862949872991592e-02 1.625116563960579574e+00
2.581012970139202611e-01 -9.078878105281007471e-02 1.636711140348849680e+00
2.166075563443001784e-01 5.556436755727498511e-01 1.453459913877199750e+00
2.426717605034800496e-01 1.198715889875399121e-01 1.628073315409909849e+00
4.236491260177202012e-01 7.544800599934986529e-02 1.661470989772569684e+00
4.231964077429399840e-01 8.192737660523952137e-02 1.629101272151869839e+00
3.297025838214000526e-01 1.566239304421397360e-01 1.543591624490229908e+00
3.965142575459801311e-01 7.649263201003964063e-02 1.608115806008259652e+00
2.743976818722400068e-01 1.159421933774895663e-01 1.616005169184669743e+00
4.355839698126799941e-01 1.236506821178098292e-01 1.562920876269199733e+00
1.650914591333199066e-01 1.218959294604597954e-01 1.674489197130739626e+00
3.421450262931198250e-01 1.629298729328796380e-01 1.539196048456079602e+00
2.334153982568001329e-01 4.376692854180197489e-01 1.570610836978239666e+00
4.227394444480201408e-01 1.373861259892099618e-01 1.568523090105039763e+00
3.171275995164799522e-01 1.649080972952001733e-01 1.543146836844579761e+00
4.508138205719200986e-01 1.385919358045497596e-01 1.513875310919719608e+00
5.335716563454602213e-01 1.412897538227400052e-01 1.547321966840089491e+00
2.354939812451599668e-01 -9.522399314480978205e-02 1.619294203387789732e+00
2.483253921949202248e-01 1.614709352821601662e-01 1.564841405161139676e+00
4.311036574958804213e-01 1.579498652423898530e-01 1.507930633834809520e+00
4.360884497408197280e-01 1.662147967692799710e-01 1.511069856619179586e+00
5.052504650570404099e-01 1.211515889866998652e-01 1.592973411470439693e+00
1.032777967295201993e-01 2.962965469268998842e-01 1.494166725149419728e+00
4.063236376591401466e-01 1.876666370716699728e-01 1.489128368300829397e+00
1.157306494819601017e-01 4.511776729859902080e-01 1.547939125053789500e+00
6.400698599748033679e-02 3.115310469255503367e-01 1.503487201920129746e+00
9.096639286990026996e-02 3.387970516889196038e-01 1.492409344923839809e+00
6.236289559926999626e-01 5.757102151108897115e-01 2.378379968255579513e+00
4.656105602254203557e-01 1.179204971471299324e-01 1.569887903774379811e+00
6.437538086393603809e-01 5.666446407739000879e-01 2.378727465628259985e+00
4.077633581302200216e-01 6.682070263708994595e-02 1.649299586611749469e+00
5.464753894255200972e-01 6.402253102582797784e-01 2.321856571124029323e+00
4.802598916997202760e-01 1.176929428091899599e-01 1.578539945772999609e+00
4.402994904091601658e-01 1.257040885995897028e-01 1.562801377304989581e+00
4.282310602679799683e-01 1.849905615225899691e-01 1.475526477161359651e+00
3.713718173600402128e-01 1.591407309245000956e-01 1.550274673189539598e+00
5.285383120505400267e-01 1.424332628845998983e-01 1.523959851526089704e+00
4.467829278304600304e-01 1.407148777746500823e-01 1.520541222578409624e+00
4.462195098570800322e-01 1.348827223297699440e-01 1.545068724018069606e+00
2.808571569409001878e-01 -1.208155747280301728e-01 1.670914523068739665e+00
3.254317088553799753e-01 2.092060747348796212e-01 1.500292908506539957e+00
2.659406951151404019e-01 -8.561095054985989883e-02 1.665722493553669636e+00
2.584035071444199527e-01 1.743923196356200744e-01 1.536647562630059527e+00
2.463605807131601377e-01 -1.253762427393600998e-01 1.604922303242089621e+00
-1.153249397387596797e-01 5.044900502449600754e-01 1.609784739847409440e+00
4.025901143083199241e-01 9.417126188302016310e-02 1.619735750153609599e+00
4.391591076212397748e-01 1.131220980614295879e-01 1.580393152372899790e+00
4.093843694102201614e-01 9.896941530244984797e-02 1.587740562870669780e+00
4.482858102489200025e-01 1.338104518868599158e-01 1.520591231642439478e+00
3.565062460873400507e-01 1.576090048739500205e-01 1.550315691797039541e+00
4.777720662400202212e-01 1.149276335094102652e-01 1.557829610098289574e+00
3.760231561889602059e-01 1.254353483959398385e-01 1.562053557811389437e+00
3.493246261632398930e-01 1.420260052012998209e-01 1.552943225090589685e+00
3.532582139408202426e-01 1.492879727578297899e-01 1.538522310247679714e+00
4.284360820072199427e-01 8.404481069397951032e-02 1.608881306378279863e+00
4.545460312245401813e-01 6.095600178305993211e-02 1.728423694726909599e+00
2.542737652190398823e-01 1.270004298200198001e-01 1.616696915068979834e+00
4.190689357828800699e-01 1.625976708162899520e-01 1.521196044313909868e+00
1.470858654318201175e-01 4.042061365821700836e-01 1.522288976375609781e+00
4.252991254896600903e-01 1.587917548500596965e-01 1.513666594161079626e+00
1.219203480482000668e-01 4.126676328835598984e-01 1.516414304133269608e+00
3.627823055038599254e-01 1.530692839787100024e-01 1.520307283169029411e+00
6.945932065920001897e-02 5.471635795659197665e-01 1.456656930774489656e+00
4.494477451246401412e-01 9.723689986839989530e-02 1.608225047433089694e+00
3.707990672932199860e-01 1.270173956928100090e-01 1.550687909701139677e+00
3.052579972224398475e-01 1.452157846575596878e-01 1.572775725263959590e+00
5.027872604021601521e-01 1.232863481126997840e-01 1.581989352098509549e+00
5.248490296903598473e-01 1.382982890636494933e-01 1.560163945189859680e+00
3.622677991773801676e-01 1.285799389911497226e-01 1.558684066707129556e+00
1.232849193857401549e-01 2.977840583925497331e-01 1.454151743767239768e+00
4.524629297253801585e-01 1.161665068547599322e-01 1.576212436112199633e+00
4.759056860750396911e-01 8.582387761136955895e-02 1.643692286973379879e+00
1.372053824154000345e-01 1.236538352192297907e-01 1.678571032198659552e+00
4.485759576199599419e-01 1.021920769705200183e-01 1.617959090834599767e+00
4.190249616187800008e-01 1.233869722469400632e-01 1.594408584429259923e+00
2.894641638066401956e-01 1.698672801273997113e-01 1.550780706466889924e+00
4.794733893589799845e-01 1.190418361158200877e-01 1.544185825679319501e+00
3.325266988545798608e-01 5.539226948565401099e-01 1.467719503918409441e+00
5.040122954812400469e-01 1.519371170132999271e-01 1.568488322704789661e+00
5.514063423084396565e-01 5.307776847633898232e-01 2.526790727687869609e+00
5.141221056583000770e-01 1.216232781568800103e-01 1.567634485192759719e+00
2.798031068968398483e-01 -9.411172862554018081e-02 1.667794165071459833e+00
2.744787925254998928e-01 1.321954699850196313e-01 1.596945184702139864e+00
1.415039200379000217e-01 4.390334906089699007e-01 1.518311489184039687e+00
1.530269734179798835e-01 4.501337386089498960e-01 1.548779794746579785e+00
2.457550227984999225e-01 1.330225018936899151e-01 1.599546218370329731e+00
4.560811652778398173e-01 1.356963669257102989e-01 1.539625624260709813e+00
1.979106238009202823e-01 1.451370624274597176e-01 1.624941827106089809e+00
3.079022866973997186e-01 2.838775661297976427e-04 1.695940373776359866e+00
4.358561490814001349e-01 5.164527885019976061e-02 1.722910981676199604e+00
2.618535091329399211e-01 6.111024967956990572e-02 1.641553821547529601e+00
2.420643651343201697e-01 3.863053326096999029e-02 1.656583419503009802e+00
2.164384619749399885e-01 6.426626412581004644e-02 1.685202488028159751e+00
1.814912369377401635e-01 1.439457959194896386e-01 1.611262531652069452e+00
2.449355058651001560e-01 1.163369942761198761e-01 1.628361391437289418e+00
1.646670287979599134e-01 4.643624426654693327e-01 1.609385388618649548e+00
2.369740680433600755e-01 -1.302866945397702647e-01 1.632214449177219695e+00
7.652237916813997565e-02 3.813634496401598906e-01 1.633540589979059821e+00
2.898430087101402375e-01 8.137171177187019211e-02 1.626218050256529768e+00
1.228773538265597320e-01 3.591868466044896291e-01 1.561783639731989748e+00
4.176700898383800542e-01 -2.886847035240003301e-02 1.863161085312979637e+00
-1.253193086520398847e-01 5.080548959537198872e-01 1.617600576805649615e+00
1.770214292288800895e-01 2.943256787742964953e-02 1.706050659591539898e+00
1.681706916801999352e-01 6.083345221675973136e-02 1.725643597042269661e+00
1.447517585327202649e-01 1.379241270283497744e-01 1.670590202866369722e+00
1.116639675873598581e-01 1.513323605172498532e-01 1.676892282122859790e+00
5.521429308939802549e-01 5.837733829474400782e-01 2.193827790699159674e+00
5.541468684948200885e-01 5.852622373618501239e-01 2.190130249243519955e+00
5.981979980917999651e-01 5.501551116030298783e-01 2.074372229045209792e+00
6.341755517942202491e-01 5.763334607622596639e-01 2.342411701565539683e+00
2.728916291179801501e-01 2.430861593933975051e-02 1.725244530735109860e+00
8.732668234651996819e-02 5.590101276894794413e-01 1.429311273722980058e+00
6.264332627667201780e-01 5.861919689621097884e-01 2.361689002796839798e+00
2.290841732089001770e-01 6.176101801373599098e-01 1.608069042536619753e+00
2.879624397419802140e-01 5.354276215539999217e-01 1.537648405339979707e+00
4.291574022887798545e-01 7.665031107045972014e-02 1.636121607175949677e+00
2.505548962929002865e-01 1.769088734847998889e-01 1.543380392966849479e+00
4.222524747188400873e-01 7.841496282067983437e-02 1.645757044182699858e+00
4.112185255622999858e-01 8.668399555981975979e-02 1.625958616849239702e+00
4.744192929135204739e-01 8.105257379581987109e-02 1.641408964868859677e+00
3.012425913301999270e-01 1.665831835694298046e-01 1.542275264593359729e+00
1.361770044570200788e-01 -1.313604541079398391e-01 1.597038147112939566e+00
1.865734076044200940e-01 -1.295403884354697777e-01 1.584365406405679577e+00
4.131734761918601784e-01 9.360140843110964504e-02 1.631678481672129699e+00
4.428832781025400234e-01 8.252935451837006831e-02 1.632294536876379709e+00
3.063784195289203094e-01 1.614047272277898681e-01 1.526309969966799684e+00
2.466485819153401149e-01 1.801531043716799729e-01 1.546700300433349717e+00
2.908584086722201256e-01 7.515451707731979347e-02 1.642711269674659746e+00
2.724029343043401497e-01 1.580521164000299184e-01 1.556854154724499617e+00
3.267629988355198467e-01 1.378516549947998993e-01 1.560569968420619347e+00
3.318840567406800002e-01 9.641698325173009287e-02 1.600134312843989770e+00
3.573261050570999409e-01 8.501881933602972730e-02 1.603975692844109568e+00
3.087756344982002243e-01 5.078270271629101718e-01 1.540401886753369531e+00
3.469907257563400460e-01 2.036848404513296185e-01 1.480268084749549740e+00
2.317175874062000762e-01 4.084112591453981089e-02 1.666641702786079593e+00
4.389231193670204423e-01 1.746857689351701826e-01 1.481726374490259790e+00
1.256634053541001439e-01 4.821543753357200313e-01 1.594604277036489659e+00
4.449110414371599820e-01 9.704700427892998249e-02 1.593929015512369540e+00
2.678986726651801931e-01 1.108054491865197999e-01 1.606906432215619684e+00
2.402920755575601586e-01 4.359369944153999032e-01 1.563694201415809726e+00
1.676144050876400282e-01 4.563805929880795365e-01 1.597610953602199624e+00
4.072505834227402310e-01 1.057096443133700436e-01 1.596005460793779696e+00
1.057149087519400066e-01 3.554551103741301343e-01 1.483745895123249614e+00
4.594138347369798314e-01 1.004338056880695884e-01 1.577547337444419773e+00
3.250428232306599163e-01 5.343609770281501081e-01 1.492456247960809668e+00
-1.012066022419999545e-01 4.982055062727994699e-01 1.596792367343099706e+00
-1.322107435816799459e-01 -5.884990388806987660e-02 1.701526562440679680e+00
-1.030517882444998978e-01 -5.507323271129993536e-02 1.677573155956249673e+00
4.301120007899801312e-01 1.668351712325097935e-01 1.508501062067449716e+00
6.355484301596401320e-01 5.750344293763494097e-01 2.309991793201789712e+00
3.305346866018001872e-01 1.642347847607299460e-01 1.539819691125459578e+00
2.589542207940602747e-01 1.265244812396100205e-01 1.611210031541929766e+00
4.386391702143199733e-01 1.256357740591100836e-01 1.537468112878089821e+00
2.258996947103599773e-01 6.575097812565000588e-02 1.678116929784409628e+00
2.592541379976400773e-01 1.165538101465701804e-01 1.616734698813429683e+00
2.426053469243998340e-01 1.775979970122494311e-01 1.568783573662149600e+00
3.155818049842800121e-01 4.849682162197010982e-02 1.688312466064469719e+00
2.343492944595799710e-01 1.197201012158097821e-01 1.651692665353249767e+00
2.659295487073598530e-01 -1.253561159098901534e-01 1.688242123546629614e+00
8.827062146718023250e-02 3.717948550538301422e-01 1.616324767622739689e+00
1.520936476286200989e-01 1.247574434270599664e-01 1.670310574415439842e+00
5.838371102419401826e-01 5.569814643703596690e-01 2.369546702975459773e+00
1.257184416367600477e-01 4.177293357074793878e-01 1.515888989054819724e+00
2.539912228748801848e-01 -1.139707484186700537e-01 1.624112335523089756e+00
1.220101712953398643e-01 4.404093966756097434e-01 1.559601245379959700e+00
2.627249927176400490e-01 3.642236424899025771e-02 1.628687360509569526e+00
-3.622508419995984497e-02 5.414461977710198770e-01 1.467022057128629431e+00
2.851548399420000823e-01 4.974206072555100722e-01 1.562046776111719826e+00
2.637736600715798740e-01 -8.509148892720985735e-02 1.632088720820109806e+00
2.768868969640398969e-01 1.209866758993098923e-01 1.610194450576209801e+00
2.532083009728001155e-01 1.192863225545197636e-01 1.625113855557389630e+00
2.289682859323602937e-01 -1.022589558885500516e-01 1.622186095284209761e+00
3.332109639333999951e-01 1.510323887665003806e-01 1.558514376905699494e+00
5.792155479925200634e-01 5.828242398403100655e-01 2.462329842548439451e+00
5.367577379636598867e-01 5.254782208055399639e-01 2.851120191558439654e+00
9.160979872258012691e-02 5.934576455487297064e-01 1.407821646027589857e+00
-2.759285049112800703e-01 -1.213499928527920213e+00 6.072207713838129628e+00
-1.191705869481820113e+00 -1.411565663784370095e+00 6.627119046212889941e+00
-9.275444111263400071e-01 -1.310549908952669984e+00 5.829152554723219914e+00
5.866332895282000415e-02 -1.324832358275489952e+00 5.506186262773040241e+00
-4.900611811279600438e-01 -1.401096029067609994e+00 6.193537939697019823e+00
5.031064833265002090e-01 9.333679851221998724e-02 1.613065462132939665e+00
2.505418679485800215e-01 -1.253081936125340023e+00 6.024638048488049513e+00
-7.473645646298021639e-02 -2.193550400045749971e+00 6.766535877742319904e+00
-1.828827612926020585e-02 -2.079076149018240116e+00 6.439074256773709592e+00
-5.147979259967199184e-01 -1.434293626542639810e+00 6.294482109244150081e+00
2.315315289215797989e-01 -1.272888762234119842e+00 6.120798922118540375e+00
-1.536959345941979471e-02 -1.668965930757039917e+00 6.569764072304650426e+00
-9.806355061733973422e-02 -2.243891947733439807e+00 6.889389366746379473e+00
-3.874200761302200036e-01 -1.421115915788430106e+00 6.201705069176569829e+00
2.665640442479999539e-01 -8.900955306064028960e-02 1.656668977467219639e+00
-1.193982091523980049e+00 -1.567582694120319919e+00 6.844930152395079404e+00
-1.247868954803500019e+00 -1.525021384361179955e+00 6.931781411710740137e+00
2.599666269520803930e-01 -1.251667266388380106e+00 5.979131382323419786e+00
-1.673370043297159881e+00 -1.852977306118939627e+00 8.037344579700659963e+00
6.141183746579903513e-03 -1.987892060121359883e+00 6.211394312921960648e+00
3.124906707832599828e-01 5.567761713451895300e-01 1.519748091531989642e+00
2.618212655969400782e-01 -1.176713579086980044e+00 5.634299104034779404e+00
-1.088309589987320081e+00 -1.411034139276980071e+00 6.479474601516569621e+00
9.227441763506005756e-02 -1.905524759170029725e+00 6.344474255849649857e+00
-5.019440988691798999e-01 -1.350812102591069763e+00 5.980936513671680110e+00
