-1.792861667924000035e-01 7.021511224572800636e-01 1.080235271769319993e+00
-7.706688898786000219e-02 7.695186204896500293e-01 1.079337068183940040e+00
-3.168362360240000175e-01 7.065989240209500366e-01 9.516259328398499751e-01
-8.432177117955999557e-02 7.316238023514700650e-01 1.182824126539109955e+00
-2.102313124389600107e-01 7.322552552275500837e-01 1.081282428234970006e+00
-2.802489785251600085e-01 7.103373524338399969e-01 9.647142392298999614e-01
-4.684391601566399443e-01 7.737883942208799715e-01 1.055861919477679933e+00
-3.138432909318200070e-01 8.029692278670099714e-01 9.969730951356400306e-01
-2.612063411124200263e-01 6.994707535193700476e-01 9.969707339174999072e-01
-7.419984946806799098e-01 6.694983447107900609e-01 1.202733296565230425e+00
-5.996411134838199875e-01 6.405369432548100317e-01 1.255473030637039855e+00
-3.255574075003399570e-01 6.624852374231500196e-01 9.725691032774799183e-01
2.786658133700999906e-01 7.927656314113000757e-01 1.063047104281789945e+00
-6.010312667353201466e-01 7.855619375801400350e-01 9.925592246437600075e-01
2.296193110552199879e-01 7.407727910468300259e-01 1.122650891366820058e+00
-3.162475908934599955e-01 7.972134029632700347e-01 9.924360113689599805e-01
-2.733140238348199524e-01 6.528336917527599592e-01 1.116191586567069738e+00
-5.026048482060599953e-01 7.945328195321600395e-01 1.018113654679889901e+00
-2.369219029411800126e-01 6.454417779205700034e-01 1.111583256740880099e+00
-5.534735795389600366e-01 7.476831295734800431e-01 1.060684687174239915e+00
-4.722196863814399626e-01 8.092840452385500205e-01 9.972886526512501071e-01
-2.645467707898999654e-01 7.890005735111400575e-01 1.049075048493989915e+00
-2.004456427473200186e-01 6.904583782943500836e-01 1.083326480999230235e+00
-3.742512321212799753e-01 6.927604935150399879e-01 9.924336708209999802e-01
-2.731503941127799706e-01 8.369693289640600664e-01 9.294738956175099265e-01
2.692519076528199773e-01 7.367498487270900398e-01 1.133747017639199939e+00
-2.642054805074399715e-01 7.871927534554300498e-01 1.047919386893809923e+00
-3.202705360401199575e-01 7.065345138722300966e-01 9.559798468699099994e-01
-7.359984587593000338e-01 6.649727753623699833e-01 1.194564019999539983e+00
-2.748804544132399941e-01 8.409043914868400416e-01 9.328441272188600086e-01
-1.945636536388000576e-02 8.685640156475999962e-01 9.334666536722600050e-01
-6.119929440729601211e-01 9.012896512872500265e-01 7.865380206012300146e-01
-6.887772878674398580e-01 7.851042276003800113e-01 1.011099758280140204e+00
-6.056775864838399581e-01 7.903639347124500336e-01 1.000805861985269996e+00
-6.243383584241999351e-01 8.619982742940099918e-01 8.047289168000899551e-01
-5.285277715582199498e-01 8.581371856191699621e-01 9.177648137890400681e-01
-6.069377658435000100e-01 8.210287455659400768e-01 8.489064797067100709e-01
-3.181456576603199915e-01 7.058598838612799575e-01 9.524136028147600630e-01
-5.136848580777200191e-01 7.884970227747800653e-01 1.009274097378439983e+00
-1.768048124598999848e-01 6.950906290283700439e-01 1.056254576792239774e+00
-4.134904841694599376e-01 8.146431934793800789e-01 9.369794519947700628e-01
-6.843854977754200153e-01 7.831335680625300943e-01 1.004007705226400038e+00
-7.878815827958000895e-02 7.767488393616900355e-01 1.094353998130320083e+00
-3.742301026201800274e-01 7.131706039830100208e-01 9.934156202262200974e-01
-5.919722395179598529e-01 6.644009915340099992e-01 1.190207066855689888e+00
-7.544307985736600219e-01 6.938027797190801094e-01 1.146492432733090094e+00
3.362192206407800255e-01 6.818144601464500854e-01 1.345779947080619987e+00
-2.059440521784200173e-01 9.237863396727300502e-01 8.144331418813800516e-01
-6.286197708367400327e-01 9.108326505019800345e-01 7.989525249731699308e-01
-6.435421446520399602e-01 6.445416873977700689e-01 1.260328046127329849e+00
-2.259883383942599966e-01 6.101239265768501063e-01 1.124344340004139742e+00
-3.187508231132999970e-01 7.060098861447000607e-01 9.546421598938900077e-01
-3.098775399387799223e-01 7.368937998136499967e-01 9.466163555810399588e-01
-4.574425115748599335e-01 9.110568092993700517e-01 8.211003521611600631e-01
-4.071974088409800463e-01 9.371727628120900544e-01 7.935586605992600573e-01
-2.712257165000999670e-01 8.476743486774600544e-01 9.622528189980100732e-01
-3.233157689083400177e-01 9.497913815835599127e-01 7.407446042384701057e-01
-3.128869495133199674e-01 7.436754699816100489e-01 9.629117250776100256e-01
6.918129334209999204e-02 7.633287334117000444e-01 1.077623951332989938e+00
-1.174272905334000638e-02 8.413629743054100718e-01 9.498183119344000280e-01
-3.757318289630199315e-01 7.416492838684000111e-01 1.006066940202570148e+00
-5.081186847266399020e-01 9.498494128703700579e-01 7.315635667847499857e-01
-1.989006797028199935e-01 9.474574221542000352e-01 7.745546372588300033e-01
-4.541588778078399780e-01 9.104118941358800843e-01 8.185867518452799585e-01
-4.551183941087199591e-01 9.067729304457999850e-01 8.177822829305998464e-01
-1.814507406985600146e-01 8.331333242604900269e-01 9.871061023359499753e-01
-3.852689949669999697e-02 7.948729961444700454e-01 1.008769823436979962e+00
-6.020299744287198607e-01 7.856710586532400509e-01 9.967935183507999897e-01
-4.896490916938999738e-01 7.797155370011400466e-01 1.057280117896709726e+00
-4.013048728158399858e-01 9.344853837061100066e-01 7.878844332910899251e-01
-3.124529769807599666e-01 7.654015422539900415e-01 9.720079126398298852e-01
-5.127638905749600795e-01 8.189159553551800252e-01 9.843983368963400427e-01
-3.743064787772199531e-01 7.877995629900800267e-01 1.022330046230830014e+00
-4.829416716840599921e-01 1.401320007247029986e+00 9.618627850275800473e-01
-4.820759179214400003e-01 1.398429976930249952e+00 9.583910576787899593e-01
-4.822212464374400209e-01 1.402098480402999892e+00 9.636930741319601479e-01
-5.406328899166998880e-01 8.518938569804900274e-01 9.222358303942399527e-01
-1.670218715080200034e-01 9.480099857761100646e-01 7.753160229225599664e-01
-2.576138372356399642e-01 7.685588654407999876e-01 1.082301497455099959e+00
1.075827484105799925e-01 7.756304240574000142e-01 1.042377100518850019e+00
-5.915096998229800729e-01 8.344300186537100261e-01 9.513324156840400336e-01
-4.802919943802599900e-01 8.484431702086601135e-01 9.436716967714898763e-01
7.571354710455999171e-02 8.146631506961800051e-01 9.773600802911800445e-01
-5.365893698207000462e-01 9.132601676890700348e-01 8.141264457229399065e-01
-5.363183652367800036e-01 8.299080863845300637e-01 9.702530141853199508e-01
-3.099100602997000298e-01 8.018276941703500471e-01 9.914202501690000391e-01
-3.718079685131999573e-02 8.371100969881399845e-01 9.561530694102000627e-01
-5.789341305536799265e-01 8.524729590462100104e-01 8.745110032999500183e-01
-2.045757970934000691e-02 8.625236693111300035e-01 9.172113637816399212e-01
-1.022911360081800031e-01 9.006119149520100953e-01 8.795310408895000709e-01
-4.566550324384600068e-01 8.400573438714500352e-01 9.329410535195199472e-01
-2.955932774279199649e-01 9.370602445440000539e-01 7.778863004380399682e-01
-1.046613424828819916e+00 1.578882502670030163e+00 1.116465119261719874e+00
-1.204758821546000197e-02 1.527063053101510137e+00 1.255057083981280019e+00
-2.021296006105999937e-02 1.514190138056870083e+00 1.248763395082760130e+00
-2.402624872849800086e-01 1.541303340016199952e+00 1.248778014034269912e+00
-3.500211619352399661e-01 1.522484623221810107e+00 1.216447453057570183e+00
-2.374161555096999943e-01 1.523436088356389995e+00 1.233835731565399829e+00
-3.541474509420600159e-01 1.530340185738229941e+00 1.221796641775019676e+00
-3.548516268800199769e-01 1.528997874567800119e+00 1.224610786364949799e+00
-3.544024432787000189e-01 1.527887561945530104e+00 1.226378752642359959e+00
-3.509327515189999414e-01 1.523440050746279972e+00 1.226438867096939944e+00
3.122736933946599902e-01 1.503671554474780070e+00 1.321747157365030123e+00
-3.518178922676999942e-01 1.522040302660309985e+00 1.225668974896799934e+00
3.041732850034999935e-01 1.492133716037679969e+00 1.307092016258430078e+00
-3.511161647663599839e-01 1.521928317004479947e+00 1.229292443161900117e+00
-3.525593848448599910e-01 1.523019453673650103e+00 1.221022810869119901e+00
-1.753087724014399940e-01 1.511405779194110011e+00 1.263583626851569885e+00
3.194455849903000133e-01 1.511108521681299832e+00 1.331726789567650115e+00
3.071025496381999398e-01 1.497582745846520069e+00 1.317421515842379875e+00
-1.781740380245799837e-01 1.513906131201969929e+00 1.268365289372579863e+00
-2.728204799293200145e-01 8.404204405184401150e-01 9.534056043946600445e-01
3.130321717354199729e-01 1.491800174870270057e+00 1.312590956796960029e+00
1.898657956615399656e-01 1.516100093415829964e+00 1.328638356410980048e+00
-7.404902376666000485e-01 1.541215265913580046e+00 1.190220767172559757e+00
-3.299792826935998846e-02 1.507629149161950011e+00 1.304028037727289924e+00
-1.822924596655599860e-01 1.481364166423730033e+00 1.284293353594810227e+00
-1.080360862999379945e+00 1.508712596281579943e+00 1.233034108792409711e+00
-1.078511662233619939e+00 1.507169329435640082e+00 1.230382289352109915e+00
-9.633190522839979453e-03 1.444478095325939959e+00 1.388270602743679749e+00
-1.467046491492000893e-02 1.514770077398520209e+00 1.245404707448860115e+00
-7.662895602445198850e-01 1.570362829220660172e+00 1.231545547897080262e+00
-5.338084025914600073e-01 9.093369426000000866e-01 8.117658191703500670e-01
-5.639691737033198926e-01 8.757395646720500526e-01 8.444775448380099636e-01
7.520669379286001877e-02 8.150470728236700602e-01 9.770637827109600604e-01
-5.340148111785799623e-01 9.136466736184500892e-01 8.073389606401800700e-01
-5.789235028417800688e-01 8.540558863215500507e-01 8.768802916068000330e-01
-2.683263946172200209e-01 6.836662825740700278e-01 9.587344889754001453e-01
-5.366190294526599347e-01 9.128430354609400332e-01 8.172967043844899804e-01
-5.622242875863401323e-01 8.761698935924999709e-01 8.407540840622899081e-01
9.675926431702000508e-02 8.213399472049099925e-01 1.007810137861520072e+00
1.929359523699399892e-01 1.524650894237939980e+00 1.331213234619270214e+00
-5.424959948067600290e-01 8.656673529795400057e-01 9.162064530148399388e-01
-5.754742908610399610e-01 8.618132154225700559e-01 8.682477298326700677e-01
2.072592029775999767e-01 1.500502088130670097e+00 1.426103793856570157e+00
-5.382804177618399910e-01 9.140228206266900468e-01 8.197275285310700044e-01
-3.261568996209799898e-01 9.548719563460801307e-01 7.489032662265899809e-01
-1.861505423833000050e-01 9.356302174859399967e-01 7.672002654229699292e-01
-1.697967753242400346e-01 8.390461916876600368e-01 9.478394807686200130e-01
1.572818723090399773e-01 1.595768323691270085e+00 1.105610012276009968e+00
1.568434332119799657e-01 1.593166811526639970e+00 1.105924754090830131e+00
3.149911915377799909e-01 1.582491438208990076e+00 1.145066677748100226e+00
-1.019260163449599993e-01 1.582706657399950201e+00 1.103598535635569977e+00
1.655623243583199677e-01 1.575610001419210038e+00 1.149836033990470074e+00
1.620692401600799804e-01 1.573952360333989997e+00 1.150753238065290063e+00
1.667052613502199576e-01 1.573933843349559991e+00 1.150979893003510224e+00
1.618948361403400038e-01 1.573612935486940145e+00 1.158280371701230216e+00
-2.286667689833599693e-01 1.574039467380069945e+00 1.110507285366249874e+00
-5.588933485746399032e-01 1.572035165401770129e+00 1.061597590716110151e+00
-2.276758049900799996e-01 1.577447226001390090e+00 1.116278640138809841e+00
-2.298643306369599904e-01 1.584220234452990095e+00 1.119392999698490154e+00
-3.830024608633200711e-01 1.565767341560190262e+00 1.090556569063629855e+00
3.080011959298799562e-01 1.559228603848890060e+00 1.184916491835850128e+00
3.073805413511799811e-01 1.560202461860400014e+00 1.185495070231949999e+00
-2.852615469023599415e-01 1.561888111018310044e+00 1.136242898461790052e+00
-9.422514937060000317e-02 1.545469308285620125e+00 1.175285104313799955e+00
-9.521450678815999991e-02 1.551324570427649929e+00 1.178869342834109712e+00
-9.517292161106000181e-02 1.547385438756470055e+00 1.173452844071479984e+00
-9.487100574449999768e-02 1.550924508855390016e+00 1.175610662650000027e+00
-9.377530135594000504e-02 1.547048305718660144e+00 1.176577681745530235e+00
-9.519234157297999654e-02 1.547467704870310046e+00 1.175337050229280145e+00
4.032952861424400348e-01 1.533632581604460032e+00 1.244699420735320139e+00
1.325453941832400173e-01 1.559515817285469952e+00 1.238540238262550108e+00
1.255959313361200147e-01 1.540645611137539950e+00 1.219734794089279983e+00
1.257311578676799657e-01 1.534256574119589933e+00 1.213387396515610117e+00
-6.701315225487201044e-01 1.556609184901299958e+00 1.131857113595500230e+00
1.222930139722200049e-01 1.531693383610940096e+00 1.209429082506570108e+00
2.835553069983799968e-01 1.533838101258500064e+00 1.235327265339730030e+00
-2.656829564244999609e-01 6.287508865386800538e-01 9.563128934776300438e-01
-6.711525211820401626e-01 1.565022821466919956e+00 1.134843548144339742e+00
2.821015054258599886e-01 1.531151886679790186e+00 1.237073760031460079e+00
2.830390658773199730e-01 1.536315251111300073e+00 1.240604373543120253e+00
-6.756292163084198776e-01 1.567413993810070183e+00 1.138984908561119891e+00
-6.738973092513400598e-01 1.563671498181050001e+00 1.135719458757160183e+00
1.237276586975999959e-01 1.536124362903430018e+00 1.218006025288489891e+00
-8.338385784514199539e-01 1.555919038575299895e+00 1.121032741276749789e+00
-8.328341402493000256e-01 1.552213079200520207e+00 1.116533723765789965e+00
-8.473359216663598481e-01 1.565821712018659939e+00 1.131968333750040134e+00
-8.525195867826800278e-01 1.568433491229989984e+00 1.137057985339230193e+00
-4.987858675577200307e-01 8.285215359772599708e-01 9.515232907214399294e-01
