1.393057199426901427e-01 7.820972330405104866e-01 1.412066164479949926e+00
2.648078300543699193e-01 4.333139384708983854e-02 1.541347906380890143e+00
1.091346515229800751e-01 7.124077212790502767e-01 1.458389992484270259e+00
1.148324541353200612e-01 1.825882814970001267e-01 1.416930397816040355e+00
2.838805779127999696e-01 5.388682332424976629e-02 1.548893073687110267e+00
1.244106629225301131e-01 5.945248963065903336e-01 1.521731629869230051e+00
3.215279011978402490e-01 5.544212514249990953e-02 1.596988920400700174e+00
5.759332581217699865e-01 3.148946510814800703e-01 1.572792309879380124e+00
3.189799584668302490e-01 8.195611407117042724e-02 1.597454638571090157e+00
4.760342907487000730e-01 3.742928317823406292e-01 1.492151790624740126e+00
5.132030820667901061e-01 2.675698073712202696e-01 1.596819495213679829e+00
1.465308784968701872e-01 6.535999172210005259e-01 1.559982420111740264e+00
1.014169501282002894e-01 7.074939938115403226e-01 1.475794263198620060e+00
1.908773402916901230e-01 6.490554967882300463e-01 1.551745968514550267e+00
1.487312791082200381e-01 7.754286636453200376e-01 1.408334834112800138e+00
5.720727180201601314e-01 3.127563810693601010e-01 1.596071636920400216e+00
1.179669901447097935e-01 7.267017109921798390e-01 1.471493688867920202e+00
1.055007708524200449e-01 7.085887358571800743e-01 1.476283005465980125e+00
3.646241431338799188e-01 3.293195796646102291e-01 1.568311484984270088e+00
5.924025617249901732e-01 2.995383473911603645e-01 1.587655048902619992e+00
5.559835902637497718e-01 3.298456449716600236e-01 1.549819176427640333e+00
4.666622487616898241e-01 2.459023909653998974e-01 1.653625486898660180e+00
4.982012110192302057e-01 2.784909790292300347e-01 1.611407149697030139e+00
3.544513461113800723e-01 9.189324110283059177e-02 1.624228087262570064e+00
4.425242011834400468e-01 3.991746718032700425e-01 1.445718736545530181e+00
2.767950997022701198e-01 3.312279760823104713e-01 1.572708291424429916e+00
1.235225761857798865e-01 7.529464303804001002e-01 1.414161654675079927e+00
2.313658824724100782e-01 2.424439072935502537e-01 1.721915645847470033e+00
3.530310265406000347e-01 2.292436071552497179e-01 1.695932919425149787e+00
3.691330728266499772e-01 2.188398745988699989e-01 1.687770135389510040e+00
3.452849752658500027e-01 3.015471249804699827e-01 1.587333918900710072e+00
5.039145986972199953e-01 2.962281330411404845e-01 1.548765945029539903e+00
4.170132144618501346e-01 3.921370523030598410e-01 1.459054994290279961e+00
5.549665701314698829e-01 3.003025533630399035e-01 1.558633790774420103e+00
1.539402278380399558e-01 6.256310657077504001e-01 1.541344750765130112e+00
3.145282559512498910e-01 3.904151748656501386e-01 1.465592975612090232e+00
3.933888500283799772e-01 3.370566854526504397e-01 1.551961549071710023e+00
5.715174139193199832e-01 3.410653046137899214e-01 1.539545674414609877e+00
6.687402126829011806e-02 7.351817549112500405e-01 1.437066156863930022e+00
3.215662016788800592e-01 3.452036998575502835e-01 1.541993271862610149e+00
3.431682192414002852e-01 9.414385422362037126e-02 1.605402629733259978e+00
3.370278701140601019e-01 9.252700891067022759e-02 1.617086851508570122e+00
2.665948796887502859e-01 7.400401707268902118e-01 1.446958716140329670e+00
3.443449895623900137e-01 9.750489331178036068e-02 1.604320103232319994e+00
2.364131600714998171e-01 3.006084363718002361e-01 1.660579365120560036e+00
4.978316198197700881e-01 3.766347498580100428e-01 1.465608929149250006e+00
5.120289326616001002e-01 3.302509514134406299e-01 1.491442290761599843e+00
5.977926906869899248e-01 3.339926819326499707e-01 1.534645131436009891e+00
1.612496121735700338e-01 4.836402718370902409e-01 1.464528829862570269e+00
6.013878137034700533e-01 3.369976448346203579e-01 1.527182953509560015e+00
3.142905415461201279e-01 8.751411193163050051e-02 1.599998955599330142e+00
4.976203714688001156e-01 3.502796000314902791e-01 1.489969591163870177e+00
5.023327725788901965e-01 3.586777372566902766e-01 1.493175292831370182e+00
5.747461417767603109e-01 3.149140427406400544e-01 1.572945663788720250e+00
1.717150119741199799e-01 6.299240286329899075e-01 1.541234177256050275e+00
4.930740225859502335e-01 3.777733042501703054e-01 1.458143385019130100e+00
5.567780478519999132e-01 2.988869825711997219e-01 1.556627959053440202e+00
5.586490311400300612e-01 3.303342863868803381e-01 1.542720520326740008e+00
5.142022422374901147e-01 3.334550829680003048e-01 1.501964943424459964e+00
3.615901967374899328e-01 6.280952496545033625e-02 1.650296371160929976e+00
3.898811459243298749e-01 3.974150814466097525e-01 1.485215593790570221e+00
3.451996775625900682e-01 9.748090909356044165e-02 1.646045529227420090e+00
-7.548323788867006279e-02 6.756627953778397977e-01 1.573326435147260227e+00
4.737522742638200501e-01 2.833782284728305623e-01 1.601035501309609810e+00
4.797499760057299945e-01 2.890285519397000069e-01 1.569020231177720159e+00
4.448929655204199030e-01 3.146099670052098229e-01 1.544447513293790042e+00
4.904247201446700899e-01 3.203416334002004984e-01 1.526383895056460105e+00
4.258991777968998971e-01 3.478683390307699685e-01 1.530615143909510145e+00
1.788286152265199380e-01 5.922751260375498372e-01 1.508875152876290038e+00
4.972944755372399328e-01 3.540963234668501602e-01 1.515763828425230164e+00
9.164359066665994646e-02 7.287756461199699221e-01 1.437755013913430524e+00
5.930327408499400654e-01 3.334262282290798574e-01 1.540120774519520230e+00
5.142072890749300740e-01 2.419900243445101129e-01 1.695916635602030098e+00
5.262263477789399513e-01 2.954112462742399803e-01 1.572228835639399858e+00
5.106029994142999850e-01 2.403291623665402277e-01 1.702765625186779985e+00
3.162660545952200586e-01 2.208186921434300842e-01 1.639706327038610079e+00
2.576279513796198017e-01 7.393958773945019658e-02 1.535845554273469915e+00
3.488854128126801513e-01 3.330322279361899174e-01 1.629936091158290079e+00
4.289609609473701290e-01 2.767212496571000990e-01 1.569160070804240137e+00
5.682614710165601046e-01 3.390181862006100832e-01 1.530878713355870335e+00
4.982475385956701697e-01 1.565993316394698187e-01 1.841761832203669957e+00
2.522678948134500221e-01 7.343026403529606672e-01 1.416938821091420220e+00
-7.004399508851988365e-02 6.758641570401702214e-01 1.616300180061830183e+00
4.135688410891302791e-01 3.979513923998807545e-01 1.466063140950740085e+00
5.125773394393600135e-01 2.904098834431001475e-01 1.567269318583460080e+00
2.690731249994400276e-01 3.133728270310300879e-01 1.591735103365130133e+00
2.291205734603298794e-01 3.249950065035498437e-01 1.603341820145149921e+00
3.325693398415201507e-01 2.273945568156603425e-01 1.661629455288500035e+00
2.652318875027102063e-01 3.030049307753501786e-01 1.616979768476749957e+00
2.735279009540900752e-01 2.997323218491800834e-01 1.609991332159040223e+00
2.106744451223101500e-01 6.591290513457803701e-01 1.638302339196560098e+00
8.838647969215007727e-02 6.880286190918900591e-01 1.526731189759249929e+00
3.381104070481399937e-01 5.135604190563025639e-02 1.684972440861769893e+00
3.447510923892500578e-01 7.382378479398976623e-02 1.669727112078470022e+00
2.627635475376499663e-01 6.151152105671096049e-01 1.537039773611750038e+00
2.999699520325700419e-01 7.552160818498010464e-02 1.725950187956839965e+00
5.127106560785401612e-01 1.628130514363901327e-01 1.827212605735490047e+00
5.000518334466401704e-01 1.577632345020500981e-01 1.851920130883550009e+00
5.002239259887601985e-01 1.592416733445001231e-01 1.850854565820380326e+00
2.323974794519401144e-01 2.514359536698398401e-01 1.710119716512200405e+00
3.353632014058498534e-01 2.211882979058601428e-01 1.741121419547000393e+00
2.172839163767898985e-01 6.087441349374402844e-01 1.609946768472259926e+00
1.697724978996499878e-01 6.213024266541100626e-01 1.622478838212590091e+00
3.336844800708300696e-01 2.045952336291003704e-01 1.750864238486599778e+00
-5.975882261018994335e-02 1.060304238928104770e-01 1.692799975238690191e+00
1.055108841434502231e-01 7.503387328574000481e-01 1.410636769397060064e+00
1.368515125467402171e-01 7.386935151965599022e-01 1.425212944448360552e+00
1.479900688475799253e-01 7.760326646985100663e-01 1.402788264897530279e+00
2.661170455900898624e-01 5.192088107363046490e-02 1.565310428304349966e+00
1.727866104662398872e-01 6.129272158712602003e-01 1.512577699416740140e+00
4.051442827114299927e-01 3.483383083813098580e-01 1.509232918994150241e+00
3.951615569142801210e-01 3.250783562252199665e-01 1.544088891604459945e+00
3.927626407143800513e-01 3.292310982398103381e-01 1.550388876648230108e+00
4.112618429156700284e-01 3.931251134745596953e-01 1.464703871961380521e+00
3.414347859382900197e-01 4.410592196931200082e-01 1.434283133106379893e+00
4.801166613348100132e-01 3.552359810704204257e-01 1.498341688381159997e+00
2.242757858118198389e-01 6.362798594494198934e-01 1.590052748915899983e+00
4.833772498934898465e-01 3.724286521775101999e-01 1.509395398263110089e+00
4.775070489326500578e-01 2.955258793761299518e-01 1.577449126118330547e+00
5.294823985392098642e-01 2.926720318831701473e-01 1.557956561337050072e+00
4.820306541964398672e-01 3.788588114068403012e-01 1.475721477664280190e+00
-4.595575520239991718e-02 6.673663180630999836e-01 1.594876873712899989e+00
4.173373214983600032e-01 3.316374357622200453e-01 1.531126483037540176e+00
4.962893224266902159e-01 3.591063877248803493e-01 1.490726930349980162e+00
1.850769530717799594e-01 6.354454220209302395e-01 1.517526379824949867e+00
3.354614909876598716e-01 4.209316828169902269e-01 1.414090514230730289e+00
3.029059661860100672e-01 2.321276469545698884e-01 1.639207325724050035e+00
3.520166261103900851e-01 2.573900442132204258e-01 1.647024606758720200e+00
3.600406345193500890e-01 2.564985370557597566e-01 1.616195226811220298e+00
5.101100334996098162e-01 3.324316817368200283e-01 1.528070663829320219e+00
1.487010327954298994e-01 5.482707083219102717e-01 1.608579356468269772e+00
4.897797380647499477e-01 3.263632378489400576e-01 1.518688707416840256e+00
1.956425478335199752e-01 6.069318135223304989e-01 1.588926937712869858e+00
3.340473373478400898e-01 4.144542104149102624e-01 1.442530956692450239e+00
4.614440450092498480e-01 3.544376574744101394e-01 1.507601118814370089e+00
4.587098314445900993e-01 3.545554029620703318e-01 1.509682496337470425e+00
3.455284850402400298e-01 4.416703852031103050e-01 1.426156031220890075e+00
5.329437879796801170e-01 2.687987552345698639e-01 1.647137315001109936e+00
1.021332974758601964e-01 7.336314764431601798e-01 1.419901521952160017e+00
1.062248247255899170e-01 7.328121623422905184e-01 1.414129074865010161e+00
3.132714212621199312e-01 8.472245358328023279e-02 1.603009796911040175e+00
2.679997761812000778e-01 3.378947815094803797e-01 1.539346743816440100e+00
3.474137538474000308e-01 9.664368255276012398e-02 1.612662170554040042e+00
2.659122287600499401e-01 3.472255282501601759e-01 1.543974698809820190e+00
5.479189753348701064e-01 2.548246198867600842e-01 1.678786657553660078e+00
1.213710615925900349e-01 7.271219955737702190e-01 1.450774450024010065e+00
6.709304385080017141e-02 7.354886556257806962e-01 1.437856650082220078e+00
2.807697420489301265e-01 3.317997471873999071e-01 1.571128832786660157e+00
2.799882829341100443e-01 3.332012112149802530e-01 1.571510450746639975e+00
3.385688967638800229e-01 7.613792202337998916e-02 1.605446563202780119e+00
3.429652979812400915e-01 7.617159331148015688e-02 1.600140678902360003e+00
2.496155795115901910e-01 3.382794308018102214e-01 1.571772974994769978e+00
2.074478760060201044e-01 5.821346497390400554e-01 1.511212115105720066e+00
2.582523607568500967e-01 3.390796059456906431e-01 1.558377317526290051e+00
1.999154272615299988e-01 6.201582645747396594e-01 1.490171343418280170e+00
6.207857374434988529e-02 7.174271650187702409e-01 1.436373166894370002e+00
3.998093106903022331e-02 7.281048061656905102e-01 1.448397582668329964e+00
1.786328380920301218e-01 6.192027679418095065e-01 1.552573995469250345e+00
1.697029552847502121e-01 6.527072092536603254e-01 1.539508124320279947e+00
1.954311063535008053e-02 7.210213626594195180e-01 1.455085577432840171e+00
5.296756969419997851e-01 2.264604617583498847e-01 1.740526529811890155e+00
9.738634783470034861e-03 7.230444488485605614e-01 1.464503015940739949e+00
2.703223963452501266e-01 3.177144292291398386e-01 1.554886666338199941e+00
3.134633636623498365e-01 2.202434765886900347e-01 1.633124456874050168e+00
3.141426589719999996e-01 2.443240544688900506e-01 1.621171993291909974e+00
3.209852103115597988e-01 2.246013162940003749e-01 1.618724641298239675e+00
2.972735730652200647e-01 2.140237830350997239e-01 1.626847699051580109e+00
2.828395568139998595e-01 2.357061912410098881e-01 1.643766145864910211e+00
2.922424704724300160e-01 2.109023250083603696e-01 1.644899359729099952e+00
3.075535860096398899e-01 2.351329921534701661e-01 1.640614484890130065e+00
8.361776643149854138e-03 7.126793761711198716e-01 1.443920210350340128e+00
1.187318644134993662e-02 7.182087990310204173e-01 1.466565713803159809e+00
3.394148240201197986e-01 6.826160534313998607e-01 1.553163652268839900e+00
4.013137014605101527e-01 3.523064490327902920e-01 1.514632930820510204e+00
4.010440177716998456e-01 3.385410237772803477e-01 1.542168817715960039e+00
4.764168777128898746e-01 2.950042102654499843e-01 1.603734130343089870e+00
4.023394841936500654e-01 3.451928605182903453e-01 1.515521383009370116e+00
1.579216319884000352e-01 7.632796259642298242e-01 1.386930650813690047e+00
4.810269052414699598e-01 2.818328199226902697e-01 1.590294018553970012e+00
1.475355677328700210e-01 7.591621943256201543e-01 1.394638596421520216e+00
4.206352365197019161e-02 7.218371282601696581e-01 1.425903708344450127e+00
1.379046241590020649e-02 7.139729083442205582e-01 1.465048632610700174e+00
5.490045081469698829e-01 3.096716362999201166e-01 1.544507326577900130e+00
3.506587020565701263e-01 2.272241207203402613e-01 1.668536525718440133e+00
3.587857782107197746e-01 2.171338187575797551e-01 1.735881786972980123e+00
4.951885892474501283e-01 1.555420253980004386e-01 1.855378038768140003e+00
5.756903032163998013e-01 3.435001185243995447e-01 1.530070896898160449e+00
3.208532421641301369e-01 3.184197669796402508e-01 1.554251728068980265e+00
3.002898259995601116e-01 3.193269851882403199e-01 1.581285350037920034e+00
1.118057463628301385e-01 7.090861182819800934e-01 1.458313875018680150e+00
1.668432709236600253e-01 4.817637164383301585e-01 1.462657236302510100e+00
1.406702726283901583e-01 7.574267446185196651e-01 1.426647995720299988e+00
1.392572428600802326e-01 7.640928914714002484e-01 1.401965271319160156e+00
3.186224220428401921e-01 3.540926930547800833e-01 1.547050551845779998e+00
2.366508322797700181e-01 7.424279517503300507e-01 1.427238536085409848e+00
3.557450706762201875e-01 2.828453969250899203e-01 1.572951065562469886e+00
1.360344208508599273e-01 7.643997244275502201e-01 1.403803340745290118e+00
1.393662372846300457e-01 7.736721778462001264e-01 1.404309594517100024e+00
1.508436360835900825e-01 7.629820407500604862e-01 1.398975803916440164e+00
1.309227637943801703e-01 7.719151562901693797e-01 1.414133997586670244e+00
3.284242040962297438e-01 5.969612984865195759e-01 1.507499885243660076e+00
4.973505200518799629e-01 2.708588018673900866e-01 1.604551597786130213e+00
3.697408389231902071e-01 2.844052680972202207e-01 1.553765776968800028e+00
3.748992043607999314e-01 2.882847125736098803e-01 1.559193176586230134e+00
3.574090579282198643e-01 2.883892482087000442e-01 1.585573459797740226e+00
3.452862785317298844e-01 3.384443988688798921e-01 1.535422413278780152e+00
1.414485971921302099e-01 7.544596971593098278e-01 1.413330934421630047e+00
3.728340763351301046e-01 2.812675865050702217e-01 1.564560559623469960e+00
3.730601596421800892e-01 2.808358277612503784e-01 1.564194823523030076e+00
3.470113096037499290e-01 2.726025683971700087e-01 1.602883039210610150e+00
3.468691675016097875e-01 2.425494910056500419e-01 1.668788135215850232e+00
3.740734007538299988e-01 2.606258894008601779e-01 1.592026867955240066e+00
3.893284859708801005e-01 2.776606866545603403e-01 1.588995300296479840e+00
3.679493805764899594e-01 2.605419330662703814e-01 1.601244067906909985e+00
4.216279936841398346e-01 3.274317084690299140e-01 1.475043717494210149e+00
3.071306866206002795e-02 7.008291454805501974e-01 1.486073491675009794e+00
1.337075724926801712e-01 7.264465429904698457e-01 1.433121326169290111e+00
1.236440467021699963e-01 7.124682993510902396e-01 1.521794222146729991e+00
-6.888906673325978502e-02 -1.131626076850289930e+00 6.039300919504009713e+00
-2.731280097626600512e-01 -1.329797649302919993e+00 6.160876418885360195e+00
-2.946349769102598604e-01 -1.365798000797350031e+00 6.261599488755470233e+00
-1.696408987598898577e-01 -1.345857350143020215e+00 6.166809206306719915e+00
3.457867892569199686e-01 9.427624195958039799e-02 1.636919160130100082e+00
1.199619994979599369e-01 1.830071409420901407e-01 1.414059395779910133e+00
-1.755517055976001384e-01 -1.404114950854030042e+00 6.078253901613230425e+00
2.505739080851001610e-01 3.359517121346498048e-01 1.574737983053870138e+00
5.662533846820596573e-01 1.613306099181104347e-01 1.825501432170890226e+00
2.648544907897498746e-01 3.462818531571498770e-01 1.544872460755430055e+00
1.476102254633999689e-01 7.817626757572402330e-01 1.413691283942839938e+00
1.549655419711992721e-02 7.140811771226796001e-01 1.449578479253000207e+00
1.018622833383200366e-01 7.007944969817103686e-01 1.524189196965170190e+00
-2.022770855364499631e-01 6.390581908992201132e-01 1.599044128675520371e+00
-2.068168351998000976e-01 6.539786140961900696e-01 1.598780368923410133e+00
5.552596040499000463e-01 3.537455125313997417e-01 1.534914392558720309e+00
4.910382464428999505e-01 3.262492339907001604e-01 1.515275233959500145e+00
8.514272736111005990e-02 7.521731751559903589e-01 1.406049926533550209e+00
