-2.563229823793199968e-01 2.432594537477599794e-01 1.218898605991120210e+00
-1.380063286541299838e-01 1.831019777082900091e-01 1.443786292347130296e+00
-6.008560238820100929e-01 7.608461146315001478e-02 1.412832008516890170e+00
-8.100706473211400915e-01 1.407492564683999747e-01 1.374613762650910065e+00
-3.813695885937999908e-01 2.707915537266999406e-01 1.080748330221749987e+00
-8.660769850872600539e-01 -7.944310363371999417e-02 1.645632081463809904e+00
-5.017731988250799802e-01 -9.560096683340001122e-02 1.832665772901220125e+00
-3.413510856798699922e-01 -8.795654557318997868e-02 1.823895509433520079e+00
-1.049183369583740033e+00 -8.429089791942000198e-02 1.703093850261180098e+00
-3.920633606997100395e-01 2.263463435092299414e-01 1.095276720682660132e+00
-1.572021265879670171e+00 -6.158823511650899363e-01 2.888291916980620044e+00
-2.868151779725600092e-01 2.737059446806199836e-01 1.221761226341070206e+00
-3.460951746874199597e-01 2.715082055892199531e-01 1.097454891024659984e+00
-6.304865411453700608e-01 3.047777382055699702e-01 1.180088458356109982e+00
-2.931747483910399632e-01 2.239771808711999990e-01 1.230529273169460147e+00
-9.685178981299300549e-01 3.520167828366997653e-02 1.486016735004000333e+00
-1.392124566252599949e-01 1.809799251627199901e-01 1.447863382572020186e+00
-3.812376971688100080e-01 3.591264200358699754e-01 1.140325963205820026e+00
-8.552949708015101793e-01 1.635582327926499713e-01 1.331785795556640117e+00
-9.870585761527600477e-01 1.164629257725400130e-01 1.477030731028900146e+00
-3.302557644475500043e-01 2.553929455225099621e-01 1.129244795059540118e+00
-8.283218126847400331e-01 2.080940575729000042e-01 1.284456486563310129e+00
-5.393416201173401037e-01 3.690716973241000010e-01 1.130835301257010261e+00
-1.237104262625099982e-01 3.161275995420499973e-01 1.198977588252740256e+00
-6.918393345160099850e-01 1.676139184016700034e-01 1.344620907411820054e+00
-3.925896689187899358e-01 2.242875642629300059e-01 1.093870118323780005e+00
-7.766925822085100073e-01 -5.377190462732998888e-02 1.718314743592070037e+00
-5.274821551058199720e-01 1.945257171227799953e-01 1.282202435697050058e+00
-4.500544650944299785e-01 1.884296533370999338e-02 1.591674134163109988e+00
-6.296217418258700516e-01 3.447357146864700184e-01 1.113159713913710158e+00
-6.670111654473800389e-01 3.505114199194799829e-01 1.107787813865340087e+00
-5.598557466179400199e-01 3.946527700180400000e-01 1.083833615786869986e+00
-8.748247677590600402e-01 -4.130694979188000160e-02 1.596530423887070116e+00
-5.701607698912199984e-01 3.000108956967199592e-01 1.221890771544860366e+00
-6.273126167129500219e-01 -2.232993309658999614e-02 1.679803033215490293e+00
-1.402184012543699898e-01 1.770340363609099743e-01 1.445540413175919969e+00
-6.595579192962600645e-01 -1.111196574047199764e-01 1.837561530080810357e+00
-8.616984869791101120e-01 1.658107884417299727e-01 1.340847840795259982e+00
-6.797849968791900288e-01 1.968910785277699915e-01 1.296637543162189932e+00
-4.756821513450399941e-01 -4.663129388725996416e-02 1.725077856470070392e+00
-7.923641474322399292e-01 1.743380273119599644e-01 1.329144635426600107e+00
-8.663740619442998614e-02 3.205337988153700302e-01 1.237725448219800128e+00
-3.832930324911899556e-01 3.541869383431699436e-01 1.134769666152540157e+00
-2.886631870604299821e-01 2.735376927131099589e-01 1.227136400384210013e+00
-3.238122339738799815e-01 2.966004609245399548e-01 1.190726558266129942e+00
-4.598420320393599714e-01 1.640195153685999885e-02 1.586071130838929921e+00
-3.968656391317099130e-01 -1.066530559254299931e-01 1.858223494134469966e+00
-7.431281711433100901e-01 4.521280745529987488e-03 1.590804686762510078e+00
-6.287295460781799905e-01 3.434961498954400283e-01 1.105994146860180161e+00
-6.010367695206800809e-01 7.353279686321999298e-02 1.413391691646700421e+00
-4.844796023015199848e-01 -4.313104158733997717e-02 1.737502178780270246e+00
-3.384477157032999561e-01 3.455992912434999176e-01 1.152113459500950121e+00
-5.369606530643600273e-01 3.345149244716999481e-01 1.171526933111989965e+00
-3.173769277758100027e-01 1.840927407484899692e-01 1.235993616558400010e+00
-3.193648509662399548e-01 -1.169143016210199976e-01 1.727794563393030280e+00
-1.164753841440670179e+00 -1.722097742461100034e-01 1.850280931576940180e+00
-6.264563225690800152e-01 3.015205020572799821e-01 1.173307362134839993e+00
-5.388679188328400205e-01 3.696892992893999752e-01 1.127512052804209963e+00
-2.778363624482200200e-01 2.318231224727799744e-01 1.218278895219150115e+00
-3.408522346965799921e-01 1.167142932040200060e-01 1.389625712367500210e+00
-7.560897255215600632e-01 3.496918006648799815e-01 1.118163878804660172e+00
-6.723305955724401262e-01 3.541449464641199807e-01 1.116223194423590082e+00
-5.012592839986900195e-01 -1.021817135236099822e-01 1.853075581725020182e+00
-2.517411886401299537e-01 2.398199516667499642e-01 1.194439283239019822e+00
-7.510910280530899152e-01 3.486897061665900077e-01 1.111273496719419995e+00
-6.713035497420200004e-01 2.167668391190999966e-01 1.255665053988480162e+00
-6.778641079169001049e-01 2.008010688334199711e-01 1.284693815108129966e+00
-3.330505462274699346e-01 8.354555703718999360e-02 1.565740498942590042e+00
-8.351855269879300270e-01 2.409137519524299775e-01 1.231692297841590067e+00
-6.131014199353900240e-01 3.406251950875299195e-01 1.130724494045330042e+00
-4.117713403633799785e-01 1.501963213101800143e-01 1.411240937008140017e+00
-5.341313117746999684e-01 3.924980509109399218e-01 1.089026043649260256e+00
-3.516802507671500377e-01 -5.395354946648998895e-02 1.735119579791940314e+00
-6.362972367537299556e-01 3.879772980900499935e-01 1.079355603083120174e+00
-2.633256077702699760e-01 5.920013104546999194e-02 1.521950865158560040e+00
-7.359415333420199490e-01 1.720527074740400009e-01 1.346105071566190192e+00
-8.111970133764500046e-01 3.002830603095001105e-02 1.494807383948100199e+00
-3.125408741004400137e-01 1.816911116390200198e-01 1.214248609273440138e+00
-1.321270158817430040e+00 -3.562785709454698857e-01 2.236261994730990299e+00
-1.228085240893969976e+00 -4.879722928651500924e-01 2.840110620500530203e+00
-1.354988802509230039e+00 -5.433109979782100307e-01 3.105318433537780365e+00
-1.667105944950829866e+00 -6.777933624341699881e-01 2.829433135820040413e+00
-8.744957371978998029e-02 3.403181153031299977e-01 1.164363318265829950e+00
-6.967594942699600891e-01 1.672957195796799801e-01 1.355660546577710068e+00
-2.921492982822899709e-01 4.581861501742998111e-02 1.582502647218279934e+00
-4.074203724639400281e-01 -1.683520511121799346e-01 1.952744801819140230e+00
-9.701354407316299389e-01 -3.848200189991699549e-01 2.261250321955739828e+00
-1.267506446432739908e+00 -3.534758500563199846e-01 2.168934906638829929e+00
-1.069793372846769897e+00 -4.264546317479900317e-01 2.478579634167919821e+00
-7.026521391923700177e-01 1.977362760115700113e-01 1.318591958319360158e+00
-5.606630941829990333e-03 3.059381770340899864e-01 1.263666434716380182e+00
-8.997341714350001740e-03 2.958260348915499605e-01 1.239133823747600172e+00
-3.547816114152699818e-01 1.551453866964099815e-01 1.257380283172770286e+00
-1.083156743925300092e-01 3.417550206362900411e-01 1.175191802653980044e+00
-5.621541256186100011e-01 3.319272933759299660e-01 1.180510542742310154e+00
-3.381904045417000182e-01 1.125702850465600119e-01 1.371885727397590182e+00
-7.680519179816901465e-01 2.058304879959899636e-01 1.301383453074670182e+00
-3.299582605048099748e-01 3.101185237044299381e-01 1.216735744518609996e+00
-2.503539141702699755e-01 2.266606936675299444e-01 1.205080508226350267e+00
-4.837470880767299475e-01 3.903467905388299797e-01 1.095172111759389999e+00
-5.122094509535299878e-01 3.826536304236899944e-01 1.077983209870829961e+00
-7.795265141835201472e-01 1.639353479367599564e-01 1.355842093141420124e+00
-2.456675210541500176e-01 3.847129026802499907e-01 1.141823864322599968e+00
-8.227850261218400130e-01 2.320873241081999883e-01 1.217578378631910097e+00
-6.201855886399997020e-02 1.862585919681599700e-01 1.433457144684940010e+00
-3.768258943373499759e-01 3.587248743320499145e-01 1.135036138564100128e+00
-8.353020918431997011e-02 3.193296759176599275e-01 1.205955821947719997e+00
-6.264527616508700492e-01 1.953942913551299787e-01 1.332550317997150069e+00
2.683580024373001527e-02 3.643224094734500151e-01 1.190309918948380119e+00
-2.337712614035710068e+00 -3.824822887784299907e-01 3.280177854137220184e+00
-6.674154468821200670e-01 3.487744490041599921e-01 1.110108963982419983e+00
-5.608386872054600403e-01 3.963161940499200231e-01 1.083030536507620045e+00
-2.554367510893000293e-01 6.504012807436000687e-02 1.542673970096940295e+00
-4.328337022755099350e-01 -3.910919737537700280e-01 2.307873847877609741e+00
-2.894023474330199575e-01 2.161743740557399707e-01 1.216911226499240106e+00
-3.185225847574100211e-01 -2.343339637851299950e-01 1.675043955356220193e+00
-2.518658925463599929e-01 6.805679388628001203e-02 1.531567367785210410e+00
