7.824369019365999822e-01 -2.889186753668502305e-01 2.210661865881539789e+00
7.937490411680403479e-01 -3.826118878296003167e-01 2.413750527023289738e+00
8.998973219817603120e-01 -3.110770722067401906e-01 2.430878752915099916e+00
1.348107281656401035e-01 -4.815916744382400250e-01 3.230032053832269767e+00
9.861780761151199837e-01 1.325036898891029935e-02 2.525640136664189406e+00
9.341515554576000913e-01 2.407434689383802784e-01 1.951893530854099446e+00
9.665302890417601933e-01 -1.104573998411901847e-01 2.497953246813629846e+00
7.718308480003199801e-01 3.332932413272498007e-01 2.113298068212029701e+00
9.199525563534802775e-01 2.646532992493300096e-01 2.023652491182839519e+00
1.829993475013200754e-01 1.125538862564601228e-01 3.509383076891229969e+00
7.869058630491998496e-01 -3.765992996871903031e-01 2.412878891391569969e+00
6.237446291682002819e-01 -4.923243206406897610e-01 2.264779075936259822e+00
7.784154757764001342e-01 1.538531435388799107e-01 2.176966051046600015e+00
7.564980143882402697e-01 -1.432935611600982817e-02 2.130688691740969531e+00
8.329131636692002072e-01 -1.337864730581497241e-01 2.663571959333109973e+00
4.743114800142003151e-01 1.892008391875803497e-01 2.018089898200449817e+00
7.541076289225203677e-01 -3.414532319990999376e-01 2.256560531564289818e+00
5.473227066349599657e-01 -5.150540505815000003e-01 2.158535814907419859e+00
8.266984107652002312e-01 -2.850543128186999731e-01 2.197136713853219625e+00
9.692404828766398861e-01 -3.208117660306901708e-01 2.291380419489389642e+00
-2.655871401141998156e-01 -3.267661176850000793e-02 3.774503402183549738e+00
7.519736006035604436e-01 -3.430724362569599339e-01 2.257898556631610099e+00
6.474722782162001256e-01 -3.684758186717496109e-01 2.353081988703679350e+00
7.538998927892397450e-01 -3.333624794152003634e-01 2.277776991179089716e+00
8.588757722349200652e-01 2.709891082711999299e-01 3.105904487458589713e+00
5.391411297819599380e-01 1.479406486116701114e-01 2.087928472243419709e+00
5.423090279285200932e-01 1.501243284127002919e-01 2.087560137774309599e+00
6.403292265135596129e-01 1.141382519665601336e-01 3.510931558532529806e+00
8.194154211953998956e-01 -3.175189230779096317e-01 2.262317609674399765e+00
1.296719115672801959e-01 3.034507794202296882e-01 1.802434251563829859e+00
7.128399876612001584e-02 3.023454617539595990e-01 1.851816347987949474e+00
-3.687831860495600633e-01 -1.693454055210599218e-01 1.698915326876609955e+00
-6.365228118691979020e-02 -1.366606991503400703e-01 1.753254322365269680e+00
8.611518694350797087e-01 1.548775569537998997e-01 3.092580646108569642e+00
9.092250263914805064e-01 -3.340515693321701729e-01 2.274236430666679798e+00
5.425685909389199590e-01 -5.178909313387400903e-01 2.158923976876209849e+00
6.171728426483602536e-01 2.165357046210698577e-01 1.998136687056059735e+00
6.212051872755603998e-01 -4.796251283257699782e-01 2.239339268427159801e+00
6.312593111398798751e-01 -5.114427654921400723e-01 2.263937713436029675e+00
7.828277423930798395e-01 -4.434072977074303701e-01 2.528291537160860081e+00
8.616309281950000898e-01 -2.616938071708996283e-01 2.177117648212330003e+00
7.544919315480804745e-01 8.758736196999983292e-02 2.178186787744839759e+00
2.228525115266803969e-01 2.319482007943698409e-01 2.042587519576639643e+00
6.248181345262400210e-01 -4.776075379723601078e-01 2.274138584643499605e+00
8.954702209334401974e-01 -3.379434183056100327e-01 2.291332645743649810e+00
6.277011070460003506e-01 -4.867978236693599747e-01 2.267807540881499939e+00
6.206703439571998882e-01 -4.804185382804799787e-01 2.273761745741919693e+00
2.019124655685999858e-01 2.376676247239493112e-01 2.044584987296939715e+00
1.319302137184803492e-01 3.042890951509098496e-01 1.797446751422629774e+00
7.255114166214398086e-01 -1.681200275588201620e-01 2.071168649813639462e+00
8.689803501552002540e-01 1.320124813914802520e-01 3.108860963621699725e+00
9.219717866138001927e-01 -2.985643217681002159e-01 2.224973601241489796e+00
8.132679768362798267e-01 2.227507764722902461e-01 3.044957064392439516e+00
6.803397263628399028e-01 -2.222705813398400121e-01 2.160329217737289920e+00
6.867734175845601197e-01 -2.213094298369100432e-01 2.152834724486429874e+00
8.637292637155999930e-01 1.585726772114199878e-01 3.087432377604459877e+00
7.525059829202798145e-01 -3.335205299314500937e-01 2.277146319695559917e+00
8.510632822326400504e-01 2.059735195592000689e-01 3.046366548085440051e+00
4.996251219467200411e-01 -3.620440134508697838e-01 1.987967432741309715e+00
5.362008544143199718e-01 1.157580517230798467e-01 2.158519958861159438e+00
7.215879947554000307e-01 -1.656305289295498806e-01 2.074243934963499569e+00
8.308023607392398535e-01 3.130993723839197163e-01 3.008740720707350214e+00
5.688293908977197777e-01 1.630755625524695773e-01 2.044123934319079794e+00
5.331265927615607136e-01 1.491566064269400638e-01 2.093017658491889588e+00
8.070597747032002278e-01 -3.861369493919997176e-02 2.101895100141539796e+00
9.857465123585205102e-01 8.985138773410339397e-03 2.522452702479539788e+00
6.856796524171600016e-01 -2.220419151578802985e-01 2.154289224445509632e+00
8.331518263003978575e-02 1.867118756847496730e-01 2.071222061190879593e+00
6.818542382912002875e-01 -2.219686600256602915e-01 2.157369420481539901e+00
7.985942092096400824e-01 -2.001745137818902176e-01 2.117699015385179795e+00
-5.885551368235963920e-02 1.895757357491201223e-01 1.918311004673669551e+00
-3.745390459303976627e-02 1.807455510750302086e-01 1.907683913036649637e+00
7.276146257961595420e-01 -3.544072207699999755e-01 2.415110897491999697e+00
5.897470413614402940e-01 7.158439374096992047e-02 2.133902085699509676e+00
6.302918668167596383e-01 2.199402309691897983e-01 2.006625809792399906e+00
1.025976387149920344e+00 -2.088526388082201368e-01 2.312118857896200197e+00
7.709355991217601289e-01 -4.446603559077597634e-01 2.541602178534439815e+00
3.449684252284803687e-01 2.317226562332996842e-01 1.999256756944659763e+00
9.192605030227201102e-01 -2.907444068480999899e-01 2.232398248354139803e+00
9.110852706665999445e-01 -2.898916328474701043e-01 2.236621741102899463e+00
6.961715911398005385e-01 -2.256694005727197805e-01 2.148204361694409759e+00
9.703400924308402953e-01 -3.185207103617901936e-01 2.288213820642719831e+00
6.116919624586401039e-01 -3.206051927363797738e-01 2.285180208029799598e+00
5.683281244278799438e-01 1.670502283186698911e-01 2.035322021242340185e+00
7.174375663099603617e-01 2.668364950164980876e-02 2.154446488360699963e+00
5.376282365001199270e-01 1.851558396888399738e-01 1.989338547678009661e+00
5.154510195246000404e-01 1.613273936872798853e-01 2.098423002210009436e+00
7.514632054402803352e-01 1.345971402290799812e-01 2.221287309407330213e+00
9.671251790412405125e-01 -3.124076301495801733e-01 2.284095431934389353e+00
5.852579501822001706e-01 -2.484363592810001631e-01 2.217394014847609895e+00
6.613653610628802415e-01 -4.795369370615698568e-01 2.575410125385389826e+00
7.851786491764396470e-01 2.480199539925000973e-01 2.150181942435489546e+00
6.577296695462002685e-01 -4.078748066774300352e-01 2.318926156332099531e+00
6.049043373596802997e-01 2.316585296939694949e-01 2.013759201310429958e+00
8.377029865968801392e-01 -8.210271310796013466e-02 2.695500290185879777e+00
7.265866722001599332e-01 -1.427170970213904599e-01 2.087738523964189685e+00
8.150829073372400924e-01 1.557147543433703429e-01 2.136257402431999797e+00
-1.269281044275600845e-01 2.108360847948997918e-01 1.927586174362729832e+00
7.618823125010798503e-01 -2.507900930346098622e-01 2.159774331663159685e+00
-5.093307924525998232e-01 3.640767749287203703e-01 1.853994041103649737e+00
-5.001609121503598487e-01 2.489838331056801746e-01 1.877636294188029797e+00
-3.390382373254798853e-01 -7.830473570246900827e-01 3.409987327000419732e+00
-3.466694921045598843e-01 -7.815225389251400090e-01 3.412386540479839692e+00
9.567538187302802033e-01 -2.308238253524097505e-01 2.406181167205279525e+00
-2.744449070142398472e-01 -7.825583323361899879e-01 3.355200644590129677e+00
9.596390694484802086e-01 -2.775876568717696724e-01 2.362670350045949608e+00
7.654494313477602230e-01 -3.572181465658199606e-01 2.312325249582959596e+00
4.300218852417996285e-01 2.135452124443799615e-01 1.978082422251069783e+00
2.727969955748001940e-01 -3.879531123585098218e-01 2.183149315453629669e+00
5.480575708957202696e-01 -3.148925107908697729e-01 2.313289625883260037e+00
5.490028518360803300e-01 -3.142102519028298069e-01 2.313530955726989635e+00
8.729738196175198528e-01 1.466933442143401045e-01 3.069541265246579886e+00
8.535035235513197538e-01 1.734718787229598824e-01 3.019652665125970081e+00
5.565651025569600119e-01 -3.163888907153500352e-01 2.318137380125069757e+00
8.105160056086402331e-01 2.122118358193401111e-01 3.014265637073399340e+00
7.947251662254399829e-01 2.032445102033701989e-01 2.984036437221409876e+00
6.129122089208016710e-02 3.068773897216103830e-01 1.853788237813549511e+00
-2.941230472193598899e-01 -1.976295159419902969e-01 1.697135219441949783e+00
8.922673124104398834e-01 -3.339647961098199946e-01 2.293214777419829709e+00
8.385715887749205510e-01 -3.431279860857598951e-01 2.303182033708069731e+00
1.001290111420640061e+00 -2.822118597923901628e-01 2.255001830186229572e+00
5.412862598948404713e-01 -5.160558829197403607e-01 2.159966401165809735e+00
8.087221968906004310e-01 -2.781521899060301894e-01 2.170270219243359833e+00
6.454702486474401812e-01 6.383835382124705138e-01 1.908174876279749910e+00
5.481058164023597801e-01 1.752082612882799317e-01 2.064406534667029725e+00
9.104082046334001088e-01 -2.107668618003395444e-01 2.446860193699609720e+00
8.045200475169200782e-01 1.775205871525900037e-01 2.008643521112679853e+00
7.117705228044799437e-01 -3.090282886668000994e-01 2.237896361636699805e+00
9.798575613858002686e-01 -3.233913945948201363e-01 2.288450049933330011e+00
9.614025989298002894e-01 -3.198394184927002559e-01 2.303858113434169574e+00
6.301265815133201276e-01 -6.542658673999401930e-01 2.488254247144369824e+00
7.447242842531600626e-01 1.007696244246600870e-01 2.192164191652289595e+00
-1.418572391865597915e-01 -6.927295605995009709e-02 1.759699893179809571e+00
9.527219566479601109e-01 -3.473014568194601193e-01 2.324046403788229576e+00
7.948016331842804316e-01 -3.440252049877601248e-01 2.312179806409269567e+00
7.873676544388803489e-01 -2.897571171880297669e-01 2.210411825706029454e+00
-2.201224514145598832e-01 -5.253209925792401425e-01 3.410089716019099715e+00
-1.322007204971997751e-01 -5.288584703832102107e-01 3.332982387544629610e+00
6.267605245783200996e-01 -4.765829996243204913e-01 2.238063003486639779e+00
6.224498378101197549e-01 -4.788846499396102185e-01 2.238021582552759625e+00
9.409199213940004913e-01 -2.685410701381802934e-01 2.425732661877079810e+00
6.945192833921998155e-01 -6.908999141540301814e-01 2.386965776850839660e+00
8.242446819449600337e-01 1.386165317872496416e-01 2.903173380142509696e+00
8.966563601019201801e-01 1.094069471181700060e-01 3.054392660617949673e+00
9.679876968508802637e-01 -3.879562815566983680e-02 2.514917235353590019e+00
9.237180030286398225e-01 2.623080824808001754e-01 2.022730206260039854e+00
5.552957481538001172e-01 4.239860633207026552e-02 2.098138283254519898e+00
3.246763320827998900e-01 2.379443698971099863e-01 2.006553529833770000e+00
1.707487423109601554e-01 3.481473834900901121e-01 1.833513424467329678e+00
7.555270702975203090e-01 -2.467260507150199622e-01 2.167131078933199895e+00
8.014136305816401684e-01 3.164350169848995087e-02 3.146798320023600049e+00
8.376612943472003803e-01 7.265665713059865638e-03 3.085606743147280007e+00
8.617012869519597995e-01 -3.068977756122599487e-01 2.237854770018529837e+00
7.770088182796401899e-01 -1.910485648731201636e-01 2.130394538247789793e+00
7.826295943784804532e-01 -1.924616823288498590e-01 2.162120041745149823e+00
7.166955690347600605e-01 -3.128553447678099619e-01 2.235833792954099675e+00
6.354898025893602753e-01 -4.866583222402003361e-01 2.264772641783860063e+00
7.881047809047203589e-01 1.766192870979601537e-01 2.154363542786379426e+00
8.820987836672802285e-01 8.002481190642041220e-02 3.034547292348739767e+00
3.591271279302399311e-01 1.652089833070198299e-01 2.135847892275219984e+00
2.580400707250800618e-01 3.048383523918400950e-01 1.846646889269569769e+00
8.665669026974802680e-01 1.437670694573500718e-01 3.093416457085139903e+00
8.577658218116799294e-01 1.875543823860197357e-01 3.023526154075219630e+00
8.394887967050002064e-01 -3.447160708492500447e-01 2.300829135231399647e+00
8.588048080664403283e-01 -2.625047523143002604e-01 2.179954289310150006e+00
8.506929355360799416e-01 -2.618328526549202895e-01 2.191073743717179667e+00
7.131238557063601657e-01 -3.101875524637101034e-01 2.235430685448559718e+00
1.181780568229602313e-01 -4.735173830141599094e-01 3.225290236169919833e+00
-5.130847885175997547e-01 2.532926623313602743e-01 1.881132386987819594e+00
8.897923218783601040e-01 -3.102817087502602877e-01 2.280927008209869378e+00
8.569354728145601729e-01 -2.585458517897698538e-01 2.180414856386909683e+00
5.801278970814400804e-01 -5.142907293598304452e-01 2.261735575797069853e+00
8.248159059634401213e-01 -1.257852085101298645e-01 2.671006404726169681e+00
5.752116102884399229e-01 -2.440121998910598222e-01 2.215446390473809757e+00
5.891944918923204266e-01 -2.510362157859598042e-01 2.213816867795479482e+00
8.246518389955996842e-01 -1.483849899235900605e-01 2.664756887886709613e+00
6.490740710741202957e-01 2.637201769462982348e-02 2.168053647334939882e+00
6.269993841700001180e-01 -3.291032947207501724e-01 2.281308184735929778e+00
7.972074161906801404e-01 1.372987821589999324e-01 2.158302541765529714e+00
7.585887863639599882e-01 -2.669218902882499744e-01 2.194839175351279703e+00
8.550707261542800364e-01 -2.848627818444602333e-01 2.193095664689490132e+00
6.701872129827204372e-01 8.962038828343987795e-02 2.026849640156659582e+00
9.314856904282799999e-01 -2.608444561584299937e-01 2.431474973067779821e+00
5.040310137887600295e-01 2.459249386421402672e-01 1.908342354254970008e+00
7.207671868035998575e-01 -3.114852934181302491e-01 2.233837716701029930e+00
5.831364662046800706e-01 9.527194303990982327e-02 2.141285157592879962e+00
6.590303332378397716e-01 -6.544184444647900278e-01 2.469878482770969441e+00
8.682381730375599016e-01 2.002925099047703217e-01 3.006092075519859463e+00
8.568773706080003993e-01 3.598025658809198557e-01 3.086190948041299897e+00
5.287006662623199293e-01 -4.903785397440101335e-01 2.169649683133709761e+00
5.420544088549201778e-01 -5.179627214116200307e-01 2.156960277819989891e+00
7.552513940908012202e-02 1.907213030375298768e-01 2.080104831178180014e+00
6.726547878663604596e-01 -2.951032708757399536e-01 2.220739964439429670e+00
-7.671155620027980682e-02 2.429152431082897134e-01 1.999638379038759739e+00
-3.018162983435197511e-01 -1.683359838033402500e-01 1.837706020310379884e+00
7.467457133349999499e-01 9.353754697071003932e-02 2.201532592823260082e+00
5.754495053535599869e-01 -8.155732846307994777e-02 2.073073374690109993e+00
8.075231452687601230e-01 -3.142145847727702002e-01 2.274006747911720083e+00
5.173094902550399166e-01 2.370095128682001562e-01 1.955459301203419820e+00
7.716213915728797890e-01 2.093106815135798993e-01 2.023739387696499747e+00
8.445892085441599750e-01 -2.829656218510503418e-01 2.199805919290349632e+00
4.125088140730401864e-01 2.886206727625404422e-01 1.959487645531779787e+00
2.538134039145603094e-01 -3.854406844644602259e-01 2.190820290229619882e+00
7.053483574746002294e-01 -1.937296727517601180e-01 2.096048038808489444e+00
5.919061958684401770e-01 -8.786965214049002881e-02 2.062834723672019699e+00
7.796225033117598624e-01 -4.100202432690001064e-01 2.215060052021619708e+00
6.925899375260000657e-01 -4.836469234788198790e-01 2.551054212402459775e+00
8.528061539789602019e-01 -1.415254110112300623e-01 2.637774537946770081e+00
5.628463892686397241e-01 2.381177017529896300e-01 1.970202579749969818e+00
6.067927902194398815e-01 6.034675163363978356e-02 2.126642875694879642e+00
5.967179151846397911e-01 5.307443127775979264e-02 2.189931545783599720e+00
6.448295287607599402e-01 -4.046674416893101256e-01 2.329912288517059782e+00
4.816170819386400570e-01 2.321136725415600122e-01 1.960297987250060103e+00
8.221925656172401897e-01 -2.309895217250101940e-01 2.181824603687199549e+00
8.957932899165996776e-01 -2.725406505328700213e-01 2.227838734965339906e+00
8.286444936197197020e-01 1.381370374417900670e-01 2.897561814977019701e+00
7.882104825818003757e-01 -2.084038881487400019e-01 2.126619934746569740e+00
8.151711603079203616e-01 2.089146970978301709e-01 3.005864635598109569e+00
7.572605357204398313e-01 2.920398310321796753e-01 2.349425537757289906e+00
5.597690229410401397e-01 -7.159896967099999010e-02 2.074487559532759651e+00
6.041440294082403017e-01 -4.780044871547202145e-01 2.260885443894100177e+00
-3.929933928717197489e-01 3.301454322763601734e-01 1.858003881223949660e+00
5.659961088547598163e-01 2.330645112702101063e-01 1.971474318383819480e+00
3.215120908627200347e-01 2.726163575199096467e-01 1.893948481117329941e+00
-2.163519759419996191e-02 2.513738418298900879e-01 1.947978655124879666e+00
5.388937991584403786e-01 -3.191969481435399381e-01 2.303532864641849809e+00
1.012585841306320011e+00 -2.038130782695002363e-01 2.323607750669919980e+00
8.135865796854402365e-01 1.822262970524701764e-01 2.006225614477509911e+00
5.967202602200798456e-01 -3.391733885020702388e-01 2.258494718267549661e+00
-2.593283194461839969e+00 -1.127107176917970133e+00 5.597501082772229353e+00
5.850320596365203851e-01 3.803162233767998224e-02 2.088260666958889900e+00
5.161883348138001093e-01 2.153526931835498814e-01 1.985484031408679906e+00
9.425610391128003140e-01 -8.984904749813993341e-02 2.518951821946419756e+00
4.773106310397203789e-01 -3.585108083334997975e-01 1.995008832569650004e+00
-2.110199914725759740e+00 -1.488692619556240437e+00 6.422216286522459683e+00
6.278078803850799527e-01 -5.135482686770198590e-01 2.270757623236709932e+00
-2.127556563272360091e+00 -1.426426213718180236e+00 6.373830750529409173e+00
-1.907305725446480027e+00 -1.369852367287039963e+00 6.116547692053579510e+00
-2.033500858376640075e+00 -1.420338107612460155e+00 6.196141555602059370e+00
-2.386767734212799752e+00 -1.548773274890960172e+00 6.730488961829359518e+00
-1.964034853534919911e+00 -1.389774118670429992e+00 6.205354464589139418e+00
