9.532866730863300830e-01 7.105374555747601129e-01 1.724659676683460097e+00
5.943253643508299433e-01 7.255393428063001693e-01 1.585913132246739909e+00
7.317848785683200852e-01 6.600386136219196231e-01 1.823872192333390041e+00
5.284322726961800942e-01 7.403009244375198250e-01 1.644324088726110134e+00
9.750989394680398270e-01 7.182651907155999105e-01 1.709724512895590243e+00
9.682694091982098072e-01 7.434737494479399800e-01 1.690339723274020267e+00
1.051054036517290236e+00 6.484455856042501409e-01 1.815858466835630125e+00
6.017624183733798482e-01 6.547515840608499893e-01 1.818661070757050080e+00
4.422941503367097127e-01 6.245062544332697918e-01 1.765431818272280129e+00
7.576936001527998510e-01 6.316880676583798149e-01 1.857598994798800307e+00
7.168212547372401211e-01 6.196360419133100095e-01 1.865987482426010091e+00
9.419026232818499267e-01 7.380891209434898848e-01 1.665697185195200047e+00
8.452536624230801987e-01 7.058277499975904590e-01 1.709250388376050145e+00
7.873055342748500607e-01 7.219884350241598803e-01 1.674681065595120089e+00
9.940157131328200002e-01 7.189007914943599253e-01 1.738586904453130133e+00
9.255099429173601067e-01 7.444279603787000710e-01 1.651781875894180018e+00
1.079603273739159874e+00 6.863324906201797582e-01 1.776411430850960205e+00
1.038259913087889785e+00 7.171646664146598127e-01 1.739111629326700381e+00
9.845997654077702776e-01 7.336711440380598859e-01 1.702194318881599999e+00
7.466747424043100878e-01 6.308023203108401589e-01 1.869087399571130126e+00
9.288191300912900239e-01 6.835778640759899716e-01 1.747968671342340130e+00
7.723509902537699645e-01 7.232758624621400401e-01 1.662454626702880134e+00
7.736286914809999971e-01 7.240668995340602265e-01 1.655969645332709961e+00
4.437467724316599416e-01 6.086180887993397626e-01 1.731367404581680258e+00
-2.764657536652004310e-02 5.945219250774700370e-01 1.677614023078400241e+00
-2.379264324436003442e-02 5.948896764646698365e-01 1.675456362926140086e+00
8.460936188426098070e-01 6.262548085390697850e-01 1.916592393273709893e+00
8.405738511310600902e-01 6.290064885208099810e-01 1.878823208804160316e+00
5.422522920763901411e-01 7.270058077351500003e-01 1.638055165427370063e+00
4.964045117730200296e-01 6.619058074896599919e-01 1.704845689693430089e+00
4.318494834113799641e-01 6.412648049117701810e-01 1.778992601516100169e+00
2.179212577909801496e-01 6.612096860267100418e-01 1.734488851105590257e+00
1.040883377587530134e+00 6.653323200266396675e-01 1.791139153706560183e+00
8.346280275461299691e-01 6.302563144685500163e-01 1.921712062049990122e+00
9.701161571091598823e-01 7.509622169081300314e-01 1.706613771273000069e+00
1.017942908289199977e+00 7.808128202343995738e-01 1.656745833252390110e+00
1.021579134027720048e+00 1.660843444164901150e-01 1.791144495834010142e+00
1.111802983626890118e+00 5.421655774174096720e-01 1.916410183223430153e+00
1.073013053187540145e+00 6.971565263090795384e-01 1.756945701851250208e+00
1.088431602717479851e+00 6.715330628539599722e-01 1.790763249585580308e+00
1.144732232006949957e+00 4.161602636724099913e-01 1.819449600643340270e+00
1.039053334676039775e+00 6.992301029956098368e-01 1.739911065019020153e+00
1.107922589385269774e+00 7.071968154465402279e-01 1.771544924870900095e+00
9.588755776095099215e-01 7.550992372268598984e-01 1.762569260667470328e+00
1.089297631803720190e+00 6.783861255196499407e-01 1.769391263009810089e+00
1.021749990100960126e+00 7.121614862679601643e-01 1.732573709962209829e+00
1.090379811198140203e+00 5.465023880187995786e-01 1.886181424604920220e+00
8.627218038938999634e-01 6.193270462061000181e-01 1.907474594802500256e+00
1.045694693897639915e+00 7.146316385729196696e-01 1.730539668515679974e+00
1.250666328753800016e+00 3.428492330144798927e-01 1.832774472750789974e+00
9.036880333898200668e-01 7.346826908013599500e-01 1.661494252258400195e+00
1.015065655900979635e+00 6.860584116073402683e-01 1.766737271702920165e+00
1.028810381672840002e+00 6.814553433530301518e-01 1.773773923724330182e+00
1.102684531912530019e+00 5.682275514810704031e-01 1.893877057128889874e+00
9.781447333788602094e-01 7.265609012811795608e-01 1.707313707492190247e+00
9.249453595131900130e-01 7.036035076415401157e-01 1.716006188814000133e+00
9.773786409458300461e-01 7.368682354380298172e-01 1.686863987553880229e+00
9.752122484031100491e-01 7.371185747045299053e-01 1.687027498806899839e+00
8.068577522077400310e-01 8.129750814601797160e-01 1.622759753295260232e+00
1.125663180192379986e+00 5.318722827029498390e-01 1.870313423737360203e+00
1.039076378636389908e+00 7.185350631473497174e-01 1.734581144076980053e+00
1.065967651084589907e+00 6.619739230719199341e-01 1.811522072562970376e+00
1.122890017783800154e+00 5.509994907278699117e-01 1.871581144206220237e+00
1.011903112263509819e+00 6.561086232656796469e-01 1.782202957452090120e+00
9.557873398184399960e-01 6.615265424060501331e-01 1.798154393292660025e+00
9.720354089032401390e-01 6.764972861523501635e-01 1.783042847886420201e+00
9.957168298668701567e-01 6.615987334719801716e-01 1.766791189350210178e+00
9.834623709034397976e-01 7.380466433018399997e-01 1.699425948369570172e+00
9.278307246599499791e-01 6.753554050123797836e-01 1.746936353407849918e+00
9.927761809704098717e-01 7.084588349299898447e-01 1.734293736628290228e+00
9.319993463270699330e-01 6.750103902424902103e-01 1.759966327228350336e+00
8.381657680936100974e-01 8.135981953814099832e-01 1.694716566924060031e+00
9.387964499703200794e-01 6.657101052291998222e-01 1.768117776250800244e+00
9.177348669682299231e-01 6.707924366580702014e-01 1.753561096092250082e+00
9.315100921186001415e-01 6.711235102993398094e-01 1.765869038126130164e+00
9.358700823512600131e-01 6.686642060549199407e-01 1.765558604100320172e+00
9.197111072640198337e-01 6.681217834001498268e-01 1.748955457904850297e+00
9.054977603631400029e-01 7.392611516151403883e-01 1.675743366503850140e+00
1.024445041976290049e+00 7.239765754715796753e-01 1.729206001704550300e+00
1.022881568034499811e+00 6.543463058349399120e-01 1.802637473201440299e+00
1.053477959191460034e+00 6.418278726361399400e-01 1.846866189350920173e+00
1.132965637861990338e+00 5.413399158405800549e-01 1.868426329248460194e+00
9.803928623328999059e-01 6.546792513077699383e-01 1.782176472297020142e+00
1.056046688900409869e+00 6.440611583890700764e-01 1.808230196604530216e+00
9.142521062428801137e-01 7.086188251956100359e-01 1.701262514005879911e+00
8.921163989116198678e-01 7.176581012332903242e-01 1.716429637978230005e+00
1.048918862116160255e+00 6.754470129133998135e-01 1.782732506393510219e+00
1.020926878099690072e+00 6.927593046214397532e-01 1.756355714451100170e+00
1.047330789142660201e+00 5.446062209972994950e-01 1.913938655871129990e+00
9.509097803827799567e-01 7.091017677354498616e-01 1.699397329659170230e+00
1.018516280160159937e+00 6.607059576399301193e-01 1.821575457734820214e+00
9.288425819577699194e-01 7.279511631282598039e-01 1.679032763373640158e+00
9.577416081205099019e-01 6.978884251934500682e-01 1.757460912113840035e+00
9.559873287750297877e-01 7.028419759662503097e-01 1.731275970962939947e+00
9.507607346435800189e-01 7.125613886618400450e-01 1.703088967014930288e+00
9.662662903512098111e-01 6.937991784930499506e-01 1.730910657017710186e+00
9.572192519535098754e-01 7.008364898602401638e-01 1.729960088267660234e+00
1.021473204627460163e+00 6.574818130131601102e-01 1.801188080013160109e+00
9.077880039858201577e-01 7.251198785815899939e-01 1.700586436316410266e+00
1.032207142105519893e+00 1.675556340534398725e-01 1.782064686765400197e+00
9.731942497074701492e-01 6.756614882410501011e-01 1.781966043207030115e+00
9.259277802653600453e-01 7.038539459010495491e-01 1.715395956376270181e+00
8.947940893114001426e-01 7.251236626012396158e-01 1.676098156024110164e+00
9.272891649314400908e-01 7.025911387903600591e-01 1.714806577315170166e+00
9.282045469486202016e-01 7.020326317186702525e-01 1.715029163031450032e+00
9.614760575788801056e-01 6.777207886814400339e-01 1.767541736003820141e+00
9.365460808339198806e-01 6.866760041549997418e-01 1.751074059340820277e+00
1.048603555514500130e+00 6.463473507879200497e-01 1.854156042126550163e+00
8.943473470623199972e-01 7.254828813563900525e-01 1.674580178849579992e+00
8.630547895707700867e-01 7.312207633415299668e-01 1.709635106092270096e+00
9.483262774073799584e-01 6.712188256813100828e-01 1.762250079543840275e+00
9.228433219099900775e-01 6.918552867682103980e-01 1.743877192046340063e+00
9.300786993332299524e-01 6.861780978339897530e-01 1.735254403239689935e+00
8.640263262161300695e-01 7.227632581557501545e-01 1.673709078171900178e+00
1.186313662758100129e+00 5.865485686404898757e-01 1.985958150697230140e+00
1.006608255435279986e+00 7.168579758517199529e-01 1.708502519991009994e+00
1.231820940883559867e+00 3.163537398559497227e-01 1.872718574865380292e+00
9.985747417335599785e-01 7.241992335572899897e-01 1.697621149005120289e+00
1.025251856880259993e+00 6.880830941679501045e-01 1.752765678003320060e+00
1.042143407500519814e+00 6.903656401445097401e-01 1.762613340759750180e+00
1.086159663714409973e+00 5.252181704644303117e-01 1.879328050853280141e+00
9.670889334038701435e-01 7.437858166598099174e-01 1.706385615108660048e+00
9.861965474864398118e-01 6.737506162792801234e-01 1.791349785459789956e+00
9.234945502655298455e-01 6.902491614450698698e-01 1.744212073298690324e+00
9.245858604186700802e-01 6.921676180140998724e-01 1.734034332581080307e+00
9.371030567331999350e-01 6.759431111544400572e-01 1.687118765242290097e+00
8.773335343067401038e-01 7.084047717448602732e-01 1.710770733507160246e+00
9.222063276901399931e-01 6.769880878746898922e-01 1.750673889372770020e+00
8.624433819835100046e-01 7.232837904484799019e-01 1.676379712311940162e+00
9.334069371454001285e-01 6.658390673019103367e-01 1.775243622215469941e+00
9.182241409432601031e-01 6.705598355536501742e-01 1.771096925457020133e+00
8.448329419399400741e-01 7.248195219502497899e-01 1.706469438323150012e+00
9.206894037811599318e-01 6.738746039473602067e-01 1.780739618465330132e+00
8.843306584662600223e-01 6.909298831019698994e-01 1.787738891928089879e+00
8.087082131595901835e-01 7.396958068786698703e-01 1.686643609083490425e+00
8.417705133333401868e-01 7.203200490704002590e-01 1.781970291860380140e+00
8.577216369904201443e-01 7.007522327130297768e-01 1.716157978816479801e+00
7.873700739739097898e-01 7.488849389976897086e-01 1.623353621548450310e+00
8.369652640124498610e-01 7.214613293610097067e-01 1.692338378208590122e+00
1.122623997425650000e+00 5.744555106422799540e-01 1.986774387654640206e+00
8.888761469202299814e-01 6.819668638301901176e-01 1.749341364345060157e+00
8.809650462807601112e-01 6.853261212409398340e-01 1.755402085100620013e+00
8.555924231024498727e-01 6.984287373758499839e-01 1.720308432972830204e+00
1.060940126577969878e+00 4.140875847634799545e-01 1.879123756606720042e+00
7.851262427526801702e-01 7.408029306681100934e-01 1.662357332469490023e+00
8.057098269938101076e-01 7.325198133192598604e-01 1.672603982989740334e+00
9.280128816764099398e-01 6.569744490101698808e-01 1.728526818463800074e+00
7.917780869910902020e-01 7.393292919414200526e-01 1.676573179824179860e+00
7.654947087756700519e-01 7.477209832649700516e-01 1.640094056063340133e+00
7.811258017255600095e-01 7.441552612202801953e-01 1.664224088178820171e+00
8.524656293326400291e-01 6.981765050022397112e-01 1.695511869980790287e+00
8.095332849221001936e-01 7.103514721764399020e-01 1.768947331717050098e+00
8.365251183320501216e-01 7.008312808095800150e-01 1.703981312527520053e+00
8.493554538661300946e-01 6.944202834635198052e-01 1.726246985170030168e+00
8.364139463265898300e-01 6.987876542131097324e-01 1.714314070169820070e+00
7.896081140662400966e-01 7.237372272782898186e-01 1.670083632577160415e+00
8.057943908178697434e-01 7.081560853748700701e-01 1.691279239802450096e+00
8.323986681072801375e-01 6.928705909691301734e-01 1.745137850320200190e+00
8.513400572295100055e-01 6.866351424051102548e-01 1.713981379566850149e+00
7.610177704805101140e-01 7.219825904191101706e-01 1.653049552284540091e+00
7.966224305378801773e-01 7.091283346596197745e-01 1.671694455355900111e+00
1.011396458977370294e+00 6.563369608131299771e-01 1.790454724565520239e+00
7.857539767989201174e-01 6.621584319611701908e-01 1.815580737305970027e+00
1.011355882337610090e+00 7.097590521446099920e-01 1.729147558434720455e+00
9.828791337641300530e-01 6.563899818335698910e-01 1.782070315965150309e+00
1.093202677146019930e+00 6.899791717581900130e-01 1.792897286682240132e+00
9.945277753283598976e-01 7.306184497895302776e-01 1.693990115412710162e+00
1.110747565493949818e+00 5.500718610544597098e-01 1.897741592003350020e+00
1.071518387779770265e+00 6.805650810257701799e-01 1.762015484169459967e+00
1.111976745021269863e+00 5.501692862153699792e-01 1.899231567588420155e+00
9.947240205219700648e-01 6.798004767233196688e-01 1.748382374562120090e+00
9.401748304440400439e-01 6.670782959889303143e-01 1.793476958996870430e+00
9.674701901692701611e-01 6.434960623374097466e-01 1.822153554720470137e+00
9.631993516855796855e-01 6.468452646623497060e-01 1.827129592129710156e+00
1.119872292371639766e+00 5.712426190429900075e-01 1.979413729474080119e+00
9.113503800138600397e-01 6.753229163507299404e-01 1.747823423743150251e+00
8.217933558824799256e-01 7.636283545986799481e-01 1.606948733032200316e+00
8.540155528178798860e-01 7.203586431045199134e-01 1.693234702136670045e+00
9.098620392924501310e-01 6.761676568737899906e-01 1.762312146164469961e+00
9.052695663434899842e-01 6.765725939445998982e-01 1.763218762135980278e+00
8.843322072092498765e-01 6.987658967852299341e-01 1.728602008275180513e+00
9.248116656338902786e-01 6.633754436516996478e-01 1.743469357405540210e+00
9.952791909917699797e-01 7.076397223625501276e-01 1.734365533856320418e+00
7.427467182116500588e-01 6.300892281667200834e-01 1.862853188076440070e+00
8.811948879359698950e-01 5.761889246599500858e-01 1.997817110855580225e+00
8.622551255058299446e-01 5.848508854854701511e-01 2.015359711128980269e+00
7.544935192939798974e-01 6.556234382214900513e-01 1.818844453037190112e+00
4.482345667446199222e-01 6.029078364773496901e-01 1.859786822003790085e+00
7.773707252185400041e-01 5.745227593062001148e-01 1.926458904686100038e+00
1.101426920272340126e+00 4.320789742454196336e-01 1.855543810099959945e+00
6.012067047300999612e-01 5.554082400729298818e-01 1.796169971017300249e+00
7.768133520812601223e-01 5.735800566358899566e-01 1.934376761702170100e+00
7.801097527656299935e-01 5.732019501284599805e-01 1.920730786421110059e+00
7.794877462786500288e-01 5.731397975034600023e-01 1.915172139344360147e+00
6.859905565300201680e-01 6.176033052270599732e-01 1.896137515870409906e+00
6.849327647443199663e-01 6.127580713042601879e-01 1.885726098703930154e+00
7.010737996901301727e-01 6.414086161067698022e-01 1.796866791592190093e+00
5.253924807442500455e-01 5.975069656930700468e-01 1.773392587389980068e+00
4.841727996679099366e-01 6.263320528482196892e-01 1.806466910190370090e+00
4.612375616142099233e-01 6.218557155294002214e-01 1.794305816115070229e+00
1.021767326951250165e+00 1.670427728220003072e-01 1.788456968399970259e+00
4.323104602839100696e-01 5.958912708931398683e-01 1.740858832336730000e+00
6.502495098409000196e-01 6.078970421482696729e-01 1.853540945793390238e+00
4.811785800478403097e-01 5.804181107828401132e-01 1.723875917806779956e+00
6.430169721596001864e-01 6.137691910508502602e-01 1.857988295288320213e+00
4.559194127611401193e-01 6.079650356344896700e-01 1.723581701051930093e+00
4.612579012886199870e-01 6.672217691541595386e-01 1.752152061717710430e+00
3.699007396399600633e-01 6.669000204036699131e-01 1.813664721934070023e+00
1.695308055835800243e-01 6.513889672674402220e-01 1.719910088127730052e+00
1.780834090077201282e-01 6.535807752258500081e-01 1.712257362834860075e+00
2.103209986248200103e-01 6.545717352337399042e-01 1.773558776826360095e+00
1.118341643917302175e-01 6.593399492256595273e-01 1.763292675580270252e+00
1.828623727275600075e-01 6.387529215912799430e-01 1.761997019650900054e+00
2.140978870216003749e-02 6.856669662703600565e-01 1.782945107315160094e+00
1.125347439612530032e+00 5.313621720288104200e-01 1.896592590946510226e+00
1.093416333344249924e+00 5.713502422297196404e-01 1.905591056897660174e+00
1.124609677418880072e+00 5.094115876953200228e-01 1.900192155151240181e+00
7.849870911736001045e-01 5.189082895497003634e-01 1.835714159225179998e+00
7.570796968308401986e-01 5.304823996734397973e-01 1.848054100995730309e+00
9.973555313431599068e-01 6.642521570802095709e-01 1.794234844507339943e+00
6.166800580609601568e-01 5.951341916399801590e-01 1.836340767928300144e+00
1.086620472032389983e+00 5.238555906433299825e-01 1.878775525374380084e+00
9.717794435594897529e-01 5.013691827894302122e-01 2.062206771574360165e+00
1.109514795418929722e+00 4.299700958672301176e-01 1.848053038537950332e+00
9.758373874725201347e-01 7.274166789316898196e-01 1.707372010430860065e+00
1.040072677384769939e+00 6.616751236283997528e-01 1.792197669240020108e+00
1.064231447593630087e+00 6.326412581195302032e-01 1.797786893212049986e+00
1.096913652559589725e+00 4.101595941547699908e-01 1.822969129781080166e+00
1.020178921123529925e+00 6.774452735087401756e-01 1.761352775059800146e+00
9.959393011404600315e-01 7.055114948324798796e-01 1.728334044500350108e+00
9.585575982259300076e-01 7.320234566018903877e-01 1.680656250748350011e+00
9.341860643088502059e-01 7.376216344492201316e-01 1.628585962011640076e+00
9.413176784721599688e-01 7.381072733095299654e-01 1.666644460264610217e+00
9.933516059025602196e-01 6.924631453975798046e-01 1.761468846406680111e+00
1.014135486443589862e+00 6.736734005553404181e-01 1.789545194358840074e+00
1.023575994770410169e+00 7.144396863972195533e-01 1.722555303098490143e+00
9.257952013450299056e-01 7.429957341637400958e-01 1.653952083339160106e+00
8.919836800480602790e-01 7.573896868826603956e-01 1.629282359835819927e+00
1.078483059054180071e+00 4.123779806038099238e-01 1.867987659308300019e+00
9.256920888064898989e-01 7.314085145870601323e-01 1.680285964671950127e+00
9.265931411984600352e-01 7.288473489059401622e-01 1.681228308718680120e+00
9.668481508994899443e-01 6.921613279596101620e-01 1.834898794674800326e+00
9.831301566712298268e-01 6.847225511546000121e-01 1.761782717924670116e+00
9.515942860766299916e-01 6.640674458851800743e-01 1.803923266922990098e+00
8.796097509733400432e-01 7.175076970185600977e-01 1.773196665389380255e+00
8.683206012683402086e-01 6.927727730816100049e-01 1.744420318131859826e+00
8.312408829698401114e-01 7.283461503826300643e-01 1.684425772993350057e+00
7.385752223541002248e-01 7.973650806675500746e-01 1.572305107936669888e+00
7.923491104328901358e-01 7.564149222416203244e-01 1.601174416168510195e+00
8.568438393994399771e-01 6.890530855252103848e-01 1.721986912717750062e+00
1.099179756322520074e+00 5.628834775681101910e-01 1.882383666533010036e+00
7.539721937935499607e-01 7.558503595977499323e-01 1.632780845303830164e+00
9.538125630267497712e-01 6.465084986230098529e-01 1.871078924773890151e+00
9.958216767958898430e-01 7.019807320822697427e-01 1.721197857251710150e+00
7.666366366431900392e-01 7.247786183374396174e-01 1.669648314252540011e+00
8.092204175874400107e-01 6.985340049879500413e-01 1.781906147920480077e+00
8.513764005499500076e-01 6.274903326517993207e-01 1.896782451213600229e+00
7.720558286682399629e-01 6.614482485177797244e-01 1.817129030174670090e+00
9.561104151304000709e-01 7.022605723764998586e-01 1.729342464420520198e+00
8.821294387599600828e-01 7.632457595797097483e-01 1.628663762058700115e+00
8.866698248795699122e-01 7.346049516400898760e-01 1.742068250310910171e+00
8.765001041544300264e-01 7.221161077630595670e-01 1.704048454262030221e+00
8.619730205078099949e-01 7.241709841710997075e-01 1.676291520326120166e+00
7.365760592725498768e-01 7.688813269343697243e-01 1.596257900519090223e+00
7.143019917206201441e-01 7.726102876606102399e-01 1.612702648218340196e+00
7.222812069941899615e-01 7.746927510482497503e-01 1.586629173872880161e+00
7.223844552394100837e-01 7.475353853281099248e-01 1.622340959488980161e+00
7.204943776409202805e-01 7.456280252835401079e-01 1.623371964821880065e+00
7.078096068036101585e-01 7.675363802151897730e-01 1.589524614346460085e+00
7.171832204405501621e-01 7.521114382007398902e-01 1.613374054143970282e+00
7.210577077087401143e-01 7.413873554027596846e-01 1.629131985018260176e+00
8.436034055891299399e-01 6.331929725327398728e-01 1.905518762329460269e+00
7.524835615884901685e-01 5.353999123962598361e-01 1.862888026689500265e+00
5.937452318378197980e-01 7.252499505194398566e-01 1.586687825225820303e+00
7.554682717037000117e-01 5.338882827265698516e-01 1.857255415009000377e+00
6.020367709075600260e-01 7.538287940887897776e-01 1.602038616674860361e+00
8.708417839008499861e-01 5.688993964201398690e-01 2.015836307285940432e+00
8.768217110821201477e-01 5.648652159252902649e-01 2.010837340396290251e+00
8.853169801101299363e-01 5.545053830323598554e-01 2.003376372528830274e+00
7.564074794798198997e-01 6.316966232888301391e-01 1.866733494310450103e+00
7.486128975293300236e-01 6.603659218087196692e-01 1.807653200699160134e+00
7.633944084493600180e-01 5.805082304427102713e-01 1.942078460250770355e+00
5.405490627015099303e-01 7.260632351552298580e-01 1.637866111079030240e+00
8.609675726125500805e-01 4.815994070188700515e-01 2.211750964472840142e+00
8.735706774708402733e-01 4.501115242934101701e-01 2.209421829761859968e+00
8.716214909099599950e-01 4.511158521186802162e-01 2.213005995905950041e+00
8.848987421408498477e-01 4.463071167959902219e-01 2.196862391023460148e+00
6.463110850499498294e-01 6.119534948964497900e-01 1.856084572461420112e+00
4.541460524416001121e-01 6.213443637494200367e-01 1.739704108405930150e+00
3.927787978601400276e-01 7.322361297904502742e-01 1.573657644356680096e+00
6.394815683932599804e-01 6.141403205561197787e-01 1.857717350062780159e+00
4.716858325148500786e-01 6.769340773880601070e-01 1.802920670647900181e+00
2.297810988153601297e-01 7.806373459122100122e-01 1.584338435673100065e+00
2.133398981822500762e-01 7.202098749753900186e-01 1.589867579054250024e+00
1.843570432177199514e-01 7.232866954624803668e-01 1.616348191814670043e+00
2.267373807323100898e-01 6.388029962188199740e-01 1.691454986949060268e+00
1.775130402963498444e-01 6.763051738812597691e-01 1.662808342753460122e+00
4.962101736961010978e-02 7.118516334329698658e-01 1.612447788423239992e+00
8.709394763244993065e-02 6.959262709250202406e-01 1.646500791635020278e+00
1.091791967010298237e-01 6.842909195486903684e-01 1.645561686304470195e+00
3.955001759903400416e-01 5.808651780258502484e-01 1.676142542449100326e+00
2.025708184538499435e-01 5.243522956379598199e-01 1.704803352089940160e+00
6.718147753468994843e-02 6.545208770174202328e-01 1.697981832641920263e+00
2.052990967327983363e-02 5.735049779875098785e-01 1.693747891042360232e+00
1.330213409951008785e-02 5.751037459927599294e-01 1.706186826792680078e+00
-1.324110917972998180e-02 6.986861195624096688e-01 1.659885415098330208e+00
2.154876048042009273e-02 5.895878854524898571e-01 1.701254642603120093e+00
6.701790537180998264e-01 7.623602825670099392e-01 1.640028205198820199e+00
8.370476117605698541e-01 7.578983942109798200e-01 1.613992013367099965e+00
7.345817435977999299e-01 6.585429601056000948e-01 1.806818536482290183e+00
8.567787398011299516e-01 6.976575462684100337e-01 1.721076029834560206e+00
7.058619645163100031e-01 6.177298148857701676e-01 1.869222801324890160e+00
1.122243007444080121e+00 5.736061964328103002e-01 1.986382160611539938e+00
1.044724011645289607e+00 6.880612117061195576e-01 1.758526807416050053e+00
7.936195458841202033e-01 7.736519687017100466e-01 1.585553122395760184e+00
5.024257986492999262e-01 6.976404717990298820e-01 1.657161969970259996e+00
