2.154712736585400190e-01 -1.273748382957300140e-01 2.183731368354790092e+00
-9.424483015527700402e-01 -1.013703133309499932e-01 2.097886970349529978e+00
-9.417473398482800739e-01 -1.028769592269600103e-01 2.108995288249179811e+00
-8.809679116137700827e-01 -1.021412338844999990e-01 2.109916285078419662e+00
-8.809679116137700827e-01 -1.021412338844999990e-01 2.109916285078419662e+00
-9.401853644088300488e-01 -2.421650521064400152e-01 2.137630339226419540e+00
-9.401853644088300488e-01 -2.421650521064400152e-01 2.137630339226419540e+00
1.248312211405299132e-01 3.924024040883999920e-02 1.880396793657240329e+00
1.248312211405299132e-01 3.924024040883999920e-02 1.880396793657240329e+00
-1.877987676856995858e-02 -3.584317041119999825e-03 2.089482061195259810e+00
-1.877987676856995858e-02 -3.584317041119999825e-03 2.089482061195259810e+00
5.801546563707499216e-01 7.019649752654100183e-01 2.259442509349750328e+00
9.196787303859300655e-01 -6.108096376463999222e-02 2.164716766810900417e+00
-6.695611534632200934e-01 -9.010119531907498924e-01 2.320451951721929529e+00
-8.227483796919199399e-01 -1.040903644962239971e+00 2.461201876046259951e+00
-8.227483796919199399e-01 -1.040903644962239971e+00 2.461201876046259951e+00
-8.233185207338901135e-01 -1.794353941512900341e-01 2.103247793703929780e+00
7.427207719239000694e-01 -1.713081225464399837e-01 2.192657210811979951e+00
3.182540892040900404e-01 4.099013972752499901e-01 2.033973714871049498e+00
8.616540580980199815e-01 -6.648802277097899394e-01 2.297288367540070375e+00
8.616540580980199815e-01 -6.648802277097899394e-01 2.297288367540070375e+00
-1.129351614808149940e+00 -9.784945963903198818e-01 2.230676546802000004e+00
-1.298963275559939845e+00 -6.657455833165198955e-01 2.541744014008459729e+00
-7.335485249722399903e-01 3.145944592782600191e-01 1.829622824286160299e+00
-2.225400495133599832e-01 -9.694229992269899343e-01 2.296863332032130334e+00
-1.306424946213330163e+00 -5.601973531380299853e-01 2.575727212109830688e+00
-8.203537869139900796e-01 -7.629029372500499839e-01 2.530834668143350008e+00
1.253520202863900312e-01 -2.560272100277999896e-01 2.441859891291680018e+00
8.146355817201796912e-01 -3.855665683260600107e-01 2.425951100933959825e+00
6.711110081214098910e-01 -4.575343843830599333e-01 2.399868166320119567e+00
-1.085538094831639988e+00 -8.244327358674299333e-01 2.131093875805309512e+00
-1.085538094831639988e+00 -8.244327358674299333e-01 2.131093875805309512e+00
-9.425039913499799749e-01 -1.025443259154299874e-01 2.091540891036669958e+00
-9.425039913499799749e-01 -1.025443259154299874e-01 2.091540891036669958e+00
4.967253851014100663e-01 -1.623359265515999378e-02 1.820131621903900099e+00
-1.176645858783960108e+00 -7.171088507423100111e-01 2.238006681607589421e+00
4.597996834853300685e-01 -4.482637691259599988e-01 2.519966082414400343e+00
2.229256374633399318e-01 -4.428304941185699506e-01 2.540892627511849966e+00
-8.827158993537300713e-01 -1.042773760972499908e-01 2.105831918493589860e+00
-6.040401051525000620e-01 -2.443713263445599915e-01 2.356485658667839989e+00
-7.479140032691200535e-01 3.401416462484099790e-01 1.865098606600350095e+00
-2.848406341245500184e-01 -9.161279133233699579e-01 2.247849737451129926e+00
2.957073696818002251e-02 -1.547971873221300199e-01 2.277177771148729768e+00
6.955693440414599804e-01 -4.703485202080500138e-01 2.363657184833550140e+00
6.699467513799500784e-01 -5.272573824332098535e-01 2.369223438365129830e+00
-7.406258695587601970e-01 -7.258399514652599249e-01 2.311095879716980050e+00
-7.317218859736199787e-01 -7.595222361911398989e-01 2.291770929402940027e+00
-4.169760167442200238e-01 -1.125160814630099954e-01 2.222132329864070055e+00
1.018658159431940380e+00 6.470600901207300693e-01 2.400782988151529906e+00
1.018658159431940380e+00 6.470600901207300693e-01 2.400782988151529906e+00
-9.794496932772200903e-01 -5.992665430347000194e-02 2.133706714709090235e+00
-1.305381646879979929e+00 -5.520122034576600001e-01 2.612008995478280138e+00
1.382469087000000041e-01 3.478776561695999525e-02 1.865026011996860023e+00
-9.084013972504100254e-01 6.404904023809800950e-01 2.070692085601439469e+00
-5.662288767322199989e-01 -8.251759952003999421e-02 2.170915709154240147e+00
-8.799110069187199290e-01 -1.003837236473400091e-01 2.118477723283199943e+00
-1.192814499451890109e+00 -2.959524936400200201e-01 2.522021799641700035e+00
-6.277126461937601043e-01 -4.971972149867400215e-01 2.284580763606240073e+00
-8.004131292749300242e-01 -5.032098080861399092e-01 2.303088927270999786e+00
-6.584478145621200929e-01 -7.474395887967899554e-01 2.352239897202050400e+00
1.527096760595699765e-01 -1.547835342882299958e-01 2.195892637793249502e+00
6.534151873357999518e-01 -2.686339422885899997e-01 2.478193659314889441e+00
4.609327747377501838e-01 -4.991731440721799973e-01 2.502167290457139703e+00
-3.096783620611099908e-01 -8.796009552051899938e-01 2.434811707865589980e+00
7.426510314349900055e-01 -3.137033352629699512e-01 2.428038293199449971e+00
6.571782139276399759e-01 -3.407035535109599889e-01 2.475544544575220218e+00
-2.394313791513500433e-01 5.575216777352099973e-01 2.420608593635409811e+00
5.357244687656000925e-01 6.461440713168299377e-01 2.276113423667689872e+00
-1.175212221143600577e-01 8.721459106919999746e-03 2.056468689279939532e+00
-1.193449506454050013e+00 -2.969127168266700312e-01 2.519848101018149933e+00
-2.888701178997200025e-01 -1.006620364018560032e+00 2.330837682481179840e+00
7.445618004939097423e-01 -1.713323968409100062e-01 2.196431937076269492e+00
7.445618004939097423e-01 -1.713323968409100062e-01 2.196431937076269492e+00
6.969582407298698934e-01 -2.699298299484599872e-01 2.416171554888280060e+00
-2.139892133420800979e-01 -2.343081381168300170e-01 2.426323875128029606e+00
-4.057370673117000059e-02 -3.070896051668400295e-01 2.571176717149099566e+00
6.013248019425000424e-01 -4.014686362945499853e-01 2.543721835057689784e+00
-3.803863629723003292e-02 -5.979985202384399123e-01 2.377985501574079841e+00
2.664126173492000760e-01 7.307699221178999560e-02 1.812345576930650237e+00
5.898982357293999224e-01 6.349082212842300788e-01 2.215413376091829978e+00
2.979085336567000031e-01 2.824711482061799672e-01 1.942670407958439815e+00
-5.638299847973800016e-01 -8.558615176466999319e-02 2.172318246245949602e+00
-1.728465108125999961e-01 -1.613612777508300344e-01 2.300836903699569724e+00
1.892854196470399319e-01 4.111407729139200384e-01 2.594618549177719391e+00
-9.497931509656400983e-01 -7.354847385924898617e-01 2.243453027008810441e+00
-2.126541272614000389e-01 -7.096363837064399993e-01 2.399849192310119950e+00
-1.621714673585640032e+00 -5.119780465728000080e-02 3.059918049433279830e+00
2.964021319795501208e-01 2.830569053911199395e-01 1.945348055539680487e+00
7.608027304416299375e-01 -1.380911453680800094e-01 2.103828308942419678e+00
-2.194617041534399626e-01 -2.403992414997599969e-01 2.409810573285380286e+00
2.419832984777999796e-01 -1.176668853548400034e-01 2.125135378752720072e+00
1.334421573264399363e-01 -1.588746568440300155e-01 2.197648151959170182e+00
1.334421573264399363e-01 -1.588746568440300155e-01 2.197648151959170182e+00
-6.411096235055200321e-01 -4.959387213871500055e-01 2.278893525923909369e+00
-5.623135191330199678e-01 -8.665628481228000723e-02 2.174571219024399760e+00
2.764107498664301055e-01 7.667683540875000481e-02 1.823272883619350360e+00
-6.584600773634000648e-01 -7.482791284230300155e-01 2.310812729175369729e+00
8.110266065375301148e-01 -6.913314266161499910e-01 2.440336223418429817e+00
7.049010864849502012e-01 -2.748833153060100121e-01 2.416409193942709699e+00
6.001974688862400376e-01 -4.011064922118000031e-01 2.557597789144739675e+00
1.301360708805899824e-01 3.525216248703000321e-02 1.872289717230830375e+00
-1.367360348414810023e+00 -8.725921185302999705e-02 2.183660947360169580e+00
-8.156573818575201251e-01 -4.999790994241800068e-01 2.295224649688239360e+00
-3.263987403624500350e-01 -7.845062065192499601e-01 2.490242799594349687e+00
7.447182459283302469e-01 -7.663628732246999253e-02 2.189800604058149691e+00
4.406999022370698960e-01 -3.748493588506799923e-01 2.586086834106599674e+00
-1.222491322767993438e-02 -5.743819221887999649e-02 2.117355338125459951e+00
-1.053705840367000768e-01 -3.654382823568300132e-01 2.530851638702550144e+00
-1.053705840367000768e-01 -3.654382823568300132e-01 2.530851638702550144e+00
-2.726762340946800589e-01 -1.597646150303100032e-01 2.304320365541169924e+00
-9.408463014635100041e-01 -1.561528412372700236e-01 2.080499490929249795e+00
-2.423172010943099863e-01 5.476724998691699930e-01 2.408398390429270286e+00
-1.195589626945369854e+00 -3.038146273715700008e-01 2.509390821680610451e+00
1.207224063618994592e-02 -8.058652026440998872e-02 2.144657923626450025e+00
6.429154587402502452e-01 -2.801674760735100023e-01 2.486297306411290098e+00
9.877323185608800626e-01 -7.093153619594398940e-01 2.503220056193079746e+00
6.230890659681401766e-01 -5.317028921961299837e-01 2.461157130505569945e+00
-6.425107927684200471e-01 -4.920062533014000206e-01 2.283985502901320075e+00
-3.078562604933900437e-01 -8.794553043954900229e-01 2.420934902888150386e+00
2.390929635472299752e-01 -1.219332097386899988e-01 2.140637578956150033e+00
3.759022444686900277e-01 5.183793768509999955e-01 2.291382689236320047e+00
3.332755066040801184e-01 -5.035098159115500849e-01 2.469042396174470078e+00
3.332755066040801184e-01 -5.035098159115500849e-01 2.469042396174470078e+00
7.244757680830399282e-01 -1.477383149668499984e-01 2.102519769894769741e+00
1.200666974384299035e-01 2.078604882372900031e-01 2.058728252462630248e+00
1.200666974384299035e-01 2.078604882372900031e-01 2.058728252462630248e+00
2.946385903079999924e-01 7.717652754264000547e-01 2.120166121182780028e+00
2.946385903079999924e-01 7.717652754264000547e-01 2.120166121182780028e+00
9.146302129446004514e-02 -1.636458031694699722e-01 2.249561107783889735e+00
-1.329986791977789906e+00 -1.203136572537900073e-01 3.048851833978430292e+00
7.235658928983098592e-01 -7.601690108441998273e-02 2.183542113428159404e+00
2.390790269386799949e-01 -2.254042583939100119e-01 2.329385177869709889e+00
-3.012731352460400469e-01 -8.835577938970499146e-01 2.425172209491669673e+00
-3.012731352460400469e-01 -8.835577938970499146e-01 2.425172209491669673e+00
-2.976139273237800031e-01 -9.455181174310499648e-01 2.372226527285690167e+00
-6.604832086074500230e-01 -7.424180654223899722e-01 2.332505113294609966e+00
-1.397897887021659846e+00 -5.694222606916199414e-01 2.886196512111579793e+00
-7.444639522446200308e-01 3.036872407526699513e-01 1.762628115692090214e+00
9.449311479529999280e-01 -6.853545653267999471e-01 2.402684228271299904e+00
3.964993768500499893e-01 -3.657262893368100065e-01 2.575469339231569954e+00
3.964993768500499893e-01 -3.657262893368100065e-01 2.575469339231569954e+00
6.005181513097900270e-01 -3.960477194817300095e-01 2.533562578672849952e+00
2.824178899925300357e-01 7.529286968950200665e-01 2.074593622599939735e+00
-7.756162656406300204e-01 -7.667763693122099378e-01 2.377872119512570048e+00
-7.704605706902700746e-01 -7.925355483866699524e-01 2.470347126925930059e+00
4.590951088410600844e-01 -5.043854369455500475e-01 2.513363652433969975e+00
5.632848901943998676e-02 -4.475535038625599871e-01 2.404986001892200242e+00
4.677537852745006219e-02 -4.119541811548800281e-01 2.524610026879539948e+00
2.183327412117799238e-01 -5.115994756539899990e-01 2.512642661723690107e+00
9.221283346659003843e-02 -1.516970068062000083e-02 2.052663924719859700e+00
8.222797578743000768e-01 -2.753756793752700216e-01 2.423387150493030440e+00
-1.551184657039240022e+00 8.935389128096998812e-02 3.000525411343350157e+00
-1.607395031897300264e+00 1.362402788954699684e-01 3.127644575585129871e+00
-1.603375526305080179e+00 1.581937514574900117e-01 3.153715137576509786e+00
-1.603375526305080179e+00 1.581937514574900117e-01 3.153715137576509786e+00
2.268673796604300241e-01 -4.459142884809900176e-01 2.549533212302010021e+00
1.009713271105720178e+00 -3.381052416589499510e-01 2.512526460469989953e+00
-3.125025563735100986e-01 -1.731889120390500136e-01 2.347472061220989836e+00
-7.545830275803299125e-01 -7.154859479027999569e-01 2.308475760004660149e+00
-1.306004890840730237e+00 -5.659669878483899463e-01 2.636472059007170188e+00
-1.306004890840730237e+00 -5.659669878483899463e-01 2.636472059007170188e+00
-1.279712129787160091e+00 -8.079464118981599663e-01 2.457153137329220360e+00
-2.961698090632900460e-01 -7.488927688878598277e-01 2.331932228688280428e+00
-1.345867641291099925e+00 4.783075564395599111e-01 2.504032167539059994e+00
4.833000560506101051e-01 -2.312588075153999834e-02 1.783795926516100083e+00
4.694199615371200673e-01 -2.305694806166999622e-02 1.779995896526149979e+00
-7.696158559757699802e-01 -5.951596194599999973e-02 2.141361753786360289e+00
9.708016123213991655e-02 -3.312926507508000273e-02 2.047202369959399970e+00
-1.155416820300910086e+00 -7.215090879819598957e-01 2.221505640664160008e+00
1.946391804476800269e-01 2.203967521328399903e-01 2.150036761259639828e+00
1.985499458468900080e-01 -1.230548606030699710e-01 2.142830173529589821e+00
-7.139361011161500237e-01 -6.820648049955599923e-01 2.384316956133919696e+00
-3.187873357533800300e-01 -5.435209465065299339e-01 2.266562949605909871e+00
-1.283443190631120112e+00 -8.111323909615798522e-01 2.465410576788020336e+00
-1.283651253490970090e+00 -8.118258960697799509e-01 2.472137480092599926e+00
-1.278954088421810020e+00 -8.093869364961299162e-01 2.436596896215690311e+00
5.347725588613599923e-01 6.504388738024500238e-01 2.286097374045809705e+00
3.486944774620199805e-01 5.174983560252901515e-01 2.283277075585409932e+00
6.661990907539799833e-01 -5.183358901229399018e-01 2.364404843489699815e+00
6.621879734989400967e-01 -2.030665225230000037e-01 2.342449069003959661e+00
7.163200572327600435e-01 -1.666462806839699717e-01 2.145291567448590175e+00
6.714514285393798909e-01 -2.242465957205999616e-01 2.359763031294999980e+00
6.714514285393798909e-01 -2.242465957205999616e-01 2.359763031294999980e+00
-3.018386417968998980e-02 -6.009428729951699077e-01 2.390039197616830258e+00
-4.571709612066005013e-02 -6.011470505102999295e-01 2.372014035426000422e+00
1.444755428167798783e-01 -3.662558633946000342e-01 2.399607393676120193e+00
5.581659163721098826e-01 -3.240856648761000214e-01 2.567961766886439623e+00
-8.269773428415900796e-01 -1.786733826790200264e-01 2.135670299896000213e+00
6.620022905997599016e-01 -5.172804932112898824e-01 2.363100315616889713e+00
-1.145684215905490078e+00 -8.797030066492199651e-01 2.136411542661319718e+00
-1.145684215905490078e+00 -8.797030066492199651e-01 2.136411542661319718e+00
-1.397959751310840160e+00 -5.577066109327799559e-01 2.868903112210519524e+00
5.638150715387501011e-01 -1.337893359323100162e-01 1.949515531108850341e+00
-1.399094728700629897e+00 -5.601050832684899561e-01 2.859329926000270028e+00
8.897654316941799868e-01 -6.651894829371900464e-01 2.323812056447429608e+00
8.102176033048599235e-01 -6.345437407179599365e-01 2.224062955063979885e+00
2.436230011637099402e-01 -1.062506424675000033e-01 2.125775357824979839e+00
7.786710765921001087e-02 -1.607611699428000140e-01 2.172451839709040211e+00
-1.390380494573000281e+00 -9.043499876290800321e-01 2.600947090973119380e+00
-1.395471744009129988e+00 -9.126522281117098734e-01 2.613138608443130284e+00
-1.764356810251100915e-01 -1.620130739007299980e-01 2.300226368627449780e+00
-1.309404066551969947e+00 -3.815862048984000054e-01 2.594255146434019554e+00
-9.913317500764800005e-01 -1.702825457820900112e-01 2.111277710340230040e+00
2.552795666898900473e-01 7.081306388819700315e-01 2.125180143276629963e+00
-1.307538769710820059e+00 -5.440651056760800186e-01 2.591939346449199988e+00
-1.307538769710820059e+00 -5.440651056760800186e-01 2.591939346449199988e+00
2.414626152018000127e-01 7.047957789514199822e-01 2.108884792570599576e+00
2.414626152018000127e-01 7.047957789514199822e-01 2.108884792570599576e+00
-1.587959353093979953e+00 5.856898000250998493e-02 3.000992795238349942e+00
9.066830207290200727e-01 -6.682009904621099006e-01 2.332451098722249760e+00
6.565526072262500845e-01 -3.270357304847700264e-01 2.474476215171150351e+00
-1.329803413475159957e+00 2.393189348114099779e-01 2.934572558987030177e+00
6.416977418546200296e-01 -3.651891756174900361e-01 2.522925830344389997e+00
-8.408308035267799685e-01 -2.697636721724400166e-01 2.322009110972599988e+00
2.826402011841988582e-02 -1.558839079594200039e-01 2.278142634561359792e+00
-1.321306831250180114e+00 -4.028691741358800260e-01 2.712169181656059802e+00
3.322016260792992615e-02 -1.609684240970400138e-01 2.288478793300499969e+00
-1.422282694395090141e+00 -7.636673984875499421e-01 2.786555525559290203e+00
-1.096571582518659937e+00 3.542812105577700099e-01 1.802995224372350380e+00
3.109490860342700724e-01 2.915600634544799896e-01 1.983779316118859937e+00
3.109490860342700724e-01 2.915600634544799896e-01 1.983779316118859937e+00
8.578994103797802362e-01 -5.683950566569498930e-01 2.364032926165990034e+00
-1.395436549919970126e+00 -5.602824380076298905e-01 2.850002722545290190e+00
7.191909753265800509e-01 -2.497544722959000318e-01 2.390773976146279622e+00
1.066838893942799738e-01 -5.695165353821699528e-01 2.587643833826909656e+00
1.066838893942799738e-01 -5.695165353821699528e-01 2.587643833826909656e+00
9.942466099669977631e-03 -5.113679950332298274e-01 2.394994683572889915e+00
-9.481062892394004349e-02 -5.794280321835899583e-01 2.281872422377389853e+00
-1.407359624876549864e+00 -3.099564145860000397e-01 3.018694651681719687e+00
-1.584864233006200163e+00 6.749143484048997221e-02 2.995482935595310092e+00
-8.821268210400499132e-01 -2.158263706877399934e-01 2.095316025578459751e+00
-1.065465171624400131e+00 -6.856167041972999199e-01 2.239589297889939878e+00
-1.680651691798099812e+00 3.480124763512199570e-01 2.806026017316280097e+00
-1.065112400469480081e+00 -7.526121557917500038e-01 2.164698735482930125e+00
-1.065112400469480081e+00 -7.526121557917500038e-01 2.164698735482930125e+00
-2.951223872018500227e-01 -7.985520609133199832e-01 2.298233408841560355e+00
-2.942182159505399852e-01 -9.334529234145599874e-01 2.372226242752240033e+00
-7.636819188595400654e-01 -6.751094442144299768e-01 2.385966386718350041e+00
-8.284934170887500171e-01 -2.189905289212500106e-01 2.384861523743189604e+00
-7.585590478101100764e-01 -8.052423699273598690e-01 2.508654718013859863e+00
-1.397117877320739998e+00 -5.680313914594798952e-01 2.863802754211060009e+00
6.374970616107999977e-02 -1.024705846979099971e-01 2.134072797227129836e+00
-2.291721206435800018e-01 -8.620726798346398656e-01 2.285625726312280115e+00
-1.285381992922419947e+00 -7.741798737989998846e-01 2.673412456097239875e+00
-7.477619835769699908e-01 -6.785383055509198735e-01 2.401045132850799568e+00
-7.340336096803500299e-01 -9.090462979355699025e-01 2.261590591186889654e+00
5.069633357508801508e-01 4.418430301116899606e-01 2.513295269418970079e+00
-1.192049651648700026e+00 -9.127122314507699619e-01 2.170973826980830079e+00
-1.306480388115979885e+00 -6.583286177988000309e-01 2.529360945707159747e+00
5.910517801977700492e-01 -5.631160104274799405e-01 2.490735439500899595e+00
4.345331671557399744e-01 5.208356282606100285e-01 2.389446690002390294e+00
-2.113719398356700419e-01 -5.955897214389299643e-01 2.231445304262950291e+00
-4.204258069841699808e-01 -2.028474555663000167e-01 2.388289936111660072e+00
-2.619204023812100046e-01 -9.447421039046699498e-01 2.236819971220069814e+00
1.407809796523007417e-02 6.210133037196899908e-01 2.331956561807730033e+00
-8.550114936520600839e-01 -4.495811172730500016e-01 2.340263038808950036e+00
6.399715982518699997e-01 -3.677463824752499888e-01 2.514156994637509968e+00
6.927491324731699374e-01 -1.880442248214300172e-01 2.189295474806249864e+00
1.066258069240450190e+00 -6.792432940864798763e-01 2.443651810100060384e+00
-2.780569441558899957e-01 -7.372523209391699250e-01 2.507963749854569713e+00
-2.703954904924900093e-01 -1.011388218455970156e+00 2.349231318953389991e+00
9.100760939827989837e-02 -3.929365266006299984e-01 2.434026503922709583e+00
-1.224398078524890243e+00 -2.018186929904700055e-01 2.372580161894449979e+00
6.629485405592999703e-01 -4.563880738867200360e-01 2.390441079434339589e+00
-1.157942653222950202e+00 -7.670022533972399303e-01 2.175905755240440165e+00
-9.961765326057800962e-01 -1.670912984458800266e-01 2.106394135147879876e+00
-1.343917474450319949e+00 -1.368390524743499925e-01 2.830837888562769855e+00
7.979884377587799227e-01 -5.474553598656599629e-01 2.344022151158259959e+00
1.047444538897229993e+00 -1.695658078725300055e-01 2.341437696297650195e+00
-4.069268616477700329e-01 -1.975948089768000404e-01 2.401972864343439706e+00
6.285028888488985999e-02 -1.063460213124599874e-01 2.163937745452619854e+00
-1.145306432958230092e+00 -7.180468326782998290e-01 2.215367522467599937e+00
-4.735484254147099836e-01 -1.188678915919500062e-01 2.230525714360169776e+00
-1.086903886684349896e+00 -5.907150128244299525e-01 2.329580504028650356e+00
-6.278241307833799523e-01 -2.144011010847600152e-01 2.384536911991720132e+00
-4.394780098473400343e-01 -1.946616850055400139e-01 2.355621305392959997e+00
-1.396599571511140336e+00 -7.695449743217999128e-01 2.793848555928499788e+00
2.030492627426000452e-01 -2.103648092238299960e-01 2.293595995184350311e+00
-1.236974257319400028e+00 -8.716600527626998662e-01 2.208593698181259946e+00
8.112861156026399678e-01 -6.962824782698099346e-01 2.457603259105429760e+00
-1.243951232027790121e+00 -7.574789333865299401e-01 2.281490536348509846e+00
-1.210535160500850083e+00 -8.408734883729399590e-01 2.913259756284600321e+00
-1.404283214493030174e+00 -5.706905783933698961e-01 2.858226454150269547e+00
-1.402485583619980103e+00 -5.704861087784099949e-01 2.860256630886230056e+00
-1.255136486082280012e+00 -9.723487121127298849e-01 2.326903936551529828e+00
-1.938692274215200184e-01 -8.113701625555499453e-01 2.351347978715189857e+00
-6.114802722471002205e-02 -1.343470937598900128e-01 2.347669891147649679e+00
7.881793514337986917e-02 -5.041598568287999904e-02 2.033478369692419463e+00
-1.313280266979679922e+00 -5.374135060319999990e-01 2.596478948141240473e+00
-1.423410873857150261e+00 -8.177380544608500168e-01 3.020155770992710043e+00
-8.262404803612700688e-01 -2.303169821042400089e-01 2.198566911239340005e+00
-1.246092198057770162e+00 -8.851005775819499322e-01 2.429319820335970270e+00
-1.443328468419440069e+00 -4.747884464219699896e-01 3.069983508226649782e+00
-1.369774563858340066e+00 -1.720048396123800005e-01 2.352186964934380065e+00
-1.347475409795389822e+00 -9.305991348442799183e-01 3.044830573344559532e+00
-1.222663861528829887e+00 -9.443150192829600220e-01 3.009629735973699649e+00
-7.935547683842500977e-01 -2.057980797457200084e-01 2.403794576540819961e+00
-1.282194049568699867e+00 -7.994985250645799679e-01 2.458808111340260005e+00
-1.429080751672290095e+00 -6.605947428915599495e-01 3.069043996336479729e+00
-1.390711048940029837e+00 -1.140891635764649914e+00 2.507508216129350043e+00
-1.388089208186900070e+00 -7.766867616224398807e-01 2.766893996138660494e+00
9.952891252256990118e-02 -5.359111403231998916e-02 2.086071145292459406e+00
-1.311498641408400001e+00 -9.475845197189699531e-01 3.054775536684790183e+00
-1.438796285446739986e+00 -4.156334853216600012e-01 3.092176010236419970e+00
-1.425628948437370314e+00 -7.908514888384799990e-01 3.055422970372720037e+00
-1.436245581346479838e+00 -5.656299453113399212e-01 3.072116041368279760e+00
-9.387133428794699475e-01 5.896945903388400856e-01 2.114130437731299494e+00
-1.417943073656020125e+00 -8.022201185932199552e-01 3.100474836338860118e+00
-1.446036045744270027e+00 -4.275385013797499689e-01 3.093639049181829748e+00
-1.428280192347739952e+00 -6.593437837603199903e-01 3.164112040831700057e+00
-1.236532995102030075e+00 -9.078674143254299445e-01 2.438477640517350054e+00
-1.272584220171499858e+00 -8.831712598155898597e-01 2.611252913282230192e+00
-1.392165429830229950e+00 -1.225500267257099846e-01 3.055383596596709772e+00
-9.872282746345600879e-01 6.473117400231900298e-01 2.106597973536909585e+00
-9.622958052681700458e-01 6.811227244551300020e-01 2.195095590281049613e+00
-1.422574276666690007e+00 -6.096909322420799304e-01 3.179199466702559818e+00
-1.353961827862730338e+00 -4.194450109303800578e-01 2.885284642689919909e+00
6.934031267108801133e-01 -1.154110186791600101e-01 2.095808675825580281e+00
-9.845760660815100485e-01 -1.507336945007400342e-01 2.212111685322479815e+00
-1.064958959709970010e+00 -1.102592657835900075e-01 2.125939217272230231e+00
-9.789957661775099407e-01 -8.812098707460599423e-01 3.599680953131379813e+00
-1.398741064061770123e+00 -9.101871200057699562e-01 3.226732220122649597e+00
-1.327248422185910215e+00 -3.566017669643100074e-01 2.679714730685669899e+00
-1.442728413174629853e+00 -4.675219424923499623e-01 3.068564596858309290e+00
-1.231609925173940301e+00 -9.026408489964899973e-01 2.964996343251289801e+00
-1.418655654322070081e+00 -7.038924917936699721e-01 3.141356504646250158e+00
-1.421728895714890140e+00 -6.113023456271400313e-01 3.180852684700719912e+00
-1.441658158559649960e+00 -7.595753508682498989e-01 2.825767290935690124e+00
-1.425929375337590121e+00 -7.415352020697598689e-01 3.092863436891440276e+00
-1.275455638101730127e+00 -9.308045224649699190e-01 3.022860339242869898e+00
-1.022919767415340075e+00 6.086061402134400611e-01 2.212949439035340582e+00
-8.282862359793501383e-01 -2.287829970260400192e-01 2.217497342128859739e+00
-1.390832810251090068e+00 -9.815776091128499692e-01 3.176918366115249803e+00
-1.431647732212250057e+00 -7.625227953907499634e-01 2.799305971271909943e+00
-1.433946332433770010e+00 -6.710932086696299592e-01 3.188544634373449593e+00
-7.937633438754400084e-01 -7.645763755512600124e-01 3.378118114478380285e+00
-1.425468230716219864e+00 -7.685570573818799600e-01 2.816876246265759942e+00
-1.382082388625839986e+00 -9.343402591076999109e-01 2.609287802947999779e+00
-1.395143175999030039e+00 -9.786956118675899097e-01 3.179555381988909524e+00
-1.392201398945839941e+00 -9.815384135259900278e-01 3.178824498672490062e+00
-1.384485399243240211e+00 -7.742323886873399008e-01 2.792922155799820061e+00
-7.495317611153999859e-01 2.938429287278400137e-01 1.859022910719819954e+00
-1.046845809998360188e+00 5.957225710719300515e-01 2.220550522692669837e+00
-1.248185071387200029e+00 5.960681278910999470e-02 1.932139024318609843e+00
-1.092515382652549771e+00 -1.050128771504549974e+00 2.754210941887710096e+00
-1.384467932334930040e+00 -9.387774801322499307e-01 2.601347608460970129e+00
-1.398180415051479830e+00 -4.698744927381000025e-01 2.872716648472199541e+00
-4.304428370048600794e-01 -8.540923703372398368e-01 3.456625135603080157e+00
-4.303997824245400228e-01 -8.548527272767798557e-01 3.461687318413400050e+00
-1.071693228714590163e+00 4.380293316051899755e-01 1.930032245921730061e+00
-1.427801263036230006e+00 -7.697196215838298938e-01 2.817077939473790149e+00
-1.374065709718010009e+00 -7.851491881869000766e-02 2.183739673171690043e+00
-1.354807234428620166e+00 -2.705065213103999278e-02 2.889913203458239543e+00
-1.419013043919199912e+00 -7.542806674149299395e-01 2.812219988128370041e+00
-1.299521688897619986e+00 2.016507399796499955e-01 2.829831182374930254e+00
-1.401239561050609872e+00 -2.096824591148699901e-01 3.016618373839110134e+00
-9.922909829187400721e-01 -6.898432135647899477e-01 3.377476195941709669e+00
-1.088449531702110118e+00 -1.046889154625310070e+00 2.749719274177270023e+00
-1.036609591309979983e+00 -8.349017885249698789e-01 3.247938967099450291e+00
-1.243686045332820012e+00 -8.600828725001999908e-01 2.907694601834620141e+00
-3.711415825723900497e-01 -7.705465132787999716e-01 3.363562916051780149e+00
-1.441877834147660131e+00 -7.752638008310999140e-01 2.812517050338120050e+00
-1.028754499443760295e+00 -7.169349128153700290e-01 3.298932906741850246e+00
-1.220878730368890164e+00 4.083650552023199709e-01 1.983016552424620160e+00
-1.262036907623570237e+00 7.260892468673401101e-01 2.057819337230240020e+00
-1.438365628994709988e+00 -7.699137209900400736e-01 2.807891168664640169e+00
5.442256175056991996e-02 -5.988982690771499362e-01 3.027892754772730122e+00
-4.318097553127300259e-01 -8.570619086621699134e-01 3.462378462069589879e+00
-1.429024562095800199e+00 -5.732673756991200076e-01 3.176833789035479860e+00
-1.439021793149570128e+00 -7.693026030717899921e-01 2.805982381597050157e+00
-9.624372936624199237e-01 -6.809522688045599459e-01 3.442074327293500158e+00
-6.095231211216900480e-01 -6.161932537851899649e-01 3.722841269776529849e+00
-1.081011717783070036e+00 -1.041377544917940101e+00 2.742435752866779985e+00
-2.592669229508800521e-01 -6.572874013193399367e-01 2.982299844244859610e+00
-1.354160220807330006e+00 -1.525478071702500160e-01 2.833921488315829684e+00
-1.088124687776370170e+00 -3.745232294830799780e-01 3.585460332255299587e+00
-7.964805490703500412e-01 -7.102197816255899632e-01 3.242391714153009641e+00
-2.693983571082300688e-01 -7.237662261586499390e-01 3.206845545537829523e+00
-2.893379046708500213e-01 -6.738115835018100297e-01 3.152096882984009696e+00
-1.041075349541599859e+00 -9.370047102011999085e-01 3.152271740000400335e+00
-1.074246112707180068e+00 -9.170243371989900139e-01 3.047858743936909587e+00
-1.234315402446930054e+00 -9.059525952879299293e-01 2.966490973461649805e+00
-7.970857432046900559e-01 -5.860824603998999738e-01 3.841492028652740309e+00
-8.411331013472100882e-01 -6.745125558124799303e-01 3.200060120616820658e+00
-1.456196910942509914e+00 2.537268598410001574e-02 3.243599053130859833e+00
-2.387928911014899902e-01 -6.420805307728799649e-01 2.969027827688960119e+00
-2.286174188247800387e-01 -9.453107750534999187e-01 2.761465266116699624e+00
-1.064241699236359917e+00 -1.010142390899430032e+00 2.747835844981250109e+00
-1.284844039881619882e+00 -9.539332391799898447e-01 3.065622363637469761e+00
-7.676032426296499622e-01 -7.382115640304699467e-01 3.372236083995249434e+00
-1.272442461291880100e+00 -8.965268271238199249e-01 2.945896086513779988e+00
-1.350885635404490026e+00 -9.415061487528298967e-01 3.059528694937249327e+00
-6.249641104106400391e-01 -7.249722751368600226e-01 3.264237952104319440e+00
-8.469836479952000952e-01 -8.694223687392299560e-01 2.665561226028870134e+00
-1.351468107687290310e+00 -9.342888570006598892e-01 3.057241015962119945e+00
-1.489117565961150191e+00 -4.546690198901999491e-02 3.164415426299440171e+00
-1.463778368130499885e+00 -6.911722434903001810e-02 3.157922704238830480e+00
4.063338482156799714e-01 -5.954658247287899497e-01 2.908417892362909818e+00
-1.233768609819870132e+00 7.394581923256799971e-01 2.080885857516380000e+00
-1.398709116473130010e+00 -9.384950251226998885e-01 3.094764844719659624e+00
-8.801829284232201012e-01 -7.207075137107098461e-01 3.216264137674449852e+00
-1.146693984325489968e+00 -9.940015018889699627e-01 2.781245590739809703e+00
-1.200072818515200090e+00 -9.678147641111699562e-01 3.135168917401849775e+00
-1.357040673900820060e+00 -8.360051089533299118e-01 2.906631083532090098e+00
-1.162662395553849981e+00 -8.472105049381200015e-01 2.883199239848440065e+00
-8.263747468296899212e-01 -7.336067496454499182e-01 3.166962926566670333e+00
-1.117133278528940066e+00 -9.429827357141999933e-01 3.131814456898540211e+00
-1.197621938366520089e+00 -9.696173778711598690e-01 2.787892364812319279e+00
-1.145351730744889940e+00 -9.264389959355400217e-01 3.052545923440659781e+00
-8.797989166528299432e-01 -1.055537766786870169e+00 2.874330933085549766e+00
1.164302717694098988e-01 -4.817927031700499629e-01 2.858299034525309423e+00
4.508886378780799786e-01 -4.740099752252699417e-01 2.831638252702069813e+00
-1.432103176973140046e+00 -5.065533166029299039e-01 3.036266836829409677e+00
-2.515187710737300519e-01 -5.440413079495499682e-01 2.971136271046990185e+00
-1.104427200855590208e+00 -8.591695255761299110e-01 2.950924457082669594e+00
-9.136675196278301048e-01 -7.600640627014499939e-01 3.371661426828069796e+00
-1.045840366321640236e+00 -9.498850244446798152e-01 3.097292415398700260e+00
-1.072803376274889864e+00 -9.161993089088998898e-01 3.049800433079379758e+00
-7.769603656844200623e-01 -7.698925724365799361e-01 3.351223422811560493e+00
-1.015576538428870190e+00 -7.646946080141999724e-01 3.240015495210160079e+00
-1.376302923681950174e+00 -7.586324215936199877e-01 2.776700125973320166e+00
-9.198988478342802200e-01 -7.186108078498498752e-01 3.228172422213509751e+00
-1.254166570780500090e+00 -9.483449303848500156e-01 2.990037188309909943e+00
-1.251711452752720000e+00 -8.676902672083799395e-01 2.918568321167840374e+00
-6.491617756968599551e-01 -7.493503926335098875e-01 3.317461546711109932e+00
-4.817848150440600108e-01 -6.345481518495899032e-01 3.035971104216649952e+00
-1.194253966879450068e+00 -9.399022370051699493e-01 3.113791889727290041e+00
-1.224014506427810067e+00 -9.732453438066599460e-01 3.108462329496480159e+00
-1.289938969391069890e+00 -9.501587219507099391e-01 3.113572149471429462e+00
-1.163418076043990057e+00 -8.527927680991199688e-01 2.887362513932859809e+00
-1.194379402780069821e+00 -9.655331565151500373e-01 3.130163031002669793e+00
-1.021540495740179910e+00 -8.284264457908498969e-01 2.923777884590530007e+00
-7.553956604393999852e-01 -7.488403561112099149e-01 3.306465032506789914e+00
-1.022635308031119905e+00 -8.658596458854899147e-01 2.977512725049769937e+00
-1.055194369801350174e+00 -8.231923111731899168e-01 2.910117966666249778e+00
-1.199984037715710272e+00 -9.468904841895600111e-01 3.043289562699779793e+00
-8.808012628862100790e-01 -8.535455320886399244e-01 3.104701930166339885e+00
-1.027597680284540127e+00 -7.025346686751899883e-01 3.323602678621130124e+00
-1.139857238096049885e+00 -9.245945878966799203e-01 3.051990252426380223e+00
-1.169052184274380179e+00 -9.584690833199999149e-01 2.776401441030719841e+00
-6.952672171479300500e-01 -7.184093298058799038e-01 3.259132568664119933e+00
-7.937232932513400563e-01 -7.150147841211900168e-01 3.254622554853769945e+00
-9.452587663828100339e-01 -6.872792588805299863e-01 3.171032366110510203e+00
-6.725634939675995128e-02 -5.190822912819599289e-01 2.881331447543220126e+00
-3.894356082351500548e-01 -7.653059774944800386e-01 3.360857533315639412e+00
1.486790190724995853e-02 -6.785744044601098590e-01 2.685409882736669918e+00
-2.272444977950599521e-01 -7.890244786100099050e-01 3.294060087312530083e+00
-3.513704742238099588e-01 -7.646698496869799300e-01 3.371697000309639591e+00
-6.949314047879299183e-01 -7.466335902368099742e-01 3.317258783963150215e+00
-1.196424809118259880e+00 -9.447824410352698710e-01 2.727412207776649833e+00
-1.379967539277320077e+00 -7.683665150153399237e-01 2.787583460005539582e+00
-7.145500348529799650e-01 -7.583541695130300297e-01 3.363099827958769605e+00
2.009775190642004716e-02 -6.494293858333799463e-01 3.146022687757140002e+00
-1.593531525568800955e-01 -7.751314303185000698e-01 3.276188927421099795e+00
2.700836491624003521e-02 -7.077400848244799203e-01 3.244719823701200045e+00
1.658547477112100044e-01 -6.868122025700099664e-01 3.263746917993609831e+00
3.135729015367005879e-02 -5.832400111883399019e-01 3.007886291881239682e+00
2.754692945493499856e-01 -6.419973097787700089e-01 3.177843410588009565e+00
4.466521468042400356e-01 -4.376227130952899946e-01 2.852529186005569706e+00
-6.662768750225400716e-01 -6.398745171667499232e-01 3.149905560099589774e+00
-4.441807459690400584e-01 -5.513066050597199563e-01 2.980442593050059763e+00
-4.581186413013400571e-01 -7.346775624641400659e-01 3.289157966262859389e+00
-2.523138638428200076e-01 -5.795550856136699736e-01 3.015672358198150604e+00
-5.605518328948499995e-01 -7.519228635407099182e-01 3.322943670637190205e+00
-6.306719846124000384e-01 -7.694698562486999016e-01 3.370354140868120130e+00
-7.313077923667899993e-01 -7.623434355251699213e-01 3.292269896442309385e+00
1.214239487759899427e-01 -5.415536539665298799e-01 2.761199258676910073e+00
-3.037937843497800494e-01 -6.779780816070298810e-01 3.245319390555970074e+00
-2.775613701503000241e-01 -7.229812812739498940e-01 3.204250812908049806e+00
-3.883302933222700370e-01 -7.220669395880999764e-01 3.271329222584660190e+00
-2.197578085952099913e-01 -8.358817874498699618e-01 3.389765884351170211e+00
-4.296107033227399841e-01 -8.502771365526899938e-01 3.455377006510230053e+00
-5.788040351236001246e-02 -7.405894991806799554e-01 2.668995309421700046e+00
-1.845228769883899833e-01 -5.527261688580898946e-01 2.768603144229849544e+00
1.052929633564300138e-01 -7.833258054214800037e-01 2.640731906996180101e+00
7.297939543855699318e-01 -1.086739444358640005e+00 3.455691165520320407e+00
-3.480956556687300196e-01 -7.553292253413299573e-01 3.387366505662170457e+00
4.590470682511993417e-02 -5.891784274497599005e-01 2.731247556745679983e+00
1.177328204660499811e+00 -7.618320365081099332e-01 3.417286963502909725e+00
6.695475686185200503e-01 -3.133072193260499905e-01 3.955969157376809431e+00
2.926197013266899072e-01 -5.809149574940100091e-01 2.907031618738790346e+00
9.002309434229899265e-01 -1.210509248863140153e+00 3.588463362279059599e+00
9.998489110374301214e-01 -5.063226956972699533e-01 2.942283919676909942e+00
-3.569070723334299977e-01 -7.488463630987498565e-01 3.324506238198469799e+00
8.493086579708098993e-01 -7.958052623065199338e-01 3.517202188638319793e+00
4.551738872851300854e-01 -8.228020167327598777e-01 3.602353819254200396e+00
7.005537488077798747e-01 -2.131192098031799709e-01 3.842663206502079376e+00
7.042644047771599025e-01 -2.061548133730499721e-01 3.839992333280749737e+00
7.126275029504701708e-01 -2.926203143170499898e-01 3.824615021625310085e+00
-8.271852728490070028e-03 -8.254584894806099582e-01 3.521596228938689954e+00
4.538784124678996168e-02 -6.505606418790599310e-01 3.228871057510140030e+00
1.024207842610849628e+00 -6.227654052731700363e-01 2.780854699900589644e+00
1.058406165061999804e+00 -5.773153657086299573e-01 3.025939333737269976e+00
-4.335950887602000314e-01 -8.483069795281499292e-01 3.457770802339790173e+00
6.629247464166297954e-01 -7.778431854954899194e-01 3.592047540823209761e+00
7.304978349114400471e-01 -6.712174468361998825e-01 3.464048132901500487e+00
4.908629362067995494e-02 -8.115923478272398794e-01 3.530982513756600216e+00
2.005785328757699881e-01 -8.250087130104598598e-01 3.517129211660659838e+00
3.013180217106099512e-01 -6.375869846501399651e-01 2.938955099395959891e+00
1.399232340265799124e-01 -5.221394973992999899e-01 2.747728998846399762e+00
-2.035744771984004942e-02 -5.690162872113898596e-01 3.018446773217509538e+00
4.301448765505699878e-01 -5.613966914398198504e-01 3.016336209965500004e+00
4.211824886478399144e-01 -5.193275419456498954e-01 2.943171703851310106e+00
-5.112168379172300492e-01 -7.197673881571798882e-01 3.256206464126059519e+00
-4.749084932667500536e-01 -7.590123546304499147e-01 3.341397909369289820e+00
1.018065049513859677e+00 -6.384203609501700738e-01 3.217924154836889983e+00
-5.605667308681000494e-02 -8.076509335764899822e-01 3.536399006679010082e+00
3.082142854604900117e-01 -6.363991658715598687e-01 2.933202998319120347e+00
-5.986589183641005674e-02 -7.883675354777999189e-01 3.270332280144840009e+00
6.339917180652987483e-02 -7.136374952513698799e-01 3.239313626007449987e+00
-2.819078528221700131e-01 -7.293267691393499064e-01 3.199005717129310256e+00
4.657517276020001207e-01 -6.201487649095199783e-01 3.138514438290440189e+00
3.487712729504299780e-01 -6.129032502058199272e-01 3.071143519027919933e+00
4.825118779329995444e-02 -7.251958795874698938e-01 3.229762709025930434e+00
-3.889279102096000473e-01 -7.661987454873600001e-01 3.361018678430540252e+00
4.424676659234600962e-01 -7.535993007300899604e-01 3.670770593741889964e+00
7.002082618554698046e-01 -3.111235529978699788e-01 3.811396295095229814e+00
9.273791866657697947e-01 -5.883140069580600207e-01 2.696075016026239446e+00
-3.452134351987200533e-01 -6.993733708487398504e-01 3.244909217291380266e+00
-3.682492391914993224e-02 -5.459784943132498514e-01 2.907402455119890039e+00
1.825782830730899864e-01 -5.526251555224799272e-01 2.982281645734760289e+00
-2.458195623182199974e-01 -4.576741481014200419e-01 2.855869017379399910e+00
2.404345387957995683e-02 -6.036887723052598576e-01 3.030055025586579465e+00
-3.574443324519399612e-01 -7.549097996900699936e-01 3.327665239837450439e+00
-1.020172864750999997e-01 -6.517979062721399597e-01 3.106505860028620170e+00
-5.134287776311002860e-02 -7.595397031003798816e-01 3.269874673449900015e+00
-2.271456704848001107e-01 -8.376474829861499938e-01 3.306725202960109744e+00
2.448346876191997978e-02 -6.091781183488499396e-01 3.033916514972830214e+00
-4.376807191441300371e-01 -5.446566841273198234e-01 2.974762609302080030e+00
-3.188812585621600415e-01 -6.642533695223999946e-01 2.992636787673700116e+00
-4.259329442717499914e-01 -5.500740106697100673e-01 3.015202991868070281e+00
4.361600049489000597e-02 -6.152546076462899194e-01 3.043323435325429926e+00
4.303082029420500776e-01 -6.062478947268299390e-01 3.093173340528109883e+00
-4.056657165530200282e-01 -7.400885738272799941e-01 3.305014113505700291e+00
8.169579406497995411e-02 -5.580378617376000605e-01 3.117187336892899729e+00
-3.535069963113300351e-01 -7.503095376362700630e-01 3.300217719628149915e+00
-2.376113156047299779e-01 -4.691845226707500038e-01 2.867700567143250279e+00
-3.947573635682400939e-01 -7.106965245553499289e-01 3.259070945390669660e+00
4.666541258675599435e-01 -7.901023568809799613e-01 3.546580270350019770e+00
-2.193764904881400635e-01 -8.641822412855999502e-01 3.395458828658360240e+00
-4.588306114283900450e-01 -7.290938058320699522e-01 3.273618228893790061e+00
-2.452178106929500112e-01 -6.539453076627299577e-01 3.110081161542309847e+00
-1.596089902865800436e-01 -7.773696676286998564e-01 3.274970490828560177e+00
2.945176628260992580e-02 -6.816375079230899692e-01 3.276606649281990080e+00
1.541797544427999656e-01 -6.718529414428799917e-01 3.261777568934240090e+00
-1.705074005884900101e-01 -7.169552812882199477e-01 3.172655014777459925e+00
1.739844657484800328e-01 -6.683951997092398845e-01 3.244551415369140379e+00
2.628912851869991130e-02 -5.941799453574300172e-01 3.021368791398349796e+00
1.870890190189000712e-02 -5.823150250777798798e-01 2.997618679437040079e+00
9.187422021281999029e-02 -5.589013654248299323e-01 2.965527287570750126e+00
8.280410002092997157e-02 -4.661765488515900446e-01 2.829683410095270357e+00
-8.896200869754999907e-02 -7.522993959719699308e-01 3.220470501491309978e+00
1.643058027229100659e-01 -5.814419798932799477e-01 3.147934807606460161e+00
-3.145250787948300486e-01 -5.942643423622500087e-01 2.947869746351429843e+00
-9.111932309470005542e-02 -5.320020097338599152e-01 2.792961371528039471e+00
7.013660930492005008e-02 -5.125317861426900157e-01 2.864076817303630396e+00
1.883587450463999335e-01 -7.284372035828099445e-01 3.289014992684430094e+00
3.470059331993500251e-01 -5.658147122765698755e-01 3.030808322547769773e+00
7.370701189534999420e-01 -1.115720239060499885e+00 3.461478382555559730e+00
1.117209974974609832e+00 -5.473548312284699513e-01 3.032854075107709768e+00
9.437125051317999391e-01 -5.037016837214699505e-01 2.985889366702869641e+00
5.956410046768300104e-01 -9.052485651065999006e-01 3.781551247459359999e+00
1.026227702870379677e+00 -6.334953858171599173e-01 3.225627183609240056e+00
-1.054036097830299834e-01 -6.581976393604198616e-01 3.106807296491279846e+00
-1.740884447248003397e-02 -5.371424212691698896e-01 3.000325035775669669e+00
4.677009414490007622e-03 -5.537046502520699409e-01 2.927523672258249832e+00
1.529323673399999306e-01 -4.210889972694299987e-01 2.814363154507130371e+00
1.739728400543993914e-02 -5.669025203862000373e-01 3.059802786852860113e+00
4.876356286977300281e-01 -6.178055359768498400e-01 2.949171454762189892e+00
2.937150351771100620e-01 -6.528965036820898460e-01 3.170001821061789737e+00
4.039233130927200044e-01 -5.816992896755398545e-01 3.130251969982519977e+00
3.826533765313498980e-01 -6.053568199541999872e-01 3.068225702774499464e+00
4.762823019183500817e-01 -5.160380228308799611e-01 2.983785223624619842e+00
6.811857517276999063e-01 -5.678363501126999502e-01 3.010885981115180243e+00
1.032033544547879877e+00 -3.750050500185299618e-01 2.803215431909470201e+00
7.088351649332399473e-01 -1.063577121693660033e+00 3.476937604330939902e+00
6.581494140757900846e-01 -9.131180982351598807e-01 3.710999132805979706e+00
-1.803385535909700077e-01 -5.632926390935099059e-01 2.777911930102610061e+00
7.168941445487201358e-01 -1.012540279051920011e+00 3.734142235735700144e+00
7.370037481314498651e-01 -1.115942976687629873e+00 3.462016642116390042e+00
7.238287175504299897e-01 -7.570137611772599362e-01 3.507699504509279809e+00
6.047065618104999762e-01 -8.071431442022100056e-01 3.641665375410930050e+00
6.894458028616999856e-01 -7.629445065168299900e-01 3.476400678462530092e+00
8.488596497805299679e-01 -8.789500635281999319e-01 3.522512445122359726e+00
5.493741669870401134e-01 -7.516701451977298998e-01 3.554204562893330088e+00
6.143550970164700642e-01 -9.416086562017799144e-01 3.780496292841859951e+00
8.756215104641899005e-01 -1.220652239103510173e+00 3.678618085784250091e+00
6.042331993582800154e-01 -8.430896039725499502e-01 3.716984925090009995e+00
7.810468162747600251e-01 -8.818512142452599178e-01 3.519492725806700140e+00
8.102366438211000554e-01 -7.527162219770999751e-01 3.469550193085219725e+00
8.273080985208401961e-01 -7.805825181908399024e-01 3.480658603508319349e+00
8.558018986968399799e-01 -1.178475556262519985e+00 3.675645819048699803e+00
1.092797425583469817e+00 -6.659801304871499905e-01 3.236168739750770129e+00
1.011671809328009708e+00 -5.180084151037498419e-01 2.949979360337390055e+00
8.096327852099599598e-01 -1.083565580775839976e+00 3.713877610609280122e+00
6.740687955340501913e-01 -7.429707155856900558e-01 3.532669693999849869e+00
1.060923615198030134e+00 -5.960973618210299030e-01 3.008779938976269719e+00
9.871551357418301142e-01 -5.357502993736799057e-01 2.925687044104020362e+00
7.626409107976798163e-01 -1.025212518077400103e+00 3.712748362919540135e+00
7.680270602153401738e-01 -1.165584529949999837e+00 3.598067166201280198e+00
7.669923500837400043e-01 -1.161220865786130041e+00 3.591068850087550057e+00
1.044652832366200101e+00 -5.306332427473799962e-01 2.901448363666280006e+00
5.649140738773800186e-01 -8.387928283146899311e-01 3.763622510848249725e+00
6.021123464070100573e-01 -7.348657488571499474e-01 3.524314774785730187e+00
5.407329647028299435e-01 -7.657815375034798810e-01 3.570400879078300171e+00
5.770790699079199060e-01 -8.200418562026700053e-01 3.764795456926230521e+00
8.466952759914300186e-01 -1.021409866432650082e+00 3.773003939826589548e+00
8.000890098190799327e-01 -1.141740031013339873e+00 3.705916868360379812e+00
7.652576283758699693e-01 -7.151142155986799365e-01 3.502471867826080665e+00
6.053094378806699316e-01 -9.083313662042998837e-01 3.757028150672760081e+00
8.573946078916999669e-01 -1.186703122415339928e+00 3.675900545850120160e+00
8.098965606286300245e-01 -1.104799173700439896e+00 3.474767920508440078e+00
8.376498231915400217e-01 -1.023643102887300094e+00 3.788966246919820424e+00
9.061785611547500396e-01 -1.178719647860129838e+00 3.562697434702950083e+00
9.597289512254602029e-01 -2.427478303574699681e-01 3.892923673877050295e+00
8.145413384654699440e-01 -6.345407228414999823e-01 3.867146602838940073e+00
5.743109810341399113e-01 -6.912383017626599901e-01 3.484604055820220037e+00
3.081688030247000665e-01 -6.820571963657999781e-01 3.120001226157579577e+00
6.497280316406600642e-01 -8.988930104518799702e-01 3.793406063891500146e+00
9.597539340775299577e-01 -2.306509064411700338e-01 3.893141855607130442e+00
7.924335059433399442e-01 -6.217797786475499633e-01 3.840820928841230053e+00
6.639223202905900623e-01 -7.340580844508398650e-01 3.516256646736700464e+00
7.891459842027798155e-01 -7.115751183677400116e-01 3.841096232883019823e+00
1.005447346690799826e+00 -2.714576635717200204e-01 3.892826609004780281e+00
9.464877066180797938e-01 -1.107675706954320161e+00 3.693973046369280144e+00
7.199154896929299552e-01 -9.684830689191299413e-01 3.585442679721469794e+00
8.354934786521398538e-01 -1.021858590831539848e+00 3.787981257146119329e+00
1.201379121361680014e+00 -7.287519023728199485e-01 3.414811901303880237e+00
4.478397180451987314e-02 -7.740989033116498774e-01 3.509981985231549917e+00
3.675553593413005693e-02 -7.146115362099298984e-01 3.238358695203710003e+00
8.327826551603001448e-02 -2.400979261208399940e-01 3.639060061998439899e+00
6.987974762568799347e-01 -8.355396011832899594e-01 2.724960162604609604e+00
-1.483920482068700752e-01 -7.765892355366900146e-01 2.651798537987069881e+00
7.636187931396000161e-01 -1.043344387175819898e+00 3.696535885532120425e+00
-7.249217797781004613e-02 -6.756232524321299504e-01 3.160343800331849806e+00
7.737989675516298016e-01 -6.751451264925899531e-01 2.576342952904730144e+00
-6.552306027695700141e-01 -6.276438417702600026e-01 3.051883857331040062e+00
5.072459830289921534e-03 -8.094738761645399183e-01 3.512622570108959952e+00
6.762824071747098875e-01 -5.828917556197499295e-01 3.027048836161489564e+00
4.448819296861399319e-01 -8.219192612977799239e-01 3.598487149785420502e+00
8.988376965595598067e-01 -1.207802358389430175e+00 3.585782511967329889e+00
1.199576290834730052e+00 -6.448568591435999142e-02 3.746077438840340168e+00
8.505728731394600617e-01 -1.031408003786369987e+00 3.776246703038090402e+00
8.559245530202100882e-01 -1.183464463275389900e+00 3.676536560579390045e+00
4.669748643988599346e-01 -7.801348638038699823e-01 3.684320761619830353e+00
-1.024538141859987483e-03 -7.299196700124600534e-01 3.508839234352980174e+00
-1.878462423995200248e-01 -8.018410563578098893e-01 3.406695417286049743e+00
-4.300083649017005794e-02 -2.267666738253300007e-01 3.857989363167390273e+00
-4.968388542910007200e-02 -2.232603505740600180e-01 3.858772293705920120e+00
4.291248148411799246e-01 -5.055153713741400434e-01 2.933730305107420389e+00
3.135904624830043730e-03 -8.111744045121899171e-01 3.514254495951270041e+00
3.755114672832400302e-01 -6.068095914620099673e-01 3.067945713179649925e+00
8.936654406696301622e-01 -1.189311358915859929e+00 3.539371364128699682e+00
-5.192005477601200347e-01 -2.419545761112900095e-01 3.861455856018309873e+00
-4.603714963215999045e-02 -8.086924007425798644e-01 3.535493608934900056e+00
-1.203486685089200647e-01 -8.209323348798598374e-01 3.357209527843620034e+00
-1.129252607769899996e-01 -8.190872721401699641e-01 3.354757478269770221e+00
-7.104739755362999842e-01 -6.171132007328999913e-01 3.107529632561859767e+00
-9.363136027642999792e-01 -5.387942538403199810e-01 3.744300847482359806e+00
-9.095711815500000519e-01 -1.324308294941100028e-01 3.662460608851970001e+00
9.985086926498000226e-01 -6.733025469977399480e-01 3.265667411432479739e+00
9.331409235656399348e-01 -1.141671182234850201e+00 3.667050801711089658e+00
-5.306574382178600446e-01 -2.351683340316900184e-01 3.864227963670170407e+00
9.192998150363499432e-01 -1.191743662495410083e+00 3.565682288275190182e+00
-7.980453772727003070e-02 -5.182281937001699257e-01 2.901138966704309929e+00
6.771501360623298771e-01 -5.749841805369899639e-01 3.026871075494650398e+00
3.716016327554200194e-01 -6.012276063588299913e-01 3.066105297217890158e+00
-6.602402610850101050e-01 -7.561540172358598433e-01 3.327606086381099448e+00
-5.305499092251901860e-01 -2.683793541650100201e-01 3.873999743634290116e+00
-6.435565729399500556e-01 -6.371120861972399130e-01 3.055629915619640258e+00
-9.689915444923200560e-01 -2.760160416796499927e-01 3.938063177363030132e+00
-9.605372449815401392e-01 -2.838638175645000206e-01 3.932216004147039978e+00
9.624290223226298346e-01 -8.846002694043000325e-01 3.582120639266979989e+00
-6.759505994324700451e-01 -7.330841141426098773e-01 3.266040218493790004e+00
-1.366011859838530018e+00 -6.642328556313299437e-01 3.369534409719189938e+00
9.832700463687399361e-01 -1.044457361174790266e+00 3.632003020337149835e+00
7.145966941935401051e-01 -5.375088842697298697e-01 3.025204162344650172e+00
1.776289524075991277e-02 -6.269115014541299935e-01 3.151466269698190104e+00
6.478163776187401135e-01 -5.626497787253699201e-01 2.933539900591089822e+00
8.836533130726599294e-01 -7.098773519934599152e-01 3.509799707221440190e+00
-1.635439734277600032e-01 -7.793730220852499446e-01 3.418299154743389856e+00
6.581851572172700005e-01 -6.253109939428499464e-01 3.129700786528049949e+00
-8.775481677711001183e-01 -7.974791556499200018e-01 3.798130953199899906e+00
9.642902060875501169e-01 -8.849424389702099658e-01 3.579160231449909801e+00
9.902036054665198650e-01 -6.773451139198198856e-01 3.245984773287680536e+00
5.628787425770601649e-01 -5.863364256185999990e-01 3.037457942347480344e+00
6.838096042544298259e-01 -5.843632254201899245e-01 3.029105223584569462e+00
2.978565643744098823e-01 -6.320469188367600077e-01 2.937050500082759807e+00
2.127256357608999782e-01 -5.895746449355698804e-01 3.072964116493909881e+00
2.618556072263599210e-01 -6.421159073397899597e-01 3.180106802294129675e+00
1.114467376727800163e-01 -7.202090326391998865e-01 3.272362688614459447e+00
1.919802770735199449e-01 -5.371769167991998772e-01 2.988955502634520034e+00
-6.410061474702699602e-01 -6.308353140146999438e-01 3.050283228525180412e+00
1.196267938356780025e+00 -7.584079573298398991e-01 3.422719758790159883e+00
-1.735066781070500053e-01 -4.998909792808500230e-01 2.895152484873690035e+00
9.641769397814502485e-01 -5.745797698572299161e-01 2.959154635530709676e+00
1.049274314033609823e+00 -6.175644208343098462e-01 2.732843742579449842e+00
9.607917186346200955e-01 -7.166716267786799044e-01 2.522857547093820152e+00
1.030925145193959835e+00 -6.497827915949699884e-01 2.562679352102069874e+00
7.717792352944500278e-01 -7.173730037417399563e-01 2.557068813712879862e+00
9.444519530157599041e-01 -7.525952009248499941e-01 3.494492798455610227e+00
5.156811074293500274e-01 -6.218972306603699485e-01 3.149125146122529806e+00
1.040686715660310124e+00 -4.851066120727499098e-01 2.945129929140249736e+00
1.067969790330139723e+00 -3.216031843574099769e-01 2.586898112985209774e+00
9.638613211474699183e-01 -5.752727993734799705e-01 2.961920350641979560e+00
3.721162201809700143e-01 -6.259530834453900239e-01 3.140831294130050022e+00
1.128571931789120075e+00 -4.332594531655200032e-01 2.871387711008279719e+00
-3.536609076241500338e-01 -7.869397209320999620e-01 3.359489329560759963e+00
1.039623451482400096e+00 -6.619419916484099442e-01 3.192522285704169960e+00
1.100708637131449841e+00 -3.877312391091299881e-01 2.853918059129489926e+00
6.684718410240598763e-01 -5.482079540184899846e-01 3.049700412399209526e+00
1.071619668237870027e+00 -5.345221489612199672e-01 3.045115271524719613e+00
5.131007146276599373e-01 -6.260605916781898372e-01 3.153866942912850302e+00
-2.993153985571006537e-02 -7.952092941954898020e-01 3.278323737669369908e+00
-6.375443643035700880e-01 -6.102387349096199953e-01 3.140795942163179699e+00
5.119351961398498352e-01 -6.234624704371199977e-01 3.153579485607579613e+00
4.623324709692199219e-01 -5.276355664900799214e-01 2.980738018405299616e+00
1.013929311263530142e+00 -4.293442217555700213e-01 2.784064746091950315e+00
-2.665601433643300933e-01 -6.427824207147599944e-01 2.939837043260019378e+00
5.071281996211799425e-01 -5.051185686255000862e-01 2.995033992127059452e+00
1.094532420699680042e+00 -6.074937711184499323e-01 2.812485741872490230e+00
3.700076252050600312e-01 -5.828932833632398669e-01 3.051530034676140257e+00
1.020956569166799888e+00 -4.075272371592300047e-01 2.801982369020850072e+00
1.070290861337619859e+00 -1.642140646977900131e-01 2.665919213860889592e+00
5.094068261253100749e-01 -5.154728854712399277e-01 2.999319003048080301e+00
1.063564310846909944e+00 -3.351895988731499187e-01 2.626507657067549406e+00
1.220215121846790041e+00 -4.224316451369976647e-03 3.006714233254909718e+00
1.095622872375500378e+00 -1.972060540773000192e-01 2.819388457999780329e+00
2.439639553103799541e-01 7.428635976432599319e-01 2.128196402503639284e+00
2.550192286521101304e-01 7.347895204901699895e-01 2.128111547565690209e+00
7.799399344782002030e-01 -8.639032663271999368e-01 3.554659827302719677e+00
1.060582061308089852e+00 -4.585485993523200077e-01 2.904460696710520207e+00
1.016001107682880100e+00 -1.522952003994600401e-01 2.473979674211260082e+00
1.043747822243040080e+00 -2.405194266800999431e-02 2.451014295179009927e+00
7.012412766344900961e-01 -1.432644222850499860e-01 2.126090122808529603e+00
1.152615463478860125e+00 -5.773964349593999623e-01 3.197502676226000151e+00
-1.732216764089900551e-01 -6.282571581649800674e-01 3.171010530810680184e+00
8.577117846377900756e-01 -6.005564999564099171e-01 2.417784299335170139e+00
-2.433610230231997296e-02 -4.566660132251999793e-02 2.066892500645920450e+00
1.103207951040969803e+00 -8.011451115463199546e-01 2.388605237128320180e+00
2.014833931422999047e-02 -7.930666674799798921e-01 3.316690316222699497e+00
-7.764338347352801595e-01 -9.888833837219400680e-01 4.149584947075160457e+00
1.138967084820070141e+00 -4.366009477409699691e-01 2.867620120267109662e+00
8.243058903454699715e-01 -8.600698814719799357e-01 3.519926607951620046e+00
1.129251192160489747e+00 -4.551176473983899462e-01 2.975780194993449701e+00
6.309132416251600484e-01 -7.828184647305600485e-01 3.499994600530300204e+00
4.378065557205900182e-01 -6.276986510126698615e-01 3.176926171781090158e+00
-6.603525680173100154e-01 -7.240102488031799899e-01 3.256567704562059351e+00
-7.162227261376400422e-01 -8.240640581143798826e-01 4.149533122131740193e+00
1.087479543633240286e+00 8.457356817510008548e-03 2.857751381613190311e+00
1.012651350383459992e+00 -4.259974615608000392e-01 2.783541200880359945e+00
6.552606974504998627e-01 -5.454606136201799460e-01 3.045383095725000100e+00
7.120115659811298015e-01 -6.250129097824799196e-01 3.195361453602279855e+00
8.762580584528397720e-01 -3.146564614566299545e-01 2.403208384100489425e+00
4.841970388294799532e-01 -8.068411962224699696e-01 3.641760808501329993e+00
7.595506422110699374e-01 -2.280648974829600217e-01 2.429809527025919902e+00
1.019186489652780025e+00 -5.184406464139800219e-01 2.934642237651019947e+00
7.456698751672600212e-01 -1.421742404556000094e-01 3.619828402808079826e+00
9.905713962220800139e-01 -2.702359162661699954e-01 3.929081099723190196e+00
1.049265816837489762e+00 -5.623672487133000303e-02 2.433659982011230127e+00
8.738388089470502385e-01 -6.552397380510599501e-01 2.306133778407779999e+00
-9.015164450252800554e-01 -4.447503984834000335e-02 2.278546527430459712e+00
6.045143749741298533e-01 -3.208708116333000016e-01 3.861404283185519759e+00
1.081284795892450301e+00 -4.495352209355999995e-01 2.864198967758859737e+00
4.206492464500000139e-03 -2.105338570289100042e-01 2.424183089631750221e+00
1.029640816155970029e+00 -5.005669162332300193e-01 2.787171744527949802e+00
9.051835479697000197e-01 -5.754261350486699067e-01 3.042093903862669979e+00
1.016457872773130156e+00 -6.471785182284000015e-01 3.221349766535700265e+00
3.529524795537599680e-01 5.166698345975400120e-01 2.415835771374279517e+00
8.331880335639400004e-01 -9.555067841304599741e-01 3.510212738717859882e+00
7.775362498149499535e-01 -9.571727452463099084e-01 3.543134022888409618e+00
7.194543449955100867e-01 -3.534100073846400125e-01 2.398556272657200505e+00
4.406069715067398862e-01 -8.151239522192400555e-01 3.673547456835959846e+00
8.693703264838198441e-01 -3.063281980200299182e-01 2.412632870966469500e+00
1.184956709354060056e+00 -7.454066696483099275e-01 3.431927895431449382e+00
1.293217928618439760e+00 1.865447210288999347e-02 3.229195001535090093e+00
7.722533940113901485e-01 -2.849683211896199553e-01 2.411449939917619911e+00
1.091223987429729814e+00 -5.321211369642898648e-01 3.005534415665789716e+00
1.246250556788900177e+00 1.982351970610199965e-01 3.288385784273999857e+00
7.189279222735399655e-01 -3.564822119697599878e-01 3.893740394317580122e+00
8.354070656975000064e-01 -6.790882911083099271e-01 2.407495961548309804e+00
8.219894249443199241e-01 -3.042242248973099916e-01 2.411125360713349597e+00
1.020045742320440318e+00 8.572907411025000590e-02 1.977403488276170629e+00
-4.726117071623200383e-01 -1.977950910590400013e-01 2.384491074328659810e+00
1.119249884116289895e+00 -6.377002081365600317e-01 3.427352478060739838e+00
8.774357507847402315e-01 -4.315421289395400262e-01 2.387729109634539881e+00
-4.636857796349300176e-01 -1.929738801819000094e-01 2.389449552649280051e+00
7.934523186732000966e-02 -2.376459230200200223e-01 2.411496144739700309e+00
2.200317754950500415e-01 4.655320238690399126e-01 2.574879222084459851e+00
1.044479961655159883e+00 -5.222367940100999112e-02 2.436318111628489991e+00
5.625610864674100986e-01 5.296392193150800676e-01 2.529220435014119417e+00
1.469370881510400073e-01 -2.448380138031000242e-01 2.439135321464600104e+00
4.345700407594099701e-01 -4.471090611473999554e-01 2.520255252519340683e+00
4.850161964508600265e-01 5.171515506415200747e-01 2.454193240311600466e+00
7.078911336454200010e-01 -1.385364942137100042e-01 2.111656390289529561e+00
1.003684109401029811e+00 -4.173226945030200086e-01 2.528568457640879785e+00
4.753503566561989579e-02 -3.885832506012300014e-01 2.424950317911029884e+00
8.451667892931501447e-01 -5.581882671790799888e-01 2.470471867161700530e+00
-6.315685033367900436e-01 -5.005855853638200292e-01 2.311146446892679673e+00
-6.104316443120000324e-01 -3.516667065311699925e-01 2.358066744008950000e+00
-7.219889656903200059e-01 -1.968204511673699864e-01 2.400215724171590015e+00
-1.687389126631500536e-01 -1.314280509842100098e-01 2.258100798123450215e+00
-1.572388525328000108e-01 -1.383604263366600140e-01 2.266976511282480011e+00
9.975811481743002140e-02 -2.877580038135300056e-01 2.514483646655989890e+00
8.061541787003397852e-01 -4.460049116766299782e-01 2.353696581897350093e+00
-5.899791989143799986e-01 -4.905653683222500061e-01 2.294100047519430419e+00
8.849274286375100607e-01 -5.484290623565998279e-01 2.429131724902079625e+00
9.143568665171099008e-01 -4.177825769681100532e-01 2.416891325169229887e+00
8.391309861488202015e-01 -5.880021456242998656e-01 2.339090925020679723e+00
1.079008021419889829e+00 -5.726894931925500254e-01 2.790155377706909690e+00
6.789255447638997687e-02 -4.165798876206300294e-01 2.595596516236129858e+00
7.230691577024700445e-01 -6.378909873770098882e-01 2.281534951299209801e+00
6.216413988564201132e-01 1.032970646881500032e-01 2.121788341979010006e+00
4.528776747650500312e-01 -5.020578349553399544e-01 2.503291220351799407e+00
1.029220601089369858e+00 -6.060266462494798834e-01 2.418448549565979988e+00
1.620213626325994749e-02 -1.553388065494500092e-01 2.186223419082629960e+00
8.020349323854999435e-01 -6.784985865624899581e-01 2.354906432922490023e+00
3.030867752249200020e-01 5.442014184192299764e-01 2.443142633929910268e+00
1.069723378524950252e+00 -2.974880976092099671e-01 2.687875634420130222e+00
1.117107991549819879e+00 -4.093890415622699619e-01 2.656741309637390192e+00
8.314810363088699363e-01 -6.501612941159399250e-01 2.282975983047080160e+00
9.800963629120201803e-01 -2.482299899895600293e-01 2.478096008546760043e+00
4.122818177300100473e-01 -5.021457588698399199e-01 2.554328582970899930e+00
1.038073424549399437e-01 -3.191048313724499930e-01 2.478260112100929557e+00
-1.188714447933400531e-01 -5.893134062152499686e-01 2.436152921939330085e+00
1.104562980087909985e+00 -4.102562846222400084e-01 2.688916631377499478e+00
6.898127461404300886e-01 -2.682254069891700232e-01 2.431792068728749978e+00
2.577182304255499767e-01 -1.423991269178700170e-01 2.168662569989709965e+00
4.210210760245099992e-01 -3.978409203511800163e-01 2.550758908307139805e+00
7.016838856265900093e-01 -3.640690486263600256e-01 2.422715685079659842e+00
9.580840536510398797e-01 -1.339310551564500129e-01 2.246733977131730509e+00
7.553158752025900258e-01 -5.481005650610698554e-01 2.337709242641549778e+00
5.497945373912801470e-01 -3.188081607815100305e-01 2.439835635354330012e+00
6.258444859050199538e-01 -1.082536827508799870e-01 2.140491921200379899e+00
7.883251895414201682e-01 -4.499415885070799925e-01 2.359408661273960206e+00
1.966118277183800389e-01 -3.383436151483200094e-01 2.618976875189080289e+00
1.117494692020149838e+00 -4.012441767759000188e-01 2.638939064684799884e+00
3.455651599739600899e-01 3.757912026840299902e-01 2.031026174373590010e+00
6.623580033504999909e-01 -3.309879901157999904e-01 2.478401027639000276e+00
7.580293981308697804e-01 -6.527818752624298115e-01 2.312807871463469667e+00
9.659427948099700290e-01 4.949148958848000324e-01 2.603680476378200215e+00
7.751835525768698831e-01 -6.144531172826099841e-01 2.291932156665249742e+00
8.616844024379500810e-01 -6.633212009295598177e-01 2.306503080262859662e+00
5.859673748115400427e-01 -5.533419960059700049e-01 2.479854279436570330e+00
4.541813408615800185e-01 3.373492218363000755e-02 2.018163415370950009e+00
7.405854573373199523e-01 -3.736326829114499648e-01 2.395823271487489858e+00
9.124197643069399399e-01 -1.085412970658399950e-01 2.198437311324879850e+00
7.990790661098902126e-01 -1.052179828891800090e-01 2.223254549634059885e+00
6.494943590850800197e-01 -5.423328097437299933e-01 2.383036703422109603e+00
5.349236081906499907e-01 2.323606759686299705e-01 2.062877297835750134e+00
7.806442208024301221e-01 -1.536899043716400126e-01 2.137304466838860328e+00
4.642582623656300589e-01 -5.029801636015800437e-01 2.508229045913419775e+00
5.497680940714501086e-01 1.075334108497500024e-01 2.226836447361849824e+00
6.970309478273101211e-01 -5.706220892039098880e-01 2.393262994964730161e+00
1.105473039023370241e+00 -3.532079658964200064e-01 2.699707812031459486e+00
4.398410897731102054e-01 -6.949696246768199970e-01 2.516824096790420295e+00
6.264918975839400828e-01 -9.278957141909997819e-02 2.223815737509459822e+00
5.880029323846003297e-02 -2.223022138363499878e-01 2.400629865158869780e+00
5.272557169525301513e-01 -6.209055402971998955e-02 2.177790409272800431e+00
6.861898658887500835e-01 -4.094542096052999208e-02 2.143738948201949768e+00
6.719646828088797763e-01 -5.324460697512899410e-01 2.380274803245129966e+00
6.380805688882007498e-02 -1.404877135161300139e-01 2.252180247425089821e+00
8.120506837346402884e-01 -4.108165352503200252e-01 2.361651596739399839e+00
9.020241785303199089e-01 5.790285741971999689e-02 1.979080179484779878e+00
6.068958865091099719e-01 -5.521741202540098037e-01 2.424368839875770121e+00
7.473352934998599428e-01 -1.720742696095199920e-01 2.209981617632359896e+00
6.104739193712399592e-01 -4.060444459890900082e-01 2.546157225215130104e+00
1.041823845526760106e+00 -6.196727092896299194e-01 2.452789189443069784e+00
1.039694612400789975e+00 -6.083487038371198086e-01 2.420038285894599905e+00
7.499546162995199827e-01 -4.086111543462599971e-01 2.368224346621320198e+00
7.179789557511798703e-01 -6.414993093981599115e-01 2.307361745039740342e+00
8.529372227615800162e-01 -7.298785978442999534e-02 2.210705908514290385e+00
5.649415784751300462e-01 -1.506519724652099768e-01 2.223917742317169655e+00
7.616802860956098931e-01 -4.910377146398998971e-02 2.172164649895949928e+00
6.970962479890697727e-01 -4.263169259832300106e-01 2.386557437911969615e+00
7.618622364698001137e-01 -6.463410671093698934e-01 2.294212585351110167e+00
1.031606397153919996e+00 -5.869356526250099071e-01 2.451181157408409916e+00
7.793482960061198783e-01 -4.456689404515799535e-01 2.358388996807019744e+00
4.270359338094199542e-01 -3.959167470110400155e-01 2.543643799431740238e+00
2.257807299177598814e-01 -4.475601642605099850e-01 2.555572290737370356e+00
8.329339168230699419e-01 -4.002148278329699660e-01 2.369243970514069542e+00
4.312917362053501069e-01 -4.542164736422700244e-01 2.512396325062210334e+00
6.189651856089301019e-01 -4.138536270826200236e-01 2.465433513157079926e+00
1.329548112048950070e+00 -9.624536093810999449e-02 3.112303092989709974e+00
4.188460153134000441e-01 -4.520539205232000368e-01 2.517134480904579696e+00
6.983777638439000457e-01 -5.327655424088998393e-01 2.348595697666960191e+00
6.389553822092400859e-01 -6.064513456430999927e-01 2.395648515032519743e+00
5.308857961870699915e-01 -3.041653809041999779e-02 2.113137512290639730e+00
5.140381478462000553e-01 2.981423300238000146e-02 2.013543837500179734e+00
9.759465788479199100e-01 -3.155926416403200263e-01 2.551943873065239732e+00
6.500115730397099112e-01 3.093713503869000014e-02 2.015697528762530055e+00
8.049068656707899505e-01 -2.810339528471400006e-01 2.412879710113720044e+00
6.776761387913800005e-01 -4.043239593668100373e-01 2.404548075724689760e+00
7.392534142470198466e-01 -3.687924048185700077e-01 2.391984819021269804e+00
7.256601900141000927e-01 -5.552053884620699042e-01 2.335041786601970148e+00
6.947228422158900907e-01 -4.470085549123800073e-01 2.432844956773859924e+00
1.830958646099298814e-01 -1.653174516410400030e-01 2.223207732895799982e+00
-4.029216439073000089e-01 -1.261837240981500130e-01 2.234624031440230141e+00
1.025520036315529904e+00 -4.130794557229199859e-01 2.511677039315240112e+00
8.398481831367999861e-01 -4.354342795477799677e-01 2.357714599773680142e+00
1.051074867054798689e-01 -1.468194360214500060e-01 2.211184296069629962e+00
2.209565618578099855e-01 -4.339094784111000580e-01 2.549180551879580037e+00
7.023106445430898903e-01 -1.498590346285799957e-01 2.130070808806920013e+00
7.485618263579100207e-01 -1.224566914304399817e-01 2.093261455392839920e+00
7.439103310453599738e-01 -4.976021202578999325e-02 2.152704301381370033e+00
4.883663667964500688e-01 -5.665720179476999713e-02 2.112673638116610242e+00
2.431471593910100593e-01 -9.898528943540998992e-02 2.123644483335290101e+00
6.142014142872201932e-01 -1.803805627058399919e-01 2.344713198529179810e+00
9.686890246768501411e-01 -8.491673274467999299e-02 2.123911921176380169e+00
6.851412031898399535e-01 -4.106796568621199905e-01 2.389312473796079583e+00
9.607195690651004760e-02 -9.450911667293998564e-02 2.115414547441119897e+00
-2.835226056679900353e-01 -7.102779032376599355e-01 2.354919718945799545e+00
-2.904311990304300206e-01 -1.571533332367500146e-01 2.295557608122830384e+00
-4.758111803619299862e-01 -1.875757538120400303e-01 2.362416563262680125e+00
-1.261548655435600352e-01 -1.676063457105900212e-01 2.333482457403369903e+00
-1.555570365418300627e-01 -1.234695037111499943e-01 2.250273865292769848e+00
5.791939169487300143e-01 -5.522370897466798434e-01 2.479189516076400146e+00
8.139158932323898865e-01 -2.553439814674200448e-01 2.463749969698119990e+00
6.482832883489501041e-01 -2.634682577750099841e-01 2.468998141617509745e+00
9.357078576455398755e-01 -2.812197671537999821e-01 2.486802397909740225e+00
1.239420693867300249e-01 -1.505362766521500251e-01 2.219903663035629915e+00
1.442593421060098802e-01 -2.413691021904299794e-01 2.444277036340449794e+00
-1.726832611647199922e-01 -1.438953373630200150e-01 2.277455578308300144e+00
1.223033289690999004e-01 -1.677057275949300208e-01 2.251607081965329549e+00
2.094222264470599892e-01 -2.087376716397900123e-01 2.283936005645249789e+00
-4.105033657278600590e-01 -1.178021733377999786e-01 2.252166772260999927e+00
3.115918100359401643e-01 -3.808277588069999831e-02 2.129559920549540131e+00
2.160060473701199690e-01 -1.084220686124099942e-01 2.152691862490210273e+00
4.443260530121599938e-01 -3.928793287798500455e-01 2.560900670841370630e+00
2.136999129432800570e-01 -4.437303475958699894e-01 2.541067668588990358e+00
5.325777688295996182e-02 -1.068235928412600011e-01 2.113372177294639442e+00
-3.193898846732199925e-01 -2.644519703233200181e-01 2.423413702109479928e+00
-1.363577387353998027e-02 -6.258830988923999583e-02 2.114480442106160041e+00
-4.071984265858800134e-01 -1.668101611355400082e-01 2.330333002088380123e+00
-4.129106806445800304e-01 -1.138897321369500004e-01 2.259671069227809692e+00
-2.588980137969900119e-01 -1.584987474713700217e-01 2.323869362152830131e+00
-2.369289360556499635e-01 -2.151350013500700209e-01 2.424469136737569919e+00
-3.210454752184299654e-01 -8.965196278289099263e-01 2.391542807501609857e+00
-1.086420235394000566e-01 -3.546885444609900184e-01 2.501416642610789776e+00
-3.545552542621900338e-01 -1.013978886163200005e-01 2.224145799094379594e+00
-1.744201754806800619e-01 -1.330065795046500021e-01 2.243433025422469917e+00
6.084253466425800783e-01 -3.977863306046700020e-01 2.540035683583989901e+00
4.230862770922499960e-01 -5.242608805499698876e-01 2.545667404387450539e+00
-2.250205123542100005e-01 -8.380371093700199614e-01 2.290591108090600514e+00
-7.963193602055600451e-01 -2.113773289210800210e-01 2.365290490609539997e+00
-3.420130723458003619e-02 -3.382148991926700043e-01 2.514579387210789996e+00
-1.214194383910199848e-01 -1.422099114711300183e-01 2.271262850818690282e+00
6.400503909219300569e-01 -1.925950216314299968e-01 2.366977713897129743e+00
-5.435819968392000545e-01 -9.834574612187998999e-02 2.213968867961359610e+00
-4.800071062733599625e-01 -6.481411003564500062e-01 2.329236115843849486e+00
2.431783570369699943e-01 -2.234249553211500317e-01 2.350576987512249971e+00
-2.863049630222003206e-02 -5.720981079217198895e-01 2.407705747655159545e+00
-8.044641471131003252e-02 -3.672149460015600164e-01 2.586376851130719690e+00
-1.042851335945600977e-01 -3.613176093092699825e-01 2.521403917280270246e+00
-1.042851335945600977e-01 -3.613176093092699825e-01 2.521403917280270246e+00
-4.828973592225000444e-01 -5.380152503192999619e-02 2.170009087157030336e+00
4.636144347167500124e-01 -3.261854076521100154e-01 2.613738833304350084e+00
-1.018738755087220005e+00 -6.856902789053399561e-01 2.247586069971560185e+00
-9.462813912497101132e-01 -2.412168108949199752e-01 2.146976166161239430e+00
-9.649459759421801230e-01 -7.288856336915399137e-01 2.222251975584079720e+00
-7.941944715288199452e-01 -6.480088792304399270e-01 2.286573905477380375e+00
-7.931455646628100542e-01 -6.516907568961599617e-01 2.291908997704759976e+00
-8.826176607616500469e-01 -9.155739748928999611e-02 2.118167111969070149e+00
-2.605729430100400257e-01 -6.651764317140897997e-01 2.402805213381249860e+00
-8.795011144609199416e-01 -7.572845011424098605e-01 2.368635274879089536e+00
-2.967880645918701266e-01 -8.155618188644400135e-01 2.496008430526659438e+00
-2.055177149534700431e-01 -6.445599161655299891e-01 2.299722420929830147e+00
-9.210426871541799176e-01 -8.102081437617298931e-01 2.205977229785430094e+00
-8.871059432766601471e-01 -1.522545901859699846e-01 2.085116935292389950e+00
-1.280924465119900879e-01 -1.450567342311600283e-01 2.258819632818179546e+00
-1.180304679909940146e+00 -6.646283302518899427e-01 2.313990926615389743e+00
-4.384088522513099884e-01 -2.102863299776100148e-01 2.388294237705250289e+00
-6.004606667173399970e-01 -2.544624211827600235e-01 2.380883908225680301e+00
3.213173086066001272e-02 -1.647187580156999898e-01 2.292787256593900036e+00
5.490035792747993693e-02 -2.332861178175900108e-01 2.406794205874769332e+00
-1.174738860052769951e+00 -6.617440217162999794e-01 2.301263122319459953e+00
-7.746685451626400543e-01 -7.688980099832999349e-01 2.399056342053939694e+00
-9.417876495886400301e-01 -2.413733837342100230e-01 2.157232528169290120e+00
-1.037383587127799878e+00 -8.123909229021000211e-01 2.136323741896600126e+00
-4.584505337636002320e-02 -5.793680189258099134e-01 2.533703656296850237e+00
-7.503568451762999691e-01 -7.666198990490999954e-01 2.346827755188179765e+00
-7.468819884614000815e-01 -8.568539249951099279e-01 2.299770295278929844e+00
-8.141448373155201201e-01 -1.015414118550780120e+00 2.425583524218660081e+00
-2.990980641230299719e-01 -7.276489515474300340e-01 2.477327292372530021e+00
-2.981210291626900100e-01 -7.335267496569599643e-01 2.490400372800060325e+00
-1.305875817193729915e+00 -6.652352473262399535e-01 2.547750770639459539e+00
-1.153595062547239980e+00 -7.206276273094800455e-01 2.235731334965019634e+00
-1.291130349513039954e+00 -7.970136874612498978e-01 2.473029255564949569e+00
-2.792216106527399822e-01 -1.019029687203330203e+00 2.349160282739069849e+00
-3.055089966398499834e-01 -8.056487882035199277e-01 2.463505173976999973e+00
-3.055089966398499834e-01 -8.056487882035199277e-01 2.463505173976999973e+00
-1.322324800280090029e+00 -5.657331085989899533e-01 2.651389208885230442e+00
-4.453808628341100473e-01 -1.931999580345599987e-01 2.340045822410299792e+00
-8.268045033590900594e-01 -2.105764104259799929e-01 2.259571727962200072e+00
-9.720269417664801903e-01 -7.151015048687999753e-01 2.228534721071099955e+00
-7.742069821875701141e-01 -7.575581919886199556e-01 2.369727054423619972e+00
-7.133429887714201056e-01 -8.521785467692799543e-01 2.286397995995820054e+00
-7.041645336428800084e-01 -9.057263131681199120e-01 2.234263903545560037e+00
-1.288455260615569919e+00 -5.357928379449299339e-01 2.549832453473770411e+00
-1.353768160100440099e+00 -4.092564420562800342e-01 2.806022081902919574e+00
-1.308234973948960267e+00 -3.991842394112399828e-01 2.641217847823119858e+00
-2.913298196136900331e-01 -9.208911716010899084e-01 2.454518744947269848e+00
-2.913298196136900331e-01 -9.208911716010899084e-01 2.454518744947269848e+00
1.250317549689200503e-01 3.411809893023000362e-02 1.854659920641829940e+00
-5.099831055304799854e-01 -1.389878393172599980e-01 2.257299097894839957e+00
2.728041037251993650e-02 -3.734915282313900353e-01 2.525487616301390403e+00
-3.782252703680799577e-01 -5.088390755409000210e-02 2.128395492729029836e+00
-1.371797835221300610e-01 2.535488058420002147e-03 2.004694408129199523e+00
-1.371797835221300610e-01 2.535488058420002147e-03 2.004694408129199523e+00
-2.246620509421000111e-01 -6.355394915980798753e-01 2.255443141836240173e+00
5.670589143070198235e-01 -4.013014398438599639e-01 2.557163808746079958e+00
-7.956208139873499618e-01 -4.764134860622999679e-02 2.132342686395749976e+00
-1.962867296788500249e-01 -2.590172049102900109e-01 2.386236312394169445e+00
-2.147732893393099474e-01 -2.428177869408600087e-01 2.423253341619300283e+00
-9.018422699955199739e-01 -8.664956230494899048e-01 2.229072952228310367e+00
1.282409232874098803e-01 -1.594659867862199820e-01 2.214945827104120024e+00
-3.127470916971900050e-01 -7.962826503158699776e-01 2.531423763409129890e+00
7.477929791921901215e-01 -5.355419972442898580e-01 2.257816030704189902e+00
-2.496927574321500254e-01 -7.123645150134000348e-01 2.334271135395619812e+00
-1.790753293110700639e-01 -1.606590216630599810e-01 2.295190660517819836e+00
-1.299287361449889877e+00 -6.623221155182998920e-01 2.545290421351019905e+00
-1.312820083783469816e+00 -3.666533028680700190e-01 2.572069822113309812e+00
3.466038925093399836e-01 3.952516317931799583e-01 2.054742013119779998e+00
3.466038925093399836e-01 3.952516317931799583e-01 2.054742013119779998e+00
6.078320290357300815e-01 -6.081392162861399830e-01 2.416261881206440254e+00
1.005788661227500214e+00 -6.858698152261799574e-01 2.423667785041700107e+00
5.099214238642869823e+00 -1.812118982665499867e-01 3.304147599679410074e+00
-2.740597856774700247e-01 -8.036047133475600068e-01 2.311180293137919950e+00
4.573784375579259098e+00 -7.117056797656799993e-01 2.941890082530879802e+00
3.558442286668279664e+00 -7.826536852085995422e-02 2.831307133715120106e+00
4.086651500788910596e+00 -5.555673941069999566e-01 2.748146237125959512e+00
3.641187292598919711e+00 1.206191367792300156e-01 2.534200333178090236e+00
3.598003068510230662e+00 7.582865704857000289e-02 2.517742253131790342e+00
1.011043580439989764e+00 6.500844455897999974e-02 1.971545874178519897e+00
1.030806465760779833e+00 7.024902026760000695e-02 1.976424425949140362e+00
3.977789943941560047e+00 -1.535327806073400192e-01 1.481449361893999894e+00
4.628735084807809486e+00 3.655815243148500260e-01 2.238333991859409622e+00
4.224197986962389351e+00 4.067786524538699600e-01 7.803768305622901247e-01
4.094654913218170655e+00 2.404602206483100468e-01 1.699096585737069898e+00
4.318806196158449850e+00 1.032079786944089861e+00 1.061045282968490211e+00
4.021440904402929561e+00 4.875656304669300778e-01 1.100529321588650022e+00
-6.132225266660700225e-01 2.966943714224099526e-01 1.928750768877049993e+00
5.660773617719270234e+00 -1.857194949401549833e+00 5.369745689580351033e+00
4.392430716108569833e+00 1.520689092564149858e+00 4.393541761970101711e-01
8.496867130109800881e-01 -1.028051292800099992e+00 3.715313826283499932e+00
6.219033505391998728e-01 -8.834747049965698817e-01 3.820731659811449799e+00
7.791041069658498630e-01 -1.096165398879840103e+00 3.527843921363940094e+00
-8.844274704448500390e-01 -1.059799847113110038e+00 2.888232184829810034e+00
6.702716098000370160e+00 -1.392867326269560113e+00 6.222969305394720152e+00
-8.932366020090900527e-01 -1.063580792154900090e+00 2.889222978794879992e+00
5.773279272432397802e-01 -8.738924654894097976e-01 3.729762591668509764e+00
6.127989593139898661e-01 -8.861957354528399167e-01 3.733630840568200160e+00
4.555808992609530428e+00 2.567391645835589653e+00 -1.450200631923829864e+00
4.375742372251380630e+00 2.457421977201479812e+00 -1.339452124325139826e+00
4.948950327567760432e+00 -7.903096314026097913e-01 2.999718863648130007e+00
2.838136472714003489e-02 -8.296828844356499699e-01 3.543150809822949832e+00
5.936704703791689575e+00 -4.794525762456001983e-02 3.298540385905420091e+00
-1.019114394633340082e+00 -3.688341213020999987e-02 2.111818933667790166e+00
2.302202025305689848e+00 2.188511396606549475e+00 -7.955105286224900540e-01
4.073631296004309732e+00 3.011996083705170246e+00 -1.994748962468029685e+00
-1.014298825803010118e+00 2.444331215927099676e-01 2.209379282384289489e+00
7.897864380579399102e-01 -8.131281044111400291e-01 3.493377546688680724e+00
7.914445442074998782e-01 -8.132152332457198707e-01 3.504641593760460250e+00
-6.788925947783800430e-01 -7.503939623297398720e-01 3.329054551271519724e+00
4.652457094771880186e+00 -3.552885382433999817e-02 2.107108757669360344e+00
-6.023665770543599196e-01 -6.089208154785599181e-01 3.721688983719440014e+00
-9.359938332741000178e-01 -8.332226428287299314e-01 3.465327872609329951e+00
-9.207601557148099580e-01 2.145564245181029950e+00 -6.994015043690100519e-01
-8.665720528754801144e-01 -7.871806593190799894e-01 3.195476481735659569e+00
-6.921635638210199559e-01 -7.433679554158499903e-01 3.315507243137989946e+00
-2.327044256612730067e+00 2.247547205966939909e+00 -7.041605934283400314e-01
-2.380355971027219741e+00 1.931561406265049907e+00 -1.118378980591299976e-01
-2.327928078522920163e+00 2.251581119050620305e+00 -6.993890958947200920e-01
-2.353297531873930204e+00 2.295674585159789949e+00 -7.516843187403500215e-01
-2.323772290174960009e+00 2.198709650123219728e+00 -6.505297829414200539e-01
4.325354709310170520e+00 1.935775418390699998e-01 2.667850258441190281e+00
4.535621188238840418e+00 3.945329784303600040e-01 2.131516186688720005e+00
4.038459396734309870e+00 6.872868501821099985e-01 1.940217952041110472e+00
3.911018216236180400e+00 5.098867782800700077e-01 1.504008209739010393e+00
-4.299824965537900612e-01 -8.240430096518399639e-01 3.485634259025600201e+00
-4.587762618390300862e-01 -7.079994073627499107e-01 3.261163671651989837e+00
4.315034712127440386e+00 4.630798546725000131e-01 1.986527368973779906e+00
7.195893922444995816e-02 -5.039645581711799105e-01 2.862936094435859946e+00
1.385305117027100241e-01 -5.587770035422200410e-01 2.965379066555960286e+00
1.600076238192499334e-01 -4.411400961257100350e-01 2.829943044351309389e+00
6.972571352038700043e-01 -6.114096985619700275e-01 3.133105813926510219e+00
4.339750778379828589e+00 1.120377008532000146e-01 2.705414985963760177e+00
4.407663800669100240e+00 -5.305815501845993765e-02 2.975274394086880214e+00
4.182833757099640337e+00 3.386940871350001270e-02 2.969587446263259434e+00
4.290495522491659663e+00 1.107542294281049999e+00 1.110598018690210020e+00
4.133819727556350188e+00 5.313739827675600935e-01 1.872247949451140148e+00
4.456162389119490363e+00 2.383022682710099760e-01 2.414039114869469760e+00
5.160085576092609649e+00 -1.535720292961799127e-01 3.344959575716820677e+00
4.474274001551619584e+00 -3.890481742155300626e-01 3.072850353261470158e+00
4.549242102967559376e+00 3.123750350473799564e-01 2.348973910991860148e+00
4.195203963183860019e+00 -3.236174247233998547e-02 2.942564620433320233e+00
4.116368202882799920e+00 4.009212720140100106e-01 1.737617371996009963e+00
4.613352545026989660e+00 -3.880743569783999536e-02 3.120295916482819898e+00
4.389588943075850125e+00 -4.545266478690000722e-02 3.074981777457760135e+00
4.698804886002329262e+00 2.737841168093699373e+00 -1.655501673455379796e+00
4.272323098797190077e+00 2.545572385104930113e+00 -1.152027146275810043e+00
3.807658843816129846e+00 8.974246006052100100e-01 1.936687892802269939e+00
8.591693623317898654e-01 -1.182097797794820160e+00 3.671599466660500077e+00
4.010926856153619546e+00 2.958125096450039848e+00 -1.929387118660560230e+00
-5.730109754205999772e-01 -5.560970245958399838e-01 3.746416304695760147e+00
-3.465193753406299315e-01 -6.925298916468299870e-01 4.118163283803890629e+00
9.482798573531400210e-01 -7.491708770294699393e-01 3.498029841426970155e+00
-2.270233791218400077e-01 -7.581465304188298449e-01 2.467183747206309619e+00
3.433992576302898891e-01 3.539085939939899950e-01 2.062502942031489539e+00
-9.431735721281701013e-01 -2.968333545977699939e-01 2.373831609129189779e+00
2.134923064446899721e-01 -2.100607985373000031e-01 2.279863790354680120e+00
1.111749968980680237e+00 1.658767932064499906e-01 3.150777253201670014e+00
1.285604167866570169e+00 6.680493914376001152e-02 3.223305393809700270e+00
6.288180090068001826e-01 -1.183908885376500075e-01 2.221157726811429534e+00
2.430306732630899802e+00 -2.030758465632239940e+00 7.026356819471760495e+00
1.065855574748630019e+00 -4.277269620795899896e-01 2.503657540053590314e+00
4.193063008080798459e-01 -3.979944631550100254e-01 2.540500583631210230e+00
-3.070245708805900420e-01 -1.388947107244800083e-01 2.272101881748679997e+00
-6.730133481692700537e-01 -8.595524835253198770e-01 2.334673903923720317e+00
-1.332994434165670317e+00 -4.173381448216500478e-01 2.697293249345090072e+00
5.452161534383979991e+00 -1.693944232530479876e+00 6.257422244684200940e+00
3.991311678663080009e+00 -3.315660859063950028e+00 6.524965227991669892e+00
3.998099930663440382e+00 -3.324373474395359906e+00 6.541211127406860726e+00
-3.086997550086000297e-01 -8.766894334199999417e-01 2.435907761433139918e+00
