3.746447133967898413e-01 1.464062669627494984e-01 1.558753855300089697e+00
4.503779077491398830e-01 5.884800312098992237e-02 1.750455243102460035e+00
3.684372867641982907e-02 -1.241763098180901359e-01 2.705482009010619748e+00
3.039142779725498844e-01 5.998120600438894279e-01 1.512255063928080068e+00
4.572494568219700461e-01 -7.244799296879822492e-03 1.891273133535359641e+00
6.103767298072799719e-01 1.860075517255799227e-01 1.528744322291589963e+00
5.572289200062998660e-01 1.145392750579496965e-01 1.647241457505559836e+00
4.426958483977498915e-01 6.372010433240982152e-02 1.751449552421139977e+00
1.714502958532200250e-01 -1.140501614855902179e-01 1.561492190095849830e+00
4.130135686360201230e-01 1.568237225737501017e-01 1.534748613067269840e+00
2.932194688365299395e-01 4.930997134220005407e-02 1.728372593754179620e+00
3.708711708161398501e-01 9.918157775783953412e-02 1.629814685817410069e+00
4.712040596315980601e-02 5.411923053393694616e-01 1.509296522857220157e+00
1.674349062608400107e-01 -1.175787976085200803e-01 1.562984018218689819e+00
2.774118997197598802e-01 -9.586160674101007473e-02 1.642789615705639861e+00
4.378584069124800138e-01 1.849610176868501377e-01 1.507220745057680000e+00
2.858477920138000616e-01 5.565006005360007002e-02 1.729993451442889629e+00
4.932292606740400487e-01 5.499655942510099926e-01 2.882885329088280102e+00
2.686105897069197557e-01 -6.326267811647001693e-02 1.655045882084049680e+00
5.103348033295698194e-01 1.166777649002301853e-01 1.607663450832799601e+00
2.684489063477399906e-01 4.594459918086979400e-02 1.745003681600930001e+00
2.649806006090802413e-01 -6.668465164172987514e-02 1.655646859049409780e+00
5.208922041666999014e-01 1.615818805292197347e-01 1.559970377429339639e+00
6.165921902244400066e-01 5.900184025331300930e-01 2.416718988524009681e+00
5.131256530812398076e-01 1.585974934052001295e-01 1.537724074142889696e+00
6.021675989926200678e-01 6.151052290400693678e-01 2.397883261983150049e+00
5.993460038074993612e-02 2.702791923094993720e-02 1.411685874028179910e+00
5.274216939246598734e-01 7.614325637597598728e-01 2.333412953188710226e+00
3.533594218993099112e-01 2.350750455772001590e-01 1.466756785507519645e+00
1.488656275494100178e-01 -9.236202195659037884e-02 1.580457588382409684e+00
3.125080644414299780e-01 5.692257400912001941e-01 1.512489953727389924e+00
1.500416675807099143e-01 4.722837206178396308e-01 1.550633002544839822e+00
2.669101289275002120e-01 1.946030144512804760e-01 1.521157997846169785e+00
1.614289631197300956e-01 -1.177733738429200816e-01 1.567517411875199773e+00
5.028773254353096078e-01 1.256535835448497895e-01 1.607329207030609997e+00
4.048326796247296855e-01 1.145956129524696721e-01 1.618234528384509874e+00
4.621899379306699807e-01 1.408052807918600546e-01 1.563904127733930061e+00
5.028558237109597151e-01 1.538661813976300863e-01 1.542025791955479841e+00
3.979439810884999318e-02 5.382131255641398049e-01 1.517940150063060045e+00
5.910009811837100280e-01 2.065351774066199741e-01 1.534312556879919631e+00
3.384511108412000535e-01 1.562197722621698759e-01 1.567249755808699963e+00
5.811340903617501219e-01 2.337889180945700307e-01 1.706116030041049614e+00
3.453020133263799973e-01 2.259511147131805231e-01 1.478920846731019978e+00
3.446452475860899423e-01 1.284678205911100601e-01 1.710879912206389797e+00
3.941716372088999165e-01 7.794748307934007414e-02 1.659852469755099813e+00
5.173078027863100559e-01 1.264821387418899601e-01 1.600097032554419707e+00
4.029743024998599932e-01 2.101131289480100417e-01 1.498905944700979598e+00
6.008649261669898323e-01 2.048996592621099566e-01 1.517708472474090131e+00
2.602321775159599504e-01 3.483843885444999344e-01 1.534984882256319683e+00
-1.044200081576500683e-01 -3.036830052585992590e-02 1.656454087436909806e+00
3.418250270416098857e-01 2.371306513803201899e-01 1.468651360891059854e+00
4.410993245373302507e-01 1.623126158217396142e-01 1.521176131659459863e+00
5.156676130218600385e-01 1.283682738571296778e-01 1.607267410755329973e+00
5.732303245218997034e-01 6.271609271615798953e-01 2.335130287009349992e+00
5.035918616662700131e-01 6.469494617686599724e-01 2.315928220830569817e+00
2.485376105838301708e-01 1.978840150593201841e-01 1.558117781275299762e+00
3.774368070669802400e-01 2.301763866929702473e-01 1.457503193863219915e+00
5.996133223475101914e-01 2.046792182487802148e-01 1.518197276989069699e+00
5.071311535631202183e-01 1.201453325768697677e-01 1.610373262877959899e+00
4.596657036331399659e-01 1.029827882566600739e-01 1.633155251169809752e+00
3.169255312439998029e-01 1.160929764005298459e-01 1.602221676906889769e+00
5.737337732867202611e-01 1.449192521700997105e-01 1.603828136018269790e+00
1.851834681387500847e-01 -1.113649363772197809e-01 1.561000165495519898e+00
1.088260118760198125e-01 3.176112209979100598e-01 1.478976682359939732e+00
4.077733614581902089e-01 1.033833948328393149e-01 1.637122081664549977e+00
4.295443008568700094e-01 1.467120883872399251e-01 1.563338543117740009e+00
1.139797126401700389e-01 4.862163983329703676e-01 1.547212067402070179e+00
5.213556569714499211e-01 3.101402934536601208e-01 1.974447356866099845e+00
2.335578599609100525e-01 -7.677811706163994998e-02 1.608016369018499869e+00
2.239209816466498637e-01 -7.713168941288039981e-02 1.621375057241519979e+00
8.100457051750997728e-02 3.616662805834698347e-01 1.498082349106089950e+00
8.699352608045973767e-02 4.343381906848398089e-01 1.512036693891339656e+00
2.297072492376597275e-01 6.325798915262494937e-01 1.381158268817180179e+00
2.032387575206100472e-01 9.379745881338985569e-02 1.706333705403669576e+00
3.794262406711899072e-01 1.463333368242498711e-01 1.557267415623359685e+00
2.169785237707000380e-01 1.905972005950897774e-01 1.579726962097799836e+00
3.072808118962100377e-01 1.328918772882501376e-01 1.559125928493149793e+00
4.446351562456900552e-01 5.814175518770037243e-02 1.756922767489269788e+00
2.875049854459799104e-01 4.495599075912992681e-02 1.722192044641340125e+00
2.618018506026200676e-01 8.051031070158010117e-02 1.689623747874249737e+00
6.168822181954802808e-01 4.951664895989402737e-01 1.805580534841739970e+00
3.203818062972199066e-01 7.171996454968043722e-02 1.668115891801679851e+00
1.661501348652696386e-01 4.837205727670599309e-01 1.605627000147640038e+00
1.157852568172101915e-01 3.930962195121696645e-01 1.601441356258879845e+00
3.969910196572001837e-02 5.350814748974599411e-01 1.518520326168639967e+00
2.575484848578302177e-01 -6.546934827198991336e-02 1.620630214608850039e+00
2.081150605022601408e-01 -1.095963806808901708e-01 1.627252611692839857e+00
4.059850818501700154e-01 9.942991180176985466e-02 1.580997084634230054e+00
2.138195679811700778e-01 5.719837098062994230e-01 1.410819466906390041e+00
4.217347495928800427e-01 2.022728878530695162e-01 1.509970641769249777e+00
6.054200106839902062e-01 1.921360782197594208e-01 1.540530733751319881e+00
4.201227675349601398e-01 1.565514689297802242e-01 1.529852403091099822e+00
5.601653414565896938e-01 3.574873629199295522e-01 1.876298611399769944e+00
6.329589679597100726e-01 5.710730761867899297e-01 2.356577730559699546e+00
4.840889335308995456e-02 4.525656335549301801e-01 1.539439439043199798e+00
7.867046894582996330e-02 4.369360918201699029e-01 1.513837432939409755e+00
3.833375716456399740e-01 2.321759803035998715e-01 1.475527398149709679e+00
3.237478496831200925e-01 1.123305256336994962e-01 1.597876016072039995e+00
5.999542226776601872e-01 4.615791014994097274e-01 2.399114005452149812e+00
3.730095547710299275e-01 1.473259079353697043e-01 1.556640070440139745e+00
3.344803904983797427e-01 2.409703678922696657e-01 1.484623393386719892e+00
3.479714406260501214e-01 2.409496448592298723e-01 1.513916545786739842e+00
6.050325864616601379e-01 5.330524868772896774e-01 1.839152698131559793e+00
2.778701090633599602e-01 -7.071114237113995671e-02 1.643116767916040111e+00
3.261630053993997969e-01 1.789603261998600203e-01 1.543266829568309628e+00
-1.183473313650200698e-01 5.286577793678599591e-01 1.601914958995879879e+00
5.761143807595798805e-01 6.417922532441000527e-01 2.338146003824999930e+00
4.602001919891498538e-01 1.015173255482499926e-01 1.630612387363649551e+00
3.337800699416599848e-01 1.572450789305297469e-01 1.567715403987899991e+00
3.949294112108980848e-02 3.032501380768026777e-02 1.422133884237819945e+00
3.036986532799796912e-01 1.815007816818297037e-01 1.588021216608449748e+00
5.703256637947800023e-01 2.125593021722995690e-01 1.580211476037929996e+00
3.177833470309296970e-01 1.151165206379498596e-01 1.599471104649469844e+00
2.117712196278298542e-01 6.055559204779799032e-01 1.388138129345419802e+00
4.337069480212498718e-01 1.874007947789402273e-01 1.511652605028549701e+00
5.048128869437293886e-01 3.214943070681599568e-01 1.997759593759629748e+00
1.848270504614000220e-01 1.541200313838599900e-01 1.610690512848819811e+00
3.104637616805798750e-01 5.689163591447794488e-01 1.514177726607069951e+00
6.002012425943599183e-01 1.870293620178897775e-01 1.545372447834959750e+00
3.248949318286897814e-01 1.149860384852694484e-01 1.595999717933219930e+00
1.079415518735098445e-01 4.941527161375898203e-01 1.549918038664990005e+00
1.526301645223302472e-01 -9.236184460619023540e-02 1.577448346177599880e+00
1.523457839390700563e-01 -9.612103296321050649e-02 1.577817196639970110e+00
2.376806815990497590e-01 1.429648503414298055e-01 1.629302433191339716e+00
2.796714389761898456e-01 5.186055452281097544e-01 1.567571743795729944e+00
2.722787941695699043e-01 5.929312568133959793e-02 1.613864231513539860e+00
2.117689741266899350e-01 5.824469982526698786e-01 1.457795040649779938e+00
5.448467335361497632e-01 1.604647013644495690e-01 1.748520887130199819e+00
1.106851503024199879e-01 3.171766831757298899e-01 1.481708892024379942e+00
2.947820287649700610e-01 1.205181974357698582e-01 1.586471318629469884e+00
3.622673155527800226e-01 1.157587395707602163e-01 1.582476790488939855e+00
5.268478296632501667e-01 2.014274144855299209e-01 1.764975722878039832e+00
4.182812982855099726e-01 1.262967802541399287e-01 1.613281225037760169e+00
5.083209684333001022e-01 1.211883875990895643e-01 1.602396091157549884e+00
1.878674893895400100e-01 -1.067609935048003944e-01 1.568924542905970165e+00
1.120220112798600010e-01 6.161145005925496854e-01 1.404679293344029745e+00
-1.210491803130600008e-01 -3.068672430559993280e-02 1.668656633115180199e+00
2.578084753746598956e-01 2.267329742041901408e-01 1.469105458142220044e+00
5.810480073007200374e-01 1.423493937152298106e-01 1.600584456573030057e+00
5.257165362028297650e-01 3.097210551687297198e-01 1.958262848700740077e+00
2.016466681462800725e-01 -1.057909280905295901e-01 1.561160002168399785e+00
1.322671339583998407e-01 4.630570302742293975e-01 1.529058710295930101e+00
3.841670071850400436e-01 1.856738669868396308e-01 1.536906710979000223e+00
2.577148850195598584e-01 1.998998256171002907e-01 1.527390902507109960e+00
2.587510851626999564e-01 2.489584329673297791e-01 1.476571727413539703e+00
1.421011645603000861e-01 4.481178521686000060e-01 1.585244764226279912e+00
2.533766863930200230e-01 4.488245201086402680e-01 1.548080002171149827e+00
3.977298966775801858e-01 -9.943551092910229983e-03 1.885000509113429867e+00
1.866924280536699232e-01 7.512854728487949885e-02 1.681761966960679811e+00
4.422826511244699610e-01 8.070393197486014358e-02 1.739685932565479876e+00
1.864109609614998941e-01 8.061473978780986371e-02 1.688955059088709909e+00
4.555789405288299676e-01 9.013164802633011341e-02 1.702601075965619604e+00
4.040134450106700470e-01 9.022257608686978791e-02 1.591150055544409803e+00
3.596888073500397187e-01 7.640585960634993512e-02 1.688430197749719808e+00
8.363926912184993512e-02 5.733672584966300612e-01 1.538254037654399831e+00
2.904653393201299671e-01 1.277566035449995141e-02 1.705760390034219975e+00
5.182787311600800528e-01 3.129931499559195363e-01 1.976155024201839749e+00
4.169793915889896674e-01 1.035290531399197800e-01 1.627130970532760124e+00
1.393047219692700178e-01 4.495124851878102845e-01 1.591713810430149811e+00
4.273226224363799730e-01 1.798427346120701209e-01 1.507612034234129927e+00
5.426760196366400280e-01 1.043716793561797473e-01 1.664147293982700004e+00
4.848187971123296691e-01 1.803213802241798724e-01 1.547600757472099797e+00
1.225942699309199302e-01 1.627992196239400613e-01 1.678707798128629802e+00
3.929291337695599573e-01 1.487996511455200732e-01 1.516812648973599575e+00
3.738705837135900545e-01 1.480549178241996611e-01 1.554299957970279866e+00
5.058586016324397860e-01 5.423054868857195565e-01 2.848812741806229454e+00
4.911297766916700169e-01 5.502836580175500814e-01 2.898965397742450101e+00
3.437820096146200211e-01 1.077437671184100498e-01 1.613419116249999785e+00
3.469106776165997719e-01 2.254889866534597331e-01 1.477786216266590014e+00
5.404149846496801857e-01 5.954957394787299130e-01 2.434544823547220016e+00
5.121546608417597568e-01 6.386755863497501906e-01 2.290289206921089615e+00
3.250457432894997556e-01 1.867597567139496206e-01 1.533978727093100014e+00
2.650937502685599689e-01 8.069140507870975476e-02 1.683443443025249842e+00
2.699911526574598764e-01 2.457149458143099707e-01 1.466049732529949523e+00
6.393609506480002480e-02 4.139991192352097116e-01 1.643363735778239798e+00
2.427403856809700056e-01 -1.030125179516301337e-01 1.587496271133759684e+00
4.592487244809597691e-01 -5.629256729620113475e-03 1.896776347018299891e+00
1.073097195222798561e-01 3.883045323423996997e-01 1.566730725448199912e+00
4.076350524010898813e-01 2.087251595616597122e-01 1.493942986087859914e+00
2.841540254964800560e-01 1.902732304879699576e-01 1.525442322513119509e+00
1.467554321178101695e-01 1.577221363172400803e-01 1.637493959616589834e+00
5.264542434047698727e-01 1.427554026596800085e-01 1.515976333253079789e+00
5.129784592258599396e-01 5.599128732861302638e-01 2.222177767053679531e+00
5.118255933327295892e-01 1.732630365161098585e-01 1.526725818170609816e+00
5.170460887489198853e-01 5.538383275099394432e-01 2.206679291150409838e+00
5.555792151632501508e-01 6.454490140630197992e-01 2.335122148204689552e+00
5.247426532584400505e-01 6.770446631529396520e-01 2.286625861208129606e+00
6.154741983676395023e-01 6.528073736933293070e-01 2.466217943822329950e+00
5.687312763158098861e-01 5.182014927710296703e-01 2.536421708778250128e+00
9.293362652590202444e-01 4.364657546895012175e-02 3.700380994553539971e+00
9.291733095197201031e-01 4.244910159028991714e-02 3.688294691208539700e+00
6.090662415352796621e-01 5.016467604580094886e-01 1.824112980173080212e+00
2.297709461503498751e-01 5.810516428228096331e-01 1.455970052894289823e+00
1.709225688114299757e-01 1.413082869806496777e-01 1.659699991518920115e+00
4.041693868647500132e-01 1.116973707329695920e-01 1.592175379945110159e+00
1.393080691797699000e-01 4.972104931000096428e-01 1.630493603233979849e+00
1.861054325277300414e-01 4.671886454431994906e-01 1.600597649563280100e+00
9.451668775456001370e-02 3.246225945190897022e-01 1.487203033626229853e+00
2.690163547205399741e-01 -1.010707508182502323e-01 1.668504090347259883e+00
2.858434633986899343e-01 5.467922139675498450e-01 1.566611686151429872e+00
3.826661728164097998e-01 9.789231211968019153e-02 1.616069265146279577e+00
3.783227592340501211e-01 -2.210881695830499982e-01 1.758263466956489829e+00
2.518084447313500007e-01 1.806832073307897968e-01 1.572346480327569962e+00
6.103393383130897298e-01 4.961470416846798237e-01 1.818178127284579837e+00
3.544727630055299894e-01 1.073082812995900248e-01 1.594079075712299787e+00
3.038855336311296895e-01 1.646259304882997654e-01 1.564728256769119863e+00
4.782224324997197407e-01 1.302621937517498552e-01 1.579453893350240001e+00
2.383574189936499277e-01 -6.883294801897976711e-02 1.597154758463289692e+00
2.456003483908399954e-01 -6.705189040148029633e-02 1.647339220825180028e+00
4.446495354143000789e-01 5.799866411852994119e-02 1.766598480194879972e+00
1.153811787382799103e-01 4.577646391363496825e-01 1.608476436512940033e+00
5.290849488780700050e-01 7.690924068733897556e-01 2.342301785171139628e+00
1.053172734845799763e-01 4.370429720535500273e-01 1.496783916601660103e+00
3.980693783719990719e-02 2.719483398661992624e-02 1.424129775109709506e+00
2.761317462886001550e-01 -9.836372910764001887e-02 1.650202933176309728e+00
-6.308527690973599888e-01 -1.438548630915600146e+00 6.239138906405150564e+00
-3.656532066057902597e-01 -1.200699452495949782e+00 5.956274277665699834e+00
-2.959654865884100428e-01 -1.142786681626039913e+00 5.735243374967009977e+00
-6.289066097854799642e-01 -1.432743581929869947e+00 6.240666865155359844e+00
-7.474175953426600572e-01 -1.968271586432330134e+00 6.563450513398070285e+00
-3.581755159612800554e-01 -1.199502246153069773e+00 5.919336603907389360e+00
-1.335462944414709918e+00 -1.513387458118990114e+00 6.474165099263059275e+00
4.208190550457597823e-01 1.270595544004700095e-01 1.593871723479739932e+00
-6.249860367175299469e-01 -1.860084474082149830e+00 6.131825659135030193e+00
-6.341512237157299614e-01 -1.457479506385219947e+00 6.309101222110539808e+00
-6.024827239994698935e-01 -1.421954844729260037e+00 6.197804114597150082e+00
-1.596764586632501981e-01 -2.127501785111849841e+00 6.495748018669770474e+00
-1.682444382435499541e-01 -1.722187878488690149e+00 6.660671945343569433e+00
-1.934038753460798343e-01 -2.202596467160689908e+00 6.703554642051209989e+00
-3.103554011370299737e-01 -1.151095543491539974e+00 5.757122525647849542e+00
-1.337809648587920064e+00 -1.513750599697160082e+00 6.694053855890839344e+00
-1.108448470688740084e+00 -1.356618648304150021e+00 5.969780572798510043e+00
-5.047719006523501140e-01 -1.433897580712890196e+00 6.178099471122900255e+00
-5.446065470000198694e-01 -1.481960073421070279e+00 6.353253805300769663e+00
1.395666259198400372e-01 -1.279825153403880034e+00 6.018929729855740263e+00
-1.141600306926110031e+00 -1.369040990426109605e+00 6.016402460435029909e+00
2.313898651494399328e-01 -1.377211418445550173e+00 5.441357592204710159e+00
-1.174924729870849838e+00 -1.420380197458369853e+00 6.199897735446919356e+00
1.286486361756102870e-01 -1.277755029777309925e+00 6.016479474669919725e+00
7.878093731913016207e-02 -1.327296919449749923e+00 6.204038182609290075e+00
-5.120739973326902117e-01 -1.644297209001940097e+00 5.875130121769809755e+00
9.731022229827002157e-02 3.291715864745601294e-01 1.473695006040939726e+00
-2.053842271317201096e-01 -1.784687401015610186e+00 6.760298216701279728e+00
-6.033843496948100293e-01 -1.411475847420589957e+00 6.155324703118280283e+00
-5.930275744588198172e-01 -1.785799675998109626e+00 6.100463434144259622e+00
1.151830094814501049e-01 -1.711774080466800019e+00 5.798685612582230142e+00
-6.042778360007798888e-01 -1.420660068280179988e+00 6.173978729634339579e+00
-7.742180805371199348e-01 -1.174218133517349827e+00 5.338702924801929761e+00
3.206079797576011359e-02 -1.433950500691610008e+00 6.271047055235269951e+00
-5.881607963536801265e-01 -1.725548546936810146e+00 6.058519891737069507e+00
