4.523623794834399359e-01 7.165664193036194174e-01 1.501265596391360146e+00
9.311297683128016978e-02 6.872172708666897112e-01 1.613455892663639979e+00
8.248593569611997189e-01 3.285161157105995766e-01 1.642727571601140468e+00
4.174410992980601698e-01 6.653402202337803661e-01 1.612900327712329940e+00
-2.893851876196018580e-02 6.182884592811193070e-01 1.665313185940250129e+00
4.389262616144800067e-01 6.869210287880400667e-01 1.549965655525990194e+00
4.173150123392002087e-01 6.646625921845996654e-01 1.614005730622130041e+00
2.869777099076999960e-01 7.045932263514995686e-01 1.515817441400109988e+00
2.812008302801001225e-01 9.380693139905038613e-02 1.751357315496830047e+00
7.695987344811396902e-01 3.681966859689198568e-01 1.590644116191310076e+00
5.001234365226800982e-01 4.531081525853897229e-01 1.568646441727800322e+00
1.682834173442600001e-01 6.762728669013797766e-01 1.591225293486610015e+00
7.013743957543001617e-01 2.580667770562996566e-01 1.741354882301640261e+00
6.388441616129401091e-01 2.186766682081699997e-01 1.814693979614679931e+00
4.172775138441200404e-01 6.615407694115600368e-01 1.614642705314380366e+00
6.459302848871202318e-01 7.139380566621000845e-02 1.748771264809980241e+00
5.114015754508600686e-01 5.956968002243294702e-01 1.637126175564350250e+00
4.599226137876000209e-01 5.648261320012497588e-01 1.615583796142140205e+00
1.848607479195001346e-01 7.103400495947498339e-01 1.561013769739370449e+00
7.737792422551801330e-01 3.707435564189895949e-01 1.609075779068640299e+00
7.591661744136199985e-01 2.870787985884597493e-01 1.690758914447700212e+00
7.126356749401798751e-01 3.167165885253899749e-01 1.672573959212660055e+00
1.271418006274001034e-01 6.378884759832497142e-01 1.648277351382660072e+00
8.799318005812604149e-01 2.881139517303301645e-01 1.744834351228380154e+00
4.838063848328801875e-01 6.237355918623899154e-01 1.652887813915720372e+00
5.463311850318202101e-01 3.986878095555979051e-02 1.696983951186680217e+00
5.618633051783201715e-01 3.142146644019601087e-01 1.696821602843730181e+00
4.988707818094599844e-01 4.457544815208798195e-01 1.589041765508389936e+00
3.634867117522402324e-01 7.427631356165698140e-01 1.478791296728750204e+00
4.097548204967400576e-01 7.528872492131195582e-01 1.485788859031980103e+00
5.109842813948399787e-01 5.931771746630694064e-01 1.634962073805430016e+00
6.452041652984998876e-01 3.348276558591500862e-01 1.650199132302700100e+00
4.670190403895000397e-01 7.199141430321998048e-01 1.509689315139430388e+00
7.602260567383001266e-01 3.715674527509997827e-01 1.603277632316300050e+00
5.905380212727000533e-01 1.856914548105499385e-01 1.775814271548879830e+00
3.589874114972200214e-01 7.648557264486599561e-01 1.447610406101510261e+00
4.560345384111199607e-01 4.580544154916095234e-01 1.627563689386520185e+00
3.594280464452801471e-01 7.641016728503398081e-01 1.447926692017619921e+00
4.938247043329599961e-01 5.149540745746297166e-01 1.679005990206530186e+00
7.081996775486198992e-01 3.037868444512596966e-01 1.687814112381609943e+00
6.624133998123400424e-01 2.628141311737202113e-01 1.732341742259770223e+00
4.156127912408000835e-01 7.503038142910998243e-01 1.477882631002280345e+00
4.257712905264801062e-01 7.129378936387398280e-01 1.531040449340880016e+00
3.833626935856599971e-01 7.175880599817798799e-01 1.502153914122869915e+00
3.757022811376200533e-01 7.345317761019096725e-01 1.477396166308210246e+00
3.670821550337399763e-01 7.406548500318199668e-01 1.482304855486070050e+00
4.036586425542800782e-01 7.051184707832398590e-01 1.534124800760220175e+00
3.328525968097402199e-01 7.316241698169199115e-01 1.486868805436700303e+00
3.360039466297002342e-01 7.296606158139498088e-01 1.484502511799409952e+00
3.736802228176798746e-01 7.182130676395901414e-01 1.504421183686550201e+00
4.443057043793403604e-01 6.796740629879198803e-01 1.558025697889550365e+00
3.306070769736400017e-01 7.315790881833199588e-01 1.489523341925420352e+00
4.393843795214202874e-01 6.826077751199097765e-01 1.556452772393550177e+00
3.306958029678401800e-01 7.303982470267198490e-01 1.491301598768280057e+00
5.332895296913799932e-01 5.821233367034392980e-01 1.681304580171870455e+00
8.366809764486604628e-01 2.979866222293798828e-01 1.663339925914109951e+00
1.588914491821999952e-01 5.469581789883999345e-01 1.626635462889140182e+00
1.187290490251400321e-01 6.341509839288195227e-01 1.653306787494040142e+00
1.068764786743601203e-01 6.350099377518299004e-01 1.658679792347210080e+00
8.165013663742799466e-01 3.206637016473901092e-01 1.646085297651130208e+00
8.701118202355999642e-01 3.239936608649998107e-01 1.691029348181410263e+00
3.065531202647802100e-01 7.066973001186898085e-01 1.524093490962240116e+00
8.160306533432000187e-01 2.034955793458499418e-01 1.900554365620330088e+00
7.375533096864996807e-01 3.627635713857499944e-01 1.608216519252420040e+00
7.120869101926996514e-01 3.242972933645997813e-01 1.663056606228249912e+00
7.931998153634798321e-01 2.431188945104398869e-01 1.802276469122840119e+00
8.012796728451800909e-01 2.700655369757398727e-01 1.730770508950330022e+00
7.971257869211201275e-01 3.485456340823598342e-01 1.630090852588530259e+00
5.263270107271800224e-01 2.906304223732900649e-01 1.750839429095670141e+00
6.465189815671399387e-01 5.365773616176199301e-01 1.628092589281890046e+00
4.514529492606798033e-01 2.041362688037897666e-01 1.523670046162870051e+00
4.245767354693998907e-01 6.993817202699503799e-01 1.535930813769460279e+00
5.588203013075800918e-01 3.136960238703896398e-01 1.698858272791810009e+00
3.491316566424800261e-01 6.881868193358899877e-01 1.548855387859310317e+00
7.623160336518797209e-01 2.869227899331898701e-01 1.684098877778430259e+00
7.071023776344400602e-01 3.183882518801697259e-01 1.671875231444889920e+00
7.008318601481999810e-01 2.582732768935496193e-01 1.744599529755510137e+00
7.983189688417602348e-01 2.980158584752796713e-01 1.688936467001800112e+00
3.447870114200601854e-01 6.897158537631298270e-01 1.553875450483920062e+00
6.048716642096998442e-01 1.941070192203999678e-01 1.784758429655200374e+00
4.283593576099200551e-01 6.678671092347097105e-01 1.601454401273020078e+00
5.668884753590401893e-01 4.523952963226984814e-02 1.676770044862950115e+00
8.011114226736801847e-01 2.411379338403898398e-01 1.776749041174050081e+00
5.716334508425799932e-01 4.929178178408988309e-02 1.668793324110830145e+00
1.081645472773800076e-01 6.768815526171898522e-01 1.680511517860380222e+00
4.375587450324003314e-01 2.025242027425997460e-01 1.532388336932250184e+00
6.487208334948002530e-01 5.344260818775998789e-01 1.626732728137700423e+00
6.631109202375802258e-01 3.044979222102399685e-01 1.731079280554660205e+00
3.945555954869399695e-01 7.312675109451698408e-01 1.507747673289550283e+00
6.486952523210001154e-01 6.503441084588497123e-01 1.696691229061070283e+00
6.545118676351600051e-01 7.385054970522997309e-02 1.749976097160420352e+00
3.483755198738600622e-01 7.119299191766794710e-01 1.531340724496090377e+00
6.337991018855000380e-01 2.764398760902995189e-01 1.734226752418289941e+00
4.017884989900200043e-01 7.418121512180098076e-01 1.472533050662670373e+00
3.753049926955001059e-01 7.216646981757997015e-01 1.506723537468559915e+00
3.785589831801399185e-01 7.538755428597203601e-01 1.485519052899880066e+00
4.106721051738000394e-01 7.017952097960498126e-01 1.525556381129280048e+00
8.059021162945998462e-01 2.686037457040497678e-01 1.723814022530450130e+00
6.324252339348002128e-01 3.191897200274973478e-02 1.817878718114219971e+00
7.696710193007603173e-01 3.702978938021301847e-01 1.595416493871440133e+00
7.698895318085599015e-01 1.396954468827795726e-01 2.012606469160080458e+00
7.516924062004601836e-01 3.708278942754295038e-01 1.586651309066779980e+00
6.532191802223603627e-01 3.174898709345297387e-01 1.674903724054220167e+00
6.400477102479200653e-01 3.345808363085100989e-01 1.656408050713250146e+00
4.139653007043599953e-01 7.485614226860295428e-01 1.486583757901520197e+00
3.016688819657602494e-01 7.169266577730801782e-01 1.499600531788110036e+00
3.915690570381000768e-01 1.831930188339996324e-01 1.428307955411669994e+00
6.583611557232800227e-01 6.376268515407896853e-01 1.676515048498820049e+00
1.438180858905799830e-01 6.756346408595399478e-01 1.583161415907230252e+00
7.523556809582201410e-01 2.310902224215596323e-01 1.790933576211330314e+00
6.302156926521000901e-01 6.503784219411501422e-01 1.717675005497010021e+00
6.388092192978402917e-01 2.186943232087199540e-01 1.808770253650379800e+00
2.305544822327001420e-01 7.220886886287500861e-01 1.487060738535910254e+00
3.018421667432800160e-01 7.291924846035893193e-01 1.473322142937680379e+00
4.014252313813002626e-01 6.853765773482998203e-01 1.520701753578720172e+00
6.055729194863799236e-01 2.212101941813899852e-01 1.770213781324180058e+00
6.217603388235601880e-01 1.963824596425298719e-01 1.758146764200310130e+00
3.141177652226998518e-01 7.110964894248998913e-01 1.491994709102480110e+00
2.884767111614396917e-01 7.297364147596698825e-01 1.528218383171770167e+00
3.513947512135200402e-01 6.860485577667099211e-01 1.533446454413599946e+00
3.094845370108201266e-01 7.052857451880101269e-01 1.525769496569950201e+00
3.116095509131600050e-01 7.033833955382797765e-01 1.521573721273639990e+00
2.867404790351999466e-01 7.052672579511500839e-01 1.512277868612080134e+00
2.789091624836401717e-01 7.082751426406697082e-01 1.513559501035870447e+00
2.906171783623998639e-01 7.022783957220999351e-01 1.517346611547480073e+00
5.313052746120401348e-01 6.215385948912703906e-01 1.723461737934880000e+00
2.192515319876400248e-01 7.043807525097196542e-01 1.538744968284920134e+00
5.029474244830001162e-01 5.941124578531498113e-01 1.748591857906620195e+00
1.870589308454599919e-01 7.153095095661299307e-01 1.559241717087969992e+00
1.885265307620600517e-01 5.949997020693797989e-01 1.697053852723260148e+00
2.573210849791200960e-01 6.517007591005599121e-01 1.683544751524580274e+00
3.991485123619802344e-01 7.434003197184397838e-01 1.474994914398110257e+00
1.602496312947003787e-01 6.504470969728999297e-01 1.638222487838770336e+00
1.986324726481398795e-01 5.928365458707200997e-01 1.696001530072530183e+00
-3.689944878547990470e-02 6.036520235098599141e-01 1.582888071961700227e+00
-3.949181025997283712e-04 6.615454039077499626e-01 1.623237798936480125e+00
-2.264257534639879665e-03 6.583151413409795705e-01 1.622137818458539993e+00
6.498393926916599117e-01 3.648097870245297081e-01 1.586370998337570448e+00
2.989980525968800595e-01 7.191333881304398101e-01 1.439906696997470092e+00
2.567497112971801609e-01 6.511781834771899202e-01 1.662019206422999940e+00
4.090550983934400087e-01 7.498098967590698383e-01 1.462352726369780420e+00
1.597420511826599387e-01 6.500245664974297899e-01 1.637443589762200169e+00
-1.676379307851982858e-02 6.478865632160901722e-01 1.642407368018400149e+00
4.937785674720398532e-01 4.487360766341701446e-01 1.584248672418870019e+00
3.713014121811999413e-01 7.225839915660501322e-01 1.508849438109300278e+00
8.041093832251000606e-01 2.692741623571999199e-01 1.732541350412990511e+00
4.858601390525201236e-01 4.570995751317596945e-01 1.579607745469530089e+00
