1.039449079143170085e+00 1.393543070636000802e-01 2.028298032317179977e+00
7.187123137541000517e-01 6.597766772035205118e-01 1.608818977817319862e+00
8.830623385947102832e-01 1.346528509353006609e-01 1.981455412455189968e+00
3.516214270799300490e-01 6.430374854018003905e-01 1.695261130183919995e+00
2.784765344288400168e-01 5.156489875669800771e-01 1.670168958520489966e+00
9.917791170673897483e-01 3.068544255322007697e-01 1.727345263108409856e+00
7.008703938336298123e-01 6.309320213618001549e-01 1.656575921990470102e+00
5.524050697099900376e-01 6.533468602117797897e-01 1.611604878992739964e+00
1.129541809680939757e+00 2.049391720612800949e-01 1.895000397139789960e+00
4.277756805869301626e-01 6.294729353991399545e-01 1.678494872295759999e+00
1.054594941803680186e+00 2.528237685619203479e-01 1.784866907065790098e+00
1.227773554417619373e+00 2.663915081091601245e-01 1.841650318551590004e+00
7.425896138205900776e-01 5.590499863815201476e-01 1.761252009382379802e+00
1.035500341496720100e+00 1.386528680179002215e-01 2.033334872778679969e+00
8.657784550906302279e-01 1.582449097219806866e-01 1.937063582302649856e+00
6.738477207694999471e-01 6.067323076111603708e-01 1.719663915829760192e+00
7.130762233453100674e-01 5.086776515553201872e-01 1.724093631583860198e+00
4.475824178791798502e-01 6.627637006294604394e-01 1.649382416427780162e+00
1.019969404078130193e+00 3.043460768314998344e-01 1.740874253943970107e+00
9.968127689503800681e-01 2.217831981514204465e-01 1.821698816455090020e+00
8.768864095511008649e-02 5.901773679860398136e-01 1.664326857015530070e+00
5.045006456363201330e-01 6.019345339431600994e-01 1.776875381169340073e+00
1.059256372082459485e+00 2.571360197043601747e-01 1.797164891067599912e+00
3.814293753913899909e-01 5.928633109340804008e-01 1.732649153709839851e+00
1.113397727300409645e+00 2.192299144699003666e-01 1.884236728865390065e+00
7.759656036588999939e-01 -1.825003434453953410e-02 1.813898065245610036e+00
5.132637044915000502e-02 6.065947465501604352e-01 1.681177864964310098e+00
6.325794759115599408e-01 6.887208506638404781e-01 1.579946553858829983e+00
4.912172607433600291e-01 4.470155158739985701e-02 1.858379884392439951e+00
6.785445437550798875e-01 6.973681659675803335e-01 1.590175824698450091e+00
7.635467723231799120e-01 5.354711683174804282e-01 1.746928347110449753e+00
1.010978214028719790e+00 2.596079926022401008e-01 1.802908252809320100e+00
8.876733037109501012e-01 2.729644447713002187e-01 1.772898724432049988e+00
7.328365674739700797e-01 6.627001601505402295e-01 1.618249922154920029e+00
6.310449934492701196e-01 7.107295121397003701e-01 1.548421350192179968e+00
5.628847243205299389e-01 6.459330483669798451e-01 1.612353928778450074e+00
9.841293414336300671e-01 1.563729607564201540e-01 1.955139849335139735e+00
6.314367020637998706e-01 7.099636302078404793e-01 1.548771753095540049e+00
7.407073028807598103e-01 4.581658335203997456e-01 1.790002881612890118e+00
7.006445916895600590e-01 4.574612523722596524e-01 1.819420457331599961e+00
6.690225196979502353e-01 7.461665853445202945e-01 1.497280013405919874e+00
8.906446810391401847e-01 1.715544196024800794e-01 1.879784512946339747e+00
9.223350762436601791e-01 3.244619489669602341e-01 1.668192545036399910e+00
6.848603261228201067e-01 6.945381021706398261e-01 1.582719282964920149e+00
6.899665876475400417e-01 6.572333460715202857e-01 1.636639986703879890e+00
6.498962457978698648e-01 6.630712064642201309e-01 1.604783552727000018e+00
6.674427419750998958e-01 6.501666165368404915e-01 1.638177353510439804e+00
6.043396006661401199e-01 6.765689353707802223e-01 1.583746126173439794e+00
7.054193339522101258e-01 6.235690739037405006e-01 1.665032598213479709e+00
5.986664151853400284e-01 6.786989681609998382e-01 1.588360602736360150e+00
7.007225805362802262e-01 6.266517739004202614e-01 1.663099291418840053e+00
5.985892065314801780e-01 6.775283848124804553e-01 1.590146164010600049e+00
1.040751636565380167e+00 2.788490027612604560e-01 1.760701393859629871e+00
7.351081621663801968e-01 5.693160469456601813e-01 1.760949617584929960e+00
9.734872594111099176e-01 7.527051059685985201e-02 2.146811835809649960e+00
1.140111201707389998e+00 2.470785961896200256e-01 1.820207860324880134e+00
1.076400001842829912e+00 2.299450148239401415e-01 1.799822277873059928e+00
7.217869747760301546e-01 6.590316768813802017e-01 1.606600619241600025e+00
7.552894605858999633e-01 6.869668665776604843e-01 1.613316291738160047e+00
6.334935052443699810e-01 7.601675542970043331e-02 1.687130025887579876e+00
3.010604075868099638e-01 5.548735581979602483e-01 1.700551217250299896e+00
9.842255011470499859e-01 1.684537854255003797e-01 1.914242210659000021e+00
9.939815987591500424e-01 3.095993985293599149e-01 1.731362709283709833e+00
3.725607900705198983e-01 5.894397305644598628e-01 1.737083761576390106e+00
3.659698611426900339e-01 5.883331536059601685e-01 1.738876872629220083e+00
1.057912504760340155e+00 2.529760820758000239e-01 1.780599450132509975e+00
1.058263366786240223e+00 2.531510073493203894e-01 1.781067720201229942e+00
6.274640790931100831e-01 6.489091928240402485e-01 1.628040487654179858e+00
1.072706406587009997e+00 2.304992771183600464e-01 1.809200109888799979e+00
6.271297032463698518e-01 6.501450199888003656e-01 1.626907472736579985e+00
9.834484909937000197e-01 1.700824003168805998e-01 1.915536004923379831e+00
5.722554493147602450e-01 6.550107518059997691e-01 1.620914259188090067e+00
5.714020174258298557e-01 6.548647347511005190e-01 1.621244841305570006e+00
1.185086928884390378e+00 2.168052460867602171e-01 1.912741621119320001e+00
9.530857352865500509e-01 2.603327958846999302e-01 1.790538467553900004e+00
8.700162144049801149e-01 1.582660924295600235e-01 1.931486261077529853e+00
9.217710059441799331e-01 2.596908786037603889e-01 1.785865587342279959e+00
7.605402161201000322e-01 2.334060785251403924e-01 1.865017959127039937e+00
1.154785710743850391e+00 2.167816936374802328e-01 1.806231586393630018e+00
9.759416369438400629e-01 2.994036446831405129e-01 1.745834116335749808e+00
8.779959897803299995e-01 1.582697494708003028e-01 1.922245531991469969e+00
7.199875640639099572e-01 6.771946060289601999e-01 1.601370113950550067e+00
8.759579910843098283e-01 1.055428495956012291e-02 1.868371470773099841e+00
7.973947672140599963e-01 2.550253970618601151e-01 1.815377017394499859e+00
1.230492566748690120e+00 2.659833853615798382e-01 1.840144628293189921e+00
7.402306519551800079e-01 5.693641370106006239e-01 1.763048670623169834e+00
1.000421005859339907e+00 2.214769385113202205e-01 1.815280961574129659e+00
8.762952680600299971e-01 -2.382624374609965123e-02 1.922597667458219917e+00
9.725319573472601675e-01 1.827569669123398910e-01 1.856828542593830011e+00
9.472932687358199821e-01 2.546528957951603722e-01 1.799007029509389843e+00
8.574364038486996797e-01 6.230586675620264359e-03 1.846368382617819881e+00
9.871172150869904627e-01 2.484482000770005250e-01 1.796764432562009794e+00
1.033967398008229566e+00 1.387843377347803830e-01 2.042888557787199577e+00
6.068365640750699175e-01 6.368460289822202025e-01 1.653754603014250035e+00
8.389520255263298587e-01 1.347795995953200432e-01 1.896011711782439990e+00
6.882218586411199546e-01 6.929333593598003826e-01 1.582287033113930041e+00
9.207695996994300636e-01 3.472941999642398248e-01 1.691954271434660040e+00
6.860431060494098787e-01 6.125981908330799808e-01 1.707269354489020063e+00
7.980746808938601333e-01 -1.369996132335971062e-02 1.795175497019229960e+00
8.975839524780599987e-01 3.297299126721804363e-01 1.688589952938619909e+00
1.053951582772779894e+00 7.639084223007985841e-02 2.124502930388899813e+00
9.640180131605902147e-01 7.544208446976052862e-02 2.165606991166369788e+00
7.661471531851198336e-01 5.268066304795804289e-01 1.837433599591609790e+00
1.030989278120519881e+00 1.750947873124804044e-01 1.910673128391009890e+00
1.059592672789989809e+00 1.998356656637199080e-01 1.880925129590530043e+00
1.075290723614120036e+00 2.307615435817602645e-01 1.806198948409790006e+00
8.035067152255401801e-01 -9.862009555379414039e-03 1.787538303085379976e+00
1.041921800030450651e+00 2.306929407610200933e-01 1.807684826025819813e+00
8.862804580961900491e-01 2.747897962669403338e-01 1.771112743087599917e+00
1.061845606723849755e+00 2.311288484346003536e-01 1.814122840658349833e+00
1.117813231394389373e+00 2.206477457906601547e-01 1.870801303222619838e+00
6.846376207032500716e-01 1.467300322886004871e-01 1.641211255151049819e+00
8.983487479730802860e-01 5.885150012243605122e-01 1.818045415699329759e+00
1.211603267451120125e+00 2.739583306105404237e-01 1.871967008859920067e+00
1.048490258004499687e+00 6.937201745559204991e-01 2.933740607253169763e+00
7.308092717921197412e-01 3.967666403922602836e-01 1.697670861873289860e+00
9.185556717279985683e-02 5.924695220204199142e-01 1.668584954651720187e+00
1.221335702924302158e-01 5.836235094212802732e-01 1.656797594409499919e+00
-1.401017208284400795e-01 6.132029105083003362e-01 1.680549326871540128e+00
6.075447870032999464e-01 6.702265686545196832e-01 1.591994508493670191e+00
6.127545742395501538e-01 6.587711523185804108e-01 1.631429233377080124e+00
6.484958216708198719e-01 6.632765764030403854e-01 1.605524986872669757e+00
6.416743114621399346e-01 6.674424437173802627e-01 1.608748279725889851e+00
8.669825501228900499e-01 6.692875768825803373e-01 1.612301811829089937e+00
9.989616052270697821e-01 2.218581355707800462e-01 1.816863877118259918e+00
8.529385390211299267e-01 -2.817401671563946053e-02 1.940656146723779951e+00
7.451798260457300760e-01 4.513562317882804376e-01 1.781589439225149896e+00
7.480606284809998563e-01 4.510452325289000530e-01 1.778434130763900001e+00
9.797274067224601701e-01 7.639425941520050500e-02 2.144178014458040238e+00
1.231780762012840036e+00 2.791499045068603913e-01 1.797007589415869910e+00
6.825416096936700594e-01 6.929120230283201121e-01 1.591288948725499974e+00
9.507160755616799186e-01 2.601699182092602758e-01 1.785714045298379737e+00
5.686137650226301687e-01 6.650765462612400203e-01 1.596418542023509968e+00
6.123763958283900966e-01 7.193344116058206783e-01 1.560932418996929805e+00
6.455427238757298625e-01 1.281889171070600408e-01 1.534209916205179880e+00
6.174545034845297931e-01 7.104289192212800419e-01 1.535642521231849855e+00
6.209085326654102399e-01 7.018362426880002669e-01 1.532017929677989887e+00
6.932549778841701205e-01 6.561990265939801059e-01 1.633960689589009974e+00
6.410870212896999654e-01 6.830043921964603637e-01 1.582467549410460084e+00
5.792847465842798638e-01 7.127158638445403316e-01 1.522903889305660119e+00
5.762530847922400223e-01 7.160211110568599491e-01 1.523852139853020038e+00
1.188617173364910240e+00 2.067076400124201463e-01 1.913134525860610058e+00
5.088004128886001176e-01 6.003986335164201993e-01 1.743192824967319865e+00
3.146252706668599686e-01 1.676284632924398554e-01 1.470682894910479988e+00
4.272597239394599899e-01 7.059907237389599910e-01 1.511007274299299930e+00
4.290392054179301695e-01 6.946562381921606022e-01 1.536115685659179775e+00
8.475210573763400923e-01 5.012775281477803713e-01 1.821269229949589841e+00
9.226779715679698235e-01 9.467185996480020904e-02 2.081758067126529888e+00
5.529666484561102102e-01 4.633753427311202433e-01 1.710613343898260030e+00
4.944423345322701557e-01 4.959931909352022217e-02 1.802389299237500131e+00
6.033274027922199689e-01 5.285747456869198668e-01 1.806890423237399901e+00
5.831131788198100629e-01 5.355435401227601755e-01 1.823935224339999772e+00
2.962842665333700332e-01 5.103959690495398771e-01 1.659241149737620047e+00
-1.368717431057699940e-01 4.695195711059401145e-01 1.600705385748609766e+00
1.209627486807900443e-01 4.278710376930003889e-01 1.526609777184909866e+00
2.196256610508600104e-01 5.636351439974001121e-01 1.658545222249140139e+00
5.617348468106699855e-01 4.662153877083998754e-01 1.985617101693830211e+00
9.949794407146983488e-02 6.209767838946402829e-01 1.624201236767169876e+00
-8.958277955975990636e-02 1.488729045482204416e-01 1.543988378032279840e+00
-8.627281788918006455e-02 1.490932120656802695e-01 1.540184736872509896e+00
8.268444373325012364e-02 6.210832524125609044e-01 1.633594516772109984e+00
8.315298663938031076e-02 6.220281039054202932e-01 1.636521381952039889e+00
9.810415302311499275e-01 1.667545435804604903e-01 1.921394258145259881e+00
9.264705369166699178e-01 6.011471835590003199e-01 1.784065591743529966e+00
7.411137406368801805e-01 3.904506570887007477e-01 1.705657508770319630e+00
7.651840678482497715e-01 5.378560474137199510e-01 1.750497275444570011e+00
7.130256078743300030e-01 6.126404677016001887e-01 1.666418208235669995e+00
8.124526899813901970e-01 2.557732235867602455e-01 1.795069953284019970e+00
8.661651646703800722e-01 1.582220415452801898e-01 1.931152407390499759e+00
5.396233924867701592e-01 7.012674462384398399e-01 1.548915718663520069e+00
5.335544488177899058e-01 6.997955495140806281e-01 1.535389323738789891e+00
5.745191460427299113e-01 6.670199264257001825e-01 1.584081036784220187e+00
6.191359977450501262e-01 7.116879146737400408e-01 1.538007568778539946e+00
2.955961158504101238e-01 1.692740606181999397e-01 1.482474181890840015e+00
4.987815167584401799e-01 6.724841743961802454e-01 1.578819238640440048e+00
5.710620839783899783e-01 6.771449381353200625e-01 1.570162230988680019e+00
1.121296348883599858e+00 1.944872452963601894e-01 1.899951387059509944e+00
6.655131745346800631e-01 6.304148531692603807e-01 1.624721750606029858e+00
7.716457719587901387e-01 1.583122145825002214e-01 1.940936867657209852e+00
5.813707534933199028e-01 6.587871283899400243e-01 1.589746469014770014e+00
5.864977742870800537e-01 6.601171920204003118e-01 1.586166354945170109e+00
6.147536408646299133e-01 6.328200077489205544e-01 1.633865759019239805e+00
5.741583237113803140e-01 6.533694425602203371e-01 1.623132052367739941e+00
5.765116474114000411e-01 6.513688338498802022e-01 1.619107306847379801e+00
8.966712623586898800e-01 1.732139730205199957e-01 1.872022035402229889e+00
5.446443736347399422e-01 6.572759368314000650e-01 1.608760546282410164e+00
1.036515448814710361e+00 2.990290976143803459e-01 1.730527370182369573e+00
7.207909780792201015e-01 6.149764710202199058e-01 1.746320355162799931e+00
7.784598151116299825e-01 5.637712738500801901e-01 1.836517448799899865e+00
4.500651116199199109e-01 6.676456629914204743e-01 1.647748284333000246e+00
4.377314933065801217e-01 5.483247954959404868e-01 1.785875770719709932e+00
5.091606845912999280e-01 6.026383485697601738e-01 1.777038083676059976e+00
4.155675456451302097e-01 6.042562552632604334e-01 1.724920390104780044e+00
2.549595758443998772e-01 6.173466771520799146e-01 1.697259770655380029e+00
5.629052730869401611e-01 7.179922876064404047e-01 1.512242768450299923e+00
5.101033496083702268e-01 6.019834540419803925e-01 1.755529223581810072e+00
3.694968057834000508e-01 4.901570360071201282e-01 1.619900013007069983e+00
2.934671296265802809e-01 5.108417252205204040e-01 1.654268331031089723e+00
6.794100162489300487e-01 6.941507174354806242e-01 1.566764056239299929e+00
-7.427091490851102096e-01 -1.235338615952500163e+00 6.327183506948809821e+00
-3.315871158799000851e-01 -9.524186164259400567e-01 5.874999623075959576e+00
-7.410329306548298911e-01 -1.229483490886420061e+00 6.328835351095859707e+00
1.038055766433410021e+00 2.028057089482204756e-01 1.866660351048760047e+00
-7.571502902350100150e-01 -1.252292798860120016e+00 6.396234159378789919e+00
-7.021949221621198722e-01 -1.210525289550139938e+00 6.248093896665030123e+00
5.092789261637300502e-01 6.665531531248400920e-01 1.582311711784960107e+00
7.564657940049199780e-01 5.510680309856803571e-01 1.745600400742259861e+00
