1.483207825294619919e+00 5.655789883388397943e-01 2.280792590065679804e+00
7.115923816883997777e-01 7.458917664090998212e-01 2.004385840636759841e+00
7.262195362128898157e-01 7.395821640054396351e-01 2.011760427921019723e+00
7.150060645575497809e-01 7.427556051597197229e-01 2.015316519901179770e+00
1.407208114585959846e+00 6.661494813279900118e-01 2.032507446741299795e+00
1.489565120135139864e+00 6.343311534346700586e-01 2.166365058000459864e+00
1.404031197744009862e+00 7.317284484116302057e-01 2.064024814031919952e+00
1.207400427128939802e+00 4.769104452732897403e-01 2.344298812446900193e+00
8.123732081668799676e-01 7.232873933076604533e-01 2.075351083356599791e+00
8.508255258919699138e-01 7.269375944846101500e-01 2.056942310454600076e+00
1.583991693060970096e+00 6.627081915121701972e-01 2.081544599072559620e+00
9.035902689997199477e-01 5.813346800886700638e-01 2.171989300680619905e+00
1.350154203723279878e+00 6.043310985536602953e-01 2.111585657375079972e+00
1.166506077710229849e+00 4.510089430882497918e-01 2.374096805451119785e+00
2.514111533794800013e-01 9.061423302577902295e-01 1.924864550985499800e+00
1.364357244877550057e+00 6.307589397392001640e-01 2.081384225053299453e+00
1.383375373122710084e+00 6.461814992122303369e-01 2.125043133397159778e+00
1.441160985667339967e+00 4.184451401537601090e-01 2.468989200892959701e+00
1.267300508165720041e+00 6.471067224821103192e-01 2.045798790538979617e+00
9.973695459796201312e-01 1.188997344061230033e+00 1.729371199609619936e+00
1.403631684653120049e+00 6.518550709334898219e-01 2.097307850692659681e+00
1.573240595186059743e+00 5.125883202088801216e-01 2.320051473703199640e+00
1.355259273213110127e+00 7.469969771367306333e-01 2.059777586532479887e+00
1.342949230797069848e+00 6.057352628570600306e-01 2.104628874275499939e+00
1.492333563078859893e+00 6.599493325597298732e-01 2.163094955829379717e+00
1.152641041164759850e+00 4.356210711818102599e-01 2.333636802832619761e+00
1.501130666266109692e+00 5.393958487885199826e-01 2.276570510460899754e+00
8.032481288217299120e-01 7.057561317331499939e-01 2.065509072334919871e+00
5.188358259723397925e-01 7.238918899425395015e-01 2.118105705334399680e+00
1.222276789333939906e+00 4.911733356898502212e-01 2.316879800946539891e+00
9.226546091667100491e-01 4.983911542020200702e-01 2.324434833713979742e+00
1.653683100723100097e+00 5.049585793205599860e-01 2.324608555689999800e+00
1.591396202459039788e+00 5.479656638969301330e-01 2.268804032296179773e+00
1.592695745361449866e+00 5.319907141156698938e-01 2.286177393721120055e+00
1.583197852084650137e+00 5.034310897123799311e-01 2.330097064648140037e+00
1.518457782348259677e+00 5.379720571661297246e-01 2.283916717246420092e+00
1.533831315555029828e+00 5.192573524478600877e-01 2.303085329513620216e+00
1.621225942915449636e+00 6.358238426479003724e-01 2.107378736494220028e+00
1.576493453531259803e+00 5.343212533659402741e-01 2.316392047650199792e+00
6.669653812552098771e-01 3.401342784738201619e-01 1.920393356102259919e+00
1.480572652036160175e+00 4.568075542085205942e-01 2.425265031845719843e+00
1.367056467742900017e+00 4.180623602637700831e-01 2.461650781718660141e+00
8.017865209909500468e-01 2.784580780434799951e-01 2.237254015853499922e+00
9.041615139167000770e-01 5.019349139165900642e-01 2.328687143452059516e+00
7.505640834678399820e-01 5.360428829810401918e-01 2.404958880047039838e+00
1.309968399437160036e+00 8.599184740830601026e-01 1.886222114085719825e+00
1.493778156412259861e+00 6.600002049624900113e-01 2.163456943216739869e+00
1.237636177284380024e+00 6.655672466866004999e-01 2.038276270982599669e+00
1.013705152184889879e+00 1.079877503368620095e+00 1.634249441277779713e+00
9.319290437389498027e-01 2.212374321592103232e-01 2.300800058916519841e+00
1.290083305243259648e+00 6.324921490338397678e-01 2.082244280717599594e+00
1.258974999166829978e+00 4.114618536821599282e-01 2.501054564103819544e+00
1.655425846041409965e+00 5.503182487968401038e-01 2.267626889297179815e+00
1.409736399050169897e+00 7.278977384246301252e-01 2.060804915771679902e+00
8.785962548594898891e-01 3.750126403372300299e-01 2.369466211210279560e+00
1.507888636977529728e+00 5.876614100096799742e-01 2.200557029598739778e+00
1.407873294779009798e+00 6.695514202446102292e-01 2.040289663806559961e+00
6.949598053893397687e-01 4.687802500057400845e-01 2.286954018226840191e+00
1.262263421603819991e+00 7.640056615240304883e-01 1.990089335434579887e+00
9.978302299295400690e-01 5.074485015847203240e-01 2.318251242242399535e+00
1.489556632448109763e+00 6.429009435403802986e-01 2.160915528617939785e+00
1.414825713870589974e+00 6.988757042982303158e-01 2.041023895097159979e+00
1.330848199442010049e+00 6.226438639587399404e-01 2.088118500288139945e+00
8.692725995021999275e-01 2.826069794740095897e-01 2.325229957981540085e+00
1.321416562962259844e+00 1.028560556227290368e+00 2.016636749730659872e+00
1.465091166972720016e+00 6.105313056376899805e-01 2.186386061165659811e+00
1.470631645885539740e+00 6.104976308426197651e-01 2.176416220358359688e+00
1.490486908419589973e+00 5.815388567287100852e-01 2.219887796417079784e+00
1.093616863964779862e+00 7.124303063823103077e-01 2.067303655810460050e+00
1.362092042974929917e+00 6.291055621804597653e-01 2.086427347894939999e+00
1.362997477865929952e+00 6.327852269165099575e-01 2.084535579208319778e+00
1.364516519821090013e+00 6.318483692718201983e-01 2.074286779179219664e+00
1.080488925339709860e+00 7.385900925662498562e-01 2.049446686523360039e+00
1.293068498285450119e+00 6.203392229441202499e-01 2.096351840897779706e+00
1.026889814850989735e+00 1.166635842604710094e+00 1.671997450605720026e+00
1.286921623354849942e+00 5.820473335089901834e-01 2.151495249754919570e+00
1.268564782352229914e+00 5.824684338753798318e-01 2.152595531518779914e+00
1.226969467056270080e+00 4.916871805507503357e-01 2.409506433532079939e+00
1.098567843891869789e+00 7.252010249827998134e-01 2.062931932613139896e+00
1.035700202244379753e+00 1.128849463982829926e+00 1.642850363469019914e+00
1.274029379683560004e+00 5.537874286676103264e-01 2.201612150246940125e+00
1.058916185696219703e+00 6.695227890661799020e-01 2.100382308885239802e+00
9.586274205945699567e-01 6.011872503058099948e-01 2.173593537931719943e+00
9.705377233565799511e-01 6.271373600619896127e-01 2.203414304782500110e+00
1.052471828890710004e+00 5.786860356986303078e-01 2.223410517491799965e+00
9.441836151652800435e-01 6.031764564184201038e-01 2.177907301291320152e+00
7.800638444275098671e-01 7.078811281227104235e-01 2.057288187085279496e+00
9.087954475908699425e-01 5.750042992307402567e-01 2.246211217334819654e+00
1.118285775583989894e+00 5.806322931441505464e-01 2.197430744653239731e+00
8.922284397930198008e-01 3.914846465732197967e-01 2.386943355622400009e+00
7.754713320409400978e-01 3.706365435473897296e-01 2.282006648857299869e+00
5.837955625786097613e-01 6.673346377072999491e-01 2.105775820400499931e+00
8.068935607648097807e-01 7.036064554875400834e-01 2.064077078284699773e+00
1.519506116941290230e+00 5.833470393519804009e-01 2.220667534862979853e+00
1.634254713984160112e+00 5.617899592322503910e-01 2.263206234778339709e+00
1.252773013177260086e+00 7.635351108206303028e-01 2.006847564188739774e+00
1.315175951419739864e+00 6.895693469322103919e-01 2.002167795683539975e+00
1.519700593507580244e+00 5.536313963565804297e-01 2.238594510220959677e+00
1.202112296014850035e+00 5.965147494096101344e-01 2.135868905839519716e+00
1.031612323687559840e+00 1.238761924595879860e+00 1.664631857118479719e+00
8.056609663522600329e-01 2.667865044967803190e-01 2.232778645066679779e+00
1.479077495446119883e+00 5.447108510572802320e-01 2.269467380877239648e+00
1.452409701978089718e+00 5.708284297075103542e-01 2.240066454457600109e+00
1.450412499958960044e+00 5.689439569582204204e-01 2.240922803317799694e+00
1.438809033607409971e+00 5.950597077955099845e-01 2.209780390733199873e+00
1.450762522950139966e+00 5.640904395230601498e-01 2.246195308525360090e+00
1.433363571087019839e+00 5.799466007973499426e-01 2.228677847826340042e+00
1.322262022267059800e+00 5.604917374286599863e-01 2.204421416650720111e+00
1.363549312047379836e+00 4.186793688111001277e-01 2.461479356189519851e+00
9.423581349408101104e-01 5.788248526424599749e-01 2.213401965793179826e+00
8.626698129108998359e-01 5.258691177489305257e-01 2.279260059982499698e+00
8.366862507127099668e-01 5.437623520629004670e-01 2.266745465217059774e+00
7.934067035290299774e-01 5.112806206339601811e-01 2.316442077363859653e+00
7.435101818765799120e-01 4.334179984735795355e-01 2.304632887898879989e+00
7.346673248156900815e-01 4.349487231394599807e-01 2.317157649698899924e+00
7.155800180561897594e-01 5.641498361440000497e-01 2.284542992337740053e+00
1.278532363717349796e+00 6.926388846818902767e-01 1.997540050486479757e+00
1.079537736227279998e+00 7.457791051119297965e-01 2.051658856172579704e+00
1.089547481316109900e+00 7.116084385528897993e-01 2.071574312461879952e+00
1.140710099393159815e+00 5.747017272996404191e-01 2.181614593631359789e+00
6.574348445541398078e-01 9.127775776052600154e-01 1.836069371628279878e+00
6.759508766300701410e-01 7.468029551766199869e-01 2.035740286805019839e+00
3.355249477420198523e-01 4.786505468832296106e-01 1.746641568012179846e+00
5.678311666975797145e-01 7.572834793036797851e-01 2.041895066016359728e+00
1.408314223927279896e+00 7.051579659006097511e-01 2.046111670450819986e+00
1.241494120545549862e+00 7.561206512487601561e-01 1.992102052177259885e+00
1.312738048254749934e+00 6.931905435976501995e-01 1.997212111795919842e+00
6.658793611653799349e-01 3.419430376807699457e-01 1.919175083762859835e+00
8.205693919581498186e-01 1.182129919970620113e+00 1.572996269800939650e+00
7.408216579495399134e-01 4.510561234157097754e-01 2.312131388791499820e+00
1.325768626095279901e+00 8.733017790156403226e-01 1.912469632787599849e+00
8.024450194166599104e-01 7.842980829069603477e-01 1.967654129291039666e+00
1.270975692019060022e+00 6.501853423172103685e-01 2.055357878141459871e+00
7.700602676109098432e-01 7.218998857755700715e-01 2.038481647043119516e+00
7.686759870263197847e-01 7.152473147508799922e-01 2.033384677322560119e+00
1.245007909062309848e+00 7.281166111796000262e-01 1.984200503190699738e+00
7.013689798656499441e-01 8.219846365954299738e-01 1.937644052231599856e+00
8.159179284969897417e-01 1.068747336482939625e+00 1.646422656940739859e+00
4.380639542883098536e-01 7.001727683908198774e-01 2.072809237620059974e+00
6.620423948067397646e-01 9.104254858731699596e-01 1.826991134533940020e+00
1.317933900129749869e+00 8.559642967737903785e-01 1.902255846125999739e+00
7.514483266473999112e-01 5.940729723322200062e-01 2.213007775208399863e+00
5.440612613819797438e-01 7.157033743730305542e-01 2.102485449046299859e+00
5.066134595673399410e-01 7.844994128887605722e-01 2.018860637584880102e+00
5.194922122980498713e-01 9.540837045123800042e-01 1.773468007224340059e+00
9.231165979851798653e-01 1.541102612269690253e+00 2.083653371151979350e+00
4.350035401669499202e-01 8.702817207408199973e-01 1.867009045973859749e+00
1.320544179522019856e+00 6.460632202323697282e-01 2.060675784057499627e+00
4.900133174944499292e-01 9.128026429134401543e-01 1.819225249877539863e+00
4.599194671640998711e-01 7.589681206863201357e-01 2.022136999633480148e+00
1.422933329691249860e+00 5.844270833281599575e-01 2.221816903892539941e+00
1.301757415710439902e+00 8.611383692109899624e-01 1.883684401959299759e+00
3.791120134999099167e-01 8.355310814312202350e-01 1.943607785704459801e+00
2.845781003622097072e-01 1.057771978859640027e+00 1.595374273109099850e+00
3.086281909164199644e-01 1.079137120262559923e+00 1.606269658205360162e+00
1.301188339006199790e+00 6.734147686958398271e-01 2.019492349620000127e+00
1.291180249023440085e+00 6.333854360395403393e-01 2.079007063155999813e+00
1.235118956314479988e+00 7.896236716437601277e-01 1.999128624958919964e+00
1.317030011469449757e+00 8.584341700769699823e-01 1.898516849181359767e+00
1.286512066972169688e+00 4.230399721764597221e-01 2.486979736104539818e+00
1.747458267771799245e-01 9.186620003363901166e-01 1.722502783832019713e+00
7.934455698763800413e-01 1.584404579354820042e+00 1.865021497779839832e+00
1.701381659569901061e-01 9.608768598870101041e-01 1.783058916278479789e+00
1.295902186487299379e-01 1.014869974945480147e+00 1.715422243495699828e+00
6.409605433076399628e-01 1.655167516675619899e+00 2.046158844405719712e+00
1.322271840966398604e-01 9.504695628957697817e-01 1.809683124327859938e+00
1.336750013939919990e+00 7.466337052123301898e-01 2.051114830450819770e+00
2.420912672314007308e-02 8.301551503314803515e-01 1.833382348023279818e+00
1.898429515446992122e-02 7.838020677224599719e-01 1.813658872051779891e+00
3.851217973726989152e-02 8.748341164376502999e-01 1.904368127327239701e+00
1.548321943893579800e+00 5.689665097371701119e-01 2.242023288439219719e+00
1.100963830088169892e+00 9.486715522720701177e-01 1.794109013461119950e+00
1.098658863161110055e+00 6.905735811384803302e-01 2.080324491586299729e+00
1.225496248990739945e+00 7.500863300024300795e-01 1.990129816355739933e+00
5.265335489821798554e-01 6.751261079280406197e-01 2.131600181638759750e+00
1.513534376800270032e+00 6.191129249333704454e-01 2.180004933234239495e+00
1.251855562109399855e+00 6.416468076237096252e-01 2.074672977497780124e+00
1.083562746054719916e+00 6.017968619916300721e-01 2.209506556328939553e+00
9.567229813136699512e-01 1.364471585597930359e+00 1.641939316319319886e+00
1.021254845639499864e+00 8.479881793787897859e-01 1.918957547525499852e+00
1.224981504231390073e+00 4.059962189356804974e-01 2.331064781947620013e+00
1.090324927987940118e+00 6.109766070492603784e-01 2.182630447761839676e+00
8.042057361019196993e-01 2.711903590687596566e-01 2.234914534804159914e+00
1.306238432063919985e+00 8.625963597928303361e-01 1.887400770850579779e+00
9.679515198152897071e-01 7.815156580296396260e-01 2.014143322668979774e+00
1.028067594848569799e+00 1.172442279675010246e+00 1.682302202430799642e+00
1.222261128150090137e+00 4.059132055553702489e-01 2.331149481062759765e+00
9.618765458208800023e-01 5.003114471522900342e-01 2.366386393860099968e+00
8.451731952815599858e-01 3.001939966241800040e-01 2.275243560452719915e+00
1.618585518151680169e+00 6.437765969777402564e-01 2.112996181159319864e+00
9.085371092886598277e-01 4.868730592718002459e-01 2.360715342981639875e+00
9.225214947085400574e-01 4.811471041895900580e-01 2.357334121233699786e+00
8.604680296628000047e-01 7.776773875141300696e-01 1.999171811579659730e+00
1.401433562927040022e+00 5.869169066195099038e-01 2.260081802312579935e+00
1.327793901377139818e+00 8.791603290417799865e-01 1.917092867860839878e+00
1.215165313580020001e+00 5.990132347871901519e-01 2.123763871205259779e+00
1.592307323962319998e+00 5.469764556831304692e-01 2.268132923804339729e+00
8.850173246972898866e-01 1.083939666309100103e+00 1.690602294012019780e+00
7.150347547666300319e-01 8.162126686969599643e-01 1.928879404735699854e+00
1.324634499177179903e+00 8.762477962495600625e-01 1.914407549369119721e+00
6.985467379143497357e-01 7.813647377000998429e-01 1.958143695629219749e+00
6.029973717220198370e-01 1.213034518166069775e+00 1.562748864446339869e+00
9.274730401577397920e-01 1.480221132577620446e+00 2.105386514019239819e+00
1.285481719198450001e+00 8.343154835564001726e-01 1.922924011378419840e+00
1.629513871771519629e+00 6.754545030347298695e-01 2.120579952276580027e+00
9.235426341628099056e-01 1.541559263306510053e+00 2.085612304549119500e+00
9.306451640198600828e-01 1.481244520291390421e+00 2.119781827282219755e+00
9.337206737076098051e-01 1.475980620870140259e+00 2.111424246444579822e+00
7.979201381708398433e-01 1.697044925127259907e+00 1.815123940215039644e+00
6.656645539862298122e-01 1.589949342165210000e+00 2.001097682899679597e+00
6.423268437044900026e-01 1.606798080357300096e+00 2.012874348896459775e+00
2.037570740316498319e-01 9.339754587941697661e-01 1.817934491602799740e+00
1.259736304191239942e+00 7.588322327131404865e-01 2.036243728678959641e+00
1.268054693509429676e+00 5.805068154395198743e-01 2.158027824892700064e+00
1.283429660091929936e+00 6.893946172524898497e-01 1.993119339771719956e+00
1.036982782509469958e+00 1.166267280228770575e+00 1.678710072152679977e+00
1.317790805574299950e+00 8.902748542062501880e-01 1.931963243326419999e+00
9.108318293362198670e-01 1.855566822155201301e-01 2.267189835425599931e+00
1.594746812215680265e+00 5.306985205885899060e-01 2.280835645905979980e+00
1.054427826015989833e+00 6.090832674065300711e-01 2.249292222622959692e+00
1.078595464865399922e+00 7.143503250366400881e-01 2.027912809957279627e+00
1.022054760235739934e+00 1.139600047634879987e+00 1.644879889674599749e+00
1.328373018653379978e+00 8.705844597457199630e-01 1.908031682260559636e+00
-8.484014701280073734e-03 8.286234497876698857e-01 1.846663502136899782e+00
1.526103065964098948e-01 8.725262182038100445e-01 1.812359635649959833e+00
1.577270717216929796e+00 5.320949560475602969e-01 2.354664973553979745e+00
9.939306201633200111e-01 1.072310591733390384e+00 1.647489483659339893e+00
1.521118402572270156e+00 5.829791327244502330e-01 2.216324139607960042e+00
1.373691044846800047e+00 6.299905127319898046e-01 2.057384939884260078e+00
1.021019550835930101e+00 1.200061687893870355e+00 1.628786716634639919e+00
9.915991310980598605e-01 1.225584458196719906e+00 1.586040046754039867e+00
1.302752965925179973e+00 8.459659977647702167e-01 1.905170742864779720e+00
1.231927967308539928e+00 6.692110136288100808e-01 2.030912225510099756e+00
1.350617132602059955e+00 5.899685891854298259e-01 2.203661722675219536e+00
1.243980620316340158e+00 7.423119635964103846e-01 1.977758868127579728e+00
8.212885115016699267e-01 1.120858724119629946e+00 1.648855095349879729e+00
1.274323590639879766e+00 8.313031734324496380e-01 1.938453669870700002e+00
1.312050452482099949e+00 7.512524693823900979e-01 2.049575522599139887e+00
9.441712531578598799e-01 5.262718959625998227e-01 2.269076513768800041e+00
1.336884409071199986e+00 5.922358085766801228e-01 2.150683976187159896e+00
7.490136937237399373e-01 3.320027986854301449e-01 2.242224617604419823e+00
9.354727422930100289e-01 4.864085201874901454e-01 2.340640088202719848e+00
7.057644747963198739e-01 6.019126569755199885e-01 2.053472635170799698e+00
7.546878172627997650e-01 7.948420948393801755e-01 1.967550598190279665e+00
9.329875525859399055e-01 4.857724460176100489e-01 2.315148449826099686e+00
7.085009412327898382e-01 6.019655919675697131e-01 2.046337154627839716e+00
1.359485662516640048e+00 7.325028558686399460e-01 2.008976181135960104e+00
7.171875936673999252e-01 7.415563232773403346e-01 2.006481118144359588e+00
3.660633673587997960e-01 9.410487427595402021e-01 1.984756638644279869e+00
7.599283011558899403e-01 5.805635420411701109e-01 2.249127335955119822e+00
1.296488535360770022e+00 8.858608675782602138e-01 1.924700283733739914e+00
1.320456300149989826e+00 6.472033016679998862e-01 2.057962004332819728e+00
1.321790639419460067e+00 6.453560936747699817e-01 2.056600258801739578e+00
1.616584372274440184e+00 6.924295145747902946e-01 2.109768493389339916e+00
1.216662429279509849e+00 7.618077047795097645e-01 2.016718281314519690e+00
1.354534106873929833e+00 5.797553306106102422e-01 2.216181751244239884e+00
9.991237141665201271e-01 1.197855288179510369e+00 1.602985190975499741e+00
1.113784564812019706e+00 5.806761446684800543e-01 2.203487621892439741e+00
1.010834051690829849e+00 1.258852470415660063e+00 1.622081299165699875e+00
1.212742789415570011e+00 5.127482280545601068e-01 2.384218257205539704e+00
9.655710326016597733e-01 1.134494044337049923e+00 1.715317034214379976e+00
8.617234384329499619e-01 2.094917853322200152e-01 2.232885617616299889e+00
1.474337371275719732e+00 5.896004983988898385e-01 2.211972286081659966e+00
9.968375270640099650e-01 7.999334815921599340e-01 1.924078104810019951e+00
9.594993438754597648e-01 6.004899637760499065e-01 2.171312038636099562e+00
9.473767476468899496e-01 1.179942957513930191e+00 1.779531474513239786e+00
9.320347449174397614e-01 1.479434185776320243e+00 2.114519466179319629e+00
3.752655382412597995e-01 7.414127644064401057e-01 1.880933052546719830e+00
3.768542463657699737e-01 7.340809743187401981e-01 1.881137292133179928e+00
1.555171909288480148e+00 6.975924939403006508e-01 2.100599539665199522e+00
4.450329374684998673e-01 8.353580695690496771e-01 1.880953026895019864e+00
1.375613116062649688e+00 6.384764035765300161e-01 2.191801730191520026e+00
4.392236262410298964e-01 8.340703270439198125e-01 1.884394604695699860e+00
1.274112954275939735e+00 8.929170367668499697e-01 1.879070014016979817e+00
5.223738657519849671e-03 7.960849409534198617e-01 1.757212003377079945e+00
7.739369112920002625e-03 7.996913948894401880e-01 1.752576441202799540e+00
5.310485404505987939e-02 7.442399199155398382e-01 1.746630453399599769e+00
1.358894523834129897e+00 8.597040491176801691e-01 1.932485538438539985e+00
1.246635829118419636e+00 7.407755335154699861e-01 1.973122564059179851e+00
1.219535124979839846e+00 5.930174320244201436e-01 2.119904278219039817e+00
1.294454861547999824e+00 5.561809914505000396e-01 2.221456761228080001e+00
1.167581563404729739e+00 6.217944770230803275e-01 2.099516876755020078e+00
1.161089311688279890e+00 6.089280613855099222e-01 2.113851004946860179e+00
1.383596242014220046e+00 4.144454810178002102e-01 2.474426723381640159e+00
1.000783907025869723e+00 1.094893448873410113e+00 1.636998428061199551e+00
1.415797572945979965e+00 6.675724849808097883e-01 2.031994347241379728e+00
9.716894487468799024e-01 8.056583038628402083e-01 1.951084004994239951e+00
1.289299352185829806e+00 8.283142669282097525e-01 1.923538498422159737e+00
1.249584350408159850e+00 7.729017987225896835e-01 2.013729910964459968e+00
1.476346365454300091e+00 5.472876282668599490e-01 2.260270349196400019e+00
1.536608384469699828e+00 5.455572435722400026e-01 2.262245045618159978e+00
1.344507365706769875e+00 5.626931707466000798e-01 2.186995995989740038e+00
8.364151179419299087e-01 6.173889375372703103e-01 2.181731403600319918e+00
8.840655713310998642e-01 1.091779672286649960e+00 1.745398996503499944e+00
8.779872561063197800e-01 4.991852012259301308e-01 2.311285748909339688e+00
1.618956188217299808e+00 6.402057275418699955e-01 2.091699169872740072e+00
1.275447163028530007e+00 9.029110006230600671e-01 1.887324478291019902e+00
1.506300327244449733e+00 5.440887580621798225e-01 2.277896584261980273e+00
6.672785403370100621e-01 6.054655342747501390e-01 2.115859980407039931e+00
6.985249250411400546e-01 5.992220458145902651e-01 2.092680240141699954e+00
1.362815757097590064e+00 8.583178419868702225e-01 1.929360080519559872e+00
1.188653595230589666e+00 5.625239294265897971e-01 2.219333555136599578e+00
1.028006003158369985e+00 1.242247402967250336e+00 1.650335610780599982e+00
1.625974068864909583e+00 5.389494140739097272e-01 2.242461082516399973e+00
1.110712135146749935e+00 7.374288351775299954e-01 2.054672392632800104e+00
9.455364890597197647e-01 1.067044667918329859e+00 1.679137523328099846e+00
1.099588842534729993e+00 7.257188985617497590e-01 2.064521629349359788e+00
7.621812344545599860e-01 1.356054939321420294e+00 1.790103718633439644e+00
9.072276925053097685e-01 1.076163748214060023e+00 1.687578017916460116e+00
1.577861257087060043e+00 6.648243464239700362e-01 2.087116607295099513e+00
9.894771738947301110e-01 1.162470115558920325e+00 1.718895486291539765e+00
1.386267098865610059e+00 7.113397424673102432e-01 2.086551474310999854e+00
1.135549819632739821e+00 5.414351547176801116e-01 2.216042788289599663e+00
9.809437462438599376e-01 1.389579014300610149e+00 1.656114064179059486e+00
1.109587337150109709e+00 5.477894703750900707e-01 2.230609723871159744e+00
1.095130311073709839e+00 7.013244065326798005e-01 2.101350625623779500e+00
1.320301226516229942e+00 1.049544655362720347e+00 2.026401095466059843e+00
1.394119502698139890e+00 5.738623448296598095e-01 2.241418896853759612e+00
4.324804738147998706e-01 8.655163271345800435e-01 1.857465521352439808e+00
6.694041313336500654e-01 1.490216714691310118e+00 1.981645127481439950e+00
6.207551587411197502e-01 1.520024069588910232e+00 2.008763606431499760e+00
5.840908808532800922e-01 1.542919672164370537e+00 2.014584242783179491e+00
1.587386308593719875e+00 5.243697084024099286e-01 2.382085932739579803e+00
-2.891537248397008097e-02 7.029703686409300989e-01 1.786200076889599586e+00
-1.692739861420100578e-03 6.699421438652402028e-01 1.864166484677159730e+00
3.599378447161099559e-01 6.219317189097599563e-01 1.778198197837619787e+00
1.516685262429020131e+00 5.679872618029502274e-01 2.240699477838179909e+00
5.832229207743994115e-02 7.247056302360499469e-01 1.764815690933739578e+00
3.212054644840000583e-01 5.216453992846903365e-01 1.750356429065779817e+00
2.896955955648011782e-02 9.351281124635699715e-01 1.776098760848819680e+00
1.163886601209990213e-02 8.403735022967400159e-01 1.919735321343839729e+00
1.248939719937000592e-01 9.216927814695596854e-01 1.810798062378119910e+00
9.685154725831499611e-01 1.079707828552589843e+00 1.650632705321399829e+00
5.000627509362004508e-02 8.403075299750899507e-01 1.910821201400139779e+00
1.066449041159829969e+00 7.203268799957498469e-01 2.041333554984559928e+00
1.157902479950689845e+00 4.499935930336300682e-01 2.376222510005479904e+00
1.258920736962610087e+00 8.059006967098600871e-01 1.962767707719979882e+00
1.138533896798060052e+00 4.537965501012399816e-01 2.370296733537800016e+00
1.292213360583299941e+00 6.315542504396998158e-01 2.077915967052240021e+00
1.016453943551790084e+00 1.184804241964400040e+00 1.709180509659219638e+00
1.200835027665060117e+00 6.613316733383605150e-01 2.041108887276159578e+00
1.183113181476779907e+00 5.958566318261999673e-01 2.126551304216520055e+00
1.201872236287179874e+00 4.078567634890799543e-01 2.338693044382559982e+00
1.016490816297229927e+00 8.086106738024800844e-01 1.957639057095259982e+00
1.193147860207280031e+00 6.641768206438001254e-01 2.051011472986639994e+00
1.198502134729839907e+00 6.522281372864202620e-01 2.054547591899599901e+00
1.229440088571289946e+00 6.054358438750904181e-01 2.119951157622079752e+00
7.656621109948198445e-01 5.487466945544297037e-01 2.286720293611059773e+00
9.439496018459099247e-01 4.698705907799400894e-01 2.374208955877139537e+00
7.491815111593997933e-01 4.341158689207997856e-01 2.306503064569000117e+00
5.001940058868901140e-01 9.228612940125098252e-01 1.826561711003359845e+00
7.118145142721501450e-01 4.441270906174101807e-01 2.287564023805839675e+00
6.879974621068698504e-01 4.511446267776701990e-01 2.286761156071159817e+00
7.060401005183098988e-01 4.583450614288400171e-01 2.285741183857779912e+00
5.824055184178598132e-01 7.674013045702599012e-01 2.049231735316519920e+00
6.064300154728798908e-01 7.471209393194302439e-01 2.015738199489820026e+00
5.431862605496198260e-01 7.191309884418000120e-01 2.103172098878039797e+00
1.023813931313970027e+00 1.188427700210360483e+00 2.624220774286899704e+00
7.088326854629956042e-03 9.624826477011303449e-01 1.777828890020999975e+00
8.705868231520030864e-03 6.501453759807198640e-01 1.852734336994239950e+00
5.267944347560005180e-03 7.054604160285300463e-01 1.770790939014539767e+00
5.830210032740699155e-01 1.543103553331170330e+00 2.018457734761199607e+00
-2.034769985573898210e-01 6.298582322502601638e-01 1.780325329093739750e+00
7.706245336062994555e-02 8.254236085572197457e-01 1.959073927921539671e+00
1.285750416424349840e+00 8.392233364396501916e-01 1.916822890972079918e+00
1.098957255780310005e+00 7.264942283162405534e-01 2.069849942410859622e+00
1.071142131873319858e+00 7.182552217264801531e-01 2.040811159639079886e+00
1.315237140752769873e+00 3.974220081163901686e-01 2.458643281697479921e+00
1.116768141462519903e+00 7.483927514267902925e-01 2.060634835832980016e+00
1.627063385840560095e+00 6.362667220264406343e-01 2.099624420444799799e+00
8.087068373964299006e-01 1.086895843551650254e+00 1.725634161762399810e+00
9.170182258381198714e-01 1.878984241069499017e-01 2.263833629481539766e+00
9.299190792531000227e-01 1.196082903298210320e+00 1.790951249828660163e+00
1.489857579803689713e+00 5.820873185764898761e-01 2.222987167516399687e+00
8.536353912520300291e-01 1.110175353893530614e+00 1.652744203633039977e+00
1.223095822362069818e+00 5.770294599287499882e-01 2.164190990692759886e+00
7.319603028278898194e-01 1.164693309212280203e+00 1.577796236086739690e+00
7.710787678124400024e-01 1.131426541830490295e+00 1.623709204353499747e+00
7.839443452968199999e-01 1.114318328312510209e+00 1.661585310044379593e+00
9.756473668367600105e-01 3.337437851120503840e-01 2.403633847707739690e+00
9.744220643273298066e-01 5.821975235789398351e-01 2.259146506234380070e+00
8.197701514269100098e-01 1.130723791421390567e+00 1.762631514884679618e+00
9.085443528969798788e-01 5.816181864088101339e-01 2.215254611489379855e+00
1.520212755518099534e+00 5.674886455946996922e-01 2.234714654618879859e+00
9.463223517263998907e-01 3.479478483939300038e-01 2.395088217224579985e+00
9.521663885156399498e-01 3.621221432538199725e-01 2.431075935859960069e+00
7.061021226754000679e-01 2.326790287488000875e-01 2.135941092336719915e+00
1.081544521829829852e+00 4.378104283041703848e-01 2.417298090865279470e+00
1.507796709497599696e+00 6.042060691598496458e-01 2.197758114081019620e+00
9.626990970228599398e-01 1.127986560125200155e+00 1.618856051426119880e+00
1.443485014240390107e+00 5.654387894390799918e-01 2.156597889646219901e+00
8.758107192765900439e-01 4.965558442690698460e-01 2.322809206048360053e+00
7.263720001580900032e-01 7.401316277607901117e-01 2.014335675924599833e+00
6.972731230225299726e-01 6.043952612429299709e-01 2.059681649215719723e+00
8.471837370901398323e-01 1.464049221788960020e+00 1.765725734400399816e+00
6.939597957983498766e-01 7.832691782733596231e-01 1.958458172717580048e+00
6.585182047667199612e-01 8.375700998964099586e-01 1.896293356342219738e+00
6.509326272186299889e-01 7.575955288008999755e-01 1.985709264435139954e+00
6.196567186372299307e-01 7.688395023684202467e-01 1.968706925127699847e+00
7.988880742271899926e-01 6.426245324986601393e-01 2.137977434317819725e+00
7.027809846290198337e-01 4.652092225952502158e-01 2.279599334687540058e+00
4.473239769226100004e-01 8.217923736778998123e-01 1.954566332223939717e+00
7.090114144475099245e-01 5.987387496534497533e-01 2.038250531141200028e+00
6.981124321412599532e-01 8.234688707600696933e-01 1.915044080252099823e+00
8.065327293960899979e-01 6.597039412757601529e-01 2.166360796052139825e+00
6.411142933278000111e-01 8.537065911637398141e-01 1.879494615000279811e+00
8.797146173052698970e-01 1.596924548276780209e+00 2.048204670081339884e+00
4.883746655186001484e-01 8.926085022792900059e-01 1.829400354233579939e+00
4.458238424199699179e-01 7.736216078654603034e-01 2.030022035581779960e+00
1.263117307645899579e-01 6.997344907451699125e-01 1.792344642767759844e+00
-1.056291267499037678e-02 7.340602457507701128e-01 1.785455553258959771e+00
1.454280661856998669e-01 7.095923569570297129e-01 1.737033855179179742e+00
-5.672554023506987120e-02 5.529875124314103108e-01 1.777797915640199733e+00
5.952543854364900078e-01 1.535516398698119955e+00 2.034652770863940141e+00
8.596368110292200715e-01 1.244655403850150277e+00 1.828193406574419644e+00
1.168961936932980006e+00 5.176704736437096610e-01 2.380425960558019582e+00
9.338403100968499793e-01 2.193442403864198642e-01 2.299874282153659522e+00
9.991605857739298546e-01 1.110236217198650399e+00 1.697511613013679810e+00
8.124846907731897439e-01 8.468566172081601895e-01 1.927391144799939671e+00
8.050208955412498923e-01 7.392849986448399857e-01 2.018580553957940005e+00
9.668823771755199470e-01 3.462361346831801523e-01 2.421365224760839929e+00
7.062540048651999580e-01 4.983071078486502881e-01 2.026393065971899610e+00
7.714222976854299141e-01 7.531994106217598794e-01 2.003468003419579979e+00
9.256861061748999919e-01 5.463839999432502648e-01 2.263363623691099669e+00
7.176526169184598292e-01 6.070557734698802665e-01 2.084136186820320091e+00
7.125769682387699255e-01 6.080496982692900065e-01 2.053333519136519847e+00
8.594402451711598001e-01 5.266550839794701400e-01 2.277093009777739763e+00
7.941005956885498485e-01 4.141671803539199725e-01 2.328961028072699779e+00
1.056630422160599991e+00 7.813198780906203122e-01 1.891427875018079519e+00
8.312081282188799047e-01 4.032429585797501215e-01 2.340239793904939969e+00
6.972106440690999385e-01 1.612229883219930437e+00 1.982762534465939641e+00
4.384583437357599256e-01 8.431396938230000249e-01 1.875215546633439700e+00
9.076288115180991545e-02 6.219590076947996149e-01 1.854690534287459780e+00
2.786262069769990246e-02 8.358988622471896779e-01 1.907745372623259827e+00
1.000648427414549735e+00 1.087543021516530262e+00 1.638603286399319625e+00
9.252997261825097741e-01 2.462007029458903595e-01 2.278077282738319997e+00
1.392385834262289901e+00 5.886230606770099794e-01 2.242217602154799927e+00
1.382125124135609839e+00 7.359957747987799781e-01 2.049863666386300132e+00
1.107288456428309864e+00 7.383922746896598444e-01 2.051992101431380000e+00
1.104254885347889736e+00 7.122282047122696635e-01 2.057145948415000092e+00
1.388785998319799875e+00 4.142397297487796504e-01 2.465442406130399888e+00
1.448157533411409847e+00 5.838373393932798638e-01 2.216737879593339677e+00
1.510653818388009828e+00 5.323365250347700250e-01 2.295871289156480088e+00
6.429262081481998958e-01 8.433854092611701159e-01 1.903749028869740068e+00
7.083003859139997971e-01 6.051383914933199382e-01 2.089103630285519930e+00
5.225827646506600033e-01 8.889021659762101901e-01 1.829866945372260023e+00
6.409127535748799787e-01 7.621131554763203031e-01 1.972569613509759900e+00
9.486906006776596456e-01 3.502125908852600222e-01 2.401065830116599908e+00
5.580005172281399251e-01 8.133572446454000460e-01 1.905831956942559691e+00
9.363463330501200499e-01 3.441730060587200324e-01 2.406341956977160024e+00
4.983330904689598495e-01 7.974369016200200111e-01 2.012256583717599856e+00
7.366817431892198620e-01 5.627329089584101052e-01 2.275090104941820179e+00
6.554299677067398910e-01 6.515180675633998053e-01 2.045861061964799887e+00
1.581710051486459712e+00 6.679073777592201555e-01 2.101068696181479734e+00
1.234164951358879936e+00 4.339529155637105173e-01 2.500955237785859708e+00
9.101489462212799531e-01 7.140995370836999978e-01 2.102389815137519768e+00
9.040840824041997958e-01 5.824573333877902659e-01 2.224375188628779920e+00
5.763339283133799285e-01 8.821385625018500765e-01 1.839385328171739831e+00
5.739650267018097107e-01 8.802718909272904124e-01 1.845980265083159599e+00
1.434485995970649963e+00 5.660670501083402417e-01 2.279180127403619860e+00
1.502841440906479864e+00 6.299155060700798447e-01 2.204691876001759976e+00
1.521340014634359861e+00 5.297159504230302129e-01 2.284127830391539771e+00
5.883231340265298037e-01 6.837319768693197464e-01 2.125828172627580059e+00
7.452145656474198354e-01 8.124644767204800555e-01 1.942280965932839720e+00
8.337409709758698551e-01 6.057426292732903672e-01 2.177680555277359709e+00
9.497218449394400075e-01 3.602674278523603224e-01 2.426310340823359724e+00
9.091466664450198465e-01 5.032685959103300188e-01 2.324892615848499933e+00
7.636360222835498757e-01 5.604110514471700721e-01 2.295520019132359479e+00
8.605163788346099629e-01 6.116007934284197756e-01 2.185664053539099871e+00
1.240424166844299902e+00 4.311044478883598874e-01 2.477448048352040022e+00
5.658523704020799183e-01 7.076022248124800296e-01 2.124437260737400024e+00
5.488890295994499624e-01 6.607042560165499179e-01 2.087246402258919886e+00
7.676307655713499045e-01 1.171002083290969997e+00 1.584428725010920136e+00
7.958864607126998614e-01 1.133480321016760106e+00 1.655981018290759721e+00
1.648783944780898847e-01 8.979297598097002453e-01 1.782892612423660150e+00
1.210123213963599231e-01 9.709278801384801927e-01 1.676315637945759551e+00
1.957356811499097460e-01 9.123503202290701442e-01 1.764303752635679512e+00
9.648196606530197172e-01 1.164327155583020135e+00 1.572314251922559691e+00
9.869192166878499872e-01 9.932857321539703133e-01 1.699833577400959861e+00
8.263045936409798564e-01 1.122144294520690311e+00 1.673750117294899642e+00
1.004714136577759875e+00 1.173219323248489987e+00 1.617523640945859764e+00
9.967515179378199086e-01 1.200592886387820135e+00 1.603029329194679775e+00
8.066762675682099815e-01 1.071755736783990498e+00 1.647266369669999619e+00
4.941477584043799109e-01 9.130207279878199689e-01 1.818888702740799612e+00
1.274320484180200830e-01 9.814506107139402413e-01 1.689521863438640192e+00
2.489576074937988048e-02 8.301050046033300323e-01 1.831936076003100045e+00
1.226244427948700033e-01 9.200138964076802761e-01 1.818476453600099685e+00
6.473113055728990650e-02 6.871783079111304371e-01 1.768938612968800062e+00
8.091504272734497683e-01 7.387021500644801453e-01 2.013789445439059911e+00
6.588707167513097041e-01 9.125700795562197154e-01 1.830363140223659979e+00
1.002129276158020055e+00 1.168628836675300375e+00 1.616923929610879718e+00
1.554755785907349974e+00 7.002430993677399851e-01 2.102693589055699697e+00
7.751502479279499536e-01 3.745259005019703213e-01 2.280895155699959709e+00
7.743999089638200495e-01 3.757029579651300910e-01 2.285519422447499949e+00
1.498557135646229943e+00 4.612841745087401524e-01 2.392476348920180129e+00
-3.872963573629820466e+00 1.456318632374610234e+00 1.962930764993219501e+00
2.921892315860000200e-01 1.075447332007420487e+00 1.602087791980280063e+00
2.782550063946597763e-01 1.075040815458850441e+00 1.598818408617739717e+00
4.965130901065800129e-01 7.520241387574302383e-01 2.019168504886219573e+00
4.677311916757099231e-01 7.654288798897901369e-01 2.017805064567679718e+00
6.671790894642987135e-02 8.704000097176900486e-01 1.898995987851320066e+00
7.802582798749497783e-01 1.605544355411049784e+00 1.870969383694519816e+00
1.430135584278229732e+00 4.168927446989603158e-01 2.472188827219899743e+00
1.487504150431629757e+00 4.632666787134402941e-01 2.407714119179299672e+00
7.431446052098498178e-01 4.539283469424899575e-01 2.262986504615399852e+00
7.997882075461799634e-01 6.369433206594903307e-01 2.170574406262499423e+00
3.092187603344196956e-01 1.064990526912600322e+00 1.565680380352560075e+00
4.968215659867901146e-01 8.739985096096403172e-01 1.843718300775939900e+00
7.984774365811901919e-01 4.131451966207102533e-01 2.328184787451039739e+00
1.456742035773598842e-01 9.864085650968499319e-01 1.759077227147539890e+00
1.594292505058179987e+00 4.899225590969102928e-01 2.331236211233579603e+00
4.942087275777898303e-01 8.821017704486500133e-01 1.839737976433519773e+00
-3.775996228001359700e+00 1.428771515849249996e+00 1.843290338525819916e+00
-9.918294617066020225e-02 8.383775205077801385e-01 1.908793555122319852e+00
4.930431896582499474e-01 8.545515335409301638e-01 1.863449527640040015e+00
1.231216141990709945e+00 7.843555048659600626e-01 1.995409573589699948e+00
7.871058241521700083e-01 1.545484700305440162e+00 1.815173449113659965e+00
3.126828857534996731e-02 9.145335808630596919e-01 1.786138505960180201e+00
9.833109008752988212e-02 8.990869281512303690e-01 1.772545550903919853e+00
5.630422011592978171e-02 9.416042970029001591e-01 1.736380558149579922e+00
-4.933863775493260384e+00 1.166871146258839920e+00 2.695846350069399655e+00
-5.013106671838700734e+00 1.239197366495870201e+00 2.674639259255859436e+00
-4.902736885011520940e+00 1.219843843779990111e+00 2.544416869455419672e+00
3.455110374191499578e-01 7.675943348783500486e-01 1.863592718645959767e+00
