3.914447381119298686e-01 8.412159580193303565e-01 1.978794978137480065e+00
1.253054459330249948e+00 6.523530029990600720e-01 2.267324794655229958e+00
1.066460651608629684e+00 7.522740424832805584e-01 2.125205258980579881e+00
4.956999023204599619e-01 8.288954379005606388e-01 2.028217484388000091e+00
1.227713749904710161e+00 8.706175429375699881e-01 2.017921810453879861e+00
1.266184595487109821e+00 8.284760495579697182e-01 1.954350173079330233e+00
9.766319946180699318e-01 7.767914976284602258e-01 1.983342702343279917e+00
1.063289485957329861e+00 6.091302266389397868e-01 2.321525990563490183e+00
6.007738388101298010e-01 1.301285651300450263e+00 1.668079065840169850e+00
5.983637252127900208e-01 9.344609018681400148e-01 1.913789798047119906e+00
4.937377548239499370e-01 7.273823547866904438e-01 2.176630893926089882e+00
1.316488279346779811e+00 5.778122480507501546e-01 2.357094203624759743e+00
1.183293972701650043e+00 5.707128543851605063e-01 2.350412874371329952e+00
9.496230699926200280e-01 7.885763465628208291e-01 1.950991920437929572e+00
1.291671974091209929e+00 6.760482627486001928e-01 2.190259595919129776e+00
1.183930514753960050e+00 8.179351392173204172e-01 2.044807022802749952e+00
6.833158128979197610e-01 9.308487249866603808e-01 1.887388289261590080e+00
8.818626589268796501e-01 5.664882091376204354e-01 2.245625742286249782e+00
1.357708802846269824e+00 6.438695393034403747e-01 2.223700449677729729e+00
1.213613865485119625e+00 6.975163333708700453e-01 2.154831755710049812e+00
8.959747249437597372e-01 5.706615533795400541e-01 2.249114989922920138e+00
4.869749518625699491e-01 8.107877345940102121e-01 2.019081634140249992e+00
4.159029225393800488e-01 4.506835072106800677e-01 2.171828334449939835e+00
2.089754080285198268e-01 8.063175065744598857e-01 2.100824736990880126e+00
-1.489702024785016787e-02 8.230463299633197227e-01 2.044942335170770065e+00
6.480311825139197790e-01 6.112498313991900911e-01 2.261044845149670302e+00
1.378258547441010062e+00 6.428207794275702103e-01 2.214060123770829946e+00
1.306467052800019735e+00 7.249311810588101590e-01 2.120705318484300328e+00
1.305978219886779756e+00 6.971789571537903019e-01 2.154886805545640271e+00
1.288292462260229865e+00 6.713530761233299504e-01 2.188329441709839784e+00
1.284146088141579822e+00 6.674315531287204895e-01 2.194377675230479774e+00
1.231665510766359661e+00 6.973852946412801845e-01 2.160340273261909694e+00
1.238852124748619943e+00 6.828000714733197807e-01 2.159424313204659995e+00
1.245545194109289877e+00 6.197300075900404881e-01 2.297282680466029792e+00
1.079209997699039691e+00 8.614852034554101312e-01 1.940371112385939956e+00
1.342515930219990050e+00 7.276875839869700879e-01 2.119878087156759960e+00
1.255905708372839991e+00 7.446465441437599697e-01 2.098761097501720130e+00
1.292856001756850004e+00 6.979972999264798528e-01 2.186635961299109976e+00
1.256183057597489938e+00 7.150347494207902610e-01 2.132448702369790006e+00
1.109075738045679937e+00 5.646260631124004892e-01 2.350700013027350099e+00
9.455646112378297552e-01 6.235368188081904517e-01 2.316087173671339983e+00
1.185396637217999816e+00 8.180952997302399776e-01 2.045019874888870159e+00
9.180144734876196644e-01 8.047336448673803044e-01 1.946845848795319966e+00
9.770758950436599921e-01 6.844368944617700290e-01 2.144527251354800157e+00
9.771032294824497644e-01 7.754836848962802787e-01 1.984671858197410099e+00
1.006471353830609816e+00 5.493189981274901879e-01 2.400858388068280114e+00
1.370698199346589874e+00 7.037448788219304863e-01 2.152768571606639814e+00
9.791827264744299431e-01 7.766525975579299246e-01 1.979502746054720097e+00
6.184381277719297465e-01 4.844572672458500318e-01 2.308364170162970019e+00
8.887981139783101003e-01 7.559021312269507131e-01 2.012006614921689973e+00
4.206195375212698484e-01 5.643207079785204083e-01 2.246617919977690114e+00
9.303078142725997868e-01 5.452240701926405197e-01 2.244343828291969878e+00
9.299205553061500318e-01 9.051765069085802029e-01 1.897977860871739919e+00
1.095207084046679880e+00 8.212058222490303816e-01 1.919811314143930137e+00
1.091466451170479690e+00 8.517014456213705120e-01 1.931960646765039868e+00
9.830788436106396855e-01 7.632758424094101546e-01 1.995469801717220104e+00
6.170962724595798754e-01 1.208940031351550148e+00 1.579000940767020023e+00
1.018890555965249911e+00 7.687891090375897907e-01 1.986179672056719969e+00
1.164394334724609736e+00 7.730904924932102684e-01 2.064261827068460065e+00
1.163104997389139861e+00 7.663606819121804303e-01 2.069969264922789876e+00
1.167571256746489539e+00 7.668388410020401391e-01 2.059485006329309975e+00
6.680236989683998594e-01 3.103919066982900876e-01 2.191566368951050059e+00
1.320568579503199835e+00 5.771574596660495882e-01 2.365553954473650133e+00
1.072563510036449896e+00 7.912562682311301554e-01 2.024439733600659874e+00
1.314439972124769929e+00 8.326107304456502600e-01 1.985315763289999813e+00
7.577385062890398260e-01 8.652178288760496994e-01 1.975229781783780059e+00
1.029458420616239822e+00 7.196426552153305511e-01 2.054324796668740127e+00
9.824523748316298377e-01 7.634859611338302710e-01 1.998202175794679958e+00
1.097754439802909765e+00 8.208629712050103944e-01 1.918049838571299848e+00
9.668658554238400704e-01 7.233695649211904222e-01 2.056044348979429781e+00
9.591261996365298970e-01 6.275502197411906291e-01 2.314372386388949820e+00
7.780862478616799027e-01 8.531669344642296426e-01 1.986574892039290052e+00
7.468976354236498416e-01 7.942714628831202273e-01 2.026990789568229978e+00
1.193161830915860033e+00 7.391896156948305485e-01 2.099008732703789626e+00
7.224639726106196758e-01 7.829544274395601189e-01 2.062063317577300214e+00
6.602417706940197917e-01 7.177508925614304314e-01 2.108983660053340259e+00
6.731499844801298593e-01 7.443065321341000296e-01 2.137840512298640139e+00
6.462117068417998489e-01 7.185754853357206873e-01 2.114785931810859942e+00
6.203357099459900770e-01 6.871836452741699741e-01 2.185894325496479773e+00
4.798485284139199503e-01 8.148156431748099227e-01 2.015693716559670001e+00
1.309340954808430046e+00 8.041425692154600124e-01 1.974632898281029947e+00
6.325031966139598172e-01 5.017977397489803426e-01 2.324615199496240070e+00
4.906065832829499818e-01 8.089398184208305143e-01 2.017249327440859830e+00
9.847823169504799079e-01 8.431665042340206195e-01 1.898167319201879977e+00
1.227013628937439815e+00 7.134603635842606817e-01 2.115386805931799952e+00
9.877476916314897881e-01 8.403422580912900397e-01 1.895017048606179921e+00
6.311989488858598119e-01 1.363171666987119890e+00 1.605536756131900056e+00
1.158696993503439909e+00 7.129403138560304054e-01 2.130907109420929757e+00
1.159117719858099971e+00 7.253582242706702043e-01 2.124021302645839882e+00
1.157369887483320037e+00 7.233172263309202155e-01 2.125047361360899778e+00
1.140644139201179907e+00 7.487025348715901085e-01 2.095681427921920026e+00
1.158633611083299764e+00 7.184631076304601738e-01 2.130177565211779811e+00
1.138354469019229764e+00 7.330590862445800493e-01 2.114791972055340086e+00
1.120720575984249789e+00 7.328946689619300070e-01 2.125497370685899945e+00
1.222656153341129981e+00 5.832333057385798991e-01 2.347778482879389728e+00
6.499350237897298932e-01 6.938690343619102752e-01 2.149884826442439945e+00
5.092365185700098440e-01 3.895816828892300077e-01 2.158123005390769844e+00
5.180441911105597708e-01 6.141103119779500741e-01 2.266544045144089914e+00
4.713840957456399416e-01 5.333659064012798989e-01 2.258730791523650083e+00
4.657093538338000216e-01 5.334370817305702506e-01 2.272046803983289731e+00
4.654638343841498993e-01 6.591462288740801423e-01 2.236006523136380153e+00
4.318573763156900447e-01 6.643566313922202315e-01 2.238540934680119943e+00
4.335194628058099409e-01 6.610217418032500181e-01 2.243640227229720008e+00
1.326824407759699787e+00 8.451756660858704695e-01 2.016781550048460048e+00
7.564650030925299529e-01 8.598621903173804260e-01 1.980302859304279739e+00
7.564736773904898737e-01 8.722929132868399993e-01 1.977643026594479991e+00
1.005830095999099782e+00 7.661629457744700833e-01 1.991756051526210047e+00
7.710747424964499164e-01 8.388443016855500201e-01 1.995876347449729860e+00
8.436681450627998569e-01 7.054458036409203547e-01 2.097881053423999997e+00
2.466822871691100594e-01 9.048467452456099291e-01 1.930294257172209926e+00
8.939372243392298412e-01 9.319909340072298765e-01 1.898384382563689909e+00
1.267505792163819978e+00 6.413927198197109103e-01 2.251455213999229876e+00
3.545158259318598737e-01 8.420474061493099516e-01 2.003174953430969740e+00
2.471285605288400800e-01 8.440353250316603440e-01 2.020542065936699938e+00
4.700600195036998552e-01 5.500145927863202555e-01 2.266676021531590202e+00
9.765075198882799956e-01 1.019706485480400326e+00 1.816027204313039878e+00
4.824813766970000306e-01 6.475399200762506080e-01 2.247805418392349708e+00
4.700497747454301378e-01 8.898190539849999414e-01 1.923099022609830122e+00
1.006453543415249952e+00 7.848593194352304625e-01 1.969624092705729801e+00
4.242067298698699029e-01 5.445749146144402975e-01 2.237962494131610303e+00
9.149465605297899540e-01 8.681027656950102145e-01 1.893311780519539855e+00
3.638262567666197822e-01 9.197704577635901213e-01 1.904211929453040186e+00
3.042926176463998655e-01 1.006274636374670406e+00 1.805577197679729906e+00
9.690089326953099658e-01 1.001895355494870410e+00 1.806392498608369923e+00
4.594035110409300793e-01 6.942227146616606337e-01 2.169296907900609916e+00
2.330030670470399357e-01 8.002428590043202394e-01 2.082572693440809974e+00
1.574916184432098576e-01 1.037505161828150557e+00 1.763498000800470145e+00
1.563757125247198787e-01 1.038646139897250409e+00 1.761677978009650314e+00
1.379417400327799803e-01 8.374803264843799777e-01 2.011973359777679882e+00
1.126958604268939679e+00 7.367700329430901807e-01 2.109108634878090083e+00
1.256949235782079954e+00 7.145380665118203911e-01 2.127538446320730081e+00
9.777879959366699847e-01 7.764857820744606176e-01 1.981354069401429996e+00
9.019753429151098345e-01 9.285312709723403390e-01 1.910161180096329847e+00
1.031438258197369784e+00 5.631177447151103355e-01 2.384224325812319911e+00
-1.494260205952500642e-01 1.000475704190630255e+00 1.825336301069529821e+00
-1.976555809497800298e-01 9.837312207797104247e-01 1.751149015109449980e+00
-2.236509081510100472e-01 1.004624350707840064e+00 1.837315745985660165e+00
1.011427270353449925e+00 8.931579125572401967e-01 1.950763803845199984e+00
-3.191122859829698122e-01 8.760838068570004911e-01 1.870019975069070028e+00
1.271946720061029934e+00 7.396117302324605181e-01 2.107623570922160017e+00
7.355645114900597470e-01 1.078316247230910241e+00 1.722547872954119708e+00
8.945284460742799482e-01 8.884393560388403888e-01 1.901561256654209942e+00
2.217369327622800701e-01 7.581906301659404601e-01 2.112673976692780009e+00
6.771320721605598170e-01 9.707296776751201950e-01 1.853271254015369962e+00
9.556036896857800222e-01 5.426023133549107147e-01 2.235180005472229947e+00
7.910301023736998616e-01 7.376818668441804672e-01 2.104636542842899694e+00
5.387012862924198675e-01 3.762557425048400628e-01 2.180490642105300303e+00
6.392005846598698415e-01 8.995434788454297337e-01 1.952336388776199971e+00
6.569112535042698209e-01 5.964263759799404152e-01 2.302835688490290078e+00
6.565700725043699393e-01 5.835101033511704838e-01 2.315469330593439956e+00
9.529210264534400121e-01 5.423072495861902542e-01 2.235541621086360120e+00
6.911175642440297029e-01 6.158756049231997043e-01 2.298782716501139856e+00
1.305191770197379864e+00 8.120388138540801659e-01 1.981783678558920014e+00
6.526204527702699210e-01 5.937818297462602590e-01 2.293503213080779979e+00
5.371359597051699186e-01 8.954275642874705010e-01 1.952018352721670125e+00
5.313560192318200759e-01 8.874770349153802140e-01 1.948395786941029773e+00
1.109403033795299809e+00 7.372698892809401716e-01 2.149409925802209909e+00
9.880706606636600053e-01 8.396816644018703091e-01 1.894421370173190011e+00
9.785455366085298312e-01 1.025667197974440059e+00 1.820512185270510397e+00
1.302580414037350032e+00 7.122347036467202575e-01 2.137220294277379917e+00
3.769141219426597744e-01 9.151502101551101109e-01 1.894001680825549983e+00
9.753576821461098501e-01 1.022539561496240479e+00 1.818118217812830117e+00
2.499546547034198762e-01 7.984315363326002224e-01 2.070480025660970114e+00
1.314388737172249799e+00 8.444083930958805606e-01 1.988716100606640058e+00
5.621567263411999527e-01 1.588430607821850638e+00 2.063762203165529829e+00
-1.505997468002699402e-01 9.936782799026102619e-01 1.837929139719310045e+00
9.325822364610700799e-01 8.994485831997003356e-01 1.944059150965069982e+00
9.422542754922897945e-01 7.798401371679102301e-01 1.976527353752050242e+00
9.670717844084499859e-01 7.213302846980902405e-01 2.061468082065680107e+00
9.997072366328498827e-01 7.727542871026005233e-01 1.986874419748219989e+00
6.435291305836099429e-01 1.291202846996349907e+00 1.617823616562209743e+00
6.543328694942098789e-01 2.989174798298803726e-01 2.200291459647489845e+00
9.860353167902200511e-01 8.423021585815899659e-01 1.895350416144980121e+00
1.262110681244659860e+00 6.953231327364004510e-01 2.156724281849189850e+00
6.272686326488798869e-01 1.263730000119180241e+00 1.585276611035299599e+00
9.788394287443500374e-01 1.017236024437880415e+00 1.811302681170069651e+00
1.297754181946159768e+00 6.955283528107305546e-01 2.224587110051069683e+00
1.223870855062229923e+00 7.430088406947106261e-01 2.093562973496469581e+00
1.057637635263859899e+00 7.796948897208604290e-01 1.951340579543010101e+00
9.550207750483499236e-01 9.907231488480603421e-01 1.810686286641399967e+00
9.851955739014901514e-01 7.242288129113305661e-01 2.054268706163199898e+00
9.113134359035999221e-01 8.079818411145207602e-01 1.940164893141790081e+00
5.819713108597899254e-01 7.259684429839603492e-01 2.137434605186030012e+00
1.085403284617809883e+00 8.878195962390502682e-01 1.961852617000639842e+00
5.767744569387398546e-01 6.353382009427901433e-01 2.223630677624390373e+00
5.740394252073899306e-01 6.355911790853701060e-01 2.224634108651499798e+00
3.970051015958600549e-01 6.997765362002799083e-01 2.015428357652940150e+00
6.582840224699000320e-01 5.995487790513205351e-01 2.250547077637290005e+00
3.989770557364398784e-01 7.000999623592101262e-01 2.008051845247980083e+00
1.030698971163169775e+00 8.811801971011001822e-01 1.906295919626669999e+00
3.927864597606599006e-01 8.402616001731602058e-01 1.969764437179360117e+00
4.725813956113899539e-01 6.811218299631300876e-01 2.204135787209450026e+00
9.477739194044698667e-01 1.029850354637910081e+00 1.831393575394419937e+00
1.003587362678659778e+00 7.927091358312703395e-01 1.957645196889389982e+00
1.004911214561969857e+00 7.909824120307804574e-01 1.956124397285259997e+00
1.299149597187370109e+00 8.604131697305203996e-01 1.979560431834739953e+00
8.876197893656798676e-01 8.992223292275702828e-01 1.929099804294200027e+00
7.800130461051999475e-01 8.809978673465803656e-01 1.955268097536139615e+00
7.594277343623798693e-01 8.663782016576104805e-01 1.973081486044339750e+00
8.187704447357999626e-01 7.091302491736202196e-01 2.122490745305380067e+00
1.318465773247029960e+00 8.435129630921200938e-01 1.986930920717239868e+00
1.303966338411939763e+00 7.265662869945399560e-01 2.124562151121709874e+00
1.027517251638679907e+00 7.541070303131303110e-01 1.997931454882559965e+00
1.176521762830439854e+00 7.460060566277804117e-01 2.094133814054889964e+00
9.142035299190998110e-01 9.278679301972203586e-01 1.906644408478220143e+00
6.737827741066400034e-01 7.429453506549303921e-01 2.133865540165469810e+00
6.571251884020297140e-01 9.208812814332698604e-01 1.860093399478399911e+00
6.693710895721498577e-01 7.027531336499903691e-01 2.213646988843569474e+00
4.126553266272997567e-02 8.165129697855404434e-01 1.879299307420549958e+00
1.236904232224069977e+00 8.608572923119803821e-01 1.976815720804470100e+00
1.027351573915499805e-01 9.136215593285796910e-01 1.874303623253080087e+00
9.742849631670008614e-02 9.118579836783904380e-01 1.878301120813029801e+00
9.203265229261596847e-01 1.035513819798959956e+00 1.788415171696430050e+00
-3.432072828613400572e-01 8.412579049371997630e-01 1.795657791803960013e+00
-3.414678580003601693e-01 8.450865420456403765e-01 1.790847460755599752e+00
-2.928497161107999069e-01 7.933820651391803036e-01 1.779394463394960102e+00
1.012468388819439902e+00 1.008565191376330050e+00 1.832322817601270248e+00
9.589378749778696420e-01 1.024395793170510105e+00 1.802380957826609897e+00
8.889456939732698348e-01 7.442445603513501151e-01 2.018516673187519928e+00
8.967215989378298779e-01 7.564380599089102208e-01 2.005616255231000178e+00
8.542523574005098652e-01 7.417013497576003811e-01 2.028945079660240403e+00
6.345399594541798471e-01 9.244135993923603412e-01 1.889622172261300026e+00
6.618046892752098564e-01 7.086417225918404394e-01 2.133258295299929941e+00
9.449290328832598007e-01 9.719301857864499627e-01 1.830049630717240028e+00
9.191100647483496644e-01 9.128676453289201742e-01 1.922932955492000051e+00
1.047247700815979732e+00 7.092838958289300333e-01 2.082161020732689938e+00
5.008195021196797381e-01 7.428498191832397790e-01 2.125944957435080163e+00
1.246742315838749837e+00 7.034643199313606043e-01 2.149914351501009957e+00
1.303630818049829720e+00 8.086801793678202177e-01 1.960506125277220235e+00
1.218518474721969502e+00 7.025862785013103906e-01 2.155696469281159988e+00
3.650171019581401333e-01 6.998194890884705810e-01 2.081479382074600260e+00
3.940852493096700937e-01 6.962134984468606458e-01 2.055123019900180203e+00
9.764296910980898581e-01 6.450378313305098477e-01 2.177363973787429963e+00
6.258777448007799560e-01 1.366481702769470230e+00 1.591743090194779775e+00
1.333927673391029911e+00 7.070590845005904068e-01 2.108108630012170082e+00
5.604814137055500467e-01 1.185167072559560220e+00 1.626022759588420019e+00
7.792234809749198909e-01 8.537497721832700837e-01 1.988059738215259831e+00
5.226655660607797405e-01 1.191209817734230514e+00 1.638489124978010025e+00
6.008635574639498156e-01 1.283396419562150337e+00 1.662598360861639701e+00
9.204750136551500539e-01 7.430268742048500297e-01 2.032275427221540198e+00
8.555030599551977089e-02 9.429011800010005384e-01 1.852713526184900150e+00
-3.669386326426600231e-01 7.455381188897700628e-01 1.826490514850160007e+00
1.223142165493829703e+00 7.275206459279404125e-01 2.118020097387700140e+00
-3.234323484555401418e-01 8.845937316193801525e-01 1.957359437790179957e+00
-2.863002775235100050e-01 8.875847585431004827e-01 1.944561509842659852e+00
1.079914093267669850e+00 8.816708888625999219e-01 1.962934436706179842e+00
1.188435568350649785e+00 4.922110337580700712e-01 2.322581173820700062e+00
7.443743554225699111e-01 8.459840922506700611e-01 1.968305254987710029e+00
9.205742150090301390e-01 9.469044337751102436e-01 1.871819405601539810e+00
5.121430911714899281e-01 8.645505693515700418e-01 1.961056975109349843e+00
8.702717575044998100e-01 5.832137450805798817e-01 2.283825453080360113e+00
7.297654158169797345e-01 8.246652877351599020e-01 1.986846826918180042e+00
4.593486803830199583e-01 8.503461305227302258e-01 1.971694842648670232e+00
4.905776226299499165e-01 8.072002292008002566e-01 2.015198013609259764e+00
9.788398784361995730e-01 7.747494072960601219e-01 1.980133578791960058e+00
1.020163007067840022e+00 7.073237863446502072e-01 2.071470216783399820e+00
6.685503529942198320e-01 9.655241543334802667e-01 1.851430414737520014e+00
9.333326877715897307e-01 5.425977093517599936e-01 2.245164629505350007e+00
8.950140387165599343e-01 9.065444887579905409e-01 1.931185130564740060e+00
9.229332298956698377e-01 7.434874556069301921e-01 2.027953547969450376e+00
1.451169071526000054e-01 1.005588203916310208e+00 1.815960696515380057e+00
4.392842581345400288e-01 5.410492566666904590e-01 2.245101581249639988e+00
4.322811010597998327e-01 5.547892442319504180e-01 2.244108699809729934e+00
2.943722350634899176e-01 8.484561334085405360e-01 2.003370775988040364e+00
7.572730948696797526e-01 1.219356311005040938e+00 2.369412714533529751e+00
1.209284827213829905e+00 7.222863539266100030e-01 2.126012372897620128e+00
1.049062464754670021e+00 7.142856135671202811e-01 2.081356830111030121e+00
-3.348230399482398090e-01 7.508044508978606313e-01 1.807702340730889645e+00
1.047956734312100124e+00 7.266389745519699073e-01 2.098402113740220010e+00
8.829736407695600864e-01 7.237192135316401487e-01 2.069186169316589829e+00
9.038778597208199095e-01 7.342784128829202839e-01 2.039001882133839594e+00
8.752494273811299852e-01 7.569800930561008112e-01 1.991354542738430045e+00
6.887261491544800496e-01 9.246414417952306675e-01 1.889466986615540023e+00
8.862514230672098314e-01 7.328675251206304697e-01 2.027735382680150078e+00
8.801478520861201194e-01 8.965299978665706160e-01 1.935878246931249880e+00
7.941227163813400214e-01 8.777220296446601733e-01 1.982798296599169952e+00
1.015686125471140011e+00 5.381607753769104274e-01 2.390537998741129933e+00
1.312791531397299982e+00 8.053197221666803518e-01 1.967494733971459908e+00
7.764618549240098755e-01 8.562178728524905136e-01 1.994112321380869801e+00
9.209167768562198653e-01 7.159671188603102809e-01 2.076244550584940285e+00
4.280763751050197796e-01 1.193936898609530006e+00 1.686606218949119995e+00
5.466772558311399077e-01 1.311689702323920459e+00 1.740907718761969925e+00
6.758865947928098805e-01 3.371554467969797297e-01 2.233326754024609784e+00
6.959802842742699447e-01 3.734534424148299170e-01 2.271321389797609669e+00
9.233898099313797569e-01 7.143163091236102158e-01 2.072148242579020305e+00
4.386944643369599661e-01 1.194846653014840276e+00 1.685060383869849687e+00
1.270710918719859972e+00 7.237805202090601409e-01 2.118900697301419722e+00
1.256179868580319603e+00 7.149734993441805297e-01 2.134023956811899936e+00
6.862038529503298179e-01 6.993551983598698119e-01 2.192151922515160223e+00
6.163799176753599340e-01 6.940084260648802239e-01 2.155236664910869848e+00
1.226059754904599730e+00 7.273464265466198508e-01 2.111698130747920121e+00
4.986883830583498933e-01 8.699720811631299622e-01 1.948533712107489935e+00
6.987533850644396249e-01 4.768303822386401603e-01 2.361897117768459786e+00
5.666044710452398103e-01 1.247745533408140206e+00 1.565287516653820266e+00
5.105425147083999526e-01 7.109458907961097029e-01 2.158056245636720050e+00
4.028156751842700278e-01 8.394921201680098921e-01 1.976612785695429864e+00
3.890362173514399502e-01 7.015407110713505201e-01 2.022513752085239869e+00
3.899324075223399855e-01 8.704775805810001099e-01 1.937459421511640079e+00
4.881501119752099105e-01 6.776806729946900365e-01 2.195185856196300023e+00
3.158633987295197953e-01 9.323096641663799478e-01 1.867724840402489983e+00
3.237067428202698438e-01 8.512658939528903179e-01 1.956150328009079953e+00
2.900722190637500808e-01 8.601801489630906961e-01 1.942624664857079964e+00
4.949756628652000612e-01 7.469234990889501713e-01 2.090591216647669892e+00
3.988942119312400281e-01 6.969881992820103900e-01 1.999904658249139988e+00
3.390715405903499957e-01 8.671846308882804610e-01 1.935480239798320179e+00
3.444693234346599131e-01 8.666290535180103394e-01 1.933013021377039564e+00
4.928060301794999210e-01 1.705314873761870187e+00 2.008360492452129886e+00
1.616781832699301646e-01 9.517408743071105182e-01 1.817272944679040325e+00
1.002200942769899128e-01 9.360727479383801342e-01 1.860828763072809977e+00
-2.121182672363601251e-01 7.543375520050903393e-01 1.816646639166259902e+00
-3.511952815267301298e-01 7.779664358088098641e-01 1.824369482040689938e+00
-3.460865228312001163e-01 7.974429289852895675e-01 1.855903939302049999e+00
-3.839065719348399019e-01 5.939193583015101030e-01 1.818572127393600191e+00
-2.819413266405300655e-01 9.192983827372602779e-01 1.932282103085739999e+00
1.321656358282719879e+00 8.407224587578008279e-01 2.010142624313239423e+00
4.771115303586300205e-01 1.354344557505900548e+00 1.785930343061259862e+00
7.561941435883099416e-01 8.286109565500201501e-01 1.972588546641419915e+00
6.918191657032899400e-01 9.092286457933498323e-01 1.870497679275290093e+00
6.122537148886699754e-01 1.232248960938050031e+00 1.639498127164889851e+00
4.710550127197999370e-01 9.532930008440303471e-01 1.883030073632249835e+00
4.453678637032098542e-01 8.561123554647307454e-01 1.961398268149320057e+00
6.248013140806198962e-01 6.370494678800200372e-01 2.262616091862189815e+00
9.237952396828696955e-01 8.409599662774003281e-01 1.891967084025389934e+00
4.032768750655398304e-01 7.064258512282701741e-01 2.014690682340780192e+00
1.166160266927199762e+00 7.361805766177302868e-01 2.088114077649950051e+00
1.312285063766329918e+00 6.605399778681702028e-01 2.179728583701179723e+00
5.274598014393299117e-01 5.172469419156102699e-01 2.277363464025759843e+00
6.905215829112600900e-01 9.357709239946607749e-01 1.875744767636410071e+00
8.800633800412498431e-01 7.441853874243700151e-01 1.997342811548649788e+00
5.275950712118899766e-01 7.596574371348101540e-01 2.086177751156100157e+00
9.486225839303699114e-01 1.002754683478310094e+00 1.837289097488830070e+00
5.231843418512800437e-01 6.090896727837702418e-01 2.273077521647629773e+00
1.236006622396809806e+00 8.675781174516103977e-01 1.974374578260920110e+00
5.004689608141097423e-01 6.962145445930401078e-01 2.168637613324980062e+00
2.660837104863899572e-01 7.684074094570203517e-01 2.134798841472609787e+00
9.502638586313999491e-02 9.209143700433204405e-01 1.869395734605700188e+00
-3.361361573473099496e-01 7.733978392958602566e-01 1.771717013161250076e+00
-2.292187214830101183e-01 7.450219376849702702e-01 1.815286122725690010e+00
-2.913738190386600535e-01 7.600190470187200287e-01 1.847068770369279855e+00
-2.829465378309601320e-01 7.562030869609401851e-01 1.844462624254359806e+00
6.015975008898797327e-01 1.268645283888530040e+00 1.561103319302250103e+00
-2.349729071371101929e-01 6.735300754129502909e-01 1.881048301977980231e+00
-2.562876727419199918e-01 6.931510205016098158e-01 1.883352745216400059e+00
-3.082405134437398164e-01 8.814919422873603860e-01 1.943700060953710063e+00
-2.672580140969299523e-01 7.273603365397403042e-01 1.812236378961890271e+00
-2.652713593852100704e-01 8.778563314307399335e-01 1.984941913716230077e+00
6.508950764735299543e-01 7.151370478505001405e-01 2.122304935977930018e+00
6.616409205840299013e-01 6.966505989253397590e-01 2.139325019175069897e+00
6.687342475197699532e-01 6.815163612159105266e-01 2.184800567933899984e+00
4.713706456989799620e-01 3.563345017628101186e-01 2.124454148594849823e+00
1.208550109534689998e+00 7.326214312946504048e-01 2.104642259056550113e+00
7.151263273792998199e-01 4.556630338304799022e-01 2.341358515205759883e+00
3.923247277634798746e-01 8.672283329381202943e-01 1.975304913495770087e+00
5.066084674291397860e-01 8.474437443262401448e-01 2.024461464156449786e+00
5.954150320752900072e-01 6.941910259900498925e-01 2.311955950291360029e+00
4.094823605061000404e-01 8.658022024939902028e-01 1.942683760111359792e+00
5.912448007515600512e-01 3.890764766337502234e-01 2.223758471083810306e+00
3.582007706800099389e-01 8.969987361756899258e-01 1.904541847958010070e+00
3.971057612047700913e-01 8.411429188088204167e-01 1.960373675627820056e+00
2.937543067361299554e-01 9.440192793235702151e-01 1.861275091566329865e+00
5.692989460457498208e-01 4.082916048344402693e-01 2.226415265644489772e+00
1.371089210976098038e-01 7.419443453358798291e-01 2.226660386541800207e+00
7.953564139561197788e-01 8.709827763979600679e-01 1.974647842351689775e+00
1.860099344403401411e-01 9.247246729724600822e-01 1.879533059817169782e+00
5.012856277997299603e-01 6.562441235487403990e-01 2.257446931035540061e+00
6.621462551971200039e-01 8.967546497659999449e-01 1.933256907344259812e+00
1.226910502687689863e+00 6.931407426479505585e-01 2.165400094165010003e+00
1.151493262981659660e+00 7.381854227274102787e-01 2.101463250970490027e+00
6.626169836583097883e-01 9.365955844648203854e-01 1.840510356064789743e+00
9.763976465297796725e-01 7.248972857883801968e-01 2.040333675905209976e+00
4.029568684380799293e-01 7.029011206006401391e-01 2.050659276395640163e+00
4.961749882151398894e-01 3.875743497226402656e-01 2.162867226038920343e+00
1.185213338726159860e+00 8.181310256801903602e-01 2.041343021334339980e+00
4.669361333902398159e-01 7.265458975052798696e-01 2.163096722345700051e+00
4.535770016517697845e-01 6.613272127787801491e-01 2.232053623146140087e+00
2.540365998538399173e-01 1.688006278532549809e+00 2.029948268982959547e+00
1.462289256613500954e-01 8.224631814053002810e-01 2.138640363177430004e+00
-2.873964591595800089e-01 6.877363317821705291e-01 1.899331497650349920e+00
-2.590312800486900269e-01 6.939072796072005556e-01 1.866243920973400083e+00
-2.824654308990201534e-01 6.934453524569901273e-01 1.898366048377519988e+00
1.539768180343997761e-02 8.362017670204504594e-01 1.875978080624340016e+00
7.041479240109898008e-01 7.884700245390001694e-01 2.031726318174760237e+00
4.694873158743600450e-01 9.562774063264802837e-01 1.875855466522539761e+00
6.128354362890100493e-01 6.944241789068399395e-01 2.164778516257939600e+00
2.235424983369998508e-01 9.687106738664701400e-01 1.827032017906999872e+00
2.803834203382098988e-01 9.287122666821001626e-01 1.870690868243189975e+00
1.145751267197459899e+00 7.189003983972506173e-01 2.164683866363950049e+00
1.200950544297039846e+00 7.884738702173599290e-01 2.084620363265599963e+00
1.235177554486459828e+00 6.893769773766604825e-01 2.160122254623089599e+00
6.326925895072299522e-01 8.860087342666405075e-01 1.983032154947059755e+00
5.357098685636099145e-01 8.943821332253703016e-01 1.950744312635140032e+00
1.023983996293909904e+00 5.489271394152697159e-01 2.386231071841649953e+00
5.364668055821399939e-01 7.125442712439304938e-01 2.125916705629240067e+00
6.221898667268797034e-01 6.435772294224000323e-01 2.221664224669310350e+00
6.959784071976999886e-01 4.748297779751602388e-01 2.357377854387380012e+00
1.328928814278199089e-01 9.419826112100004867e-01 1.840276648263780013e+00
2.422988823526100455e-01 7.845243654495706043e-01 2.136893672564789792e+00
3.079610931328198853e-01 8.779152414300102070e-01 1.917670539436149735e+00
5.633967617449699983e-01 7.204027071478702471e-01 2.131208129428800113e+00
2.860138955156900642e-01 8.562331625594399309e-01 1.982322535023419929e+00
6.943967598483795634e-01 4.626028855990702571e-01 2.323467051481349799e+00
1.319407456683979962e+00 7.065883163024506697e-01 2.141965991824319904e+00
6.827647569057997412e-01 9.711633599056301858e-01 1.849101177055729961e+00
7.173938515980198272e-01 4.505150504111898879e-01 2.335417464210510108e+00
5.363414264123700370e-01 6.993498722408599821e-01 2.198687772971079646e+00
6.249260724854597271e-01 3.857905917411301733e-01 2.258690672043390357e+00
5.878933027274599876e-01 4.054298575333501464e-01 2.226310848924959895e+00
4.719659545377599685e-01 8.938413665465401170e-01 1.923406533828879716e+00
5.841942178457599777e-01 7.254675019962302240e-01 2.137119641770140355e+00
6.717604992474097703e-01 6.788138478043201918e-01 2.184961100049320315e+00
5.377761686809698904e-01 6.256870452042504471e-01 2.257506064821179770e+00
4.908640232007199233e-01 8.392482188298904244e-01 2.047371916372979772e+00
9.584998895047996958e-02 9.455612343423800414e-01 1.849916321494769811e+00
7.795018236747003337e-02 8.194610451224704217e-01 1.816645074589209763e+00
-1.624440709918301695e-01 9.719296952345899410e-01 1.785061785581669724e+00
-3.285727972313000622e-01 9.009387462724702811e-01 1.972021172286169799e+00
-4.398577462983300768e-01 8.761533791174096475e-01 1.966840306970589980e+00
4.374657653062799523e-01 1.230866468565200433e+00 1.633765563783189823e+00
1.390808033516999775e-01 9.953695772753403670e-01 1.808790337684780258e+00
-2.002241331116001444e-01 9.767168744425303029e-01 1.825016839277629810e+00
4.991377509148992031e-02 8.887098518655502932e-01 1.948441861635270111e+00
-5.863533363028999856e-02 9.852833010525408053e-01 1.871966288056909899e+00
-1.530148142760401342e-01 1.003639905125550458e+00 1.822528846910129730e+00
3.036559898990199291e-01 1.007641232345510174e+00 1.803319496259290222e+00
-5.872377928604400665e+00 6.092711251317000087e-01 3.786849607186629996e+00
1.447461765669500466e-01 8.445640515815504568e-01 2.006968302580530050e+00
-2.732533909980700004e-01 9.189808239804302392e-01 1.931571606325769963e+00
3.417150869627005871e-02 8.258888350735802408e-01 2.002723879745549773e+00
1.041382284667329960e+00 7.539292355865099271e-01 2.013035669000120098e+00
1.225332883090880065e+00 7.565759345738001240e-01 2.082177962348370048e+00
1.219486284840379797e+00 6.194983496539501200e-01 2.285440669185390128e+00
4.670628196997597681e-01 5.534566945166699004e-01 2.217604294167720091e+00
4.996733078587801136e-01 7.410657420022006558e-01 2.122828894820290024e+00
1.315440209015059869e+00 6.549989896576799975e-01 2.198862905349269870e+00
1.436634074444599896e-01 9.643812343765703066e-01 1.829023977144839996e+00
-4.343118822790200673e-01 8.740716115784603613e-01 1.957798482125379991e+00
1.035333333258399713e-01 9.108971921256203697e-01 1.874855806004779968e+00
1.094156197600559821e+00 7.793740337346404257e-01 1.946799751392910061e+00
-2.571720841588598372e-01 9.510630597275497866e-01 1.803025235836440032e+00
-1.998995853075900553e-01 9.768097339529198120e-01 1.727042465327079945e+00
-3.058431396468299646e-01 9.904737741721498789e-01 1.772044365706240132e+00
7.431986480299912490e-03 8.384641412250901649e-01 1.866143926488539773e+00
1.175928380049909849e+00 7.881140536529802620e-01 2.010991335532669844e+00
