-1.830270427552199708e-01 4.276690438121200089e-01 1.377886703586559847e+00
-5.303680753787398672e-01 5.637586084297601108e-01 1.254270040594059887e+00
-2.695617311413799899e-01 5.151604079331300046e-01 1.350405620423910102e+00
-2.695617311413799899e-01 5.151604079331300046e-01 1.350405620423910102e+00
-5.091612926456499100e-01 5.482046504221900207e-01 1.265348331695649975e+00
-2.759176008171499994e-01 5.793525387447799879e-01 1.242179980338439904e+00
-4.694814498080699949e-01 5.700993216792099583e-01 1.219721919959630085e+00
3.204113542943999582e-02 5.442890567367000276e-01 1.303496879241180295e+00
-1.781443861842699761e-01 5.774654935458799487e-01 1.269453198763660140e+00
-2.821199207732100200e-01 4.251310049207699948e-01 1.253995986690649822e+00
-4.822156221647600494e-01 5.410428996140800306e-01 1.281344058018620169e+00
-2.619182583700699896e-01 4.319758204009200298e-01 1.298415729685979958e+00
-5.019917504123001112e-02 3.910208860739300407e-01 1.599710709370590234e+00
-5.091130652300799309e-01 2.644621950763300089e-01 1.604364152862970183e+00
3.086658534077998256e-02 5.751008152759599090e-01 1.265506210976059975e+00
-7.226437566630499187e-01 3.177916587383600167e-01 1.573162867005720056e+00
-3.329460711664699590e-01 5.170941682682799190e-01 1.293925827251279914e+00
-1.093581268755799973e-01 5.609567427424300146e-01 1.308051753799589934e+00
3.101816652378999034e-02 5.746668228874600715e-01 1.263939750251739991e+00
-2.897850007999996924e-04 5.443754274492600409e-01 1.296498130288580075e+00
-4.788159640778599790e-01 2.388682444950300243e-01 1.634802392546830241e+00
-7.722165479791398557e-01 2.750086990348999949e-01 1.700615096642859925e+00
1.805604190249000124e-02 5.529681505923800255e-01 1.303937637378460135e+00
-5.232381558593199866e-01 5.506539739388399690e-01 1.262849567081659963e+00
8.947524795601000114e-02 5.575518817472799871e-01 1.307924219440540048e+00
1.403835564376999800e-01 5.422240388762100682e-01 1.315090868251669987e+00
-3.650989095454599820e-01 3.752454678689700063e-01 1.273771251281490047e+00
1.123213073147899532e-01 5.178373952872800112e-01 1.336421434387200069e+00
-2.185997045384899806e-01 5.783416794977800368e-01 1.250891221729419911e+00
-3.801415554995200008e-01 1.323356811532800381e-01 2.030348490801400008e+00
-2.209018211133999821e-01 1.452464391828099943e-01 2.011730552678350215e+00
-3.742222956421200619e-01 4.158911504235599521e-01 1.274517650133720092e+00
1.033237594500099887e-01 5.085099958246599439e-01 1.368400022653539772e+00
-3.185794730902499761e-01 1.553138713580399788e-01 2.006203944380839932e+00
9.008324656563998500e-02 5.593399024605700820e-01 1.314050243613470004e+00
-1.739968010222100181e-01 5.642254157835300266e-01 1.289416117802249850e+00
-2.715402170644199975e-01 5.887304002120999913e-01 1.242692350730600026e+00
1.193346182124699617e-01 3.037041382866900174e-01 1.497711077829490200e+00
-2.145769631976300051e-01 4.570801424285400039e-01 1.380019117640700177e+00
-2.803949925300399659e-01 4.422670930996600025e-01 1.259937595295659962e+00
-2.793001471341199915e-01 4.223645583794199965e-01 1.247729702342659897e+00
-4.726106280363400192e-01 4.958118195135199358e-01 1.349019502680279814e+00
-5.610135704558899539e-01 4.716137022048099703e-01 1.355883444009709837e+00
-2.183429424753599857e-01 4.080550074836399865e-01 1.393157848833600276e+00
-7.632501670205598110e-01 1.520717919529100126e-01 1.809015853214789971e+00
1.440858773453799757e-01 4.818595950244400350e-01 1.418028907693760221e+00
-3.408555473732099439e-01 2.270978870926600446e-01 1.767213269656739971e+00
-5.109067710719001482e-02 3.892033842104200558e-01 1.604009828652679825e+00
-2.770908278257699919e-01 5.799273676414199441e-01 1.246524506988940129e+00
-3.168198411170000117e-01 5.317800747093499592e-01 1.297494664472409909e+00
2.376590109056099798e-01 3.499244042319299974e-01 1.659529438205690433e+00
-2.812778356754300213e-01 4.238533372873900529e-01 1.253382585599170040e+00
-2.621806368324899883e-01 4.294738484154499991e-01 1.291965030211009946e+00
-6.772524779519999427e-01 2.434332446129199856e-01 1.701893570626579866e+00
-2.828483853035100304e-01 3.757496873022799777e-01 1.453752093275520352e+00
-2.184294585648299813e-01 4.098495068178500400e-01 1.391780229339569797e+00
-4.283334362890998948e-02 5.271055320528700294e-01 1.318005357256530008e+00
6.160337999977000961e-02 4.896658411577899939e-01 1.383388841460509777e+00
-4.950559902075199470e-01 4.728001004825099773e-01 1.395599380252650068e+00
-4.754847909627999969e-01 5.349449405537599622e-01 1.296377435354620022e+00
-2.702990592550599813e-01 2.289773748523800112e-01 1.821267471326579734e+00
-2.754381376546800597e-01 1.243990021146600400e-01 2.056135502708680285e+00
-2.517929129379199993e-01 4.745819343531699763e-01 1.336975972192830042e+00
-6.462014486665199620e-01 3.568395036691199840e-01 1.530500928762519752e+00
-5.489355674282000302e-02 5.035505751336499802e-01 1.344472547471989854e+00
-6.074625649426999008e-01 3.464804627761500222e-01 1.534301962383810114e+00
-6.752619304986099413e-01 2.567508250514000112e-01 1.719595124044099865e+00
-3.249793193173199923e-01 3.931973602616100072e-01 1.262900110076149884e+00
1.642224514999991725e-04 5.682068969014399951e-01 1.249298392869779839e+00
1.642224514999991725e-04 5.682068969014399951e-01 1.249298392869779839e+00
-2.345335413431001714e-02 5.216756121857299977e-01 1.317720132173270109e+00
-2.402693313184499913e-01 3.690959816143000172e-01 1.409484804942600089e+00
-6.624035272012899211e-01 1.540883162360699998e-01 1.929049458190529975e+00
-4.480337038673399830e-01 3.742388534374400111e-01 1.460508316786899741e+00
-3.465092067798100084e-01 2.280883016786300066e-01 1.778258211878609885e+00
-4.995913271353100149e-01 5.557162046567599711e-01 1.248713943467359755e+00
-4.406250771944499878e-01 5.292022702089900221e-01 1.303520172352770068e+00
-7.674633475482698364e-01 1.526262344643600222e-01 1.812529004524320086e+00
-4.983526540020499773e-01 4.726311135697400245e-01 1.394379274297639970e+00
-5.269005255081899985e-01 4.559711279235800219e-01 1.406387008958319917e+00
-5.205408358301999439e-02 3.850420266436699879e-01 1.602077705561209875e+00
-5.366285957635699155e-01 1.113589729146400309e-01 2.045599698170360359e+00
3.021990461206600087e-01 4.851419620518799825e-01 1.432730780768920020e+00
6.155977823583001080e-02 4.891404287049799793e-01 1.379379273220899815e+00
-2.293942934909199705e-01 1.707755346226600135e-01 1.866044083690760136e+00
-5.992877410734198662e-01 3.720747449914300065e-01 1.483479061344110228e+00
-5.992877410734198662e-01 3.720747449914300065e-01 1.483479061344110228e+00
1.591699468947299079e-01 3.028121113514500307e-01 1.513448459998089746e+00
-7.423836512024798440e-01 2.678879668072600140e-01 1.667319425061920324e+00
-1.537357694623199822e-01 3.490966485818799980e-01 1.462095352361020062e+00
-2.301573476779300020e-01 3.017153812577800243e-01 1.686704499168319771e+00
-5.219448745944399448e-01 4.818955043397299964e-01 1.317754304698310008e+00
-1.549371066644500139e-01 3.702893859363299844e-01 1.405670817647469928e+00
8.166977584178000682e-02 4.863978734193600273e-01 1.388687672208799739e+00
-2.161206414414700017e-01 4.572926324849100332e-01 1.385487924254490189e+00
-2.541438763195300043e-01 4.758917011795800178e-01 1.349413951483739993e+00
-2.401490129311499855e-01 3.694777537077100216e-01 1.408367631795409913e+00
-7.171453216291598931e-01 2.541753168101699711e-01 1.796080764915189754e+00
-5.144192799608099387e-01 2.272637114488700316e-01 1.667090815565310358e+00
-6.912025055047100741e-01 1.968034163668800351e-01 1.759165174049579949e+00
-6.912025055047100741e-01 1.968034163668800351e-01 1.759165174049579949e+00
-7.629934620699698744e-01 1.485965629766100027e-01 1.823232299689150349e+00
-3.564756054094699311e-01 2.248209786877800043e-01 1.773447375062379816e+00
-3.973807498621499401e-01 1.958306359677400299e-01 1.787072887288299938e+00
-3.671099085132099593e-01 1.805950609750400226e-01 1.778077747040879952e+00
-3.854346733873799113e-01 1.313475403698099730e-01 2.029801241960289993e+00
-3.007770007234899512e-01 1.064325957628400598e-01 2.086644190037959756e+00
-1.498136951167000630e-02 5.786607978844900968e-01 1.252799927171949879e+00
-4.223833401284799449e-01 5.706500115784399751e-01 1.279927897234879985e+00
-3.087354706128999648e-01 3.307723140211900059e-01 1.422778203275190112e+00
1.934575828704000744e-02 4.958911870025499713e-01 1.371399360127730116e+00
-4.065404578059300111e-01 2.394742370646800178e-01 1.662884067635680196e+00
-4.059554215704199720e-01 2.388311530940500360e-01 1.658984798176450060e+00
-2.206714500979199967e-01 5.822197067109100566e-01 1.256362968799209945e+00
-2.310508159605300094e-01 2.951115522778400280e-01 1.732822806809319882e+00
-1.936440128506100034e-01 2.596534412138000736e-01 1.771921340929240252e+00
-3.089124558046499880e-01 1.726253739573300194e-01 1.907577796827349736e+00
-3.644542656468199304e-01 3.761881601876400083e-01 1.271323572197500029e+00
-3.782223135732999952e-01 4.033723703716499687e-01 1.267386622366909910e+00
-5.649328992836899488e-01 5.040386465500600321e-01 1.278906622896519796e+00
-6.012196027049099278e-01 3.730163895237199601e-01 1.490297300156059990e+00
-5.091550888790299378e-01 2.619611399601200485e-01 1.605139155597059997e+00
-6.724637544198598382e-01 2.466607217254100370e-01 1.700457290551089962e+00
3.965805722336998573e-02 5.596457071961600249e-01 1.261923245321139975e+00
-6.662712899817898604e-01 2.573958855768200271e-01 1.692817513625380244e+00
-3.484937357972899830e-01 2.295212008254800262e-01 1.728232415097540109e+00
-6.919957029042399510e-01 1.990174173543400038e-01 1.758321588844720118e+00
-5.027991330890199118e-01 1.567594910277200215e-01 1.964254292993980133e+00
-3.779911201040199731e-01 4.028029959771500246e-01 1.265473464065470122e+00
-2.259743153486999945e-01 5.678703299496700163e-01 1.274091718608709956e+00
-3.368804983335899617e-01 3.527010851371400468e-01 1.513935893686439993e+00
-4.863167230171600020e-01 5.168168528301499975e-01 1.338252502768349839e+00
-2.708673481472300137e-01 4.446501122808300122e-01 1.483836965222929738e+00
-2.771641114953000140e-01 3.742977603081899529e-01 1.407144528886429935e+00
-2.771641114953000140e-01 3.742977603081899529e-01 1.407144528886429935e+00
-2.447184162553699971e-01 3.117825076186799826e-01 1.424040631433099779e+00
-2.307204831759699926e-01 3.065870503851300111e-01 1.391792792779509735e+00
-2.395748919076099992e-01 3.108457992623600008e-01 1.420601988729319753e+00
-2.391959852286499877e-01 3.117272599296699864e-01 1.418398390893309990e+00
1.357574240642399899e-01 5.072005367178700208e-01 1.362581185960909824e+00
-2.729180503574000216e-01 5.209046406163999610e-01 1.307851712274100020e+00
-4.220842675590000259e-02 5.291652480422099902e-01 1.321559767385910078e+00
-4.893291774144900019e-01 5.400003078150600322e-01 1.287513400547000142e+00
-2.314378627715600045e-01 4.487591196827800388e-01 1.379161762327099972e+00
-4.694328506836299986e-01 5.040262655297800265e-01 1.339540590301619982e+00
-3.172777958178799596e-01 4.253312628388100092e-01 1.455329965794450064e+00
1.967171626809899598e-01 5.484312571947399517e-01 1.330054860227980029e+00
-2.450164587845099773e-01 3.307235629949599742e-01 1.573643718033679750e+00
1.006818306132999941e-01 5.037846720710299486e-01 1.357254451607149637e+00
-2.517713476874699485e-01 3.355371288890700576e-01 1.597370657536969940e+00
5.477161306138000202e-02 5.735966640326599641e-01 1.270308894513960007e+00
-3.981821638573500022e-01 2.951431974499799660e-01 1.599723761235339659e+00
-5.808006377494299155e-01 5.037078291327400370e-01 1.347846124831900028e+00
1.170356405197900129e-01 3.050814972028900174e-01 1.492908121823449896e+00
-3.663266987747200165e-01 3.762356346374999827e-01 1.275847328762039989e+00
-5.528061912624399055e-01 4.624736175593300302e-01 1.397426679907749936e+00
-2.620537568742499768e-01 4.094994550694099900e-01 1.279445405212929820e+00
-1.423092276254099842e-01 3.214443581939400163e-01 1.448868855862300187e+00
-3.230667326240799775e-01 4.254355843395299930e-01 1.463104183249190005e+00
-3.145459070575000182e-01 4.212077599221599744e-01 1.448006935047200017e+00
-5.059568299762199350e-01 5.185827517741700143e-01 1.311709016986890131e+00
1.561460103500999369e-02 5.653121391944599949e-01 1.262406543643620038e+00
-3.159012499214499670e-01 4.563308576015200346e-01 1.251450813811299856e+00
-4.589717343510100189e-01 5.732473794487800145e-01 1.234568819227019887e+00
-4.842922925958000335e-01 5.558963180974200169e-01 1.259769026295320060e+00
1.196436508340899818e-01 5.359838810407999699e-01 1.295460613440920117e+00
-4.237885610200000513e-02 5.268523830731499658e-01 1.317788282609110073e+00
-2.405049345399700167e-01 3.678855452402700066e-01 1.403239190792950009e+00
1.052222418480002614e-03 4.956495198670399782e-01 1.358624744505379844e+00
-4.948482181828099402e-01 5.462874788589200392e-01 1.305812854092800013e+00
-2.755702957235099948e-01 3.726774577979999892e-01 1.402233510346059919e+00
-4.199657908510699977e-01 3.503038796574000080e-01 1.430558105550100212e+00
-1.481935728494599980e-01 3.651811487851400195e-01 1.413595141383739762e+00
1.557480667405900243e-01 3.027308119088200078e-01 1.508294352762059809e+00
-4.577327818224399825e-01 5.717712910500999390e-01 1.231087164265459943e+00
-4.577327818224399825e-01 5.717712910500999390e-01 1.231087164265459943e+00
-2.429761997011001956e-02 5.222651575261300083e-01 1.319880584534010026e+00
-3.205817729474200184e-01 4.034591416357700133e-01 1.489423981340569636e+00
2.099776390316599461e-01 4.199678173584300289e-01 1.590281118594210064e+00
-5.129931495650199569e-01 4.206844980427499880e-01 1.480406799456150058e+00
-4.934973076839999639e-01 3.208203065521399999e-01 1.545475229725400190e+00
-1.037348935154459806e+00 3.259418641733002886e-02 2.092417928641749914e+00
3.037710584534999286e-02 5.158925637478899429e-01 1.340148599058430090e+00
-3.140512988213899903e-01 4.813650056760300222e-01 1.268774234742069851e+00
-4.859011608667200277e-01 5.182197870129999773e-01 1.337612074094780112e+00
1.762868978512998480e-02 4.926380656741800035e-01 1.365638447487980134e+00
-5.109484700262799661e-01 5.537913057568100150e-01 1.264515713655149920e+00
-3.616400371969799576e-01 3.961841795826199775e-01 1.243459356232820001e+00
-5.997024873838497916e-01 3.729709704720900465e-01 1.491015741485989921e+00
-5.997024873838497916e-01 3.729709704720900465e-01 1.491015741485989921e+00
-5.572247553254998653e-01 4.679546315043600080e-01 1.349168416638160117e+00
-4.752193498649199821e-01 5.352998327692199965e-01 1.292993148548279958e+00
-6.097158090566799915e-01 2.090854370792600281e-01 1.804922660674579848e+00
-2.136011465122499842e-01 4.036104118897200221e-01 1.379654014177480015e+00
-3.748690901521500307e-01 4.211361295011200045e-01 1.283215535518299921e+00
-2.753916356079900152e-01 4.794614102218099916e-01 1.300357157073909864e+00
-1.744859418725699940e-01 2.773992860772900304e-01 1.747949113747629735e+00
-5.503298598171799672e-01 4.601649696192300354e-01 1.393843277036349804e+00
-5.503298598171799672e-01 4.601649696192300354e-01 1.393843277036349804e+00
3.008749641711998962e-02 5.162975172881499875e-01 1.338176551432330275e+00
-6.100982207424499038e-01 3.876794887147799740e-01 1.464103799986200105e+00
1.837518077059993593e-03 5.325167634132900174e-01 1.352079893178409709e+00
3.103733373245299298e-01 4.403822395932600053e-01 1.532864848847520278e+00
-4.999774119754699653e-01 4.891631414644299625e-01 1.375565926583790066e+00
-9.415908013992999037e-02 3.053644763923900052e-01 1.457835990681590310e+00
-2.212187309221700093e-01 4.446298637347300131e-01 1.361325125022050386e+00
-2.254898913039399821e-01 3.319840607817099998e-01 1.403382954205609767e+00
-3.953333562218199759e-01 2.945731237154500248e-01 1.593622383419469823e+00
-6.322781600941098645e-01 2.761589070314099947e-01 1.727926856938589939e+00
-1.859549435317199850e-01 5.653320372859400589e-01 1.284782570885299791e+00
-3.249843465718799673e-01 4.211876023722699869e-01 1.477244247809309741e+00
2.628068890189499962e-01 4.661862608032699695e-01 1.448565524607949850e+00
7.018093811534500404e-01 5.494083739017100454e-01 1.426375654556370165e+00
-2.364383961365599807e-01 3.245570486765100293e-01 1.544940327508490086e+00
2.314818819600499289e-01 3.443975072259600201e-01 1.653879410730139998e+00
-2.195707908143400000e-01 3.056498232582099961e-01 1.674762595800189935e+00
-1.387262357462999696e-02 5.782445928639400323e-01 1.245706162556839969e+00
-5.446536902580300099e-01 5.786242117308799671e-01 1.214279403352799935e+00
3.145396805771000920e-02 5.150744285066299888e-01 1.335372728360149974e+00
-2.740995826051699780e-01 5.789377257053799353e-01 1.232947238498260045e+00
-2.190644813769001414e-02 6.068249506238200253e-01 1.248568681115199919e+00
-6.099840655180299720e-01 6.395700800638199901e-01 1.084705822345540138e+00
-3.471180243590800130e-01 2.263037192754100146e-01 1.755849989591189875e+00
-4.953122578372599616e-01 4.044768413373499572e-01 1.489057006724689991e+00
-2.643950007952500236e-01 3.562534057408699995e-01 1.242975925964510120e+00
-5.733944421649299628e-01 5.144028728232600267e-01 1.307571440822999698e+00
-5.938982084648398718e-01 3.887592010499000272e-01 1.440603573578580043e+00
1.439981878577100138e-01 4.817314081676600246e-01 1.416545520427599847e+00
1.439981878577100138e-01 4.817314081676600246e-01 1.416545520427599847e+00
-5.981872655653198700e-01 3.750416501297200167e-01 1.471165779994739964e+00
-2.687761279785299551e-01 2.535178400720400349e-01 1.801616000724940214e+00
3.240455706883900167e-01 3.975295365447700235e-01 1.658319090545369967e+00
-6.473229048217400416e-01 3.695622055254500493e-01 1.477362536642070179e+00
-5.043898206117699567e-01 5.840976752014700457e-01 1.241337704755329785e+00
-5.478734202953998711e-01 5.038355859013499138e-01 1.302844117702989912e+00
-5.478734202953998711e-01 5.038355859013499138e-01 1.302844117702989912e+00
-2.761212401876599887e-01 1.226548459918300471e-01 2.054344462294090068e+00
-5.524303366464400344e-01 4.604916271993300114e-01 1.398622492588629918e+00
6.272534157850001568e-02 4.929345907798199922e-01 1.389014388666379940e+00
-1.657278409600499991e-01 2.694657176226900042e-01 1.694809381122289960e+00
-6.515665049749500559e-01 3.493663970318000023e-01 1.537965749952320049e+00
-1.357148593260359970e+00 -3.357094763750299582e-01 3.155482444220389926e+00
-8.118231768855298514e-01 -1.374337021381499269e-01 2.507392525031249875e+00
-2.754326503951399774e-01 3.394422367228300264e-01 1.429036128157870067e+00
-2.157144504166700061e-01 4.085128737899099693e-01 1.384737845611709872e+00
-5.388168574611599260e-01 5.566703236431100876e-01 1.265360262427770000e+00
-3.126897477689999927e-01 5.311037255310500083e-01 1.292009013493749858e+00
8.489887411446001009e-02 4.203082169671900070e-01 1.555322866137069937e+00
-4.765651763294999343e-02 5.642529542095000572e-01 1.300602633819680110e+00
-1.869184976959299971e-01 1.194074338586200157e-01 1.948571666270820124e+00
-1.420993202676499867e-01 3.244498670285800301e-01 1.470367827432980334e+00
-2.873575343226800194e-01 3.708781913854000134e-01 1.447701517451940312e+00
-7.754102179064997769e-02 3.457155252790899969e-01 1.538945785465109850e+00
-5.006859506514499403e-01 5.572685013246999608e-01 1.247836297499159919e+00
-1.603490524022399832e-01 2.211692215100299896e-01 1.889619089823189935e+00
