2.188699061949619828e+00 2.605445670631201249e-01 2.750596241793520136e+00
2.182439353762119616e+00 2.574753654090400357e-01 2.743866986242760042e+00
1.658848325446939942e+00 4.239102623193200525e-01 2.485666006457380117e+00
1.659409437390799713e+00 4.227946611708601754e-01 2.486016779643390073e+00
2.036493124609539684e+00 5.571612649149406682e-01 1.820843781256429983e+00
2.097951626540759840e+00 1.038388463964399211e-01 3.125832326561900132e+00
2.181800711153299765e+00 2.714682599203999125e-01 2.747261738182319668e+00
1.405504135425769796e+00 2.365653963447600372e-01 2.643926481707960185e+00
1.823391074669709511e+00 3.355380521042599096e-01 2.643644298586190100e+00
1.404125633084859714e+00 2.360117438199600404e-01 2.638667947411220016e+00
1.413814180755749828e+00 5.426908850921601246e-01 2.286913863847459982e+00
1.399914195354199808e+00 5.391303546907397770e-01 2.284972423220769766e+00
2.098994807431269649e+00 1.813515897797204346e-01 2.952100049308359786e+00
2.192822465915429397e+00 1.234287666050397636e-01 3.058858733346700109e+00
2.023598703781389840e+00 2.388314943685401204e-01 2.908400475347289849e+00
1.439308668503399780e+00 -1.690721860459998283e-02 2.506432385845700050e+00
2.095693552027779738e+00 2.269492373610602076e-01 2.780312051710529975e+00
1.577339678003089940e+00 2.169543292435400783e-01 2.804892971555149828e+00
1.521209743800449932e+00 3.004592673965602589e-01 2.675347816096340203e+00
2.137920652203109562e+00 1.944647259895198044e-01 2.935757712107740058e+00
2.205954628838609821e+00 1.649011674377200976e-01 2.999790608509400158e+00
1.811658235774719294e+00 3.420035253539599474e-01 2.654571395827300062e+00
1.914365557399559492e+00 9.453766344350023054e-02 2.774344447401869918e+00
2.074392103104590213e+00 3.474086805167397873e-01 2.605918765174269680e+00
1.627964039758259762e+00 2.462105354998200824e-01 2.699430625518710158e+00
2.035875568199619678e+00 6.975634426319798909e-01 2.207468609039270113e+00
2.127229700871029916e+00 2.339273937908998846e-01 2.769083997792229912e+00
1.986454384216749247e+00 2.222310088111396631e-01 2.786942000101070072e+00
1.987996227189150034e+00 2.168724070770200463e-01 2.788456251198009994e+00
2.165614809239559513e+00 1.047647672238396499e-01 3.090139707119839763e+00
1.803919992326169730e+00 3.491299925193402931e-01 2.636797054258090078e+00
1.881551787624849759e+00 4.498113182543002075e-01 2.515040384537809981e+00
1.887138844726799380e+00 4.451701994404999585e-01 2.523466302240449988e+00
1.757516811221319752e+00 4.790660943444000619e-01 2.459397693319719913e+00
1.760950059544119650e+00 1.415735042588799342e-01 2.932563815598160151e+00
1.579703047991680265e+00 2.159257851762601543e-01 2.806443149939049864e+00
1.515487285021239749e+00 5.103435627262402630e-01 2.438233640131839852e+00
2.164509238118379475e+00 1.389479523644197023e-01 3.099241336624849907e+00
1.560455374705780329e+00 5.124878967189401280e-01 2.368403535875470034e+00
1.464151663315099938e+00 5.970204129487199918e-01 2.152960438214320149e+00
2.025292916246260067e+00 2.206288381186596315e-01 2.888938566618529880e+00
1.270219061354039614e+00 5.758936471034201698e-01 2.215796608143830060e+00
2.029983801645319552e+00 2.338069654898999872e-01 2.908386362481150123e+00
2.026197707317509700e+00 7.841300317319797042e-01 2.237475429630769952e+00
2.028218235119399804e+00 7.853845516762001377e-01 2.235576049250900255e+00
2.130832347886149947e+00 1.455883040958598773e-01 3.021949961831510212e+00
2.129590064640279667e+00 1.426277703159797294e-01 3.021876773599790234e+00
1.798752017958789917e+00 1.735072227176999160e-01 2.918372099937870168e+00
1.780239536915690035e+00 1.787824719135002738e-01 2.917740684249889860e+00
2.217928506887859808e+00 1.474987673961802859e-01 3.032134801372409871e+00
2.217017366967229730e+00 1.201514479881002906e-01 3.075573518486589997e+00
2.158845218085819528e+00 1.054806896424602680e-01 3.091129741043070034e+00
2.181118870870299986e+00 9.668002884076010162e-02 3.158463661381699872e+00
2.334766681231229768e+00 2.226877918948197976e-01 2.936210774372510102e+00
2.162473207858389923e+00 1.062932742594799862e-01 3.090942142186320130e+00
2.257718022190819962e+00 1.283133159080001029e-01 3.073294036843079891e+00
2.103042098745819821e+00 1.835581393254599458e-01 2.950321388038250170e+00
1.569067875365959708e+00 2.415785211327199367e-01 2.771676338228520109e+00
1.388296629183449760e+00 2.481693041105001996e-01 2.642733969356229728e+00
2.052977738783739348e+00 2.127281321715199791e-01 2.951716630430279764e+00
2.028015993983849796e+00 2.346734595052599737e-01 2.906513624090170111e+00
2.118595590211949986e+00 1.955752835712203375e-01 2.747517133033269943e+00
2.002840614737209979e+00 2.076263507800801822e-01 2.859114954432500078e+00
2.014945933191529814e+00 1.878763504950002883e-01 2.858493301570599776e+00
1.514491922608639740e+00 -4.673421203535998991e-02 2.671082145857440082e+00
2.142214916336659947e+00 2.088130985425797892e-01 2.910981762916490023e+00
2.194971080634029015e+00 2.110937861496000600e-01 2.928496533929379808e+00
2.192102697218259788e+00 2.590088916098600702e-01 2.747316385693570062e+00
2.117995740534329485e+00 1.410027616628999336e-01 3.026928289472349931e+00
2.324939563799190090e+00 1.965811199465001824e-01 2.911655740113630042e+00
1.519748454241169888e+00 -5.200506816400007892e-02 2.669822747515099959e+00
1.461701113807900132e+00 -2.436379853539971663e-02 2.511338599053780207e+00
1.423216612851229801e+00 -6.648886056079827966e-03 2.511356891841900030e+00
2.034313011491909684e+00 5.602185733086197938e-01 1.822555758894929934e+00
1.767000572251750334e+00 1.388900533549999317e-01 2.932499036855680252e+00
2.262241780290489945e+00 1.243112904046401734e-01 3.074555836154139854e+00
1.552400894395679298e+00 2.301012373619599760e-01 2.803252028663940187e+00
2.161869172560479502e+00 8.402330545131404538e-01 2.224644056639490053e+00
2.052948754036849621e+00 6.977987795278000061e-01 2.214725712723559781e+00
2.031595417190100061e+00 7.064217803061201284e-01 2.203036090706939731e+00
2.057550910340769423e+00 6.930842943581800863e-01 2.211915532334149948e+00
1.505896835825719648e+00 8.146859667205601507e-01 1.818313160309159793e+00
1.461759693544000260e+00 5.988277080661201790e-01 2.153460755263539639e+00
1.744265479486140080e+00 1.343713909903319736e+00 2.344089533913940038e+00
1.757989571715639521e+00 1.327178989319599767e+00 2.348820172522279925e+00
1.679517882446819765e+00 1.280186150939699674e+00 2.343981403717769751e+00
1.639736589794809518e+00 1.337862053947999952e+00 2.327396143453899668e+00
2.059316058044079689e+00 1.343862839314020396e+00 2.311433269771209886e+00
1.606670795273019703e+00 3.172642611399003609e-01 2.647975269369549967e+00
2.192674459312729862e+00 9.676716236543601024e-01 2.225163183387880217e+00
2.007293038257359719e+00 8.461764886470806157e-01 2.301213101678260209e+00
1.895444104407169927e+00 8.405078206153200338e-01 1.890227163541720046e+00
1.928170638793679892e+00 1.160499652989839925e+00 2.568628780282840030e+00
1.698139557690069967e+00 2.239144531948600303e-01 2.807169396163329722e+00
1.946634875449689606e+00 4.971468664392999504e-01 2.457072286273029871e+00
1.887023809522019757e+00 4.453393737873601044e-01 2.526600422733800144e+00
2.114957601352990046e+00 6.997788851630002416e-01 2.198984406150000126e+00
1.678642585203979465e+00 4.408602503915999282e-01 2.509269500449359924e+00
1.948244283286439948e+00 1.216085762993540209e+00 2.548212241527370026e+00
1.949295967527719498e+00 1.218118007913899570e+00 2.544516744390830087e+00
1.953134281424579566e+00 1.218194355858640110e+00 2.544778962521200061e+00
2.062873431065869845e+00 1.336614294636880418e+00 2.314486764542940112e+00
1.548659141069439915e+00 8.699881662245594338e-01 1.788914727180439979e+00
2.089067125385199564e+00 2.012741370323198886e-01 2.919884515788480073e+00
1.908463380959249278e+00 1.352666191443000043e+00 2.343107121146680072e+00
1.901524237742129753e+00 1.357185450696579698e+00 2.344018134923749663e+00
1.910160476405709851e+00 1.336026191417960307e+00 2.348194318739079911e+00
1.312517385162180084e+00 7.808469179244996727e-01 1.834110785230889995e+00
1.324545943266740355e+00 7.720767250539000148e-01 1.843415827278469976e+00
1.302173169531899877e+00 8.191256924489003222e-01 1.849201724904049993e+00
1.953436868491269518e+00 2.465198664607399781e-01 2.735373168849229764e+00
1.458657419763219831e+00 6.009019131538797520e-01 2.153498197767540034e+00
2.014827041870839608e+00 8.387641176207802918e-01 2.302537449959229932e+00
1.570113775378879417e+00 3.323035793317599129e-01 2.432721084282760238e+00
1.711187989682270150e+00 2.951740881115401116e-01 2.675970221757030032e+00
1.294081554897750230e+00 8.219896418550602935e-01 1.812047732142709755e+00
1.251184154004109761e+00 7.427683160112203975e-01 1.915737317521990057e+00
-5.699421733812098934e-01 2.452385354757240066e+00 -5.020073015017598728e-01
-1.031526092992703925e-01 2.543615269188880035e+00 -3.705242008452604985e-01
-9.545524393494904114e-01 2.406890770863440387e+00 -3.032627712229003514e-01
-1.062511903832090265e+00 2.561844211610420530e+00 -4.887899496868106652e-01
2.048414202912840043e+00 6.329330648998803266e-01 2.251353202828979772e+00
1.510044310886479835e+00 8.374181281710206814e-01 1.815846806826669768e+00
1.510596683865309764e+00 8.198343909803000873e-01 1.819206789653169842e+00
1.160493259142899802e+00 7.032694996524602171e-01 1.987911456684710032e+00
1.328344993865149704e+00 4.496360970437200955e-01 2.413464929629559830e+00
-4.988166638221602778e-01 2.507774097657980761e+00 -4.056195690088104655e-01
1.547021886483999520e+00 3.411383224597397401e-01 2.422536388901909810e+00
-1.132050197838880168e+00 2.239754119551060185e+00 -2.155484735717103639e-01
1.686609307607899400e+00 1.357024379183059848e+00 2.383921136437929800e+00
-5.838975630731504385e-01 2.449692441829260048e+00 -5.032038825123898995e-01
