2.075835672226719719e+00 2.697638051797495162e-01 2.556228726335060486e+00
2.068961900654799901e+00 2.665876710581502884e-01 2.550183045216380062e+00
1.515668970532660254e+00 4.185085213194501552e-01 2.354825750103060056e+00
1.758291049153180019e+00 9.358718718879988074e-02 2.914733745236180340e+00
1.785805856199099928e+00 5.033346687665498642e-01 2.292196994178980152e+00
1.973442638379280023e+00 8.473914492230498752e-01 2.038144503394900386e+00
1.700148695972139912e+00 9.887484889665021370e-02 2.719908171116660167e+00
1.978195635078220160e+00 2.253339315936999654e-01 2.604162419158700281e+00
1.286730737155840298e+00 2.220291027005498741e-01 2.536671375592000288e+00
1.245883286627079922e+00 5.331649847947002030e-01 2.186291820186659685e+00
2.011591414965760105e+00 1.849452012952501612e-01 2.765036396063759838e+00
1.274008698199960321e+00 2.279443270885501693e-01 2.535683900668019852e+00
1.476133941947800121e+00 2.072689598538000055e-01 2.675303475638020068e+00
1.832624462542479904e+00 2.475195747202998398e-01 2.572136038858560347e+00
1.714217342118639742e+00 1.079571725774499669e-01 2.732869356688500062e+00
1.312724120522200000e+00 -2.829909534750019162e-02 2.391909911662200017e+00
1.987786905480940280e+00 2.327810173073503464e-01 2.595489236088820206e+00
1.295579304797979781e+00 2.172405158828498717e-01 2.527662946933360466e+00
1.832247525587260117e+00 2.502052523091000680e-01 2.571311345956300176e+00
2.229471361900720261e+00 2.071939039323003051e-01 2.700788097314540170e+00
2.123649322789119775e+00 1.712936997109495429e-01 2.800279416914640329e+00
2.192712520899340323e+00 1.258905343456502290e-01 2.882759273940860290e+00
1.688137551787480373e+00 3.403463154282997394e-01 2.504033058821399926e+00
1.486852048240059787e+00 3.374445817386497737e-01 2.475216153143440234e+00
1.395022482411699905e+00 3.091013563563502764e-01 2.510955376500220382e+00
1.937366932547259779e+00 2.617000519845500417e-01 2.551942746045740229e+00
1.850210433685539613e+00 7.090894965861997967e-01 2.041044929933720109e+00
1.684653115679800361e+00 3.434718964478495895e-01 2.491892252688900022e+00
1.500639152135379906e+00 4.103746499619953525e-02 2.200285237818960127e+00
1.987183807246000189e+00 2.354266880157001030e-01 2.600011941350420130e+00
2.001653250650739846e+00 3.030267621140996237e-01 2.487535874561479954e+00
1.962116613636700091e+00 9.221635246189996415e-02 2.950161866444080072e+00
1.936870188579399965e+00 2.602274191585001173e-01 2.553348839453680075e+00
1.711854918102040379e+00 2.654292752894502616e-01 2.610752386124940205e+00
2.070712658844399812e+00 4.615192754029004973e-01 2.387518491364300388e+00
1.678253939783980186e+00 3.474644716674000211e-01 2.487352524313379831e+00
1.745363659437099813e+00 4.476931271764996723e-01 2.367171580778600237e+00
1.674845491389279850e+00 1.345657187607001148e-01 2.782423009546920234e+00
1.529705257228179516e+00 4.307379202995500478e-01 2.365374153760340104e+00
1.834091475265900328e+00 7.381141896965015547e-02 2.939677663877720004e+00
1.515040488584260103e+00 5.250286816754501373e-01 2.192616324906119907e+00
1.393814656917999883e+00 3.337376152836997178e-01 2.476357375516220038e+00
1.364417261509120127e+00 6.504927331201497687e-01 2.006652085364819982e+00
1.366606209899499991e+00 6.537410830963996666e-01 2.008203317311139990e+00
1.279306580520159997e+00 5.909336225491497174e-01 2.048542965158420159e+00
1.049562117495340452e+00 7.549263046257497223e-01 1.862224813268880119e+00
1.344976482778839966e+00 2.947767732730022239e-02 2.490518707887559913e+00
1.843056899899000012e+00 7.962215917710002699e-01 2.071344033408000218e+00
1.371519046340559989e+00 1.492491586777999757e-01 2.628453829181299994e+00
2.050935047565940028e+00 1.462676192389997798e-01 2.830309043647040390e+00
2.184864246719679937e+00 1.341879352953001536e-01 2.865101011535799991e+00
2.088841119063700180e+00 1.091298465770502713e-01 2.895237148283499984e+00
1.826007495246160239e+00 7.578387605230041402e-02 2.942207737747440266e+00
2.184369422586639686e+00 1.353815816371002345e-01 2.866944723241440229e+00
1.992496701312339802e+00 1.975678697289500185e-01 2.744920170994440412e+00
1.846169547432280122e+00 2.039694316947502362e-01 2.708650330109760418e+00
1.365428826060999690e+00 1.626893401260010030e-02 2.526920974148400223e+00
1.463276767067440254e+00 2.305466544621999070e-01 2.645562163290239965e+00
1.269151659256180231e+00 2.330877213727498010e-01 2.537595500074000476e+00
2.014689042685180009e+00 2.106941520033995818e-01 2.728755427996579996e+00
1.934383703069740168e+00 2.365761356994500186e-01 2.728532260689159994e+00
1.834188797412939831e+00 2.472625115444000432e-01 2.571163434803680037e+00
1.917479432801440176e+00 1.900497604501500959e-01 2.681454777263359901e+00
1.406653631575840002e+00 -5.795850473424990490e-02 2.546665463743820190e+00
1.781267567411920272e+00 3.715338538076502495e-01 2.421600774972159975e+00
2.078898036351820355e+00 2.683840773235000032e-01 2.552565563203680110e+00
2.074950448085319810e+00 3.020438447232496326e-01 2.561690912587560209e+00
1.411895454298360164e+00 -6.303929981539990735e-02 2.544739859811540050e+00
1.936772369054259979e+00 2.372581807222498007e-01 2.727367906743240145e+00
1.365954404640400188e+00 1.294763819335020827e-02 2.527141474035260238e+00
1.734620821578640282e+00 4.541240068342000669e-01 2.361538667883020359e+00
1.406616813296860169e+00 1.131701406424001632e-01 2.676019614003340319e+00
1.612785775241619923e+00 2.794102751400997509e-01 2.612825894026700180e+00
1.335740622492279872e+00 -3.509710941925003880e-02 2.394172817480499926e+00
2.005761633300100044e+00 2.593601361820501161e-01 2.633015784380480007e+00
1.309487409853600237e+00 -2.332662847849986676e-02 2.393325287531379963e+00
1.375657015881699863e+00 -1.254312362783500667e-01 2.449493400828200329e+00
1.304699899640260341e+00 -2.606792287049986001e-02 2.394801255360880177e+00
1.557312383724160032e+00 2.832789797893000561e-01 2.623581358789360163e+00
1.812372124401760320e+00 5.776370830576502691e-01 1.656881044150720239e+00
1.809972908508699962e+00 5.770948683534502521e-01 1.656360233630240320e+00
1.680930140667280526e+00 1.320798296867500277e-01 2.781641212554600173e+00
2.063578423130080441e+00 3.153903789825505122e-01 2.565031761493679952e+00
1.829134634567439743e+00 2.483130752123994256e-01 2.573516569452700242e+00
1.366087159555959829e+00 7.342028741939987668e-02 2.181356016010120413e+00
1.965738065752179686e+00 8.591975384950001349e-01 2.048091215579120217e+00
2.080458195555039858e+00 2.673326454835001087e-01 2.552677757843280215e+00
1.867970548608159920e+00 7.097747527062501227e-01 2.046366897410200281e+00
1.924893580571859886e+00 8.158104876537999317e-01 2.076592884139780271e+00
1.971173864529280007e+00 8.624117175112497868e-01 2.055059780210660492e+00
1.954575403778560094e+00 2.518068637711003976e-01 2.553431649462220232e+00
1.872372671633619312e+00 7.052503132551994902e-01 2.042982508534820330e+00
2.199538443813040089e+00 2.407137720043501794e-01 2.666300496246920115e+00
1.846123782318700002e+00 7.293900319770019181e-02 2.930619066398880257e+00
1.909203210579700105e+00 2.124420293216002786e-01 2.682439132389080161e+00
1.276859427904240007e+00 8.144327384762997113e-01 1.715148440080200176e+00
1.429923257707060191e+00 9.550252957732499048e-01 1.520361259803860055e+00
1.568138957318200077e+00 1.336341760625949782e+00 2.224031237740060174e+00
2.001782812219899732e+00 3.114247211106500046e-01 2.479725025539480043e+00
1.570727431558000209e+00 1.327408930885699778e+00 2.223217892749880242e+00
1.493674917106780242e+00 1.277982563003849936e+00 2.226298521214940429e+00
1.865364613454139953e+00 1.354311078279050395e+00 2.152940009073780026e+00
1.160991679371099927e+00 2.505559851398500015e-01 1.893352543616580119e+00
1.406748352797700274e+00 6.874421702722002259e-01 1.974393525107940084e+00
1.198022331041139754e+00 5.122468476539498994e-01 2.025252922923400423e+00
1.197001937027559748e+00 5.107412001856501682e-01 2.026850772968019854e+00
1.267309907684019965e+00 5.818800133182500112e-01 2.153544730410680064e+00
1.360373943487779957e+00 3.456569662709001456e-01 2.356802406937520189e+00
1.308677920715680454e+00 8.481307618276501259e-01 1.663701112737900001e+00
9.192201104857601335e-01 6.232204695039005315e-01 1.769275500182479810e+00
9.485547933526600195e-01 5.642125547789005324e-01 1.777787511956260058e+00
1.484541389236659903e+00 3.091063191243499375e-01 2.519782754161139948e+00
2.078681209276360242e+00 2.674413428238000545e-01 2.551578219292360394e+00
1.999693857982240086e+00 9.838410450543499941e-01 2.045914583737520331e+00
1.827728838391000199e+00 8.553951617521504680e-01 2.139939116723500234e+00
1.785369042109000048e+00 3.860393024327000155e-01 2.466433889086999898e+00
1.671023041606720216e+00 8.518011694852503091e-01 1.743855623480359940e+00
1.587975393552340186e+00 9.315478163693500235e-01 1.789934658058720096e+00
1.688093056294119876e+00 3.424386517895996462e-01 2.506946972894660064e+00
1.795481152177299755e+00 5.024724619661999903e-01 2.295498867594180314e+00
1.745593332041680323e+00 4.478152034903000178e-01 2.370301582694399833e+00
1.457390333414379846e+00 7.185348810375002948e-02 2.717100203543440173e+00
2.071929597679000423e+00 4.611667203339999688e-01 2.372885650180339923e+00
1.465131647788300295e+00 4.627769320238996897e-01 2.279223295490180323e+00
1.940279614945299880e+00 2.602136574825499871e-01 2.550893151328640140e+00
1.785306595269819940e+00 1.219762350705750009e+00 2.398328583439420125e+00
1.785877640237139907e+00 1.221878282778350311e+00 2.394574985572140324e+00
1.314374533731279993e+00 8.714852514179001197e-01 1.682150813436440018e+00
1.718780825469280238e+00 1.357809356203000029e+00 2.201295106230100274e+00
1.711851764946099586e+00 1.362089595206249726e+00 2.203048113002040065e+00
1.736100901025140253e+00 1.302035656177800149e+00 2.143146604757079743e+00
1.087565448377980193e+00 7.741634096523997144e-01 1.751705593853960075e+00
1.753781334541780090e+00 1.811645384265501146e-01 2.760636036663820292e+00
1.077804006736299947e+00 8.118768095125004081e-01 1.768510881067200113e+00
1.840879645442020429e+00 2.483751328348999809e-01 2.566948804565780229e+00
9.363371142104800482e-01 6.948234304522502569e-01 1.907556906689400034e+00
1.023125551105480202e+00 7.093913679877998923e-01 1.856616905738340151e+00
1.515778379657620079e+00 5.249989452789995958e-01 2.194229136140339875e+00
1.655896833413439850e+00 5.268423735390501683e-01 2.307148813433579804e+00
1.621013762377960354e+00 8.929366564170497789e-01 1.802373867774660354e+00
1.505876365093960167e+00 6.254622975407002627e-01 2.077579530032960253e+00
1.312484544279640009e+00 8.449408956601001108e-01 1.663934275869260127e+00
1.271088843283959768e+00 2.306374182646502291e-01 2.538736551853800094e+00
1.755702565725699937e+00 1.140492598158002746e-01 2.921641555577660032e+00
1.722075861512319950e+00 1.680875487232000864e-01 2.833164034510740059e+00
1.472547097177180131e+00 5.538093228155998027e-01 2.177914569437939818e+00
1.065540755759379898e+00 8.149913375702002583e-01 1.732538558568060161e+00
1.639947734793040013e+00 8.291912474332496785e-01 1.716380929568620317e+00
-9.361222420350794327e-01 2.443361646555150202e+00 -3.026270498743199866e-01
-1.093485418046959756e+00 2.416264271284750187e+00 -3.319605317802798439e-01
-1.451997532988840156e+00 2.355656191988349857e+00 -9.260742330324012173e-02
-1.710559496432539905e+00 1.991692548932199713e+00 5.578054226428794671e-01
1.281470360343099912e+00 8.197171374882996631e-01 1.715604341082420214e+00
1.921476243527379779e+00 4.095142582496502648e-01 2.468779629543800258e+00
-1.013788696941980039e+00 2.472580193159299888e+00 -2.431106845812402995e-01
2.070294861729579772e+00 3.338472603038000752e-01 2.579207861961600123e+00
1.769603449134939943e+00 4.517519368472999730e-01 2.311065955342260114e+00
1.619064156312759906e+00 8.937138626921998785e-01 1.802445980539419956e+00
-1.791864998844860057e+00 2.246781843241600463e+00 3.034259016626998928e-01
-1.665054318696379987e+00 2.185074574351600241e+00 3.473977404858801243e-01
-1.756867866644300058e+00 2.017490655962149937e+00 5.524519177200999387e-01
-2.445010758294260178e+00 1.941761680005599899e+00 4.292149274501797507e-01
1.399452767372740158e+00 3.341567281390500632e-01 2.302796453069140270e+00
-1.911128759025080281e+00 1.820812760202149772e+00 3.291401854037201424e-01
-1.857983033386100047e+00 1.737465649573150195e+00 3.677879517393001230e-01
2.242222005683680131e+00 2.436316228020496411e-01 2.714546789058480236e+00
2.030814915754659999e+00 1.589492174381998968e-01 2.827764177844380278e+00
-1.743860423779340252e+00 1.707528705174700345e+00 4.000844081002603581e-01
1.784942435539420114e+00 2.571132852849000727e-01 2.550816658046040075e+00
-1.107398593080019866e+00 2.413139737980950272e+00 -3.316485620570399639e-01
-9.462895816530202397e-01 2.406941635440400074e+00 -1.696086243813801353e-01
-1.922010736653799956e+00 1.871078343836900082e+00 4.887158023187603284e-01
-9.541908464105598453e-01 2.452294164416549904e+00 -3.087130858208797513e-01
-1.644189152705839874e+00 2.182417189669899837e+00 2.613250530141004724e-01
-1.630073593802420229e+00 2.329983717523250064e+00 -1.351814061373004527e-01
-1.643402502887120198e+00 1.864249829122400115e+00 2.012939113119798229e-01
