-3.376552454252900737e-01 1.137550568221349812e+00 1.789481118814160165e+00
2.551079961850299949e-01 1.016073054631019934e+00 1.909220528534359973e+00
5.059202874877899436e-01 1.154908452602840141e+00 1.693472669025000155e+00
4.825305080715799333e-01 1.295712214639110238e+00 1.528310695668599895e+00
5.011905790278898820e-01 1.179072385513069809e+00 1.657310786089440047e+00
5.358039431929000340e-01 1.166244019122230080e+00 1.701593623724920068e+00
2.263621797991400009e-01 1.188712457441680082e+00 1.629169860836720218e+00
1.279501344123999684e-01 1.219500923263110215e+00 1.591936140007879974e+00
9.331268150544999584e-02 1.327282355508670131e+00 1.582815235105279772e+00
2.481849814729999715e-01 1.190930861136639818e+00 1.629309660746240063e+00
4.243710932296399507e-01 1.198406952362560451e+00 1.682061558667200085e+00
4.337235876999099293e-01 1.034406523115000143e+00 1.920017598399720082e+00
1.072417960342100240e-01 1.280465284935690340e+00 1.600212814188879840e+00
6.880711540108699342e-01 1.052310580130310091e+00 1.883380023838000072e+00
3.015754441570699385e-01 1.172812392229290124e+00 1.617531757721759833e+00
5.619206228391699920e-01 1.019552893855619979e+00 1.912513248734599935e+00
6.001947308926499636e-01 1.146872172758980346e+00 1.736970369590119745e+00
4.321733765580499931e-01 1.267716320854880285e+00 1.636660473115640002e+00
6.148056048298500276e-01 1.139514258923930212e+00 1.745939160165679960e+00
5.127991230780200027e-01 1.153384920988030027e+00 1.725627042755800034e+00
5.111702751168399894e-01 1.155104989617220523e+00 1.719405992811439798e+00
-9.573552955459002645e-02 1.025552650764840257e+00 1.906168074608280083e+00
-2.308000230574199785e-01 1.125561432171189979e+00 1.800117690894360134e+00
-1.896415607981799811e-01 7.557807808525607296e-01 1.940210806955279921e+00
3.934509452556599340e-01 1.156859241745560096e+00 1.708118751179600103e+00
2.632980243353599814e-01 9.842351166034302157e-01 1.988959304064359834e+00
-1.448614612129700274e-01 9.364770280725396301e-01 2.060782420797079961e+00
7.102208021698999119e-01 1.045641019248700010e+00 1.894218141509599995e+00
6.749856843522199501e-01 1.160796628471730374e+00 1.712195847920360059e+00
6.945205988362799232e-01 1.130698755018509916e+00 1.734000912255399873e+00
6.891347925760898940e-01 1.121744964065000127e+00 1.737627612955479961e+00
5.995490161523200356e-01 1.170916935577210216e+00 1.703772273991799757e+00
5.958136577050299199e-01 1.165533344118400150e+00 1.738049696644359932e+00
6.150073579171099203e-01 1.143840905207060610e+00 1.737539191445399922e+00
4.688045446212699696e-01 1.233997777008990271e+00 1.635977185799119882e+00
5.909357024099399780e-01 1.140730699809110016e+00 1.734631985725879844e+00
5.313810659540498804e-01 1.156668280729080012e+00 1.726019260309400005e+00
5.569801801526099716e-01 1.142708106053189843e+00 1.736208478610079986e+00
5.405529822907799709e-01 1.143779450029040357e+00 1.722150267323919959e+00
5.415710711600298932e-01 1.141790869406590359e+00 1.716602300439439954e+00
5.321793642993499773e-01 1.279775623123849959e+00 1.535898587942079896e+00
5.284341426368399652e-01 1.208860178620160264e+00 1.663725370909920009e+00
5.434932628555799727e-01 1.179257769860850180e+00 1.693870191003080006e+00
2.199839430661299777e-01 9.574739176086899395e-01 1.892588587094959918e+00
5.823809743916399384e-01 1.035505867015590331e+00 1.901645905801959913e+00
5.710548153142700478e-01 1.067425624746680013e+00 1.861901734491079985e+00
3.185938023255100449e-01 1.025727474075850187e+00 1.947695841953919871e+00
-6.099905328131000060e-02 7.128498233551503471e-01 1.913778703325760056e+00
1.733597815905799921e-01 1.242433871153910241e+00 1.561276785588439964e+00
4.335859750089299247e-01 1.268154785000680240e+00 1.636479399619800379e+00
2.280954215853299993e-01 1.186937447180180127e+00 1.631879407516040104e+00
4.131989205443099555e-01 9.632431335015902985e-01 2.007274813851279927e+00
5.214619392655499563e-01 1.283928114309550006e+00 1.522649233521040202e+00
5.704894035948400166e-01 1.071703567055200201e+00 1.838074663953119803e+00
5.740172371030100029e-01 1.168414157658660413e+00 1.723917417205959923e+00
5.077023486289500287e-01 1.338890152083630491e+00 1.538007948441519890e+00
5.660893472164699736e-01 1.141290565808890323e+00 1.747848321382400094e+00
5.071326272811499392e-01 1.185310101511890091e+00 1.686228530468319997e+00
4.791903586580898988e-01 1.184289784509550136e+00 1.711671697849119989e+00
1.560404913291600082e-01 1.150051342015290468e+00 1.680622842966839947e+00
2.984052710098299421e-01 9.472672785598799106e-01 1.877345410432200046e+00
1.358037816790600150e-01 1.306532602969760370e+00 1.570711337640399829e+00
5.103989885108000113e-01 1.230427877751120169e+00 1.642645268979999962e+00
4.331189893618498932e-01 1.250567001139630596e+00 1.633811710101280124e+00
2.389662723127900235e-01 1.175930447583009686e+00 1.639753766096319954e+00
2.691309653889299991e-01 1.188475503209929895e+00 1.621535798440400189e+00
3.133205483747997233e-02 7.346127664737001073e-01 1.971334689346480040e+00
4.289487270765899307e-01 1.212624325877060150e+00 1.662761023776440084e+00
4.301431206585499822e-01 1.214153913748819980e+00 1.651521381731319904e+00
4.515249138746999513e-01 1.194452918322420176e+00 1.680469341683040074e+00
6.944008532779999410e-01 1.052307777567850211e+00 1.890349950598199769e+00
2.323222500709987148e-03 1.232429131654129817e+00 1.688621602606400041e+00
5.852715291379199103e-01 1.076968540319659828e+00 1.854682068504240000e+00
2.389405591227599934e-01 1.176009449389070260e+00 1.641283758675559756e+00
2.478629769419199713e-01 1.132532001552990275e+00 1.699436852233959794e+00
3.301706060136200271e-01 1.032333665851810300e+00 1.942665888662439944e+00
1.420819902127800349e-01 1.156481082412730066e+00 1.669388386282919967e+00
1.946683034750998353e-02 1.159795561686460141e+00 1.736167095498839963e+00
4.703411635806800106e-01 1.191295089753710235e+00 1.680557111881159971e+00
1.257537583764599953e-01 1.093363236031450247e+00 1.818748842364040108e+00
8.288591157180003055e-03 1.143301471363440180e+00 1.775640544386960062e+00
-2.540666792415000041e-02 1.066390533569310017e+00 1.832859062875519918e+00
-2.551118606525599741e-01 1.121370203113130293e+00 1.801106505802199997e+00
5.333103460573300758e-01 1.279874807831719918e+00 1.534357464113079939e+00
-4.035049068775401482e-01 1.028738620356900002e+00 1.890845319377759903e+00
9.554169240349963399e-03 1.252680878297340206e+00 1.677293278986200065e+00
-1.561551499267299914e-01 1.019218122675120464e+00 1.920954451674119934e+00
5.317614652241899886e-01 1.157591686108770501e+00 1.726416641984319877e+00
6.209590888274598708e-01 1.211113687413980289e+00 1.667567383532319925e+00
1.988566766946200104e-01 1.256390093542660180e+00 1.551602434377919781e+00
5.115115437714199409e-01 1.172349676737540092e+00 1.685274226444479773e+00
2.012857886963699550e-01 1.254254890183389870e+00 1.547573248885759867e+00
6.237142755815598960e-01 1.169835072046470303e+00 1.723250056728840018e+00
4.624333603891599420e-01 1.184974978483060104e+00 1.720357801165520062e+00
4.891234740777099521e-01 1.152564121002159991e+00 1.727585602534440046e+00
4.477486374270699399e-01 1.170648944064869967e+00 1.712794542700559974e+00
4.467586435012200763e-01 1.168288456691080279e+00 1.714106563416399887e+00
4.181681940711899914e-01 1.190466335266830322e+00 1.692260500280080127e+00
4.502662383851200323e-01 1.163680092952020351e+00 1.718341916567599936e+00
4.241939883120199317e-01 1.174329794140559935e+00 1.710106361595280067e+00
5.604615733555600166e-01 1.071972131273590145e+00 1.854871123097959984e+00
2.864116822571999288e-01 1.024838526773460101e+00 1.857158046633200055e+00
4.230328644940499760e-01 9.952837417369899686e-01 1.975698178364159840e+00
-1.935262037151000425e-02 1.040216259955530242e+00 1.873204239527599846e+00
4.662107818922001101e-02 9.532403797340902596e-01 1.945379312909480074e+00
-9.436517242064004773e-02 7.142688047660901152e-01 1.897413670264920027e+00
-5.244673626501000774e-02 9.672441527470001521e-01 1.957297511368359944e+00
-8.479990302409004532e-02 9.774970379746303895e-01 1.957015979969999986e+00
-1.297311782604800012e-01 8.447985575071703668e-01 2.028862688180759655e+00
3.513976956159986509e-03 1.226836263186600329e+00 1.693453032218559917e+00
2.546148760287997304e-02 1.208781892300730076e+00 1.702943876651159982e+00
9.711625821472000264e-02 1.325820777047009846e+00 1.582762095825079651e+00
-3.658107636836199772e-01 1.130734729688910312e+00 1.822941993730039956e+00
1.199952557685300125e-01 1.293299865229750045e+00 1.579230343704159711e+00
-1.414417506288999926e-01 9.604075586108502538e-01 2.009220301100199890e+00
-2.879475314928099938e-01 1.201529376183579911e+00 1.718214665241240002e+00
1.965106750577899908e-01 1.198948284654280494e+00 1.615780585300520045e+00
-2.746143842603299690e-01 1.132264188548930184e+00 1.788807901753279861e+00
-2.761139518968400153e-01 1.125516190619759938e+00 1.783871520868320015e+00
2.498572260899999675e-01 1.202118329642250183e+00 1.610159752787479803e+00
-3.988183573260101200e-01 1.210579092968750325e+00 1.730982154039760079e+00
-2.179867593539000226e-01 1.130563263508340244e+00 1.766107367116480198e+00
-1.374495886779800169e-01 9.373019648111899915e-01 2.042068489217079730e+00
-1.936248819144899547e-01 1.003134257469400437e+00 1.943441831764839867e+00
1.096699073192399787e-01 1.119983951854390147e+00 1.760847762793160021e+00
4.111872126924799309e-01 1.175855600704849957e+00 1.708000915469080283e+00
5.429339559733700193e-01 1.179009481879460308e+00 1.688913391406920095e+00
2.276317563188100246e-01 1.188114093918720249e+00 1.628580719620919659e+00
1.086142532285100382e-01 1.323776695158040306e+00 1.591644180270280096e+00
5.406165493666499344e-01 1.309268524733229855e+00 1.561285908315039883e+00
2.277752725557900260e-01 1.187509272770490343e+00 1.626719921003519698e+00
4.295804948688499714e-01 9.819378853296096832e-01 1.985535586080400261e+00
5.345213788891899354e-01 1.194849584679440246e+00 1.679760098522599998e+00
3.813868478879989254e-03 1.257244235373780272e+00 1.689346555975439923e+00
5.103801774784200163e-01 1.230953133838780245e+00 1.643058000133120089e+00
4.676279125780299362e-01 1.234056958203010312e+00 1.640273904820319872e+00
-1.269360484777300735e-01 1.322450378891399714e+00 1.600916153099879669e+00
3.201703622852799525e-01 9.497856806574700439e-01 1.861512878947879868e+00
4.905342099033999093e-02 1.062072977320869915e+00 1.907170994284440146e+00
-5.791287562930000354e-02 7.065244206953600337e-01 1.909956361633680100e+00
5.323791523851001406e-02 9.302506198172701968e-01 2.022467479013680069e+00
7.526092090459995942e-02 9.690192583865397946e-01 1.999413675217360131e+00
2.015439732382399984e-01 1.253680765296670385e+00 1.546866674753319959e+00
5.890788193639600046e-01 1.185452641379260319e+00 1.685690708324239839e+00
3.024920045067399643e-01 1.133404251716510158e+00 1.686047363098039931e+00
-4.376529813002899560e-01 1.066384211678120364e+00 1.912736548264359904e+00
5.316864399189999979e-01 1.184120499057380149e+00 1.720016265840240033e+00
2.499434210683899871e-01 1.130473001996990190e+00 1.704441871827119925e+00
7.070051233652999145e-02 6.528156089078598345e-01 1.892126517860360124e+00
1.643794351929499797e-01 1.192504498063070129e+00 1.623763377310640132e+00
1.284727924115700304e-01 1.196863034506610246e+00 1.624468888106159969e+00
2.988091525549999572e-01 1.189478492633879947e+00 1.652009063510400111e+00
-1.195399970636200071e-01 7.500498959795203202e-01 1.943203645237680188e+00
-5.942281814018998687e-02 9.669282841550306262e-01 1.961335713817119908e+00
-4.291626465736400053e-01 1.083177209439810218e+00 1.907849097483639955e+00
2.423804743030400222e-01 1.209477966846470354e+00 1.599997938669320163e+00
1.057014710434899807e-01 1.291893519144130087e+00 1.611612810022160058e+00
4.626526806948598747e-01 1.178413762934570341e+00 1.708155757279400166e+00
5.146078056986199689e-01 1.175634093182089890e+00 1.702412189773160112e+00
5.842424138363500052e-01 1.200008848628219882e+00 1.674189854423319801e+00
4.520513271726899207e-01 1.194831299598060115e+00 1.680869692144840055e+00
-1.095917164878699723e-01 1.227328932440550302e+00 1.717312139082719957e+00
-1.026969853318002168e-02 1.093279280629290584e+00 1.854883929594599801e+00
1.517180955768002160e-02 1.051545743491130169e+00 1.929790522248599816e+00
4.553136883703299276e-01 1.321361019009440474e+00 1.560122150369080085e+00
5.459074067132199115e-01 1.205765875907909956e+00 1.663232539605880023e+00
5.461861565922898620e-01 1.206298771574599860e+00 1.666658398534520025e+00
1.601185604292099940e-01 1.138528326849170158e+00 1.685997883228560035e+00
1.616277081578499641e-01 1.152235487967690153e+00 1.672381602735919959e+00
1.279733825514199619e-01 1.143323346894490333e+00 1.690979724059720191e+00
1.307862008484599603e-01 1.129092867398939992e+00 1.705218498802239857e+00
1.311857895065799695e-01 1.311515852015379791e+00 1.598145227276480451e+00
3.335052454285200030e-01 1.133881605999809805e+00 1.701741005309880039e+00
5.167427876590899860e-01 1.159295646041649919e+00 1.725492486944880000e+00
-3.081667124586899842e-01 9.918619596400304328e-01 1.885088239964719969e+00
-2.874699400853399922e-01 9.944633094973200915e-01 1.851659290497519761e+00
9.891421676340000912e-02 1.157119730715480133e+00 1.752186433579999925e+00
2.101025777962997609e-02 1.165036749204390487e+00 1.776172859887279909e+00
4.326199025185699654e-01 1.261551574726600178e+00 1.633879111596759914e+00
5.060404321522199433e-01 1.185337377134560333e+00 1.689856860920240234e+00
-9.619969374097001036e-02 1.243401427833380035e+00 1.683667893380760061e+00
3.900964613839985606e-03 1.188456615925290061e+00 1.665291718000760035e+00
-2.330612454998400029e-01 1.184245142448430377e+00 1.741450432691719730e+00
-2.772800382958200416e-01 1.159847349752890500e+00 1.764937162576679874e+00
2.857811466926299948e-01 1.086429306603940104e+00 1.785295772038040019e+00
-1.254217204768100224e-01 1.244507226750840134e+00 1.655428587426760245e+00
3.056990670520899345e-01 1.284839798338560213e+00 1.551621297208439554e+00
3.053392963155300288e-01 1.126884453001850028e+00 1.698669322337039933e+00
5.499714838347199430e-01 1.316074000797730070e+00 1.560635391910360159e+00
1.119238347617699803e-01 1.300475161266150037e+00 1.612137348771999878e+00
1.949362344838599659e-01 1.144226752619269982e+00 1.685802658329239812e+00
3.011880924237599899e-01 1.312190487954139728e+00 1.588000017132240149e+00
-1.635576582048700045e-01 8.476144811350503350e-01 2.010693597625679896e+00
-4.236244793369200456e-01 1.125313394717599946e+00 1.839869648774079991e+00
-4.519606638827800005e-01 1.067698939427860205e+00 1.930384605186080016e+00
2.804958672730499813e-01 1.177622110180820192e+00 1.641392517353319924e+00
1.663729211610599779e-01 1.135154851711380308e+00 1.693559516191839975e+00
1.723783158079700006e-01 1.116310782987600225e+00 1.734787553695799733e+00
1.817326582545600033e-01 1.131285553507920261e+00 1.700907963239679965e+00
1.373004396190899701e-01 1.148849581214079985e+00 1.664541697542039955e+00
2.950088515993001814e-02 1.225671432230830638e+00 1.699548180413279930e+00
3.646683123588997932e-02 1.251633624023460234e+00 1.686933453002919858e+00
5.142863770271799417e-01 1.174527865812820204e+00 1.703168606847200062e+00
2.688811655859998928e-02 1.226900903603830306e+00 1.701036030498759732e+00
1.730955356600799855e-01 1.115957785242850386e+00 1.724939345158519988e+00
-1.580563027361099604e-01 1.276306273052480345e+00 1.652499874262360002e+00
1.162574287199199807e-01 7.327200430021301170e-01 1.954377747138360100e+00
2.130199917074700189e-01 1.114899359258209932e+00 1.726017292313759999e+00
5.439415374863598718e-01 1.179168293621220220e+00 1.695378909609039919e+00
-2.603413205043002276e-02 1.031863062137529985e+00 1.906509318759920024e+00
-2.502313027553400016e-01 1.187172907579710168e+00 1.733458472351800062e+00
5.340006835870900748e-01 1.194073823123430467e+00 1.675609623301759887e+00
4.859663599406900403e-01 1.334993053779400141e+00 1.548575788938040265e+00
4.874368042902199605e-01 1.174792524815340355e+00 1.693754237862399981e+00
-2.822322764831000086e-01 1.132239749713970012e+00 1.797979976916200151e+00
4.096728094682299259e-01 1.163542366473470091e+00 1.638125756732079941e+00
-1.515932609204900250e-01 1.029691117999709915e+00 1.920004872488080050e+00
-3.272310433970400112e-01 1.138112437932669918e+00 1.784184693995720217e+00
-3.023102737987299893e-01 9.993012515163901544e-01 1.822102650353520037e+00
-1.562809220094700247e-01 9.920316993891102886e-01 1.959329117069919857e+00
5.118583896672899147e-01 1.173739579688880541e+00 1.729501198246999882e+00
-2.985055567454899528e-01 9.971678924715303705e-01 1.797403473303359922e+00
1.777686550779000729e-02 9.423568282137704255e-01 1.897672441505120045e+00
-2.772794645891299981e-01 1.126527260180590018e+00 1.786720500013839974e+00
-4.413293437527900931e-01 1.076501150572630072e+00 1.906525821132319942e+00
1.564023331578100195e-01 1.305127373383090150e+00 1.628558603654799875e+00
6.786250700419965698e-03 1.196275952912799978e+00 1.683883125720079921e+00
-3.097383515099800255e-01 1.264707118163670208e+00 1.684021014185720144e+00
1.200726607634300114e-01 1.149177748894780082e+00 1.703859431834680027e+00
-2.943866337526899746e-01 1.162970117591389796e+00 1.759249915816720300e+00
1.400273043464299871e-01 1.242472387688940083e+00 1.562001389471800117e+00
3.236657787677499343e-01 1.118708386846420266e+00 1.716009378036119859e+00
-1.016758473798299589e-01 1.290360451894900118e+00 1.616363192250120040e+00
-1.175348159176100304e-01 1.265106760403750252e+00 1.611580295913200178e+00
-2.962135937070009550e-03 1.196909436868400123e+00 1.687771083099639968e+00
4.773775808594100667e-01 1.329846174136820158e+00 1.542467172985800161e+00
-8.901370971577998725e-02 9.301570492394100054e-01 2.019710269807720060e+00
4.525631511184299294e-01 1.327822189777309925e+00 1.558502834501839907e+00
-4.275027509972999518e-01 1.058089418257800007e+00 1.926739808773039853e+00
-1.554550720260400032e-01 1.013090347151740067e+00 1.931835138492880022e+00
-1.366182948877599779e-01 9.599514233647201689e-01 2.006816096023200213e+00
3.306571371874997278e-02 1.238596855174960210e+00 1.685677313726279936e+00
5.059909869540200056e-01 1.172863803247069958e+00 1.718756021736919770e+00
3.167409679259000077e-01 1.257099589910790405e+00 1.540121050724600149e+00
2.996482195154299699e-01 1.203355036158120450e+00 1.603718994585479951e+00
-2.928084384840400345e-01 1.161705991634190527e+00 1.758515180218919838e+00
-2.896682881457299796e-01 1.146916678335540452e+00 1.764491570466519832e+00
6.220268337270018488e-03 6.656003692070002753e-01 1.878927590935079994e+00
4.696931710015999073e-01 1.190999572651350258e+00 1.680805682702920301e+00
6.924565878069999236e-02 1.000349314364630038e+00 1.933431385823640047e+00
-1.334262429544000317e-01 6.749100046468903269e-01 1.872961493432120150e+00
-9.734938736083001420e-02 1.026405729786709964e+00 1.901317570600800089e+00
2.669786002487899434e-01 9.696801148397600212e-01 1.959082731456359916e+00
-7.494417681700005218e-03 7.535728337678502253e-01 1.908793652164999965e+00
1.389273317586800227e-01 8.157898937410796858e-01 2.022316399392639852e+00
-1.371096250275599948e-01 9.799532909168406913e-01 1.948275378475519792e+00
4.693342167435798906e-01 1.235210633223460031e+00 1.645040958751520010e+00
3.152235434368699796e-01 1.263270992025230077e+00 1.547668946431280279e+00
2.911457633869699579e-01 1.285859750351759923e+00 1.555756863314520011e+00
-8.613421564395001839e-02 9.288777644106300801e-01 2.031780381588800033e+00
1.590661757292699818e-01 1.151345189416409953e+00 1.674070414852160127e+00
1.382825448179997307e-03 7.285312792433102924e-01 1.938187825739480008e+00
-2.205955798595000961e-02 7.430570269283001128e-01 1.948054818480039918e+00
4.724813045850001503e-02 9.856407298090605895e-01 1.933629404748160141e+00
5.436238570636899858e-01 1.167210257330000056e+00 1.718429066099799840e+00
4.765902517565099306e-01 1.181025296974060224e+00 1.690063612697719986e+00
3.527285984975699895e-01 1.150107032096460591e+00 1.745520716401799843e+00
2.847773777248699956e-01 1.103097746631729992e+00 1.768631131815360025e+00
-1.052632362081000472e-01 1.245524230000160104e+00 1.676462430746640031e+00
5.290837226526399206e-01 1.151487874412010060e+00 1.731859954803159907e+00
6.161059457528500483e-01 1.208752139326360053e+00 1.657198182533719866e+00
-3.114071667269000532e-01 1.166598858608219880e+00 1.787670030859680015e+00
-2.894825038468600287e-01 1.127224062631400292e+00 1.811212131418160176e+00
4.919323213662599725e-01 1.215424657051670243e+00 1.658946047834679804e+00
2.383500674416099419e-01 1.177340902116130072e+00 1.638315820601840000e+00
-1.583913470943001944e-02 1.062226517747190124e+00 1.853886254823680080e+00
2.788083187065599766e-01 1.175533219429329757e+00 1.649337557015319700e+00
6.347086581033899444e-01 1.189322345361419897e+00 1.667862460004120084e+00
1.396712109506999810e-01 1.241468720095030287e+00 1.559675377306360300e+00
4.912007494845899158e-01 1.291062059895019987e+00 1.541152811753079721e+00
6.018067761570899954e-01 1.147347576148000092e+00 1.736807970782040078e+00
2.141142397215099746e-01 1.113826880382469797e+00 1.720771697740240080e+00
3.785932702723600052e-01 1.162532013340290105e+00 1.667977829873399820e+00
-8.913715663655003008e-02 1.256460617792640067e+00 1.678027819425879752e+00
5.269442308392899843e-01 1.207758067551830239e+00 1.658829223587519941e+00
5.645821430572899313e-01 9.506733964811198145e-01 1.838999310796120223e+00
5.698897036226100443e-01 9.446311762549199909e-01 1.862801503616440257e+00
6.034222637268098488e-01 1.043114173932780053e+00 1.897338609756199945e+00
1.619577097258299847e-01 1.204325430181250267e+00 1.607469901955839831e+00
5.217089250772499742e-01 1.170873606669259770e+00 1.696977178072359926e+00
1.138543979912799986e-01 1.286128462783959980e+00 1.578545276945920062e+00
4.110158571914700465e-01 1.165558160712170332e+00 1.715148361388959986e+00
-1.379789578813100104e-01 1.286383346665320060e+00 1.590151031577720087e+00
1.791341272131699858e-01 1.146218688106330097e+00 1.670705598824240079e+00
3.459746523749998581e-02 1.253144300160570213e+00 1.688601581447080058e+00
2.615002446364899091e-01 1.133652084027850337e+00 1.633624823637040091e+00
4.712053051436300155e-01 1.157932473961680087e+00 1.718468932415080141e+00
5.303266067482199642e-01 1.149056338890230178e+00 1.739305317787319893e+00
1.234193846924499793e-01 1.298784873103220106e+00 1.639010124859880069e+00
1.495113491246699844e-01 1.193250431919430588e+00 1.627848964709039947e+00
1.890560382762000169e-01 1.176263811939510129e+00 1.699893244113159785e+00
3.070435895646099755e-01 1.141767520701620020e+00 1.677563142781480110e+00
5.171644769201999559e-01 1.159939709845639877e+00 1.719815180806880006e+00
2.659636316222699914e-01 1.137205167426760033e+00 1.701659004909479966e+00
2.540221450713200380e-01 1.123240556169770032e+00 1.706414210562840150e+00
1.762857494572499795e-01 1.127413237465810125e+00 1.715171406613519967e+00
2.153692665516299953e-01 1.115932873533030056e+00 1.716080476351760087e+00
2.647052845739199523e-01 1.137024218120860519e+00 1.696439849362479935e+00
1.586209487592699918e-01 1.150437652762269947e+00 1.676516890653999781e+00
1.766019808775400046e-01 1.147406884341189981e+00 1.695649009745719749e+00
3.489725053597599880e-01 1.153031247811280524e+00 1.746551696969599998e+00
1.687614182922800021e-01 1.135515158138030278e+00 1.687818035616519996e+00
1.370251738828200117e-01 1.210487224512030169e+00 1.608628934818679745e+00
5.090684123444996767e-02 1.060000576285640372e+00 1.927964676888280104e+00
-2.815692091836400346e-01 1.002829801391200037e+00 1.845451383236320186e+00
4.889404523268299219e-01 1.338258957094019985e+00 1.579228195098520082e+00
4.676185258170599823e-01 1.316577851979799929e+00 1.586842924113680109e+00
4.323793137263699515e-01 1.268221347511550468e+00 1.633001805189600031e+00
1.595470350308099972e-01 1.248839236606869685e+00 1.613495049848479912e+00
1.954068204546499932e-01 1.248632580088530508e+00 1.587550736931919726e+00
-9.118224519659001714e-02 7.959948449086000632e-01 1.978599305102520134e+00
3.145864373410399706e-01 1.278770423605620321e+00 1.561622057365839922e+00
2.857732319549399769e-01 1.178459703223130317e+00 1.640118040896360041e+00
1.301022359110400040e-01 1.087711373711109930e+00 1.800642091873799977e+00
6.011031008798699560e-01 1.195774371236310030e+00 1.674084156119440170e+00
1.390679751254199903e-01 1.243465072143690398e+00 1.565249775545159761e+00
1.658904011502099485e-01 1.194282110455569645e+00 1.628065581242319926e+00
4.813726063846299752e-01 1.176799650124839891e+00 1.701250844760360037e+00
1.142247534517699947e-01 1.249716415968940231e+00 1.587959875735080129e+00
1.390175868849599927e-01 1.296351987120200500e+00 1.608865601336959994e+00
-1.845916278306000691e-02 1.145701110033460202e+00 1.751870134504160070e+00
6.853317969385999686e-02 1.048838337007129917e+00 1.907571262439080151e+00
-2.456398426246800271e-01 1.202663825357950023e+00 1.715942891117000046e+00
7.957473420737998238e-02 1.000305290033719929e+00 1.958156334688719857e+00
1.226722340322599913e-01 1.245347665017449978e+00 1.569219704535719906e+00
-5.026937245748000493e-02 1.033269591619500050e+00 1.897584721002000041e+00
2.754111896179599617e-01 1.181926207708430487e+00 1.622832693080839883e+00
4.647016101023200285e-01 1.241407425464240211e+00 1.668164533630080104e+00
5.712397668249963312e-03 1.256954157836609687e+00 1.679919936807920067e+00
-1.274233748871300143e-01 1.271389538256510354e+00 1.614587613212879802e+00
2.157903434163299938e-01 1.117337094899620409e+00 1.728313917715399883e+00
5.289527932876498806e-01 1.171566962785729915e+00 1.687195033240400210e+00
3.493281152968500392e-01 1.151376064838290025e+00 1.751195589483599990e+00
1.976523210585700296e-01 1.138550368865450357e+00 1.665382511601359861e+00
-1.170600807979500224e-01 1.283282352744970156e+00 1.604244196096880071e+00
1.819983683915500083e-01 1.139666625947090006e+00 1.699204391884800103e+00
2.147101053187699671e-01 1.113990202681869990e+00 1.717805771880640098e+00
9.611017241731997784e-02 1.253924535841120180e+00 1.649844088281919863e+00
2.534826402105000431e-02 1.206488409698150077e+00 1.667369443128159823e+00
2.607295374048800296e-01 1.206626604600710140e+00 1.608935310056359924e+00
-1.130463685194000034e-01 1.245922633854400052e+00 1.690673549377120111e+00
-1.760035658706800288e-01 9.466848491328498927e-01 2.063380642294999845e+00
-1.697649408253200098e-01 9.594177005858604002e-01 2.039315531099439749e+00
-1.229638737804000237e-01 9.547382579316099349e-01 1.982203889291160204e+00
-1.940066328985299848e-01 9.537847014236902066e-01 2.071175010839680031e+00
2.760904255378999750e-01 1.202431412078710293e+00 1.606074673585079715e+00
4.801397796072799373e-01 1.297463790686710139e+00 1.538514915049800091e+00
4.688056005429299677e-01 1.315290213909940276e+00 1.554593947628040151e+00
5.692625641161099814e-01 1.179494253659320036e+00 1.826230011690600286e+00
4.480436545831799622e-01 1.172388965715050135e+00 1.714477224410119849e+00
3.078000437565600045e-01 1.124376803436000438e+00 1.703219141047039642e+00
-2.344705173643300555e-01 1.183810095796410389e+00 1.741417312647359772e+00
5.260520900853200565e-01 1.170572223973030512e+00 1.702883512140520139e+00
6.567590781558998447e-01 1.146297654874660177e+00 1.712512169206239943e+00
1.375469933881800222e-01 1.157294162764899825e+00 1.671031860612000042e+00
2.791528994529099972e-01 1.174556573505500134e+00 1.643474563086679829e+00
5.868604829932400069e-01 1.184646351905220163e+00 1.681517852933360091e+00
5.885601518590899417e-01 1.185178274628359896e+00 1.687298882897720009e+00
-3.430958027341700078e-01 1.213734531454769838e+00 1.730190663033759790e+00
5.324000641478698892e-01 1.194375423018550153e+00 1.671439199647920093e+00
6.081061773871099252e-01 1.161073519866189896e+00 1.716395112016079860e+00
-1.364228025557099877e-01 1.036890421195010292e+00 1.882247743813839858e+00
-1.630898762303001348e-02 9.841838414899599652e-01 1.946022129087800145e+00
-1.469879621709299922e-01 7.504551135492103509e-01 1.929289078911679667e+00
1.824031115087998423e-02 9.569738568165500059e-01 1.958914783182120090e+00
-1.920360318802200594e-01 1.052538543669779836e+00 1.916346832145120027e+00
-6.689559872558001330e-02 9.257089234610200723e-01 2.004500611364959717e+00
5.394438547974299558e-01 1.005883998977980420e+00 1.941434385004119800e+00
9.616511718986997526e-02 1.163405694704600313e+00 1.757014101534120076e+00
1.211371653210799593e-01 1.299254651158140428e+00 1.589813624130799852e+00
1.258316271034000400e-01 1.132117193911960085e+00 1.734450332238079984e+00
4.954374512429700061e-01 9.986806782588002473e-01 1.941322087865719803e+00
-2.681748826136499675e-01 1.189182326216460028e+00 1.760573922344280007e+00
-2.689389205195600319e-01 1.174012387335640506e+00 1.743979297371679893e+00
-2.761570698793899825e-01 1.173640578611090168e+00 1.753214299539439969e+00
3.014691124017299106e-01 1.180569171309109988e+00 1.606312973108960040e+00
7.753219109892997563e-02 6.613615972654300901e-01 1.895708565247359978e+00
-2.468136093414899923e-01 1.136992859940180400e+00 1.843776529814999954e+00
-2.914460894124200063e-01 1.147611676544130210e+00 1.766570554784839819e+00
1.031896298373600196e-01 1.005654165389709975e+00 1.931840756103399892e+00
9.684465243532996981e-02 1.325252369145430320e+00 1.584074965991680184e+00
-2.866448215030200641e-01 1.133666314907510353e+00 1.801439311745719918e+00
-4.629164624241999260e-02 1.057349688158139900e+00 1.854854019147039956e+00
6.724206065212001704e-02 6.925073733529900633e-01 1.919543621984840076e+00
2.586232024158300336e-01 9.529098927079504566e-01 1.928410381725359724e+00
1.048679200619299923e-01 1.008553217582729866e+00 1.911423321251919827e+00
-2.629808971449000277e-01 9.973630009727101342e-01 1.819772134131800057e+00
1.039992587471299801e-01 1.319413040183689878e+00 1.590549728922640238e+00
1.677077985812699679e-01 1.194232888779650059e+00 1.627382627131680026e+00
2.665888062816998416e-02 7.285860843624798466e-01 1.936692542887320068e+00
-4.753350300069500989e-01 1.046130940037570012e+00 1.813322167768880000e+00
-3.612040091847998347e-02 9.836697814036401422e-01 1.962340298947359951e+00
5.804993232891400012e-01 1.173454205637580072e+00 1.701197008140000078e+00
7.212851725084998278e-02 1.006595836698750412e+00 1.948952317209440066e+00
4.778606191968998163e-02 9.403220704471604297e-01 1.999688312423959946e+00
2.035191822643100112e-01 1.221448878227880064e+00 1.579522741397799912e+00
5.264468977594999322e-02 9.398680494493498738e-01 2.015225470175280087e+00
3.716830288364997292e-02 9.439911143564401197e-01 2.002186043839000007e+00
-9.624185641599999896e-02 9.846933399858703861e-01 1.961781608532360055e+00
-3.122985740833500445e-01 1.117644376745540180e+00 1.820054789829800068e+00
-1.432757027816400075e-01 9.735431829978506979e-01 2.011846973281079975e+00
4.741444911915200233e-01 1.298580757089940141e+00 1.554095518001519682e+00
-3.673730588061600022e-01 1.122635681172740041e+00 1.873698132503120117e+00
5.472878479921698958e-01 1.287917368842819821e+00 1.580117429188999889e+00
2.100376766206999701e-01 1.302020055039610602e+00 1.592457786812039977e+00
4.981300294480001112e-02 8.532446831594102665e-01 2.019897306471800214e+00
4.246673655299899597e-01 1.199508967667080261e+00 1.682901201193799601e+00
-4.386680036242600611e-01 1.074782350610760107e+00 1.921297088037519973e+00
1.492155107582300022e-01 1.201759510862860258e+00 1.614000570255479605e+00
4.268738952466299974e-01 9.801031647400104685e-01 1.997365209991039947e+00
-1.109840053990300002e-01 1.049740717402529944e+00 1.880600225944399906e+00
5.891251705281399520e-01 1.203337341739490141e+00 1.664091133474760120e+00
3.772088049223699668e-01 9.768663992060500068e-01 1.987001879188080133e+00
5.071707046129899643e-01 1.278651942596670255e+00 1.557318448236399977e+00
-1.382243469201000496e-01 1.031902874382650159e+00 1.899690974132359989e+00
-3.172152039797300205e-01 1.121023246044870136e+00 1.818503420317519881e+00
6.016940604844799312e-01 1.214462455338090274e+00 1.651641342921720046e+00
-1.350904026464500307e-01 9.935376804755604585e-01 1.957147395886759789e+00
5.262847688792199330e-01 1.183008103449990633e+00 1.697840898293720091e+00
5.980700045420999089e-01 1.169588368011970525e+00 1.695079577306120022e+00
1.387692450055700022e-01 8.245195341749897988e-01 2.024294113406240214e+00
1.131225385690399765e-01 8.188892583180298335e-01 2.011248985813160139e+00
2.895059144289999220e-02 9.474765282979700221e-01 1.994469523311400039e+00
4.295197710149299963e-01 1.212995211495690340e+00 1.663312936933520003e+00
2.011102707325499728e-01 1.206077607291680343e+00 1.625315901616039893e+00
-1.517762081967001520e-02 9.333490904638399588e-01 2.038373289858359971e+00
5.046769973892099026e-01 1.186982594538619873e+00 1.621784694956680095e+00
-4.072118064999998011e-02 9.261255842921201076e-01 2.033879428058400052e+00
5.806870072021499407e-01 1.198361022716809776e+00 1.663324746228480144e+00
2.373407027219100185e-01 8.918063684252304224e-01 2.175006429777039951e+00
-1.128810361979100119e-01 9.372452335110301735e-01 2.029900223412480109e+00
-9.795382651767001181e-02 9.447124209424202501e-01 1.988735333342599887e+00
6.072960518717299694e-01 1.183102665055770553e+00 1.685287234972719705e+00
-1.669914832679900152e-01 8.487898613420898908e-01 2.012339194451439717e+00
6.364077846833299246e-01 1.164850307777510308e+00 1.708591979595840193e+00
-9.906776147460003012e-02 1.184483221287010446e+00 1.749777539848440089e+00
2.534749341245999821e-01 1.121616411325109697e+00 1.696279203859080376e+00
4.426824497661999147e-02 1.235955129226090188e+00 1.685080340334440097e+00
6.301740854975300676e-01 1.130237569973160161e+00 1.751665277382199903e+00
1.006389783237500168e-01 1.228988900097660375e+00 1.660726275626679627e+00
-1.318532370163100487e-01 1.247171049044440094e+00 1.670861451058039959e+00
-1.298428544607299895e-01 1.239719576837020165e+00 1.746753764802200237e+00
3.960276656473099566e-01 1.157252493447810116e+00 1.744441307326079826e+00
3.025408717411900428e-01 1.311406867223140482e+00 1.578283361051479705e+00
6.215949828341200689e-01 1.123280506133200296e+00 1.767514924857599867e+00
6.123602973578700093e-01 1.125179804447160370e+00 1.763695208798279790e+00
6.150824171603599400e-01 1.124920256713120237e+00 1.771750708499999938e+00
6.168432852448400006e-01 1.124617216013970245e+00 1.770193673565080061e+00
2.706848539920500007e-01 1.074634503350930137e+00 1.820192497695440004e+00
1.001756630436199946e-01 1.162766572687900402e+00 1.744237335589120086e+00
1.250606247153100148e-01 1.094470234968310196e+00 1.826116193954959943e+00
6.028058060719899691e-01 9.434074201697899564e-01 1.872606311788239886e+00
2.703191515230100039e-01 1.071922191137140379e+00 1.824734729257639909e+00
6.091421724401698823e-01 9.417088138892497629e-01 1.878258447822319877e+00
6.992971403585899193e-01 9.713100375078205229e-01 1.848273156551320184e+00
2.002096566642700137e-01 1.222464203725540210e+00 1.595190833727639923e+00
7.026519233622400273e-01 9.702506451220005435e-01 1.859264163856159779e+00
6.053398964944298744e-01 1.086102093514220490e+00 1.924414318934359880e+00
-2.364298396602100283e-01 1.154484529202669973e+00 1.762287098647919992e+00
1.243955842883399943e-01 1.299003982796460344e+00 1.604764990586400319e+00
-1.228696191413000127e-01 1.324047925967349881e+00 1.595419176305880260e+00
5.579539373389400536e-01 1.068657113273189685e+00 1.884891180696280255e+00
2.984185780950100453e-01 9.495532562150399425e-01 1.873091433445239762e+00
2.976268987089997209e-03 1.142470450002049942e+00 1.798316048746159801e+00
4.875340411098498805e-01 1.056482272566950043e+00 1.893085428257760050e+00
5.924293457231999405e-01 1.031768413532390349e+00 1.933207045969799864e+00
-2.917753808300900253e-01 9.895534822617702009e-01 1.884472656419999836e+00
9.808761485428998950e-02 1.111929392448230081e+00 1.812117871050719975e+00
4.552541517258199555e-01 1.223600269757129988e+00 1.642554067300840082e+00
-3.238437420850004411e-03 1.095561817906810065e+00 1.869649887524959864e+00
5.127792850467199903e-01 1.004123518513399871e+00 1.908413203461120089e+00
-1.498104375447001368e-02 1.034129283230419860e+00 1.882073008554280058e+00
1.100585454941199748e-01 1.006920788871570105e+00 1.913801037983160036e+00
-1.461929572701500535e-01 1.044496824203229979e+00 1.888401116728319895e+00
-3.218597257676900081e-01 1.128959766334690196e+00 1.846846867271520143e+00
4.990913787999984308e-05 7.468885551693700275e-01 1.930665635598519891e+00
-1.442192367611000448e-02 7.466712377055804151e-01 1.931454822328199761e+00
-1.116970717992400164e-01 9.956262546167498062e-01 1.956217349844519893e+00
8.222541629658999818e-02 8.018105148311900354e-01 1.988448825084879967e+00
1.267449738317299734e-01 8.007753880040004990e-01 1.996206106650360024e+00
4.408171597325000191e-02 7.974229006107298456e-01 1.997664525441519956e+00
1.391978964506999927e-01 8.068456395218401855e-01 2.027053743345839543e+00
1.403413174853599676e-01 8.112909746340697392e-01 2.015630605160199984e+00
1.065915880426099860e-01 8.117807908204002221e-01 2.025541375540280242e+00
1.296449520591899940e-01 8.358778705640899087e-01 2.042897112946719940e+00
-1.211197827017400086e-01 9.386561360298097956e-01 2.062304412182120128e+00
-1.348431672128900249e-01 8.547820566464301439e-01 2.052964850100240213e+00
-1.851899026264899883e-01 9.809906431503601087e-01 2.037232080995240224e+00
-1.957084975713299924e-01 9.789711167445303008e-01 2.050025959935039666e+00
-1.769810849038900291e-01 9.444982458862305474e-01 2.076678254862799999e+00
4.223367135476999157e-02 1.244073432347570174e+00 1.691074508619760053e+00
-1.562271038682999658e-01 1.028926988067240034e+00 1.911492200472079794e+00
-1.852175774240001627e-02 9.750435105517805123e-01 1.985622046222319970e+00
-1.216192945380400181e-01 1.270707877068299796e+00 1.631317211996719863e+00
-4.545779128016300685e-01 1.071994348750229920e+00 1.924057757530719837e+00
1.571746240363999791e-02 9.282738500664302617e-01 2.028572683804680032e+00
6.638430284239965617e-03 9.461206298897797407e-01 1.968017873198639967e+00
-9.171460802947001278e-02 9.327040494337304199e-01 2.035420012536239831e+00
-1.780413043450599364e-01 1.005247778906380285e+00 1.966037208579680007e+00
-2.013183076109199832e-01 9.556921312884203434e-01 2.072527856964080151e+00
8.635447989899000532e-02 7.020338563941603827e-01 2.005737853273640070e+00
-1.138085749460400198e-01 1.022596222638720187e+00 1.951197059203519935e+00
1.635656743741001340e-02 7.339855644185500072e-01 1.943135421346399827e+00
4.247327984619200247e-01 9.939376354306801442e-01 1.995060830420799958e+00
-1.781452849035000674e-02 9.635235920827003309e-01 1.985439400543719923e+00
-2.230864728743800485e-01 1.004729492105109978e+00 1.996160857689559975e+00
2.615089346458299158e-01 1.208820618955830151e+00 1.596999398568399897e+00
-2.846155231256000673e-02 1.048154942828980252e+00 1.875812812927279971e+00
3.709246030799973060e-03 1.210896191929949905e+00 1.668944099723880248e+00
5.109363742889999616e-02 1.057133775774280027e+00 1.939353627280880010e+00
6.091480141555498662e-01 1.115989171414530245e+00 1.802465730743680217e+00
4.717645931747699306e-01 1.192737096830969845e+00 1.689602496030960133e+00
7.006137470913400556e-01 1.054818267853850466e+00 1.941853289595239840e+00
2.726146732708399911e-01 9.706650502557698790e-01 1.903511550289239906e+00
-6.143141057991000076e-02 1.047282334828320449e+00 1.889093838650039991e+00
-3.222897313886700088e-01 1.118032328894150274e+00 1.820109807818719894e+00
-1.161295591182599785e-01 1.046257480352660307e+00 1.879615750246879990e+00
1.194925125268600230e-01 7.356075271877704491e-01 1.952194771313159993e+00
3.217101693396600126e-01 1.014358164764010306e+00 1.965674378585319904e+00
-6.345756658574999709e-02 8.404336894576005523e-01 2.019184796093560053e+00
-3.485829707843002279e-02 9.368581191013503062e-01 2.016156795133599910e+00
-1.984826101810900634e-01 1.007828729550250157e+00 1.983273208839680057e+00
-1.702268792232400074e-01 1.009526997390390202e+00 1.931987081463720113e+00
-2.303619673180600791e-01 1.225398927396010196e+00 1.749746693803239994e+00
5.611646573520798764e-01 1.017249901846839721e+00 1.927999140702080005e+00
-3.691410805977002330e-02 1.038963658338870166e+00 1.854637791353520138e+00
-2.867865131483400276e-01 1.205841357512140499e+00 1.718279153994080044e+00
1.241009564830599932e-01 9.882333134511600559e-01 1.991879759580559961e+00
-9.904520041668998798e-02 1.314858610278810458e+00 1.591171634248000011e+00
3.405120178976997480e-02 7.433451749983299717e-01 1.941661479660400147e+00
7.475956247169984747e-03 9.478945463652104220e-01 1.998025175271600062e+00
2.230365292494699558e-01 9.379682683073100602e-01 2.042942085294639831e+00
2.210805466900499783e-01 9.171344643999999047e-01 2.084251963065880009e+00
-2.464383946047099538e-01 1.124837164001820211e+00 1.835311198417800105e+00
-3.502767488389000317e-01 1.122758746663439888e+00 1.845779576160719859e+00
-3.925019475715700867e-01 1.127718290131370038e+00 1.853354345503199996e+00
-8.262572424703001905e-02 9.495582296540303613e-01 2.002000039517279895e+00
-4.118223681596300256e-01 1.156572239925339973e+00 1.774623458204520166e+00
-2.128885682821400338e-01 1.157661750800609957e+00 1.804071119813639879e+00
-3.500318690566399660e-01 1.142002597607060244e+00 1.767879253469039957e+00
-4.523789341931599983e-01 1.130397049584410007e+00 1.830921820364920016e+00
-3.650736763311099864e-01 1.122736209094260085e+00 1.769591250899399837e+00
5.690168407897999714e-01 1.075627322827790389e+00 1.843835763685959916e+00
5.792239534057199712e-01 1.075620463037400443e+00 1.849448074100640049e+00
-1.771609288042500230e-01 1.057758932414440300e+00 1.891285481969159799e+00
6.031406573781099567e-01 1.115579708730580100e+00 1.778689878798520141e+00
5.609465675853300137e-01 1.016125509077450362e+00 1.932301268278319828e+00
2.821566293929900215e-01 1.287374322693980000e+00 1.563838387904919802e+00
2.562968764432499436e-01 1.178194919309700550e+00 1.642703728175880062e+00
-1.656048174369099957e-01 6.686899906002901073e-01 1.904525305599599871e+00
3.241098530972800207e-01 1.119039174881599985e+00 1.726234734628800060e+00
7.725118992911000904e-02 9.901917455603606033e-01 1.962552256971880071e+00
2.733615183816499039e-01 9.706115732273301600e-01 1.892952787906319934e+00
-2.761395681491100040e-01 1.008062206555930151e+00 1.840407121048240002e+00
4.904688290056999911e-01 1.215836369999879762e+00 1.660871242895439970e+00
-1.105932249589100247e-01 1.247450115255110292e+00 1.688426993293119960e+00
-4.410671634882900038e-01 1.067453187886540311e+00 1.915340135796280041e+00
