1.588031836202279834e+00 6.067573296455601728e-01 2.180815135141900285e+00
1.580226984748720032e+00 6.029375618033800954e-01 2.176527887958939367e+00
9.788086822898200978e-01 6.813903413616801963e-01 2.150894703727999513e+00
9.796259700035701012e-01 6.803833074732303920e-01 2.150875264927480046e+00
1.514099630780589845e+00 5.452642719076004063e-01 2.248327081337619937e+00
9.551587783852200086e-01 6.120377639431699990e-01 2.264576036539539761e+00
8.374848915921602188e-01 4.410223562607100689e-01 2.366715389965659888e+00
1.193225790394139896e+00 5.321131380725798721e-01 2.293773745158859789e+00
8.343016642921401438e-01 4.405104957966403667e-01 2.362303582402879520e+00
6.612262147890202169e-01 7.625159805926502443e-01 2.072072204454639799e+00
6.483702400492301621e-01 7.565037831587302364e-01 2.074941619830199535e+00
1.595654955431680122e+00 5.009735348178501191e-01 2.389798013652820075e+00
1.730912851092940130e+00 4.560132565821501949e-01 2.446718783859419766e+00
1.363752188748040162e+00 5.469478058859400527e-01 2.258410258770120027e+00
1.313615980101839886e+00 3.817714472832198780e-01 2.430271372309380062e+00
1.501392374545710062e+00 5.454882419010202987e-01 2.384214904384499789e+00
9.335213159346900103e-01 2.524470677704599986e-01 2.316869058299380058e+00
9.450629923050199999e-01 5.238057292084303818e-01 2.361113719406679579e+00
8.440396554255502615e-01 4.381736609925601655e-01 2.355256789616960056e+00
1.648976606539270140e+00 5.701942015729204449e-01 2.315402988367579518e+00
1.647121766223280215e+00 5.738264492067002287e-01 2.312108608349059846e+00
1.713874313770560320e+00 5.024322830337100143e-01 2.392530045861979815e+00
1.808351431106510088e+00 4.632437272051905808e-01 2.448854380249279927e+00
1.586275340598880312e+00 6.363633429552901788e-01 2.185212489795879787e+00
1.205685529689739965e+00 6.168023329918796982e-01 2.238047640283239659e+00
1.195277623180859949e+00 6.206262294353002140e-01 2.240546986278479924e+00
1.032184673775289996e+00 4.699831514714700731e-01 2.431009233207799713e+00
9.221659932697299222e-01 5.448915302420700435e-01 2.321879051066559896e+00
1.263184791180020250e+00 1.206491122108610092e+00 1.747452386376679989e+00
1.045242248589820067e+00 4.557308303308000852e-01 2.449401911036019897e+00
1.344136904856520154e+00 5.447399616212500462e-01 2.249538954307079841e+00
1.581208917142810311e+00 6.653146520910602213e-01 2.207753080229780007e+00
1.255323397186149936e+00 6.709866491873199834e-01 2.139813565532679984e+00
1.248856868785249929e+00 6.740512536424501100e-01 2.146213990125759530e+00
1.492008645805170008e+00 6.390117125203902404e-01 2.131070109229559861e+00
1.456159554875140039e+00 5.764222187271204056e-01 2.213983265731919836e+00
1.423623714968130116e+00 5.289244899827800772e-01 2.283790227931799866e+00
1.425728121046560215e+00 5.266204486458905265e-01 2.282591281971859676e+00
1.536030893973060252e+00 7.839746621252396963e-01 2.031458993182419626e+00
1.188921697752150175e+00 7.472787252379600176e-01 2.099496360102179882e+00
1.197951363561349902e+00 7.433181072073500317e-01 2.104647080272899817e+00
1.050131671417040113e+00 7.555843897401799403e-01 2.097266970213979675e+00
1.286381937944800047e+00 3.991176524002399972e-01 2.490861292099479929e+00
9.203082428992499509e-01 7.949753111709201292e-01 2.005930732821719964e+00
8.664197431934899107e-01 8.995963112037697051e-01 1.912593787915219945e+00
9.082426277223998312e-01 5.710608370506098375e-01 2.291436760776039971e+00
1.396260210586619976e+00 3.484816071304495111e-01 2.617895839277239567e+00
7.091409644332398177e-01 9.068918191215602498e-01 1.879857909843659858e+00
6.474321491240400128e-01 8.327310143756001537e-01 1.936762732073979976e+00
3.558268107623900889e-01 9.706708984232599313e-01 1.835128670340439916e+00
1.112142823706609995e+00 3.167288576114599685e-01 2.438086887449559814e+00
1.162917839376430118e+00 1.117793898831520139e+00 1.831585839275200023e+00
1.656903652588970211e+00 4.680596878297000885e-01 2.438139792490639834e+00
1.656200232168570263e+00 4.649263189982497657e-01 2.438163940171380162e+00
1.715081367625010067e+00 4.302004741541698429e-01 2.486732146262840004e+00
1.702592090052319929e+00 4.345818345159400131e-01 2.474307532073280136e+00
1.570268424812410135e+00 5.117181272135802317e-01 2.376810322175039847e+00
1.420077806695180023e+00 4.979645826981697887e-01 2.381472460203780006e+00
9.364514770204201977e-01 2.505348705519403474e-01 2.316259124785879919e+00
1.034602475959960133e+00 4.697896225096807044e-01 2.425156424932639609e+00
1.468426729121580454e+00 5.137026372419501996e-01 2.342541611914239930e+00
1.476849420333350427e+00 4.994444626488006023e-01 2.338539552307199898e+00
1.590113368197990429e+00 6.060775131932905069e-01 2.176353569980979508e+00
1.584506362860980122e+00 6.381487681408097856e-01 2.189462016513499698e+00
9.959281798027399546e-01 1.782868196367100033e-01 2.313226567252119725e+00
1.082329878860549988e+00 2.960959416253203802e-01 2.512997501642499909e+00
1.161549925793169846e+00 5.426329139542604985e-01 2.358895871927739751e+00
8.781290889852999548e-01 2.031966559735802758e-01 2.191762032653139514e+00
1.543908668258850092e+00 5.813147678293399956e-01 2.272032911841159741e+00
1.296679609815310164e+00 5.524362693939104396e-01 2.263033228953179599e+00
1.573850395411290126e+00 5.117157464458097493e-01 2.371662093840559926e+00
1.699684836590079851e+00 4.293851670696002820e-01 2.478219871819599796e+00
1.546461945855500009e+00 3.499667473728300671e-01 2.613651606900799784e+00
1.591766502890640034e+00 6.052703438186601836e-01 2.175943915842839971e+00
1.408647578370750164e+00 4.415873368485399020e-01 2.375757115007239850e+00
9.093415684266399346e-01 3.453384175860403360e-01 2.359794040772960066e+00
1.240665097075649870e+00 1.150951854626500293e+00 1.814496048135939787e+00
1.249639583672240040e+00 1.149469550976740084e+00 1.830994169060139898e+00
1.180716975538930180e+00 1.035533444933270264e+00 1.786341557939159497e+00
1.037599133779199878e+00 1.544014252191698855e-01 2.353203261195759843e+00
1.195722803406850110e+00 1.035882742595980233e+00 1.785325113349299775e+00
1.551939409891170296e+00 7.960612769372801267e-01 2.077474286391739700e+00
1.067147064271590118e+00 1.666855311660150551e+00 1.920767920016539732e+00
6.469126372854296925e-01 7.748651640752299841e-01 2.076833297431839753e+00
1.471741743550410320e+00 5.174428469793102003e-01 2.340442109792099767e+00
5.238212570051601347e-01 1.072584074955960087e+00 1.639608546074759587e+00
1.490943546988269919e+00 6.411428196563804249e-01 2.131178696126640126e+00
1.736209633880160474e+00 5.910588170965804800e-01 2.254522949716559754e+00
1.402804807820800193e+00 3.787614371944600933e-01 2.603777417147459694e+00
1.135145779959350065e+00 1.668706887724130006e+00 1.956449679447679779e+00
1.153475983045660236e+00 1.501058171687060572e+00 2.186465959942719639e+00
5.360645080863097878e-01 4.881149012540100252e-01 1.785844253218399569e+00
1.375476023459219821e+00 5.009863922820301241e-01 2.414402699862739698e+00
1.409967463782050068e+00 7.068264310683196605e-01 2.129240558032400088e+00
5.734836714881399455e-01 7.423978068150001164e-01 1.929909740916779803e+00
1.561851651620580039e+00 7.960603673554200732e-01 2.070517736604559733e+00
1.540708777374069971e+00 6.645900299736000605e-01 2.267342223124919620e+00
5.355043543066801970e-01 1.113704008005039992e+00 1.585134172968259758e+00
3.994265910137598796e-01 6.664361710710502429e-01 1.843025294136679815e+00
2.231174404187199478e-01 8.264329153895397795e-01 1.767610783245719741e+00
2.610696686622098195e-01 7.721634133401602540e-01 1.762192196735739902e+00
1.513850513259069608e+00 1.039930556110720161e+00 2.207274495284799798e+00
1.344532908514019853e+00 4.588364735530703342e-01 2.457710720117079806e+00
1.521234132003709938e+00 8.914718146950502131e-01 2.099132058858019789e+00
1.626625919624510086e+00 4.705424464868301904e-01 2.425008412562919879e+00
1.362806025707360202e+00 5.451723797399701255e-01 2.258251681012319878e+00
1.616288776069609856e+00 5.439684191178404404e-01 2.337912281397939829e+00
1.271516078093940072e+00 6.826924898111803586e-01 2.183179861102559904e+00
8.255228810275299089e-01 1.230943467595160268e+00 1.640311632780479645e+00
1.195769636399500069e+00 6.225115757683497009e-01 2.243559317413080123e+00
1.218722777815329783e+00 8.092114735037001516e-01 2.027991164446179884e+00
1.003262372838360061e+00 7.004426762090001368e-01 2.167485822899859915e+00
9.048383270662698763e-01 7.208580731453801960e-01 2.096120850480740039e+00
1.458728152578729897e+00 5.770714161930805552e-01 2.210722034079199982e+00
1.801764519556070088e+00 4.661448319861900558e-01 2.456270458502279652e+00
1.147109409412440106e+00 1.512476502781999965e+00 2.195125796912419602e+00
1.787659381015910487e+00 5.581773112262000680e-01 2.264290515259139713e+00
1.140671929438100030e+00 1.662104075753970012e+00 1.957069903026119828e+00
1.008501985109799826e+00 1.647046562569129957e+00 2.042061835983839835e+00
1.021521886520579958e+00 1.592547104284460335e+00 2.132253444779339979e+00
9.677504277454003212e-01 1.675120165629790048e+00 2.060803249539319815e+00
1.016150852314249953e+00 1.598085328323830101e+00 1.976211769427379750e+00
2.624265642387301201e-01 7.729626896460697338e-01 1.760373959308060066e+00
3.589335536561100160e-01 1.001954577177930350e+00 1.720933669837100055e+00
1.349457613580370197e+00 4.583653010762303026e-01 2.453603208122959956e+00
3.493891752753501834e-01 1.036688638452849975e+00 1.743349147977699687e+00
1.370065914155370157e+00 5.493518435824000790e-01 2.251328951925899879e+00
1.513081217060149974e+00 5.445021103462699408e-01 2.257558990235959850e+00
1.089856887464060176e+00 1.138175721986001143e-01 2.325165169314519886e+00
1.055810865423320033e+00 1.608301549152102439e-01 2.346418481508520060e+00
1.056362154134909970e+00 1.842483897819402472e-01 2.386305599028859525e+00
1.119341059291979690e+00 1.057943739945429673e+00 1.797254361109359877e+00
9.835154150580700527e-01 3.104934249721802431e-01 2.591089135605539884e+00
9.811892117750897757e-01 1.093559169275389653e+00 1.740289335946060056e+00
9.100538558463799887e-01 1.141320709483290230e+00 1.744321427038039829e+00
1.369272580716619947e+00 8.826392836435701383e-01 1.916036041304339799e+00
1.001050851335369973e+00 4.965139052560401112e-01 2.367083880683539920e+00
1.061155307533290015e+00 3.123281707449501177e-01 2.497188136031959882e+00
1.729467136325410159e+00 6.261883674396000465e-01 2.256880665814979814e+00
5.339022406813400679e-01 1.067315198181739699e+00 1.638600191756819591e+00
1.409148592920590026e+00 4.980614837446801779e-01 2.385192635187279642e+00
1.411645059736539753e+00 4.979187592241602900e-01 2.386142667790419836e+00
1.556071074887470207e+00 7.991493636079605167e-01 2.073102910714539782e+00
1.558324101448369969e+00 7.994591873923799774e-01 2.073081877846019605e+00
1.746172688533819795e+00 6.312119484896698829e-01 2.271112297250959866e+00
1.500073902182450070e+00 5.051983242753301795e-01 2.320507692187379956e+00
9.214609128023698581e-01 7.949626364823800806e-01 2.007278960942819879e+00
1.258248896919750504e+00 1.258492536464060674e+00 1.782820128683399563e+00
1.497829150086180228e+00 3.494846284251003077e-01 2.611116554648799770e+00
1.719504116694269946e+00 6.258756348272602743e-01 2.263306440287599752e+00
8.148682162834799403e-01 1.541304668648920018e+00 2.107133934731959535e+00
7.604468737942600143e-01 4.854451126093901614e-01 2.731064739026419996e+00
1.148276698495330317e+00 1.446213264784280472e+00 2.226526935263079654e+00
1.149575752833040143e+00 1.474239164110530353e+00 2.082676911130239894e+00
1.423085646827599859e-01 5.853800887682596432e-01 1.784710835222199865e+00
1.259714741347500055e+00 6.965507540702802203e-01 2.161966930304779932e+00
1.644123009355579867e+00 4.727677220721102636e-01 2.429218138385859760e+00
1.391966476163210009e+00 3.493346563341903632e-01 2.616475141544199801e+00
1.588994533946699761e+00 3.962762961642001258e-01 2.591752830492459747e+00
1.085876206285000034e+00 8.113766611238797388e-01 2.078592517521779648e+00
1.155617145579939997e+00 5.438194105574702952e-01 2.367002406781239632e+00
1.400388268623359966e+00 7.133500208821095256e-01 2.142249742033599524e+00
9.880078482938601248e-01 5.876176600567499797e-01 2.263005017900099780e+00
1.323681421826049975e+00 1.141829754436810340e+00 2.467470822160879873e+00
8.772826014229802016e-01 5.848125864531303897e-01 2.126479044364979920e+00
8.654381183593400362e-01 1.197128281666520522e+00 1.639682124872059887e+00
8.667058681460200198e-01 8.994772767168806027e-01 1.907897674028479873e+00
8.386305200589798670e-01 4.368273107741100780e-01 2.361521300825839997e+00
1.196483897413550102e+00 1.501202935554090345e+00 2.191565404384719695e+00
9.704856299730499902e-01 5.716704965847703157e-01 2.291654815729700090e+00
5.396077348404999530e-01 1.111120858955470414e+00 1.584034353628239966e+00
7.186121312619200285e-01 7.993324217151500655e-01 1.987533856946459787e+00
1.023063745146210124e+00 1.573548851119079828e+00 1.971573304620619638e+00
9.439214263279802619e-01 1.669763334560280477e+00 1.992250577268159795e+00
3.807689425947300421e-01 9.912524044188901762e-01 1.724291206529120046e+00
2.209371952082997970e-01 8.294076895697903851e-01 1.724067238005440039e+00
1.526250525221540144e+00 8.145112839541002181e-01 2.049692752283799990e+00
-2.352760329656149896e+00 1.944292998203640099e+00 1.790193882319220053e+00
8.220446146951798649e-01 4.470189597429703454e-01 2.373692172429500147e+00
1.477979417911059912e+00 3.567058887767000641e-01 2.603630582516419878e+00
8.519968803891098119e-01 8.259829711449304668e-01 1.974177570193679898e+00
1.539077447966149759e+00 5.111759085232501221e-01 2.384654329369199743e+00
9.694490704142602056e-01 6.075607722463804983e-01 2.265328108479559788e+00
1.184422532668360173e+00 7.729270513762198647e-01 2.027890858160959819e+00
-2.793781971997070013e+00 1.849020347097810379e+00 1.437839724734659708e+00
5.276510839268699904e-01 1.078470905732900054e+00 1.639341971284019372e+00
2.912808481511699465e-01 8.886126683915502866e-01 1.908978772704339910e+00
1.204980416127590104e+00 7.543197046635001790e-01 2.044801945023300149e+00
8.655357156447300859e-01 5.825918096888700326e-01 2.123512622185319998e+00
-3.025817686963659714e+00 1.663494565298510253e+00 1.254931746404260196e+00
-2.953693893903170054e+00 1.587044077424310196e+00 1.269708056933720020e+00
1.634691337059130056e+00 4.745345038151600470e-01 2.442307511527059827e+00
1.742052488358529772e+00 5.395666984860101323e-01 2.332211456133119754e+00
1.311207201021949986e+00 5.504351921007901716e-01 2.251555089819540001e+00
1.629280688054970394e+00 4.750196674710802647e-01 2.433056018422479649e+00
1.714660936218519893e+00 5.016557626689199800e-01 2.389994290579559699e+00
1.386812592812270095e+00 7.247971691353405355e-01 2.157811678043399795e+00
2.400146485926800688e-01 9.493406666878803080e-01 1.812882660767679788e+00
1.550295211940880158e+00 2.754742310099702607e-01 2.568545923977339829e+00
9.789339192775201592e-01 5.759116343536003768e-01 2.280331811055139823e+00
-2.744827570265770067e+00 2.062732167935830141e+00 1.537128348507520226e+00
-2.745685781664590319e+00 2.067144732646359895e+00 1.542318424433539725e+00
