1.126468366459580039e+00 9.251802448205497242e-01 1.888109382434859818e+00
5.284462455162100003e-01 9.009586493553500830e-01 1.983819172573160206e+00
1.072937372506590048e+00 8.071970815670495014e-01 2.058797572651299923e+00
7.035568373355498561e-01 1.064110156074849378e+00 1.820082704445200150e+00
1.086488649244670146e+00 8.582366976942998882e-01 1.970415767479120284e+00
7.878348905961600757e-01 7.923229938456497479e-01 2.078395807544420215e+00
5.648683680535599994e-01 7.287536108279497604e-01 2.179188247207139995e+00
1.916009569413200664e-01 9.277498282159997167e-01 1.971506531971860099e+00
1.230607883974069949e+00 6.779487419129996972e-01 2.315254180331820066e+00
1.224135206198969872e+00 6.765746435592498997e-01 2.317278138048900260e+00
4.784561016110899789e-01 6.422486991280496049e-01 2.206060257191699847e+00
1.225966978884590164e+00 9.062135276989997656e-01 2.009868253105960179e+00
1.348055607773579911e+00 9.176718192040000943e-01 1.941170786409139870e+00
5.295275512329700174e-01 7.600564457434493271e-01 2.160021779428240141e+00
1.017876218742549854e+00 8.803831543490496792e-01 1.947650850816839974e+00
1.122602248712970097e+00 9.890869575318497198e-01 1.923781593199960005e+00
1.012474534543110094e+00 8.229947118302995968e-01 2.022304940115720040e+00
7.092290118262301046e-01 1.001158212654699842e+00 1.893281192504000066e+00
7.196336530484499505e-01 9.988287302349996288e-01 1.896454242957300140e+00
5.733652692510999849e-01 9.861544451565498193e-01 1.918826391088620076e+00
2.245724892633499392e-01 8.471458397727498202e-01 2.120064909353040150e+00
1.756001843542200902e-01 1.075536543057949768e+00 1.776597332311620203e+00
-2.455699546024999180e-01 9.876793442710996018e-01 1.909714079765439942e+00
-1.851278975164698803e-01 1.078857977053549799e+00 1.804230626420820105e+00
1.274886741487750053e+00 8.052641959992996590e-01 2.126572354062259862e+00
1.171900569306910000e+00 8.362411607379502954e-01 2.084473741363780164e+00
5.911159475839800059e-01 4.721638250611999155e-01 2.145661790200759977e+00
6.711657518771599884e-01 7.061480340901997721e-01 2.237358589457679958e+00
4.565907299067900604e-01 6.492846635023497015e-01 2.228877151741500029e+00
1.179466674173869967e+00 8.555019280143993932e-01 2.062160628363160164e+00
8.908212035296898534e-01 8.384801558690493373e-01 2.004453364253079961e+00
1.222960501752559770e+00 6.759391288847993451e-01 2.317969321047899989e+00
6.516488780784599477e-01 1.462476630744849349e+00 1.578957477762339856e+00
5.910330828799701397e-01 1.279824224956949585e+00 1.593950276134840305e+00
1.016833912314839994e+00 8.820366892909001777e-01 1.949040775276139836e+00
1.375686892765001224e-01 9.937941085183998879e-01 1.845100385367719920e+00
9.924309134219799766e-01 1.110695389075799788e+00 1.793090044367440239e+00
1.024859839090330071e+00 9.473446440900499255e-01 1.862183112569260057e+00
1.067098988727100073e+00 6.545236233697995232e-01 2.342026251311500218e+00
1.077469009709139947e+00 6.802216031370496019e-01 2.337408847395700207e+00
9.353551205029899673e-01 9.985614394149497919e-01 1.877706180577500161e+00
1.861510946276901390e-01 1.123618670869400038e+00 1.734471524907680084e+00
1.882044135408900698e-01 1.122045793367899780e+00 1.733339794424940461e+00
8.159280636923005314e-02 8.931319707049496515e-01 1.847564695209220176e+00
8.188836399324006532e-02 8.913877741162496982e-01 1.849217488749020033e+00
1.055516785383619816e+00 1.111105487496699684e+00 1.791829063909040176e+00
-2.581847036336299972e-01 8.663713054574997408e-01 1.747520998394080038e+00
-1.968960626580700535e-01 1.049535979521500018e+00 1.803513516822680351e+00
7.944821618083399706e-01 9.637863400299995220e-01 1.945511305179519868e+00
6.460440352289200661e-01 1.304990292160149945e+00 1.548993343623700003e+00
6.089865842566899445e-01 7.873745182896496608e-01 2.127904149348119667e+00
1.005238234001660125e+00 1.139580346173449943e+00 1.801215386917180084e+00
7.134766056791699285e-01 1.066242509953399420e+00 1.818563366423439964e+00
6.405714447682799850e-01 1.307845016003549965e+00 1.549649470255639816e+00
4.385869016610300930e-01 9.276550540782997345e-01 1.945844893700759970e+00
1.020236983279269927e+00 8.798555027993497646e-01 1.945213001206540060e+00
1.006880214377709803e+00 1.106272611043399579e+00 1.765281742136640020e+00
7.888739332658998293e-01 9.538026828571495308e-01 1.985242696905520354e+00
-2.573692210855299534e-01 8.673616511471990975e-01 1.745486250702739994e+00
9.473035578628898890e-01 8.382685951926993617e-01 2.002041976588159855e+00
1.182774166002810157e+00 8.631307425393996979e-01 2.067387030977319906e+00
1.352790034468090097e+00 9.207067936298498623e-01 1.942502907314320071e+00
7.093270113020400114e-01 7.932815595289497423e-01 2.099305511871099927e+00
9.577697537613998335e-01 1.136848773819199465e+00 1.750328794783919673e+00
4.393080262926999380e-01 7.879253662653495915e-01 1.982374132950380119e+00
7.525862198430899319e-01 5.382115973941998810e-01 2.294168200929799895e+00
1.053008005019919757e+00 1.114834773982900096e+00 1.822968919800340037e+00
1.228621173185510118e+00 8.645437928517498705e-01 2.062040312974979805e+00
2.040962651894999702e-01 9.981736102824498857e-01 1.840198006903100314e+00
6.227549352632499868e-01 7.261259162603996842e-01 2.187663553292360064e+00
1.843239755170700267e-01 9.928512331612493469e-01 1.899263876698240150e+00
9.842388956824499324e-01 1.075010307995899694e+00 1.788425698316399970e+00
5.765631662277499458e-01 6.062881033814497833e-01 2.245668721188880390e+00
5.657435839724000992e-01 7.004531297563501013e-01 2.250105257574979589e+00
4.663307731159400671e-01 6.328316890334999556e-01 2.208558880817379944e+00
3.736225617113699826e-01 8.340970493060995139e-01 1.989692613930320153e+00
1.345889476737801571e-01 9.947147135150995467e-01 1.847150131125000039e+00
-2.449034171333899779e-01 8.399403544829997514e-01 1.779376378043159956e+00
-1.455480829775599172e-01 7.545947312102998517e-01 1.832485324114120129e+00
-2.305493299154801057e-01 9.541304196244495550e-01 1.961961277775720269e+00
7.944764489960300935e-01 9.603363062368002190e-01 1.946690488026959986e+00
1.198957911675119892e+00 7.289544493247994694e-01 2.282116355587120005e+00
1.043985019772210032e+00 8.976224387449995845e-01 1.925264256049940004e+00
1.106722325627350179e+00 8.557878268742498129e-01 2.097496762927799629e+00
1.355162692005089875e+00 9.380469811745997255e-01 1.950951831638159994e+00
4.218903631980099878e-01 9.126612777898497342e-01 1.983886577758799952e+00
3.816326296610100810e-01 9.555061280546000013e-01 1.898145770545439870e+00
5.756897196445199816e-01 4.565686123470498181e-01 2.166463732364880101e+00
2.438852680885699176e-01 1.059338864834849847e+00 1.802173282764400142e+00
4.450644372349399358e-01 7.953229063597997417e-01 2.020721261162240268e+00
1.128446522088170090e+00 9.285211948468994336e-01 1.898892063487380266e+00
7.337618132736498655e-01 7.943993829498494641e-01 2.148960566170079911e+00
9.227200388749901006e-01 6.785375876050494526e-01 2.288898210300780001e+00
9.759591133324598822e-01 1.085460912753149820e+00 1.800648851496040148e+00
7.373214477518501564e-01 5.562951665923496769e-01 2.299449420923719956e+00
5.367279424796699283e-01 5.584522517106496053e-01 2.184325705079180224e+00
8.216775309540900185e-01 6.470812195062993766e-01 2.398703697659620104e+00
1.813757755537900862e-01 9.488445793086994762e-01 2.000241834570459787e+00
-2.049939978022098930e-01 1.121785675723899978e+00 1.774072164730580159e+00
-2.765152564169499616e-01 7.424349060081496532e-01 1.904199699683839730e+00
1.043328771466280003e+00 8.773303317952496627e-01 1.956537772145840126e+00
5.335421615016000541e-01 8.543174830189497193e-01 2.096035780302099916e+00
4.149120169056901286e-01 9.336077816944996499e-01 1.942070670990579728e+00
1.299570304056339776e+00 7.867198308220499925e-01 2.148393397809880145e+00
-2.100045740649797987e-01 7.638387399281998391e-01 1.850252315625739996e+00
-2.897524642515699189e-01 9.521631156898999748e-01 1.924796874613599940e+00
-2.928800094528299924e-01 9.552035236661495787e-01 1.931904896495600266e+00
-2.312882874896598773e-01 9.559371697810998825e-01 1.961659659901759944e+00
7.686129983453200420e-01 5.570411975139499816e-01 2.309731184397260328e+00
7.341711022564398892e-01 5.531090162578999880e-01 2.300761634360799945e+00
9.834096501618401209e-01 1.001865024464499765e+00 1.910372789378820269e+00
9.929602714864997903e-01 1.132757350512449968e+00 1.803832511671060068e+00
5.799030247194201237e-01 1.682794040938899727e+00 2.039474077804539931e+00
1.130635578248259998e+00 9.638417940308499077e-01 1.896454104636000171e+00
6.240192939328299548e-01 7.282543690756995147e-01 2.187345477582460340e+00
1.049935704935990088e+00 1.113220435372600292e+00 1.795573209618759769e+00
1.052055945381089819e+00 1.113901615051399840e+00 1.795111542394559834e+00
6.584607337527800253e-01 1.400041419036299306e+00 1.553485595670060171e+00
1.300875483367999852e+00 9.820040337185993451e-01 1.948415650768859919e+00
4.419552383789999705e-01 9.286148903055497783e-01 1.942275517331760071e+00
4.246314080606899966e-01 1.002310209067399427e+00 1.857004989126560091e+00
1.295475006497379900e+00 9.414611246791499966e-01 1.936021495734040254e+00
3.368628887628600799e-01 1.094297885543949800e+00 1.777175995087219906e+00
1.274451625166409974e+00 9.721888460440495372e-01 1.945953491219659881e+00
5.791401260994299971e-01 1.685128917656450120e+00 2.040111788652339886e+00
9.736323061002700729e-01 8.173186611775000721e-01 2.030022277033140199e+00
1.001126506546650141e+00 6.430189049823997749e-01 2.208152612242979984e+00
6.901709534922400024e-01 1.206634959321849720e+00 1.671757213581779755e+00
1.355984339078969869e+00 9.401239518370996251e-01 1.941321809175319935e+00
9.334561726051600061e-01 8.962561939768494135e-01 1.898222563771560178e+00
6.814113881111899529e-01 1.373811492793099998e+00 1.609027000719579714e+00
7.311793209939998484e-01 4.307054350416494870e-01 2.193151621765260018e+00
1.266310123444980063e+00 8.380851108001996508e-01 2.089019789305539998e+00
7.441766933589299970e-01 8.822106584901492354e-01 2.048816608083440016e+00
7.941786242344699431e-01 9.391354380360996679e-01 1.920675855332000026e+00
9.452065395749300603e-01 6.811681128881996727e-01 2.244039157992320010e+00
5.191749319815400776e-01 9.341059036103498414e-01 1.944798563205420106e+00
6.614311669040999764e-01 4.839206296528999474e-01 2.222188098115180033e+00
6.869426326064299593e-01 6.908967656281999048e-01 2.291408036634860146e+00
9.416736332999400272e-01 8.321122496700996685e-01 2.007596981212159903e+00
9.213925823501800672e-01 8.399062394575995683e-01 1.954246945092000143e+00
8.104622591039600810e-01 9.837898115246002106e-01 1.930225788764260209e+00
1.073999724707799919e+00 8.000638381882998473e-01 2.070070869955659809e+00
3.535549008587000053e-01 1.020032292750400416e+00 1.861026220623180016e+00
1.219993015799580194e+00 9.200071973282994975e-01 2.006596420937420078e+00
1.027277995183620174e+00 9.458748037175999102e-01 1.856111032508979797e+00
2.505920261597700538e-01 9.863128433477501567e-01 1.861289942332599923e+00
9.193781914505898545e-01 9.017372799332998845e-01 1.920619553922419787e+00
9.471717698638799643e-01 1.142384301496299770e+00 1.762365609592120297e+00
1.251159071226279895e+00 8.890199654129000706e-01 2.024752435100980019e+00
3.345890692336601635e-01 1.094894330115099734e+00 1.772633049336759914e+00
5.373961341323200136e-01 8.309652343201499036e-01 2.092356418292919962e+00
6.631096802298299675e-01 1.393382182121049695e+00 1.592155231932720127e+00
8.304666932206901109e-01 1.168100644716000058e+00 1.721993947337040254e+00
1.218697083497139788e+00 8.540733050273501270e-01 2.057514330776060163e+00
1.046089569739420133e+00 8.961520658012998020e-01 1.922667799286260193e+00
-2.131018275068399248e-01 7.845276664216496165e-01 1.845531701406640135e+00
1.708036719348700050e-01 1.076876568514699706e+00 1.779214729276399787e+00
7.554822102172700227e-01 5.593900778566003318e-01 2.323399013742819985e+00
1.071311157934769831e+00 8.864404070399496405e-01 1.868380528228240411e+00
1.337576749683800026e+00 7.875644251048998790e-01 2.151409711174359973e+00
3.647645458332899882e-01 9.743830708250995620e-01 1.877670889594760029e+00
6.674148470988300330e-01 5.769994628501495804e-01 2.273515728810560077e+00
1.139627936112790119e+00 9.290030644335995902e-01 1.882110324164460113e+00
-2.968637902762699676e-01 7.442942559168495009e-01 1.912634494344080061e+00
1.106481886696009997e+00 8.569078220976495963e-01 1.914011650867680103e+00
7.121073985679901019e-01 8.020264123464495576e-01 2.091203244408459838e+00
8.067284778972800829e-01 7.402006157350498050e-01 2.174661824878920235e+00
8.227562604499198962e-01 9.773231672859497010e-01 1.917456612338799937e+00
8.999452289274201267e-01 8.450297373319495264e-01 1.990440915605999894e+00
1.017910019407249900e+00 7.913444638852498159e-01 2.120339724363379919e+00
4.541726914383600322e-01 1.322198276065949418e+00 1.590938741316599625e+00
1.005283903084120078e+00 6.442489477855000146e-01 2.199787136871739879e+00
1.077898580138609841e+00 6.845746521495996717e-01 2.334350021744519665e+00
9.187088807123899858e-01 8.982255828016998400e-01 1.926766442058120088e+00
7.012094141131101077e-01 8.126681738884000694e-01 2.075095652767020127e+00
7.584903477774400660e-01 7.286732329132994401e-01 2.219205121853719653e+00
1.153706156536959959e+00 6.710212764317495804e-01 2.321886517257579996e+00
7.048638542322899214e-01 1.014150102232349582e+00 1.831544198219060116e+00
9.403019848366200861e-01 1.050770318017649529e+00 1.864574590025680045e+00
5.439080313880600981e-01 9.602036681167995802e-01 1.910808761016740132e+00
6.917912206662600871e-01 8.140232279176000674e-01 2.089743484035739840e+00
7.489297288435998734e-01 4.681933616701998702e-01 2.235670386052479586e+00
3.457973252241901552e-01 1.020861103435749762e+00 1.838997552882879916e+00
4.368707634239099580e-01 9.278436019249500788e-01 1.941356982557720157e+00
4.417288689708599447e-01 7.888171379978499154e-01 1.984220739327580141e+00
5.803765838302099578e-01 4.732575792549500449e-01 2.154727884318360154e+00
1.085432461836399964e+00 8.898967381184497150e-01 1.947872953767519899e+00
8.238097427154802421e-01 6.464863548068997545e-01 2.395038866735319960e+00
8.305634726272099755e-01 6.504628968390000487e-01 2.372123667796219859e+00
1.140164244200539967e+00 9.282629238515496262e-01 1.884131262668979900e+00
1.197822323179449810e+00 8.264714150580494412e-01 2.106915007644720284e+00
2.830323586513200373e-01 8.833940815966001558e-01 2.046170271848040123e+00
3.062260060491700520e-01 8.696184077186996930e-01 2.086140814549480194e+00
1.417722991619000394e-01 9.956286758445997975e-01 1.843133199989380078e+00
1.144927827964240086e+00 9.219973978068995990e-01 1.859943493671640136e+00
1.264234448512249864e+00 8.121299198242000195e-01 2.113177303850600097e+00
6.234717100714000093e-01 4.960968290051495089e-01 2.188414598764940155e+00
6.874458113044700225e-01 7.519499330755494704e-01 2.166617937993600140e+00
1.177690450188199955e+00 8.567746725225995341e-01 2.062734875658600142e+00
1.055862632731960016e+00 8.690714006006996506e-01 1.976971279884640165e+00
1.018789889280220295e+00 8.767127989348999506e-01 1.947490864715499814e+00
7.044445992119299227e-01 1.060625290564449763e+00 1.814612222774259820e+00
7.658901452044200031e-01 5.596438816719992992e-01 2.311452469862380177e+00
8.312968605206298989e-01 9.754572376637997699e-01 1.950174303575420209e+00
5.148346139767199237e-01 9.006695970613498581e-01 2.001461283343600073e+00
5.726497294771900615e-01 5.923079489536999809e-01 2.304073070946920154e+00
6.332762811623598997e-01 9.507528385065495691e-01 2.020592653130219851e+00
1.265241597310639898e+00 7.278349022771997134e-01 2.268894656797600273e+00
5.035502623776398901e-01 5.255959314557494544e-01 2.142354036943380002e+00
6.565625631126301709e-01 4.954934179772498837e-01 2.200135351940240014e+00
5.495117591384300892e-01 9.738719379382998476e-01 1.898984821215820240e+00
6.795784154731600024e-01 8.129850316494997564e-01 2.090045764480440216e+00
-1.854525512141199928e-01 1.018550828924949858e+00 1.788969148724419700e+00
-3.499560475285097283e-01 9.389762604881997099e-01 1.913011299993039982e+00
1.343413540169300369e-01 8.603373773166498317e-01 2.057354555189959910e+00
5.940311379259601843e-01 4.631964659719001176e-01 2.141640118939100113e+00
-2.191199663839298872e-01 9.881647537605000586e-01 1.887734207120060237e+00
1.355392823344240050e+00 9.562706168019499131e-01 1.952827789564600014e+00
1.253342838134849924e+00 8.112020831335993165e-01 2.135099998749640182e+00
9.242001414482301502e-01 1.002041208079799794e+00 1.895377132408240239e+00
-2.978627977497199097e-01 1.038206020664199869e+00 1.804993559372640277e+00
-3.635554960727100382e-01 7.248871207492992852e-01 1.756661107856980042e+00
1.230056257058679936e+00 6.025397927460498515e-01 2.271487722489439864e+00
-3.392127548018399330e-01 9.340707582495499928e-01 1.902678794369339954e+00
5.709226043782200666e-01 7.995619984092496857e-01 2.108672218590859959e+00
1.222486053772510184e+00 9.192388815194494356e-01 2.004446488656039804e+00
