-1.665251263916410096e+00 7.211897005738900912e-01 2.461226397660409404e+00
-1.386990175547670123e+00 8.472785719407999183e-02 2.188965854798269550e+00
-1.305860901295600174e-01 9.942332424603998742e-02 2.101195969780759842e+00
-2.419679388599801362e-01 1.377071267472699811e-01 2.145194237079379729e+00
-8.530145262417500041e-01 8.615710094924999840e-01 2.141896787588749795e+00
-6.575426201658000069e-01 -5.499906042420002472e-02 2.456079470628199868e+00
4.517941552269000294e-02 4.537108546775400764e-01 2.218400382119510184e+00
8.439128226640301156e-01 -2.497206871824700358e-01 2.531078323289569720e+00
-1.499426426412469926e+00 -5.167974961381699428e-01 2.667008395397269638e+00
-1.507230736199890009e+00 -4.098429310950900128e-01 2.696176479336290122e+00
-1.506981654161100304e-01 -2.887552045948600377e-01 2.483558384875909741e+00
5.114938135152299337e-01 -2.382982232390200017e-01 2.429655076339369391e+00
-8.413274973121009914e-02 -9.599591495496005711e-02 2.504558247103009894e+00
4.543143954981897492e-01 -2.842709365842100433e-01 2.447359208275009745e+00
-1.888930959582610036e+00 5.105198722578400128e-01 2.924544463331209876e+00
-1.332899883979610234e+00 4.680024121214400035e-01 1.878701318938609921e+00
2.549500995953298821e-01 -2.804462634371200358e-01 2.581445202102469860e+00
-9.818508109734600531e-01 4.619718084520900159e-01 1.927116710584459991e+00
-1.102647119731140046e+00 -2.622486007864002766e-02 2.168940316372339971e+00
3.489806339504101240e-01 7.853923748087601187e-01 2.222358105184189636e+00
-4.913876298106500395e-01 -7.692485024710500330e-01 2.354540452659049876e+00
3.019758958898500767e-01 8.013301076544500079e-01 2.285146920910549717e+00
-1.860871301015200041e-01 -3.829679091369997401e-03 2.338267957115720108e+00
-6.731865818671001200e-02 -9.512305543690997844e-02 2.512244339100709656e+00
-6.731865818671001200e-02 -9.512305543690997844e-02 2.512244339100709656e+00
4.862118769474700342e-01 -3.072459876271800283e-01 2.419249920902330153e+00
4.615031351341299937e-01 -3.641152071707699500e-01 2.428277062997869606e+00
-9.474973850133401321e-01 -5.814031078268400154e-01 2.422568174102539551e+00
-9.474973850133401321e-01 -5.814031078268400154e-01 2.422568174102539551e+00
4.439116376491499816e-01 -2.418216449503500232e-01 2.610698061682849680e+00
7.958250896683299880e-01 8.142940657285799855e-01 2.393669414528269535e+00
-1.505210056823329978e+00 -3.999275248775300273e-01 2.731982267006929810e+00
2.330546866648997018e-02 7.015016907172899607e-01 2.415573110075509788e+00
2.330546866648997018e-02 7.015016907172899607e-01 2.415573110075509788e+00
-1.139987636018999995e+00 7.699121229229500818e-01 2.123075284950799446e+00
-7.856771441492800268e-01 5.646971866481999280e-02 2.246895346668080329e+00
-1.100528808642210032e+00 3.253038184808997729e-02 2.204933919722209978e+00
-1.398692728133190011e+00 -1.471706111268400452e-01 2.626608447331789886e+00
-1.010363803555780038e+00 -3.601072547588300421e-01 2.405871795381979705e+00
-8.638554933229101174e-01 -6.000747546383599085e-01 2.462166290035909366e+00
-6.544101785000011606e-02 -6.275655476300004421e-03 2.253362095464799708e+00
5.252269901694200938e-01 -1.783483927448002715e-02 2.233819716441379555e+00
4.448986281896100126e-01 -1.008015733948400133e-01 2.525354900005789993e+00
2.562077262952898726e-01 -3.321292805241599644e-01 2.566046192169709972e+00
-1.266338739324099905e-01 4.572078919538999364e-02 2.173695032394409754e+00
-5.110999772432101018e-01 -7.241451186125099637e-01 2.540236483148810009e+00
4.495101687497901066e-01 -1.728676727544100067e-01 2.526001640984209651e+00
3.576530216942498397e-01 -4.364062914180000807e-01 2.523482189618749594e+00
3.094356911944199373e-01 8.019032308074700577e-01 2.283941949224179702e+00
-8.902472706294400906e-01 8.278860085345600694e-01 2.177771725240639444e+00
-1.210601518540070032e+00 7.858158831854800130e-01 2.181808117325869656e+00
-9.762732545890699942e-01 -3.607823459276200406e-01 2.399421879342469754e+00
5.626482406215299603e-01 6.798794949929978793e-03 2.166058731115669822e+00
-1.399379928135410012e+00 -1.482404974414100463e-01 2.624502900566209274e+00
-1.158063464348670024e+00 -5.921992132640200301e-01 2.365403163242870033e+00
-1.158063464348670024e+00 -5.921992132640200301e-01 2.365403163242870033e+00
-4.917693942701100718e-01 -8.557257360227100706e-01 2.441796754958510007e+00
5.263274491605299810e-01 -1.599214846047004868e-02 2.236665320899069442e+00
-4.807224634292300847e-01 -1.080959959038001184e-02 2.382886007561029640e+00
-4.807224634292300847e-01 -1.080959959038001184e-02 2.382886007561029640e+00
-4.240385106216401079e-01 -7.893416230909003350e-02 2.498350638799039736e+00
3.070441113009999556e-01 -1.927108426700999688e-01 2.606287613774600054e+00
3.965061504179300256e-01 -2.309529428590200717e-01 2.598643351757869535e+00
-8.921248677744599842e-01 8.263804297404900856e-01 2.173082869127059613e+00
-2.120508671986002236e-01 7.689251366483500494e-01 2.353192489750399741e+00
-3.316549804088000930e-01 7.305517850463000284e-01 2.484030778221200109e+00
-1.013793505245380144e+00 -3.586028643689800344e-01 2.407347172521379530e+00
3.380843178402004323e-02 2.043465406122699779e-01 1.856190886743379842e+00
3.619129844274496799e-01 7.884109100293000827e-01 2.222219763621949618e+00
-1.162156965791059982e+00 -2.199117400511001880e-02 2.166684971291659600e+00
8.348074907440997672e-01 -4.398314349570000004e-01 2.472552355863499862e+00
-6.160465893321700470e-01 9.673181305962999521e-02 2.162220985966969877e+00
1.363899949686399049e-01 1.983667794025899545e-01 1.844585068607959899e+00
-2.427696055262007491e-02 5.783800544761800166e-01 2.623596710993419290e+00
-1.158449634021680108e+00 -5.966567166346300466e-01 2.361855685396279547e+00
-1.814459359851960052e+00 1.179922495402399851e-01 3.165142897377559272e+00
-1.814459359851960052e+00 1.179922495402399851e-01 3.165142897377559272e+00
-4.299226865264500486e-01 -8.586724280925001063e-02 2.482317932269249905e+00
-6.416721814336300289e-01 -5.061590122743001019e-02 2.547258999774829391e+00
4.455575949837801142e-01 -1.052496958618699824e-01 2.532179617483219403e+00
4.455575949837801142e-01 -1.052496958618699824e-01 2.532179617483219403e+00
-8.514089352578200209e-01 7.868688521414300974e-01 2.146343194280419642e+00
-8.519609610468200644e-01 -3.521705946950700605e-01 2.376521434199419414e+00
2.869724799124995229e-02 4.387757948376999617e-01 2.171994017476549743e+00
-8.650940927304501260e-01 -6.028866258282999935e-01 2.420844693057049746e+00
2.353148217227996053e-02 2.671977795702999703e-02 2.188031505372320051e+00
4.945927712545400423e-01 -1.093958782177599925e-01 2.462396161121059635e+00
-1.585942851694519984e+00 4.315423052227998491e-02 2.284232853939319519e+00
-5.273827410067000176e-01 -6.267160778942000299e-01 2.591594459092699587e+00
2.368880782138499397e-01 -2.041896581417000367e-01 2.644573042965949750e+00
-2.338893874397300898e-01 8.532070416266998580e-02 2.175369175129729271e+00
-3.779232257032300590e-01 -1.125355249758001885e-02 2.371795864854229663e+00
-4.872994884639500479e-01 -1.096421291059999914e-02 2.374803507375349731e+00
-7.088380936325100468e-01 -3.587843849316001144e-02 2.434570049652709844e+00
4.865617545418799983e-01 -1.145861211556700038e-01 2.455328114137519613e+00
-1.207362615927200178e+00 6.512652592845000199e-02 2.226171263649799670e+00
-1.401742183010230125e+00 -1.556567472527300433e-01 2.614453514660630251e+00
2.391246531849197110e-01 -2.788013179327299973e-01 2.593469436778879533e+00
-3.790016669193100318e-01 -8.989938506660022366e-03 2.350662439800709880e+00
4.347952317566999847e-01 -1.120556778650000224e-01 2.534310475944500318e+00
2.501097546470899546e-01 -3.379996415424099676e-01 2.574856268733709541e+00
-8.532600475205001089e-01 -3.480163822538001051e-01 2.381462152919299413e+00
3.865455165146299832e-01 -4.123730009525700679e-01 2.541069069900169453e+00
-6.936718640371299927e-01 7.916443285151998632e-02 2.206161212572129937e+00
-9.308892337145002749e-02 -1.094292180775001400e-02 2.245008039124249954e+00
1.193096645614699636e-01 6.763777905600201201e-01 2.428522038733129662e+00
-1.423343992290440063e+00 6.668533592284100475e-01 2.272610297173039751e+00
2.578014607609990794e-02 -6.946285213214999088e-02 2.387351968898899557e+00
-8.665439376965000662e-01 -5.960225797512999080e-01 2.442287347673299802e+00
7.393805465169497326e-01 -5.172755281820499151e-01 2.460785899521049647e+00
-9.597860791963900295e-01 4.472747031342599877e-01 1.951914818260189977e+00
-1.801845053961609988e+00 2.963881526007899891e-01 3.231612827746009664e+00
2.710273563319199885e-01 -3.491600885803300414e-01 2.630085291341479614e+00
3.953266089770900438e-01 -2.260316763280100782e-01 2.588268510517309995e+00
4.886762125334997986e-02 8.960564465632001596e-01 2.085405151632049758e+00
-1.457474167065800019e+00 -7.404357581393999910e-01 2.769969178555399481e+00
-5.083535511424800424e-01 -5.788008704579988839e-03 2.373476705516479601e+00
-1.474905342520730134e+00 -6.954828962917799506e-01 2.631140457272930000e+00
-1.207787500303969974e+00 -7.026897668801999897e-02 2.291590257415370147e+00
2.988243516703997793e-01 -1.704923427950001680e-02 2.300807843929999486e+00
-9.717001517998400395e-01 -6.407755091959399518e-01 2.585628027538639628e+00
-1.894610963247389979e+00 5.139927346322600288e-01 2.963484833203189339e+00
-1.355637468198199747e-01 -1.942056325747699708e-01 2.664979075257619900e+00
2.547726315396098284e-01 -3.368230982791400319e-01 2.577527137806589597e+00
-1.517504690353000951e-01 -2.898400494308999709e-01 2.478896008496899839e+00
6.121240616999000794e-01 -1.082092974452500272e-01 2.465813069895499865e+00
-1.747553320065919902e+00 2.563550421594300022e-01 3.097054205844920194e+00
-1.800542469247679911e+00 3.085953175826700035e-01 3.223467513827479980e+00
2.401843917791200989e-01 -2.860624195617300081e-01 2.595436211347879940e+00
2.526367341780498821e-01 -2.815000893138000504e-01 2.582620968136549511e+00
-1.796029700569719889e+00 3.318102761694299851e-01 3.248336895483920017e+00
-3.678290243528004044e-02 6.239486552933199981e-01 2.672504013324079608e+00
-3.678290243528004044e-02 6.239486552933199981e-01 2.672504013324079608e+00
-4.837445065592016480e-02 6.194746254717800049e-01 2.670117058992319325e+00
-1.009003364479670095e+00 -1.294297702302200093e-01 2.462305890217069582e+00
-7.527229537461010977e-02 -1.150257072921000157e-02 2.263246196491009776e+00
-1.502895458135290019e+00 -5.018232925347899664e-01 2.658344540662489930e+00
-1.908830337293000445e-01 4.936070325404998127e-02 2.219745863206699976e+00
-1.975142715297899532e-01 4.810624786420999999e-02 2.210175905354989645e+00
-5.023569351404000294e-01 -5.983391873674499539e-01 2.430930827052200094e+00
-1.562189204641049933e+00 6.235477951166500388e-01 2.576712760561849613e+00
-1.502920215350610267e+00 -5.120546501508099757e-01 2.726559913900610255e+00
-1.563031923351289709e+00 6.405211134747100798e-01 2.633203450084489639e+00
7.672932629787998504e-02 4.351087860903300464e-01 2.256921993109519242e+00
-1.564925421688920126e+00 6.117509901458800803e-01 2.545110487829719936e+00
-1.163420103935880023e+00 7.405933823660700854e-01 2.049053161674080137e+00
1.066175925199399632e-01 7.530726510530899587e-01 2.264346110809459578e+00
-1.364800184005229955e+00 -5.861011153368800297e-01 2.345542146839029840e+00
-2.974254368264017678e-02 3.667507895699599341e-01 2.188570187336239314e+00
-2.357156349779701010e-01 9.112462368092999476e-02 2.172577055961169457e+00
-1.222727684171259988e+00 -5.304455725674100952e-01 2.383791464095459833e+00
-1.385674093858940026e+00 -5.221237837458400088e-01 2.427607977902539904e+00
-9.252141944218300607e-01 -5.357023990806299985e-01 2.496111077663029310e+00
-1.484316948717680162e+00 -6.658422123751300825e-01 2.603949997378280035e+00
1.243780023414298164e-01 6.716085131220801419e-01 2.302868077956769621e+00
-7.817853892092008206e-02 2.158568766879300216e-01 1.951242983481919824e+00
-1.721700154822600748e-01 -9.096633511801004157e-02 2.506542456344059921e+00
-1.328198805607349930e+00 4.725771663962000102e-01 1.884822369559550070e+00
4.574984790146398028e-01 -3.554769146605600838e-01 2.423158520585359632e+00
4.908288816669398313e-01 -1.921955028127600440e-01 2.439996712199060003e+00
4.487671766585000777e-01 -4.167787784440001031e-02 2.386459021925899648e+00
4.091796396241998979e-01 -3.695474772886000459e-01 2.498699438540599616e+00
-2.035897858443014297e-02 6.227206426803699735e-01 2.685118756808029694e+00
-1.541736822345969982e+00 5.926930248503801124e-01 2.453524773442969487e+00
-6.928343469181200698e-01 1.913365479922998769e-02 2.315660967905119882e+00
4.532513283302800344e-01 -3.545330454460700054e-01 2.421933935169919394e+00
-1.589993882923430135e+00 -3.944406847829300400e-01 2.991557525337829926e+00
-1.090009093598490075e+00 -3.175058608189001985e-02 2.200982578790089406e+00
-1.395784948366010081e+00 8.561033956738998973e-02 2.179594652274409849e+00
-1.395784948366010081e+00 8.561033956738998973e-02 2.179594652274409849e+00
-3.912031282590101022e-01 -1.230137387861002241e-02 2.367892465563409932e+00
-1.511958851340200027e+00 -2.305979215887500322e-01 2.706324115214000070e+00
-8.367529215361400041e-01 -5.690041194684002102e-02 2.447779339148539623e+00
-9.777268966478900314e-01 -3.626405601325400352e-01 2.396247424294489559e+00
-1.508067902567580276e+00 -3.929706342402800590e-01 2.711634423599179833e+00
2.421758512533989105e-02 8.515679887465901210e-01 2.132119802380459728e+00
-4.812865471500100689e-01 -5.788281086829600852e-01 2.602793252581010019e+00
-1.517909621308970003e+00 -2.285589873705700659e-01 2.841986299218169254e+00
-1.416492305125909956e+00 7.068990544269900811e-01 2.375384196508310009e+00
-1.783897504833729997e+00 2.252076604672200166e-01 3.100095343961929650e+00
-5.074572746062999684e-02 -1.770997469661300117e-01 2.580039306587029291e+00
-7.613353410197900573e-01 2.561690801480099866e-01 2.162365601908190271e+00
-1.069205735806370017e+00 5.014539964477799927e-01 1.819090935230570194e+00
-9.961487060592401077e-01 4.553419672229599424e-01 1.887467385551240051e+00
-1.065627904578309915e+00 5.071010147569400273e-01 1.849637802582109858e+00
-3.950941487124900453e-01 -1.974905879316899981e-01 2.463772755168889717e+00
-1.529076408386200292e+00 4.370417363735499827e-01 3.100601751309199905e+00
-1.530193222612179937e+00 4.055372342285699094e-01 3.017378507173579916e+00
-1.265041334117680050e+00 4.449631846397200108e-01 1.814550990609679948e+00
2.042286271266990916e-02 -3.458499779329300972e-01 2.590726234481329548e+00
-2.762768353433701085e-01 5.061171599099300034e-01 2.807488129320169445e+00
-1.201240293296399919e+00 -8.435660743634999792e-02 2.275807631084599603e+00
-1.520059430124029998e+00 -2.463755134521299905e-01 2.825419908656029655e+00
-1.520488594876740152e+00 -2.433909967405399888e-01 2.846131467588739916e+00
-1.614106498822700075e+00 -6.043553329463000612e-01 2.919814933508300125e+00
-1.332360897785560105e+00 4.691382940760900344e-01 1.875057225488960144e+00
-1.565092020470999934e+00 3.020912636713500299e-01 3.080208655900399606e+00
8.062280224710005605e-02 4.312434488837499913e-01 2.015671550907499832e+00
-1.665955148074339975e+00 7.133248191748600142e-01 2.442204361798339995e+00
-1.588003228827900237e+00 -3.978847211923000060e-01 2.972731956326299940e+00
-1.377653566634720050e+00 8.859318232182998576e-02 2.212127355658520145e+00
-1.316371715149919908e+00 1.411848185746300000e-01 1.607276014349720006e+00
-9.439367524512998209e-02 -4.023791070388800795e-01 2.665496354442530080e+00
-1.052908179195100047e-01 -3.945150218932600983e-01 2.637653001775309924e+00
-1.975871856058200038e-01 -3.545857173228200154e-01 2.473348651511419583e+00
-3.047852027065200975e-01 -4.291533167948700656e-01 2.366810944862719701e+00
-1.598111141629309895e+00 -1.399611167201600392e-01 3.129688916424709699e+00
5.684726281530799730e-01 -5.170122844534199569e-01 2.477522238118520015e+00
-1.522791205507159962e+00 4.222345994825399962e-01 3.065453981782759740e+00
-1.209379423813019994e+00 -2.042190693132002466e-02 2.301145107065419637e+00
-1.781083657834059863e+00 2.338924556828899659e-01 3.094078274234659975e+00
-1.715143748620790110e+00 2.665205889727099708e-01 3.085722531851989636e+00
-4.395918061578100167e-01 -4.536321542169600707e-01 2.312090312260009828e+00
-1.886096735110729838e+00 5.039543129908700125e-01 2.894578736469529900e+00
-1.587166558862269872e+00 -6.219216951072199517e-01 2.931214445302070093e+00
-1.444003687953860027e+00 -7.419392478895600052e-01 2.343053370939859992e+00
4.549091414895601870e-01 -4.351860756375899864e-01 2.285996193769039841e+00
-6.521628700562099867e-01 8.043811471773999744e-02 2.243578822346809609e+00
-1.878207173139200270e-01 -2.022921311525699983e-01 2.570599855956919644e+00
-1.452242903076489622e+00 4.993245149821599616e-01 2.848554223968290167e+00
3.931733489487799771e-01 -4.294817204153200119e-01 2.494125045440419797e+00
-1.548045444434809959e+00 1.300473622343399915e-01 3.020299761002210204e+00
-1.642186705528200008e+00 5.950102676560001247e-02 3.282763310599399631e+00
-1.519404691929689744e+00 -2.018481142791900274e-01 2.794911123072889580e+00
-1.505493705483380129e+00 -1.276732936614299874e-01 2.589423516385579660e+00
-1.210100048170970055e+00 -7.259231516356999536e-02 2.274416115204169753e+00
-1.637878541977709990e+00 2.693737352583400191e-01 3.102468864936709370e+00
-3.402059341994499997e-01 1.495718785039999998e-01 2.116233238915250059e+00
-1.824823577539799846e+00 1.237487368795999881e-01 3.304095228745400181e+00
-1.108144853354489978e+00 -1.121429128795400215e-01 2.244874292671489524e+00
-8.723436520696800089e-01 -3.608224666011300430e-01 2.394791443330279712e+00
3.867412627741998454e-01 -3.950477869608500781e-01 2.553693420569599581e+00
-2.099427627988600387e-01 7.734807229965399156e-01 2.356764663909259649e+00
-2.609879520421700683e-01 5.108360343518800750e-01 2.830528266553969718e+00
3.231566848630799127e-01 6.217466142970800025e-01 2.565754297546519958e+00
-1.518369802159609927e+00 -7.683546192406001674e-02 3.086052814288609891e+00
-1.169269408369599805e-01 -2.335077719352099956e-01 2.504253509308759451e+00
2.408154786968900174e-01 1.419987205220399895e-01 2.050072112186509976e+00
1.243167115775999365e-01 6.434949034174000104e-01 2.376334863653599694e+00
-1.511676134256789927e+00 -2.431520685375400115e-01 2.790404227898990008e+00
6.075872912437098039e-01 -5.271070123280399145e-01 2.520203027758489700e+00
-1.507491041735909754e+00 -5.108941327348099914e-01 2.654965713615109912e+00
-1.423758360727820360e+00 -1.955129871196700231e-01 3.862003383378019628e+00
-1.613759077522239682e+00 -5.315873479213899522e-01 3.192209049524839859e+00
-1.531774025092430103e+00 -7.581510022247299752e-01 3.186890205911629970e+00
-1.439605337694070064e+00 -6.472853614676700174e-01 2.359736177375269861e+00
-1.589193833012089829e+00 -7.223171376031900515e-01 3.253633838100889353e+00
-1.639303121529230189e+00 -6.036101982325300375e-01 2.945249750656429466e+00
-8.800715587445400168e-01 4.077977369443600009e-01 1.995543398323340156e+00
-1.433497578497000102e+00 -8.216986302168000078e-01 2.372769879225800072e+00
-1.628326838382649910e+00 -3.632572164512999913e-01 3.148557585378049861e+00
-1.060274707347200085e+00 6.677451544226000735e-01 2.456234811946399699e+00
-1.598860390773169993e+00 -6.513453567910201247e-01 3.221291984869369518e+00
-1.537041347706619820e+00 3.820628807708000008e-02 2.943690974007019623e+00
-1.159425284049310001e+00 -5.986517163368100247e-01 3.704191713438109712e+00
-1.402338732107020203e+00 7.196161140875301232e-01 2.434879169134819943e+00
-1.557578676096900150e+00 6.100914070251001187e-01 2.625967033388899363e+00
-9.858920444557000007e-01 3.188631819027999970e-01 1.789849782829699976e+00
-9.940547373506800621e-01 3.095998614357699519e-01 1.797247794154880118e+00
-1.011479425345530148e+00 2.844688359177700021e-01 1.823242324063129916e+00
-1.596552769435359842e+00 -3.465091712769100551e-01 2.975589857981959963e+00
-1.414251179728610364e+00 -6.852041264210601001e-01 3.035415462553609611e+00
-1.613320658790460271e+00 -3.884198474540100365e-01 3.260338260845059732e+00
-1.088985795931729950e+00 -6.105192409475800330e-01 3.579727818592729260e+00
-1.125078261488400067e+00 6.702053129147500510e-01 2.202723859504999826e+00
-1.370939586777339958e+00 -6.489844338505901256e-01 2.944488929255539844e+00
-1.553225192491150208e+00 -3.755751002322000875e-01 2.943547761072949687e+00
-1.537483504609249874e+00 -6.770037320920999635e-01 3.050256991843849796e+00
-9.364405370525400452e-01 -5.809022223702400289e-01 3.458966789452939672e+00
-1.392888614874050024e+00 -8.221297077897500305e-01 2.904545876413249239e+00
-1.531495622230980125e+00 -7.666061246906800131e-01 3.184483617850580206e+00
-6.692217907926301113e-01 -4.080338080455801486e-01 3.218315895669229043e+00
7.036059628152399048e-01 -1.014760047896859918e+00 3.696515010397159795e+00
-4.145223202566800658e-01 -4.583715519105800440e-01 3.229250847647479716e+00
3.931031630002990163e-02 -5.220688927758201370e-01 3.407428203564169866e+00
-1.214342817702850130e+00 -7.745032701201000069e-01 3.264521170831849783e+00
-1.651392328001110243e+00 1.826584623240399829e-01 3.349512433892509300e+00
-1.528761079794730193e+00 -7.618996937220299248e-01 3.184531180565929542e+00
-1.358981445662730048e+00 -8.189336165919800514e-01 2.930028663094129904e+00
-7.350518144461000158e-01 -4.692340572052499659e-01 3.310176513105500096e+00
-1.338822141036610347e+00 -7.840760522908600816e-01 3.281950538670409312e+00
-1.818686080174020114e+00 4.973697249302998918e-02 3.117490111843819633e+00
-4.662871161707101142e-01 -3.958478014265101597e-01 3.070602617350309593e+00
-1.727640009000639854e+00 1.091413541341599708e-01 3.275426626231039862e+00
-1.357569160978870038e+00 -7.416590347816200968e-01 3.105282315531469717e+00
-1.233373225315119948e+00 -6.878008972592200010e-01 3.073672239252319915e+00
-1.206593579282829953e+00 -5.276661728146798680e-01 3.416227458147829577e+00
-1.031238106726240167e+00 -6.967885447795398868e-01 2.773448162348239876e+00
-8.229623753308201728e-01 -5.495229267134199569e-01 3.422557127526019372e+00
-7.331400479696701389e-01 -4.232090164138200827e-01 3.175685566228669821e+00
-1.309014297118350045e+00 -7.800061878459999543e-01 3.260232677753749808e+00
-1.396438369304609850e+00 -8.031858807826099955e-01 2.884863771543409783e+00
-1.548064877946289997e+00 -6.624950369683899609e-01 3.036482006327089866e+00
-3.131185359156600789e-01 -5.300820400943599964e-01 3.278512108865659247e+00
-8.059192380257900190e-01 -5.428545121126900908e-01 3.393943732559389748e+00
-7.646994003568399201e-01 -5.721880075689901313e-01 3.466250366043439612e+00
-2.424014613224700909e-01 -5.602492775091698629e-01 3.341383233839269717e+00
-3.807838239184000440e-01 -5.699956593256499948e-01 3.517900692949399666e+00
5.113865437019097238e-01 -4.119915256379900192e-01 3.198168672839690085e+00
-4.475059159935499964e-01 -4.107426157226500840e-01 3.116684500643149835e+00
-7.233728329430599846e-01 -5.311014279038599462e-01 3.369241133084659889e+00
-6.135653003029200026e-01 -4.041943455016199782e-01 3.160278635309719419e+00
-7.200825904865399973e-01 -5.341677318385400497e-01 3.370238887173739872e+00
-5.391641173353001193e-01 -4.856287712916000365e-01 3.347491103602099116e+00
-5.663707912970101788e-01 -5.668592191725100315e-01 3.463099764785809942e+00
5.360699173071900026e-01 -4.279245951267100501e-01 3.253187988292010058e+00
-2.293874964522801818e-01 -6.024548376329799115e-01 3.631152642151879384e+00
2.822609775439600677e-01 -6.063564073223899342e-01 3.680437868117839351e+00
2.904396691438199118e-01 2.155427920236997752e-02 3.839317596368779562e+00
7.921272574531298405e-01 -2.629007182057199743e-01 2.888482470883069642e+00
-3.656210809041500753e-01 -3.939825131170500705e-01 2.849936476954550102e+00
-3.749852382255200456e-01 -3.727021616362700129e-01 2.866313015276119813e+00
-4.364996512990800270e-01 -2.701439622913800465e-01 2.934754609240279866e+00
-3.362657629521200731e-01 -5.260658023363700142e-01 2.787386902844720016e+00
1.046767336230799428e-01 -4.298904214798700552e-01 3.182807098586719619e+00
1.117618699194699028e-01 -4.541050838604801521e-01 3.015910008781129470e+00
-3.506302059974400476e-01 -5.186161893423399949e-01 3.262453638853040072e+00
-7.231984565177007607e-02 -3.849119576485199867e-01 3.073176828088369561e+00
-6.353732594890137975e-03 -3.629360165233400659e-01 3.056582400522289245e+00
-5.614931597185199852e-01 -5.497185399736699285e-01 3.407084081959519839e+00
-2.897708101571900841e-01 -3.579214412638400122e-01 2.865289860775789954e+00
-1.219185944913200315e-01 -4.948753389219199827e-01 3.342489883474519807e+00
-4.377741623357501166e-01 -4.787386517779000372e-01 3.240192352961149602e+00
1.064492597250499273e-01 -4.513397670492501068e-01 3.227359428335749403e+00
-5.032405569352016439e-02 -4.024679105110200439e-01 3.068678460425119159e+00
5.672231128479098272e-01 -8.997265687544397927e-01 3.544436795847889954e+00
6.402307083332300364e-01 -9.714588776413199955e-01 3.662880888072169050e+00
3.532166986036598955e-01 -5.693372902871399743e-01 3.771114861808339214e+00
4.949029532660699227e-01 -5.139438745961300015e-01 3.575926487565530110e+00
3.185394194431400150e-01 -5.266892261186599811e-01 3.799875823246460005e+00
1.730465439820699780e-01 -4.091954722764301056e-01 3.137098276616329340e+00
3.439849564049398678e-01 -3.223219874301100352e-01 2.928356964515659744e+00
8.190153258475801890e-01 -4.402406099175200649e-01 2.831180858265619715e+00
5.068633576059998758e-01 -6.572940034033999401e-01 2.801281711012399533e+00
-4.977275846483009136e-02 -3.785548014980800180e-01 3.061845376284229481e+00
2.284246519650198204e-01 -4.511964738865300029e-01 3.143552141963180002e+00
-5.863763411844700180e-01 -6.231677450803699836e-01 3.596350174560469792e+00
1.505985152661992732e-02 -4.821219974427300436e-01 3.335007634986379976e+00
7.650209546206200306e-01 -7.536952529609800555e-01 3.790429177863379628e+00
-9.365410150377100340e-01 -5.765789653437599638e-01 3.473577509548309905e+00
-1.046491503771259879e+00 -5.333678719682599656e-01 3.212532115232060281e+00
-1.105513705120630075e+00 -5.715654736610800146e-01 3.263147069175230008e+00
4.855540505123997486e-01 -3.805498660293500923e-01 3.089708581364599471e+00
-6.888825396885300822e-01 -3.341382155551800293e-01 3.024397724066330007e+00
-9.612704573007099240e-01 -5.560379437215599019e-01 3.453897020544109964e+00
-1.496337642177940186e+00 -4.905797612618900128e-01 3.494246072965339511e+00
4.801349496133701100e-01 -2.091083452574800106e-01 2.815012203167629679e+00
4.817123278443299350e-01 -2.216479708374200497e-01 2.835550219160269503e+00
-1.437363510632000407e-01 -4.132126096967999596e-01 3.123786906000800112e+00
-1.197475284640169946e+00 -5.382420495072699484e-01 3.403521452023369864e+00
-1.025932614688400024e+00 -5.466999901756000035e-01 3.230993722499599929e+00
-9.005309043570699501e-01 -4.334075907156201279e-01 3.215266448214469719e+00
-3.783362431753100052e-01 -3.812213613226100306e-01 3.012038825092909544e+00
-8.517974442161201365e-01 -4.579237215460200683e-01 3.236105578874119537e+00
-5.010852016616000881e-01 -5.823945341967000644e-01 4.117683421545199174e+00
5.263971284680800666e-01 -3.402840213163700889e-01 3.078134740055719742e+00
-6.235690831771101283e-01 -6.432834745254099040e-01 3.564877088634709867e+00
5.736196030681998126e-01 -4.988136421834000189e-01 2.638576042045400083e+00
7.361673180621298718e-01 -4.937298413348700232e-01 2.628431952093469803e+00
6.418961991893600283e-01 -4.943832454310899682e-01 2.633433446464040095e+00
8.749266815507400485e-01 -2.656725552726601491e-01 2.947480229212459335e+00
6.383644376493002870e-02 -4.072850511242200322e-01 3.140890464706069807e+00
8.276557814559498683e-01 -5.274043816442000043e-01 2.594505038837449984e+00
1.217666827920298456e-01 -4.168659923364699815e-01 3.141328210721569647e+00
-1.193330082225000366e-01 -5.295712240590000341e-01 3.306790209624499877e+00
8.976225552520599171e-01 -4.172740562938400677e-01 2.621755872803539500e+00
6.876501195984699999e-01 -1.953723860684800639e-01 2.793426396826129920e+00
9.327347670288900217e-01 -2.754111611854099806e-01 3.036187782132710122e+00
3.751389967824699800e-01 -5.766824868124299508e-01 3.569253005702329062e+00
8.939420195932100688e-01 -2.879943709093900073e-01 2.643056697645589814e+00
3.574616842819798856e-01 8.128910262552800914e-01 2.219345805568819774e+00
4.973643082808297811e-01 2.314885570247997293e-02 2.167270266637369769e+00
4.800439031465398854e-01 -8.761533187290999891e-02 3.889482874540459711e+00
8.517932656912602374e-01 -3.310802649103901096e-01 3.352382259817340060e+00
8.535641963549497335e-01 -1.474055655458499925e-01 2.596996880923849726e+00
1.060013054806809851e+00 6.836377461701000080e-02 3.265999829155190159e+00
3.321836950604598604e-01 7.903049724522601682e-01 2.275911538753939478e+00
7.702988585964097856e-01 4.681632510796000790e-02 2.497113476558990186e+00
4.612827087008098959e-01 -5.741593438149898976e-01 3.566455780309190082e+00
8.505830216423401202e-01 4.130150732801399771e-01 2.945035751189659656e+00
5.977112323796601734e-01 -3.929776349197399710e-01 2.391626564701939905e+00
2.795231352487900223e-01 2.755652411198995788e-02 3.861650098154809196e+00
6.345523443648398709e-01 -4.253291206993600193e-01 2.381098410439159707e+00
-2.119362146140901793e-01 1.277130586298599879e-01 2.187974164943089939e+00
3.639929190490299726e-01 8.075543043227300100e-01 2.222618587633369280e+00
9.488636957566097818e-01 -2.489592976782900591e-01 2.911524101000989795e+00
8.128499394656100163e-01 -3.706857102866400466e-01 2.489765567034589733e+00
-8.701027130481501226e-01 -7.488706841776500145e-01 4.251675079592149409e+00
3.075367711130200243e-01 8.034046800838200442e-01 2.281157108764579888e+00
8.385343048441596947e-01 -1.743686413926400225e-01 2.561798103395839465e+00
3.245097177156985868e-02 -7.124788892397999895e-02 2.391035437406629605e+00
8.423122364079197455e-01 -3.073606974320799989e-01 2.839080261614480349e+00
8.092196495162201630e-01 -2.231745980842300692e-01 2.849886555888379913e+00
3.504250579616500216e-01 -8.457867126150001025e-03 2.385956551853150032e+00
5.030643216169797816e-01 -4.016998544070200516e-01 3.201790276980619243e+00
1.023317210263400057e+00 1.954470325286499777e-01 3.023814599729599983e+00
4.938710150117197051e-01 -1.102628973381300365e-01 2.466815559031279470e+00
-1.210798919915300198e-01 -4.203273322608001850e-02 2.426611848529729887e+00
2.344529698290597208e-01 6.949507078644099334e-01 2.310713225291539441e+00
6.908327617278998689e-01 -2.958438890422001033e-01 2.450126423107699569e+00
6.891184083477998046e-01 5.162438234125001080e-02 2.248798461565999496e+00
-1.668057712124599856e-01 1.080168420951399949e-01 2.112593205491659631e+00
8.944313776340698796e-01 4.347665897523699807e-01 3.079996321575530160e+00
3.491321256513199023e-01 8.134725695515701016e-01 2.220405193848079772e+00
5.309518918115699870e-01 -4.721470436924299907e-01 2.327370750552829826e+00
7.866709554649199410e-01 2.265199479873200028e-01 1.998494966415079732e+00
3.244446525313601226e-01 2.721551786773099835e-01 2.265886854667639394e+00
7.592653288373699683e-01 -6.942985414809299538e-01 3.607455587373829875e+00
-3.779033181249700224e-01 1.667723969357998159e-02 2.324671435542769782e+00
4.867517280343299779e-01 -1.943227714874700141e-01 2.505632468158069948e+00
7.188566065359891510e-03 5.351758071959963892e-03 2.248324790732239897e+00
3.250091154012990646e-02 -2.774490471427200622e-01 2.626285467748069369e+00
8.451414209548698819e-01 -4.393298196263300537e-01 2.471928867544729513e+00
8.235258323905997324e-01 -2.214173088749999962e-01 2.529066663082999433e+00
1.127619123367969767e+00 1.525020486327699487e-01 3.169469748551629440e+00
3.051962556806399052e-01 -1.113780740661000912e-02 2.304122500099159421e+00
1.126267553379329822e+00 9.980326339427998683e-02 3.185408112844069883e+00
8.426655750875099438e-01 -4.226032868540050003e-03 2.384554693705489115e+00
1.127485943518390155e+00 1.578872346145399619e-01 3.170569849717009170e+00
5.526244867112596326e-01 -4.114412716180900209e-01 2.388600729350539353e+00
2.867950650975198412e-01 3.800344651018700004e-01 2.067079144738279251e+00
8.095299357774500271e-01 -3.504184260484999869e-01 2.505608222144749764e+00
4.869147827259100447e-01 -2.256091849201899979e-01 2.460206164974890086e+00
4.472887846835599257e-01 -2.300581580685900351e-01 2.520434499691039498e+00
9.488357822349990922e-02 6.396192147575501252e-01 2.274907785448699649e+00
6.422870540167099351e-01 -4.538480272115900660e-01 2.444806789851289963e+00
3.642211050660898453e-01 -4.567128632795099397e-01 2.482014439114309745e+00
3.181599674335601202e-01 -1.876367159766400006e-01 2.624094032072839866e+00
4.067183907934300846e-01 -4.365624019806200740e-01 2.403682861885970024e+00
7.250146474697102272e-01 6.534675072830600229e-01 2.630018109720889896e+00
3.474180313608800086e-01 3.583788502029991441e-03 2.264345674545319209e+00
3.145103914675700940e-01 8.984347330381997621e-02 2.249580604701829412e+00
8.113414145953198320e-01 -3.687862301611299354e-01 2.487363052669279817e+00
3.938857769776499262e-01 -1.840994295370003420e-02 2.347327332498949648e+00
2.672776903610200039e-01 8.904143847772000298e-02 2.152874779676179795e+00
3.857122229568700211e-01 1.071971775051998310e-02 2.297134523518129523e+00
7.008657748637600049e-01 -6.379931727214004089e-02 2.491676090987839931e+00
1.928920278001601263e-01 -1.966638207521400061e-01 2.633161256273839790e+00
4.640593479017297573e-01 -3.673890606022700567e-01 2.436669296177869981e+00
3.249669904457098690e-01 -1.555963949782400157e-01 2.653487133707689516e+00
7.447339161066300894e-01 6.815328274132999298e-02 2.157441824163770061e+00
7.221514912807299735e-01 -1.106391974827700547e-01 2.515334881808869660e+00
6.296834316834997169e-01 4.451016914989998352e-02 2.235746556490100012e+00
-3.419917040143993781e-02 -1.515980196674000802e-02 2.276855292567439903e+00
2.040121953513199804e-01 -2.625029455818300161e-01 2.627467691054479637e+00
8.252960014305400493e-01 -4.134396018057600042e-01 2.501152303841060132e+00
8.530049265842701844e-01 -2.247009535877800279e-01 2.549524229963930022e+00
6.296959202023298952e-01 -2.712134560390699889e-01 2.410869537655669692e+00
3.236958383022999763e-01 -2.113492454259000008e-01 2.620751261780899899e+00
-1.986241717199401791e-01 5.264394782875998768e-02 2.216246062249939808e+00
-4.437773602068300072e-01 -2.583133646182800836e-01 2.400994359361430242e+00
-1.721871944106700969e-01 1.633684254217998566e-02 2.299826406985669092e+00
7.291305393149927205e-03 -2.195722882559000277e-01 2.621878703688649725e+00
-1.739684911109300458e-01 -9.145394391448000149e-02 2.508554253589129868e+00
-1.141715490080099649e-01 2.559779290789987449e-03 2.275230573178010030e+00
-1.042849225198601015e-01 -1.197618474170600161e-01 2.531890479459859566e+00
-8.157312133917100638e-01 -1.021682215012100076e-01 2.449500652580509641e+00
-8.123754917205600057e-01 -1.097444995369100257e-01 2.451278526959959958e+00
-6.936135976194599539e-01 2.717963014073998540e-02 2.304347987381059948e+00
-5.751345384753799861e-01 -2.324635996680007866e-03 2.360037041560580029e+00
-5.917379526353000463e-01 -3.133123555265000804e-02 2.421024069221899389e+00
-7.212445204753100692e-01 2.430797234739989765e-03 2.346222115570309352e+00
-6.754162848728700874e-01 7.115947954222999472e-02 2.217718055252869469e+00
-9.352859653655399841e-01 -6.966646666098399443e-01 2.406502529507540178e+00
-6.331738949160100605e-01 3.115309867563997859e-02 2.297767992525409753e+00
-1.104329917624430113e+00 -7.948237691587999032e-02 2.189872837403029404e+00
-1.358147233126969944e+00 -5.764422890098199748e-01 2.323892433339169283e+00
-1.226161550410489909e+00 -5.435601901734400387e-01 2.349198978687889738e+00
-4.140605017233200402e-01 -4.946262724539201572e-01 2.391081220738519697e+00
-1.178373150084739862e+00 -5.922478922896400322e-01 2.340338220784339729e+00
-9.418671075993400033e-01 -6.225495347522900236e-01 2.424683904534739476e+00
-1.048526565181360004e+00 9.422981497399993134e-04 2.304023737662559856e+00
-1.276071457666599906e-01 -3.551938059606600251e-01 2.559688335775459844e+00
-1.159324160121419922e+00 -5.851603596405200447e-01 2.351425796682620195e+00
-9.363633126256298844e-01 -6.790976490950799693e-01 2.357796073980230389e+00
-1.003394027689189949e+00 -7.789307864008999938e-02 2.376663436582789668e+00
-1.099693772447190021e+00 -7.969281071574001174e-02 2.182241702794189386e+00
-1.781398571314000145e-01 -2.104605434766499972e-01 2.596590950386399754e+00
-5.994508889674700081e-01 8.819601484458000629e-02 2.197224005075269826e+00
5.120039972604198963e-01 -2.395426439240300187e-01 2.430500729144179584e+00
4.590695990379999314e-01 -2.870501306898500249e-01 2.453504278406599681e+00
3.626576688856698594e-01 -2.305386278925300458e-01 2.613099298361930334e+00
-1.016549482287290029e+00 8.683638249021000122e-02 2.213718203938490170e+00
-1.791951582816500022e+00 2.460445308191999692e-01 3.241034706251299635e+00
-8.137097142480120837e-03 8.971700126321699997e-01 2.086153321523479764e+00
3.113454910079499482e-01 8.026891585099000803e-01 2.292225759205849922e+00
-1.618578655926199872e+00 -6.033210204785499631e-01 2.908381053336799749e+00
-1.499688590563189816e+00 -5.132129381354400000e-01 2.670397256759390103e+00
-9.371570708972500885e-01 -7.614741294096500912e-01 2.403813600873649481e+00
6.481413110109498499e-01 -4.002599957886001092e-01 2.427548621404849172e+00
-8.482527863386599698e-01 7.980869514464901116e-01 2.174756714348060171e+00
-1.721308209501930087e+00 2.455415291095199848e-01 3.138094595824129751e+00
-1.704016599823400036e+00 2.461256367606999840e-01 3.052348958991800032e+00
4.018693177927200599e-01 -4.433717265084300974e-01 2.480954743725079847e+00
-1.651241553114199956e+00 4.890319479850000622e-02 3.399313943404999705e+00
4.114625829682649005e+00 3.226518999867000193e-01 2.630539202359550188e+00
3.822247062308979260e+00 4.169430779795799680e-01 1.636214581419019876e+00
3.575405672508950694e+00 3.844201282308999934e-01 1.490912033632849854e+00
4.516902718683758700e+00 2.039922972087659936e+00 -6.607477225696012368e-02
-9.931400949932700506e-01 6.508507370055300889e-01 2.508846427156069758e+00
5.653687201153190678e+00 -1.505757135471260000e+00 5.377721098799810306e+00
4.839498482173200111e-01 -6.468634562674300259e-01 3.904623178446079645e+00
4.987230188413599663e+00 -3.373553358516501177e-01 2.843762993761400182e+00
-1.166285838435810129e+00 9.606942380728901165e-01 1.939539328917410099e+00
3.999522120620180310e+00 -2.204727667192699636e-01 2.696950122975620090e+00
4.364751203955429482e+00 -4.195040591185700829e-01 2.840090320608169794e+00
2.532295806420299833e+00 2.614221689540799698e+00 -1.373056371382300078e+00
-1.414340840111679931e+00 -7.613175544928300065e-01 3.108610363037479729e+00
3.752537212856269733e+00 7.214624337649200303e-01 1.427552686870730225e+00
-6.282913422232900835e-01 -5.202323039603399257e-01 3.360666084660290043e+00
-7.407767663487700993e-01 -4.995315767367199400e-01 3.134097981452569570e+00
-1.539671531089800149e-01 -4.326287079111799661e-01 3.214652201350579386e+00
4.196486192441028606e+00 3.581698269635799625e-01 2.478458438496769389e+00
8.289254328439500386e-01 -4.056294007647000543e-01 3.039222257663449334e+00
3.830458457075099910e-01 -5.119907617541900047e-01 3.541567978458889598e+00
4.227862132478479751e+00 6.489276792871300215e-01 1.995572490329719839e+00
4.275322000617149953e+00 6.937690670251500658e-01 2.043159135616849920e+00
4.025904173908029904e+00 2.829606760833300316e-01 2.879635921668769694e+00
4.278827749336709729e+00 5.748495090808600771e-01 2.026989667601089895e+00
4.048095474820609496e+00 2.647724260111759875e+00 -1.339886275690810091e+00
3.898104581200009910e+00 7.100730190242601214e-01 1.778413436062189712e+00
-5.175926211287000811e-01 -5.716228888018500820e-01 4.123021408252099285e+00
-1.040423789729510107e+00 -5.882897611307099650e-01 3.914053131959509546e+00
-2.003034398733016808e-02 6.362463658714699877e-01 2.610887238638929464e+00
1.096102593299570049e+00 3.586263395835199708e-01 3.293821217372630006e+00
7.440403841333501633e-01 2.631501815439997449e-02 2.261317275244850045e+00
1.097939073775799912e-01 5.202228829451800429e-01 2.062581424538419750e+00
9.585325773725800191e-01 -3.627056654440820704e+00 7.623199464083420196e+00
9.551858823033499979e-01 -3.634385827787550927e+00 7.633366688271049583e+00
