1.887048596791319977e+00 1.177550874504240230e+00 2.447645075023579864e+00
1.883489233816479924e+00 1.159855673277720101e+00 2.434929408263180051e+00
2.141585511961540345e+00 1.203946671321860062e+00 2.533117038116800224e+00
1.887492119199480012e+00 1.157878948898660276e+00 2.435103636388990189e+00
1.676004566784600192e+00 1.202433843631680155e+00 2.317579347369380205e+00
1.710386679234860097e+00 1.198593568553000033e+00 2.307473536213190179e+00
1.728968038793680106e+00 1.402345936886200128e+00 2.055586212258660339e+00
1.732428898073419932e+00 1.402069037421759923e+00 2.052849019671250108e+00
1.688727523529039987e+00 1.358816518528100037e+00 2.082619233583490104e+00
1.585932506679779808e+00 1.499621050002960310e+00 1.794632681955389941e+00
1.621484409667980131e+00 1.277504714137040143e+00 2.121017350870809892e+00
1.434603242321280003e+00 1.375468249918319952e+00 1.954786123497240125e+00
1.404594387676239897e+00 1.415200563428840042e+00 1.820624916832860096e+00
1.397561143068760003e+00 1.448405453327420211e+00 1.841178658694410109e+00
1.386892994012360214e+00 1.382804168072119921e+00 1.923295902878680241e+00
2.135803913533880216e+00 1.313292849422259767e+00 2.389889886969509991e+00
1.853712491607820034e+00 1.269223238203040172e+00 2.274299430125730215e+00
1.594757886924959900e+00 1.275136545426500234e+00 2.141761194935210000e+00
1.427099058759440098e+00 1.368642545543279798e+00 1.964947775031280264e+00
1.803961562023240095e+00 1.052467656309080457e+00 2.384189209747240135e+00
1.550201583875560063e+00 1.206344092880500263e+00 2.088284106968270049e+00
1.619322866266940109e+00 1.276946319667279894e+00 2.121422301299169977e+00
1.611905616045700151e+00 1.519351286727960382e+00 1.766896877509090080e+00
1.622743827174719877e+00 1.308590455327159674e+00 2.094101208527500368e+00
1.268458998608180233e+00 1.309055095431200133e+00 1.981630804437150228e+00
1.358569659251400275e+00 1.353375949713359727e+00 1.926323519422580066e+00
2.081869624710280142e+00 1.241308270863939800e+00 2.420847052339589744e+00
1.694595534001660075e+00 1.369134216995900211e+00 2.093470873460479886e+00
1.722307773757739913e+00 1.194292851176439907e+00 2.309389902884749990e+00
1.793579633197340151e+00 1.054496935746339847e+00 2.386406370052500225e+00
1.722237036410460220e+00 1.131834617065340165e+00 2.253220455194799854e+00
1.683977739922600136e+00 1.338389458714739799e+00 2.091232942693870278e+00
1.631196317376220284e+00 1.301143334490979964e+00 2.108271002397140048e+00
2.140440442133780152e+00 1.167445416625559673e+00 2.529145720809210296e+00
1.234354601653520289e+00 1.262032577737420169e+00 1.975328274265030215e+00
1.622878507454140085e+00 1.240338652183180290e+00 2.262247930328360024e+00
1.547095138963940020e+00 1.204567209180740228e+00 2.076670398646800031e+00
2.152862734772420072e+00 1.544629304996300245e+00 2.136186160587859817e+00
1.812915774276820047e+00 1.171626068802619880e+00 2.390398239409220249e+00
1.660658581280040069e+00 1.159681639986040125e+00 2.356624997099720176e+00
2.023007759381780346e+00 1.535516356045420139e+00 1.989259507691740314e+00
1.830265887426739901e+00 1.192855152224400417e+00 2.353053833963190122e+00
2.042050926111700360e+00 1.583045049098140034e+00 2.068770950763700434e+00
1.665916657686640212e+00 1.110654505965220640e+00 2.318927477007569848e+00
1.576207235191740219e+00 1.189717745996300202e+00 2.074235502541160070e+00
1.716034041723860204e+00 1.214868917793220149e+00 2.279144221476280041e+00
1.271414243156040014e+00 1.258001241676160120e+00 1.962756006836140266e+00
1.950498734059820105e+00 1.302723591575860151e+00 2.305547590928660018e+00
1.732570081203020029e+00 1.403145065184399964e+00 2.048427784850330280e+00
1.690278483107579888e+00 1.305046790232680110e+00 2.101699979284509912e+00
1.595402600469820076e+00 1.235855975530019801e+00 2.275288368849220255e+00
2.063133838520020191e+00 1.648181567427299932e+00 1.993929684034440042e+00
1.988685603042339878e+00 1.552045107182000283e+00 1.916140068187950130e+00
1.963642156887939860e+00 1.565791340505580109e+00 1.910920293854019958e+00
1.306801520333220168e+00 1.343315312075940238e+00 1.881828681759520006e+00
1.920024523146020012e+00 1.629768401861479976e+00 1.851818360442330169e+00
1.909622305758220007e+00 1.642319824983919929e+00 1.883306239615850197e+00
1.893033712255780099e+00 1.621428089866040256e+00 1.888564035929250151e+00
1.876662702202780197e+00 1.629021201443200173e+00 1.859060013982249959e+00
1.865648420255720197e+00 1.638872638918420055e+00 1.839485086252510282e+00
1.913006255672559996e+00 1.640120409252399991e+00 1.889992649527840074e+00
1.603205675355879878e+00 1.182135215215819990e+00 2.176157627446410281e+00
1.494379465054680001e+00 1.184567958879140015e+00 2.158376786250350232e+00
1.728298936404040198e+00 1.404074450714820177e+00 2.053660603805030238e+00
1.675314723931859984e+00 1.226143756502960258e+00 2.311476228028470192e+00
1.682527160672739885e+00 1.161450366027439784e+00 2.133758543027790111e+00
1.630352764168639945e+00 1.185771225198960277e+00 2.055973779696760317e+00
1.610161487515519907e+00 1.530569852222980032e+00 1.772891575384410112e+00
1.648735595438700186e+00 1.538528264502100562e+00 1.805511532245700046e+00
1.625267648199860249e+00 1.504988858860820233e+00 1.780867570180240111e+00
1.624893277838900030e+00 1.507131137216620065e+00 1.779140724158859932e+00
1.606220809784380199e+00 1.489786714601760043e+00 1.795154447475370008e+00
1.580784459233680161e+00 1.501158643504580059e+00 1.789519490250450318e+00
1.377398330354820066e+00 1.365989827551040481e+00 1.840833889517030197e+00
1.407442694107039927e+00 1.331734594168060060e+00 1.917091658488790040e+00
2.087345761148839962e+00 1.648154644925019952e+00 1.995406405024210184e+00
2.049697062169980377e+00 1.582717413209739910e+00 2.082310812926280175e+00
1.442529688143959987e+00 1.347706971936359910e+00 1.912680737879719928e+00
2.187212362603480287e+00 1.461122538342440436e+00 2.175859096720199837e+00
1.439222555884380084e+00 1.438178104470720253e+00 1.860006527574250113e+00
1.834978828744160184e+00 1.364081415141900511e+00 2.164128574935070048e+00
1.642868665647760018e+00 1.534597732572120066e+00 1.755536136854100260e+00
1.602989001442160388e+00 1.568362427421600369e+00 1.762358379094840277e+00
1.411341420982440198e+00 1.440105638460800197e+00 1.805479782010940060e+00
1.840621440875680248e+00 1.089037970418660350e+00 2.529444501813050028e+00
1.620176349146339900e+00 1.508356167510660040e+00 1.777543103864879903e+00
1.626299745013560116e+00 1.275769623399280572e+00 2.121452140966060274e+00
1.439159908127380261e+00 1.354411774914840105e+00 1.843857325385209966e+00
1.633091151891920223e+00 1.557269070153580071e+00 1.768601090220790262e+00
1.628973124762100211e+00 1.514756389460460095e+00 1.770429308634860144e+00
