4.045735806446010052e+00 2.128230788893998859e-01 3.833020374144219922e+00
3.702969999877450569e+00 4.088878588577298245e-01 3.860755060468210154e+00
3.707508758551370409e+00 3.993278261506596483e-01 4.041520082592359842e+00
3.811651378606800478e+00 1.368210851224098690e-01 3.844242326904069529e+00
3.630401848824240219e+00 4.983928831635298096e-01 3.860859275420989611e+00
3.450200663919030131e+00 4.742599473792998843e-01 3.580131925412959770e+00
3.886899814141030696e+00 1.499244224997398067e-01 3.823527923264639750e+00
3.837027069328180051e+00 1.215281531456597897e-01 3.829348296907579829e+00
3.626801331002230455e+00 3.241299236110899429e-01 3.986314940279889640e+00
4.069802753289690322e+00 2.150775626547798414e-01 3.810646838886439625e+00
3.832794754312120133e+00 1.268600463625799701e-01 3.837835485147500059e+00
3.878345508088960614e+00 3.516933428025998953e-01 4.063699083066920181e+00
3.969641049281139811e+00 3.258598666337795269e-01 3.995579295615539817e+00
3.904316759430930261e+00 3.484163728955500527e-01 4.143826334997710248e+00
3.896526088839480373e+00 2.768997237246597631e-01 3.923222084295579837e+00
3.971959799104420430e+00 3.226540724729096699e-01 3.910967447705409938e+00
3.863911914291670247e+00 1.603554907272399799e-01 3.740900783063619617e+00
3.899659092329850196e+00 1.639075015828395099e-01 3.849587934717179749e+00
3.810742720063030387e+00 3.860729508976599167e-01 4.096963305521479803e+00
3.886112408681130059e+00 2.259360306961797349e-01 3.891032752549119955e+00
3.836389221728990329e+00 3.880417526434498665e-01 4.114705970075729802e+00
3.874793171043440232e+00 3.688178691524597319e-01 4.103627923960900148e+00
3.746608500951309928e+00 3.772919274707000614e-01 4.102789894094120093e+00
3.855050734644540178e+00 2.963622266212599943e-01 3.869593480450099765e+00
3.837835499963220265e+00 1.187547617166799796e-01 3.831992141761199733e+00
3.763264098865760410e+00 4.082067836693896723e-01 4.079702036287249811e+00
3.950425024758960291e+00 3.400520532388799921e-01 4.104315691753079420e+00
3.810322677404890168e+00 1.392419948130898533e-01 3.880424479276209926e+00
3.834800114824580053e+00 3.888322968863195950e-01 4.113996732757399855e+00
3.865202298594530461e+00 3.821635365622597647e-01 4.107519001624879706e+00
3.896467672540550264e+00 1.672724115573096526e-01 3.870409536838069542e+00
3.857212335138950454e+00 1.478279036277097003e-01 3.871451789309269920e+00
3.826213558633529743e+00 1.244983920557398704e-01 3.848459423142839952e+00
4.000206267094229773e+00 3.303608408793099471e-01 3.985724553704029560e+00
3.810254796805550015e+00 1.282866982427395275e-01 3.831532560597279868e+00
3.696371143560080341e+00 4.085302926174598781e-01 4.034915169374179378e+00
3.619379748019780241e+00 3.922418344974099025e-01 4.013134353427629364e+00
3.836280175239400236e+00 1.118428568861697947e-01 3.838560006515390199e+00
3.744802037166010233e+00 3.543163099142601080e-01 3.872472851884039891e+00
3.662725974066200152e+00 3.990298679275496863e-01 3.971259296095249525e+00
3.659322336741440473e+00 4.070048825235699219e-01 3.969551899462869571e+00
3.601939897393410028e+00 4.518409132534799699e-01 3.937755044846179775e+00
4.030744112059569950e+00 1.920187198260996375e-01 3.847756623969639911e+00
3.624392478200720191e+00 4.433896667761798582e-01 3.929780678688299833e+00
3.636912669303720147e+00 4.738960587822798054e-01 3.861788696678799759e+00
3.645661251797550406e+00 4.620547446909799572e-01 3.901984623150159592e+00
3.703327175725210196e+00 4.331753100259496669e-01 3.807437462673869621e+00
3.700660469896830396e+00 4.392283310467097746e-01 3.801987382448229980e+00
3.723600097628750216e+00 4.265438313746099386e-01 3.775857277549969915e+00
3.684411342607080364e+00 4.388349902159898175e-01 3.812798812661289727e+00
3.694664098668160257e+00 4.609328265605998620e-01 3.791537121204119565e+00
3.681580152935960637e+00 4.512506329359198265e-01 3.804547800671959301e+00
3.678921457856439758e+00 4.551280313188896809e-01 3.805891367367109979e+00
3.678908074506880066e+00 4.475606762184496379e-01 3.806465657906709765e+00
3.694545165106040141e+00 4.484271602769898113e-01 3.796399361032009701e+00
3.673037567911979995e+00 4.655717343442098421e-01 3.799105720496229743e+00
3.679894533639320287e+00 4.556159289047096994e-01 3.788831235110209583e+00
3.678598659063290199e+00 4.815681832491496284e-01 3.776214383301429667e+00
3.906675567864200449e+00 1.876741070517400356e-01 3.867382173530780065e+00
3.902859814350760459e+00 3.535410930494200521e-01 4.144592339399459924e+00
3.930937329848620099e+00 3.392096867704998964e-01 4.118409849537139955e+00
3.612116693474090034e+00 3.950226990090197621e-01 4.034810809570919865e+00
3.646997732593550090e+00 3.651910490174297141e-01 3.906421631005109418e+00
3.887988549343490252e+00 3.596436052279898821e-01 4.100641786861309868e+00
3.811149354122680410e+00 1.378742666991699117e-01 3.846749693337749854e+00
3.865829476097149886e+00 3.843596924674996806e-01 4.106622844715799303e+00
3.878805889689020070e+00 2.210643342435196779e-01 3.876354734917879519e+00
4.005454345125220250e+00 1.814189946981297208e-01 3.757922420036549749e+00
4.069413604666159756e+00 2.726936475002696980e-01 3.839172822151009967e+00
4.063680653354290406e+00 2.415575642912095589e-01 3.848855854419049649e+00
3.877519492780830301e+00 3.490105946380299695e-01 4.068269027315869479e+00
4.065384601323639657e+00 2.458967667501696930e-01 3.854634934729869400e+00
4.050748213656780727e+00 1.731157250766097722e-01 3.739523130668829687e+00
3.985981009309790490e+00 1.498826427756898561e-01 3.808043864892609598e+00
3.651232300638550310e+00 4.598651978035499521e-01 3.830749673706549618e+00
3.628004778186740165e+00 5.086683480181597439e-01 3.857628329339399809e+00
4.003757419199100553e+00 2.481135606700597407e-01 3.913016194155019889e+00
3.928014717608310225e+00 2.573370671801100684e-01 3.914203759758989598e+00
4.077256862232680135e+00 1.927555798892197636e-01 3.803980478041299573e+00
3.897021237570630348e+00 1.561043114621296635e-01 3.843612351595769638e+00
4.007938043075840007e+00 1.781411511604098497e-01 3.738374999100749996e+00
3.962613600954460136e+00 3.535468325760697805e-01 4.096614007555009707e+00
3.959459986601800541e+00 3.321893949192999962e-01 4.099234677396099258e+00
3.953332647308880787e+00 3.382044038963900601e-01 4.094645769495289578e+00
3.923242185568010409e+00 1.473539260020197972e-01 3.837956812142759411e+00
3.691953110357180101e+00 3.563959062515797971e-01 4.088832227102820127e+00
4.005675316742440373e+00 3.599166163136497953e-01 4.042376093388829972e+00
3.998221195419910057e+00 1.728240191815999527e-01 3.750640361239019782e+00
4.042221025834489723e+00 2.256405978343296592e-01 3.877944927289289634e+00
3.926802344653610000e+00 3.645795767447199687e-01 4.158827613234859832e+00
3.885447628763080363e+00 2.301045207172498497e-01 3.888707493789509861e+00
3.852044347453660311e+00 3.886239934316597644e-01 4.112550151494139605e+00
3.953855813470880332e+00 3.287533315503696763e-01 4.097084476394349473e+00
3.819076567200620165e+00 1.128350781864597696e-01 3.831287024647659578e+00
4.033419392832660044e+00 1.950873069293799222e-01 3.837664701340979700e+00
3.888638498795770282e+00 3.584525534954399184e-01 4.101419644742620108e+00
3.887879651749470256e+00 1.523582603511897116e-01 3.822214610228069631e+00
3.887224463355240189e+00 1.500718749929899065e-01 3.822421520585809862e+00
3.811889910564060457e+00 1.365932763858799248e-01 3.846101721420279951e+00
3.924237628715150361e+00 3.389198925923400108e-01 4.127263510932879242e+00
3.893806955255310065e+00 1.566714341616897155e-01 3.824661669472249947e+00
3.887470390732610248e+00 2.295877502646896939e-01 3.893791582450649713e+00
3.865953346849420491e+00 1.965228800830098876e-01 3.891809942897509700e+00
4.004279683272000234e+00 1.787149944488095610e-01 3.764246209382870134e+00
3.684186312578880518e+00 4.085793028083697376e-01 4.022873066015749899e+00
3.643352555525090075e+00 3.921673073510201224e-01 4.016099558565519700e+00
3.823449219370860241e+00 1.146924874459398502e-01 3.824721197031499820e+00
3.859813172152529948e+00 1.647545503657494859e-01 3.734873373691909748e+00
3.821604496301290510e+00 2.781566673088298192e-01 3.846757456493589800e+00
3.617614571043400229e+00 3.902508194611000736e-01 4.011563671067500003e+00
3.612766933328599883e+00 4.079850606533896862e-01 3.996038867477529788e+00
3.969370472827790319e+00 3.297376127357096731e-01 4.031922609222750253e+00
4.043686987774919750e+00 1.662377848515197432e-01 3.743507123275080062e+00
3.909198582058110105e+00 1.667787066109498451e-01 3.876183295777469784e+00
3.969742196085610075e+00 3.064287610172997667e-01 4.032760159893119756e+00
3.809694139653030387e+00 1.238111624084399232e-01 3.831153465085339604e+00
3.970558696626099948e+00 3.108887333528000951e-01 3.998556846531599707e+00
3.931494687442770086e+00 3.396763571464498366e-01 4.116000826571689863e+00
3.915393002607060247e+00 3.620011362864496984e-01 4.152620309479869931e+00
3.915566279965310148e+00 3.577306679909499909e-01 4.149640827039069890e+00
3.913274876814360148e+00 3.571649161428598340e-01 4.149921046699139637e+00
3.952164177222970309e+00 3.254361315724800807e-01 4.097436524250899659e+00
3.960467956962060221e+00 3.360386045516898790e-01 4.099531127412749498e+00
4.061777889028100219e+00 2.248627630788495591e-01 3.822116284435349787e+00
4.059065475095199993e+00 1.820077502345898157e-01 3.735087572283729784e+00
4.077512280849459714e+00 2.227776265223000429e-01 3.802267759075619757e+00
4.072383378997610492e+00 2.029039961958198912e-01 3.813618168706959466e+00
3.631220955435450204e+00 4.640440873991196202e-01 3.820434139664139472e+00
4.061715312287500268e+00 2.266695349853600217e-01 3.821440459782719401e+00
3.742694133256790234e+00 3.644935651728398174e-01 3.867420151367459979e+00
3.869995687726160316e+00 1.655523381854595577e-01 3.777797507728339887e+00
3.740893988670530135e+00 3.768361956101295984e-01 3.862131847075769286e+00
3.638233492277320291e+00 4.765523187736897537e-01 3.800536613856069668e+00
3.904498656467370044e+00 3.492528106069097138e-01 4.100262836303110170e+00
3.667518811875850382e+00 4.453081310610798038e-01 3.839439594407459744e+00
3.680239577020570252e+00 3.707273001539899138e-01 3.880315545731469751e+00
3.942663828526430159e+00 3.190030595033999106e-01 4.033536853501259678e+00
3.590046863813830758e+00 6.706930206213301826e-01 3.697227383420569780e+00
4.061568137191310157e+00 2.258110920442399916e-01 3.821564061113699839e+00
3.895466119715740305e+00 1.505938123151697727e-01 3.819119474797469493e+00
3.650418365082850336e+00 4.512901538452698258e-01 3.840526807786989849e+00
4.035155172215580066e+00 1.864392302911697108e-01 3.826869432927149539e+00
3.657309352934760227e+00 4.478240059487399449e-01 3.823464778278899523e+00
4.000277064318090048e+00 1.722901738261295446e-01 3.849474027467489456e+00
4.007040251759650396e+00 1.735264684841197891e-01 3.744631496829939898e+00
3.644078974910479829e+00 4.601197456699197552e-01 3.867552558858399880e+00
3.746347424416630822e+00 3.782429764306398656e-01 4.102879980680139482e+00
4.036186859819889783e+00 1.921090488657297701e-01 3.822398309115889958e+00
3.953346668603470171e+00 3.265832821183700663e-01 4.097102096601130228e+00
3.874734091917850343e+00 2.258466932787597248e-01 3.874041593594219623e+00
3.931950679730450204e+00 2.515224431457498966e-01 3.916549656386149714e+00
3.900105835795850240e+00 3.247992781124797723e-01 4.100952637622059527e+00
3.968137194744980167e+00 1.500328630651597273e-01 3.823081805676479483e+00
3.872580278598860559e+00 1.612651586446498531e-01 3.779264597768069667e+00
3.892191471347570264e+00 1.582148829448601912e-01 3.827970249109959866e+00
3.926720576770000193e+00 1.457997705504496810e-01 3.831494593323949704e+00
4.050773889238480585e+00 1.587027934027998022e-01 3.754661957623359747e+00
3.462104977785900317e+00 4.778357108608999315e-01 3.635456395431099885e+00
3.436052399130540280e+00 5.300290081741299009e-01 3.594390044312989474e+00
3.892157848421570421e+00 1.582777813763198704e-01 3.732482059408980035e+00
3.810821737437509960e+00 1.284995890765898707e-01 3.822689454519549557e+00
3.953865970417080433e+00 3.189354715490198000e-01 3.935803996194699561e+00
3.982640372905230208e+00 1.659941307535699462e-01 3.866499422385449414e+00
3.970489272281360282e+00 3.303360996861297583e-01 3.941117146795829917e+00
3.889919794361099914e+00 1.550776054448099739e-01 3.825036164951869821e+00
3.927635808855719723e+00 1.492989017705297350e-01 3.800322195781749457e+00
3.821032447018799960e+00 1.682422840471700098e-01 3.873447621359590087e+00
3.965038620175320272e+00 3.294435450987898140e-01 3.933383889165769531e+00
3.974409129604380198e+00 3.282276061556999025e-01 3.924172782238859902e+00
3.902971420104250466e+00 3.530288253761197925e-01 4.032755288627739354e+00
3.855222912421850445e+00 1.609166986877199612e-01 3.758423975824139784e+00
4.004279067830819550e+00 1.705991429668300974e-01 3.851930785194049633e+00
3.887419300956159951e+00 3.613274973797497847e-01 4.100049782377969798e+00
3.886981367967400125e+00 3.593438696287698519e-01 4.100727042717589477e+00
3.834880425535510007e+00 1.256906506244499511e-01 3.835373062761769702e+00
3.968452425400480266e+00 3.294312713691198713e-01 3.940484173632999632e+00
3.966082339954670744e+00 3.064759547390796257e-01 3.947562505643699815e+00
3.946635223120300129e+00 1.452823827802300904e-01 3.783475595562209914e+00
3.954359484920890289e+00 3.104697683955899290e-01 3.941050318660109575e+00
3.997691604325650072e+00 3.360055481672599154e-01 4.069500961381120163e+00
4.008776790716729543e+00 3.665279533877199292e-01 4.057741723626099528e+00
4.010353862469200337e+00 3.697851104069196371e-01 4.056259146644639380e+00
4.011975317291700094e+00 3.722443283226797295e-01 4.055462164774359834e+00
3.980899613737880038e+00 3.480717543883897758e-01 3.914770886993889754e+00
3.929258187009760483e+00 1.438262774590497450e-01 3.792758380690469444e+00
3.871782875607419960e+00 3.800202035951196766e-01 4.090996155112279986e+00
3.615221730977119741e+00 3.731992304562896656e-01 4.063928086387869953e+00
3.859237989518890188e+00 1.608465040952500313e-01 3.773737714549529443e+00
3.713054719763770439e+00 3.981463063994195029e-01 4.049135924480680160e+00
3.702691790267450322e+00 3.985046777224798831e-01 4.038784638010460171e+00
3.882623080739060484e+00 1.631994813753296913e-01 3.803924123788829714e+00
3.884860636905700382e+00 1.562304435336798747e-01 3.807162075807359880e+00
4.032270715122229454e+00 3.899560006066098428e-01 3.904100721313930045e+00
3.904047203028500501e+00 1.463577985538597748e-01 3.769989289379219954e+00
4.029923295060999777e+00 3.885797961556998192e-01 3.911145896680499501e+00
4.033364681635659643e+00 3.901050039979896411e-01 3.906063093483249649e+00
3.877127637031840379e+00 3.647149373875797629e-01 4.107100206728739877e+00
4.006690153581920377e+00 1.841573347822700324e-01 3.754791815186729664e+00
4.042193531696789854e+00 2.630624546073196957e-01 3.884590755517219662e+00
3.903643579676030484e+00 1.648271301985297921e-01 3.721440681895769487e+00
3.847613592001750682e+00 3.854180273176197602e-01 4.100752725283639322e+00
3.872377876508140027e+00 3.980100993298896217e-01 4.089550062961509802e+00
3.902864665228530150e+00 1.504165726901798283e-01 3.810961956752519697e+00
3.967207314580619926e+00 1.640094733485797374e-01 3.852953272136099727e+00
3.858300632992309964e+00 2.989528440092996675e-01 3.871206165591919657e+00
3.982656824158040454e+00 1.633387380374997644e-01 3.844969917365979484e+00
3.836093762378670391e+00 3.666022794848495803e-01 4.133007830875089716e+00
4.060550733291649728e+00 2.352128366809498328e-01 3.858403492112350008e+00
4.040953997388530006e+00 1.672582011855796580e-01 3.748334366473319523e+00
4.011435563145930416e+00 1.936870460660300441e-01 3.745154089892469784e+00
3.936250973119800101e+00 1.618094926611000073e-01 3.715065904617899761e+00
3.876403734480760477e+00 3.512864941454800771e-01 4.068690103727879759e+00
4.080098446025639980e+00 2.133229679537196333e-01 3.797891524563319798e+00
3.896942475845970311e+00 1.618115953066399104e-01 3.839568692372020031e+00
4.060838146323880515e+00 2.367513630271900205e-01 3.862470883161489787e+00
3.976125694087990325e+00 1.660727849882694951e-01 3.852213759339469412e+00
4.000170868104500066e+00 1.751420292288095037e-01 3.845086719258469898e+00
4.054133469258879963e+00 2.061361107333297138e-01 3.833904607729069713e+00
3.460267618024030156e+00 4.628656153960799546e-01 3.606911031638619924e+00
3.979793130299080328e+00 3.248599418866500166e-01 3.980879505617109793e+00
3.904591452131060070e+00 1.458555235021599117e-01 3.812922554888039883e+00
3.864714787691790221e+00 1.567832491172198583e-01 3.789505226357319678e+00
4.003240528714469448e+00 1.760957806217895438e-01 3.775635399536269698e+00
3.858287342493790462e+00 1.672168948406598243e-01 3.782292680780999561e+00
4.038769464156819922e+00 1.884154739418799629e-01 3.831758157527599629e+00
3.908583349195960732e+00 1.697160022202399698e-01 3.873851011210000195e+00
3.946484638458720440e+00 1.450375403719998957e-01 3.783222451343439374e+00
3.867350626590660312e+00 1.936828504953997943e-01 3.893020950804919611e+00
4.035118158455619941e+00 1.913107957069697385e-01 3.823685758494629994e+00
4.021647202258150422e+00 3.530504214987197908e-01 4.067334042060140042e+00
3.900839764534740350e+00 3.468560603594599279e-01 4.097524387851899874e+00
4.020946817619990732e+00 3.585351407494801190e-01 4.068133064186739922e+00
4.015885209589850291e+00 3.387072534491795128e-01 4.064343557050759337e+00
4.020409215317769736e+00 3.547464533338497983e-01 4.069456483439689798e+00
3.860942130068400147e+00 1.653101362747999570e-01 3.782335616326800043e+00
4.003691306842589448e+00 3.516985765655598062e-01 4.041532133999899301e+00
4.004796753768560258e+00 3.551701018269197707e-01 4.042661408695959580e+00
4.004511431297570034e+00 3.554490755287398329e-01 4.041458227182719298e+00
4.007617212208599788e+00 3.673954913926495980e-01 4.040898772830550101e+00
3.949066912211109948e+00 3.452539507995899815e-01 4.107057839424349766e+00
4.003496664984929510e+00 3.479980897788701455e-01 4.043185863628549370e+00
3.988192735977650116e+00 1.675355291497799826e-01 3.839833562972959857e+00
3.909553117387150056e+00 1.582786879801398872e-01 3.747668080958079351e+00
3.983617835752160108e+00 3.164971969559400300e-01 3.989427216726699754e+00
3.804715177466390763e+00 3.961624658090301399e-01 4.131110824042590224e+00
3.786075375629370576e+00 3.920384716697700167e-01 4.087270723995930055e+00
3.615799261394730291e+00 3.716609490758100431e-01 4.064312688738129786e+00
3.903113409360930319e+00 1.498332189767099809e-01 3.766585351654430092e+00
3.620855415567230562e+00 4.102137187277299368e-01 3.985054004064369604e+00
3.614547580139650496e+00 4.211662510415197236e-01 3.982524849619339502e+00
3.909188619374000417e+00 1.579469698985700443e-01 3.747417626240389765e+00
3.761992979450050179e+00 3.451554889908698964e-01 3.841413123474189728e+00
3.625234094744389957e+00 4.417845422069999195e-01 3.929154328474779856e+00
4.046672050550280453e+00 2.074873147661897566e-01 3.814617347579090101e+00
3.897776803780729882e+00 1.522060889605298950e-01 3.817709093503769857e+00
3.892653847380069809e+00 1.499555389050399867e-01 3.821714430335619639e+00
3.859806177773299929e+00 1.622050680095596942e-01 3.786180341221919488e+00
3.626275880198500445e+00 4.722283783582199579e-01 3.870823457219939812e+00
3.689242893765790399e+00 4.429439079226298315e-01 3.792948271124789716e+00
3.868231214120720018e+00 1.675469961594597823e-01 3.780764763500459757e+00
3.462227252173980308e+00 4.614356721524897065e-01 3.606563724721789654e+00
3.970795450252790459e+00 3.034409680747400806e-01 4.000847406496559344e+00
3.967810859898350362e+00 1.490772223766796412e-01 3.786106422098259650e+00
3.994711400969770398e+00 3.341421895532699082e-01 4.005295732525029351e+00
3.994619377885230360e+00 3.311697194381999498e-01 4.003525826803059573e+00
3.987951318981330040e+00 3.170908836958399313e-01 4.007117113162140143e+00
3.971360130596019999e+00 2.995078907116299760e-01 3.973994148057649944e+00
3.972381290018510036e+00 3.145053322101496462e-01 3.917477435627669813e+00
3.805828414789210079e+00 4.069992802423998413e-01 4.106686252136420023e+00
3.826976607410720099e+00 1.189653973344197979e-01 3.853657310504179812e+00
3.836345775445989759e+00 1.215406496473998565e-01 3.829073643751579770e+00
3.981312022457680122e+00 3.208918870889301278e-01 3.977806748885069688e+00
3.990369030914449944e+00 3.343307968459299229e-01 3.975601985526809656e+00
3.737939408359780558e+00 3.849233357846901793e-01 4.082031259924989719e+00
3.740499385644859842e+00 3.648262432420397161e-01 4.082146063887999610e+00
3.968959596672840373e+00 3.145617344345796873e-01 4.044318698177539417e+00
3.983440476301210342e+00 3.256521231590097099e-01 4.001788917751289532e+00
3.894575001511670465e+00 1.720242350139498111e-01 3.859597672616789765e+00
4.017068184821470211e+00 3.533773989772097668e-01 4.063531747441409436e+00
3.980709992681870091e+00 3.168271194404399527e-01 3.983833593107219961e+00
3.979935421633249870e+00 3.118843603270295972e-01 3.974108268107109598e+00
3.969532077187030161e+00 3.300038581852295927e-01 3.942013973759269874e+00
3.975455619040510147e+00 3.269186873056200149e-01 3.948655755473160056e+00
3.981721002604910353e+00 3.187478254093398800e-01 3.956782707895599493e+00
3.702871107661260375e+00 3.963735894756001965e-01 4.046499483874519854e+00
3.804671193728680123e+00 1.326597334441796949e-01 3.836167520939019582e+00
3.856934237963210332e+00 1.452086911438399408e-01 3.874765296978499585e+00
3.628145823446160545e+00 4.670159397571298499e-01 3.872122551739030083e+00
3.898075625184120874e+00 1.762856048427499100e-01 3.878859080795289849e+00
3.632069598959660084e+00 3.719020061872797545e-01 3.912361735222879666e+00
3.912585555480120547e+00 1.599572003997800085e-01 3.722270490644099539e+00
3.934158469637590194e+00 3.320039349630399261e-01 4.086496153058259750e+00
3.462994025287000177e+00 4.825116795928099389e-01 3.628545913468469664e+00
3.930516745110090415e+00 3.476639999198398723e-01 4.082116651073460112e+00
4.066680061007650338e+00 2.672773733454698597e-01 3.836220404814190132e+00
3.458218696623240440e+00 4.504508683416099668e-01 3.614236729126750092e+00
3.851514645804670067e+00 2.973355142501601378e-01 3.867009643424060172e+00
3.899305409135720435e+00 1.617291155755395948e-01 3.844013923225420015e+00
3.837750762361260115e+00 1.683445171598598744e-01 3.767646432048539662e+00
3.625463297328460399e+00 4.383535612698798989e-01 3.935081067623479534e+00
3.479995789428870445e+00 4.571203555366099014e-01 3.614842806666609842e+00
3.465124300637480559e+00 5.219773847007198597e-01 3.581721679448000017e+00
3.472343255648000060e+00 4.925878215836296814e-01 3.564969954426209675e+00
3.479103086763879915e+00 4.993594896357700375e-01 3.600726891397749707e+00
3.830042490371270425e+00 2.165116628205498994e-01 3.719594645687990031e+00
2.431618744506110374e+00 2.425980255875909819e+00 9.735555066545904523e-01
3.811763354348040256e+00 1.340647269889501114e-01 3.851924777816730039e+00
3.859102967008210427e+00 1.438442158032195994e-01 3.873283894685759954e+00
3.898295342512070327e+00 1.660637655215797537e-01 3.854738398428999790e+00
3.675517477792450194e+00 4.085617026861096956e-01 4.050431728400869957e+00
3.899391558550550307e+00 1.562766101206800595e-01 3.863572113600659996e+00
3.846006796711480380e+00 3.972835229398496981e-01 4.112638926972709719e+00
2.900344473409640411e+00 1.665880590094589886e+00 2.241046465967410306e+00
3.132021881267950114e+00 2.638935755259919524e+00 9.707820999289396013e-01
3.621031686624890611e+00 3.478819688810399491e-01 3.966563295014459811e+00
4.073627079128989692e+00 1.944737553855702128e-01 3.783766333443569607e+00
3.834975882917719847e+00 1.640361285174196659e-01 3.879466156904579854e+00
