2.454272074666599968e-01 1.396103668498699824e+00 1.746391781287859768e+00
3.916196292087900099e-01 1.595327291734109698e+00 1.594235785378739667e+00
8.038089137556300168e-01 1.447532182057550409e+00 1.735222545220379775e+00
2.360750878319599899e-01 1.119137403989399759e+00 1.964405494782859751e+00
6.663138773473999965e-01 1.398169479080120015e+00 1.772199507959199893e+00
7.018506621286199065e-01 1.518772475711879677e+00 1.635050768976670010e+00
7.333182195337399900e-01 1.457752775579060023e+00 1.714390612425140015e+00
7.325179063614698505e-01 1.401087027793529449e+00 1.784931236584469838e+00
7.368071181639098688e-01 1.397285676817390021e+00 1.784198268748159677e+00
2.775648445518100749e-01 1.488306582816770307e+00 1.683643761501759650e+00
4.201568655206799896e-01 1.212006862017080300e+00 1.988642112080679869e+00
8.073283896328400377e-01 1.389827716690920090e+00 1.822190052958139628e+00
8.941466858034899934e-01 1.434434207377889736e+00 1.842808384948039890e+00
3.451153918108099683e-01 1.288269650830329960e+00 1.883775382932759701e+00
6.659926072032600342e-01 1.396181154701920279e+00 1.772073567600009891e+00
5.217501633829000340e-01 1.495793334759300430e+00 1.725673709364599739e+00
4.010403187914899359e-01 1.599177735058610272e+00 1.592938939014339805e+00
4.200721533645199735e-01 1.529372609509400016e+00 1.669337179971519980e+00
1.534007968643900377e-01 1.409011837530910194e+00 1.709055343156439921e+00
7.074573152077199278e-01 1.471386172015680005e+00 1.691684202624819999e+00
3.690213810887699175e-01 1.226627125641689853e+00 1.939818659758519859e+00
3.436228765277099528e-01 1.097414489718470110e+00 1.990002259163460074e+00
3.171931759095200087e-01 1.187990675496660264e+00 2.000063286637069560e+00
5.096210254800499495e-01 1.526979215562029646e+00 1.701457538365349853e+00
8.162387926025499452e-01 1.483221508186210125e+00 1.709034960885449816e+00
2.413102511122500460e-01 1.422564645954209839e+00 1.782106899577799553e+00
5.203441948755900270e-01 1.464896999215229867e+00 1.688326259633639692e+00
8.053019524930600248e-01 1.446087261901080057e+00 1.735949169673009607e+00
2.967875970109299377e-01 1.294763414144789904e+00 1.869892481304729959e+00
1.290586372958100192e-01 1.411142679176990322e+00 1.705436144438409629e+00
7.491070601770900561e-01 1.365738824365029691e+00 1.884529463577089725e+00
5.021439482334000282e-01 1.505142394049459709e+00 1.708081014022449606e+00
5.253916054839199434e-01 9.537262652589395540e-01 1.928298976544169818e+00
6.945193203082099531e-01 1.232839650918450269e+00 1.996271579349259806e+00
8.061660490692700298e-01 1.459952923151829784e+00 1.727140222957119775e+00
4.531568543462499710e-01 1.413530703145750023e+00 1.781468855163649945e+00
2.372354084611200398e-01 1.414686997131099799e+00 1.772053554213569804e+00
5.167668797570500461e-01 1.466005003032790244e+00 1.686356090194349955e+00
3.382995038437299762e-01 1.315422813451309958e+00 1.854543249216829892e+00
1.222869615572099722e-01 1.412410761125209691e+00 1.708846008301459829e+00
6.317108380240699095e-01 1.465456519244770162e+00 1.686654702305569575e+00
3.066720751536600176e-01 1.309404170192380201e+00 1.847282451459459685e+00
1.786158574913800090e-01 1.271248945592699853e+00 1.733032403979079650e+00
6.639863396673199025e-01 1.398958047943120286e+00 1.775775639229719705e+00
2.465264492484199599e-01 1.020854284073400065e+00 1.876199518137170008e+00
2.212002530015400315e-01 1.119465743128500668e+00 1.974488567928339933e+00
4.514676251340798974e-01 1.413402180816599740e+00 1.782319598735579991e+00
7.919297930960399468e-01 1.391281986749799637e+00 1.800212158413539765e+00
1.603246436460199764e-01 1.408150214890480312e+00 1.705195097670069604e+00
7.530435072601801005e-01 1.484150891376580406e+00 1.690268749422479733e+00
4.545565445605499466e-01 1.098972960402089916e+00 2.030225274626449750e+00
6.354658924891100069e-01 1.563047438549610257e+00 1.640350857088409775e+00
5.928223773894599757e-01 1.353748846924179849e+00 1.843754464675960048e+00
5.060727564321100269e-01 1.504960218952730022e+00 1.702855374792209719e+00
6.291453987624598954e-01 1.474859681362780561e+00 1.686025688618659757e+00
6.411651228155400561e-01 1.427496052905180557e+00 1.724846687571639725e+00
7.475899101761299681e-01 1.361019926062949859e+00 1.880170293535730064e+00
5.024533674123199400e-01 1.249890454992120370e+00 1.972684774764819959e+00
4.012888116313299003e-01 1.545680110521749695e+00 1.602646830205729955e+00
2.517398541057800365e-01 1.460806345663439698e+00 1.677020338884429806e+00
2.159327299129700506e-01 1.477419964331070146e+00 1.656235212167169735e+00
4.222399417079000239e-01 1.330685753884319977e+00 1.848058778665649715e+00
3.994751290265600163e-01 1.426183968009939962e+00 1.848807600591409805e+00
5.366675617237599560e-01 9.909668705943197597e-01 1.973179449477759695e+00
4.284477152941099654e-01 1.264149951694149676e+00 1.920970439722459844e+00
6.262908204913698595e-01 1.401882928840110454e+00 1.754335250686669845e+00
3.763695827959200324e-01 1.521913885319360338e+00 1.656300379696719949e+00
4.010882496540900677e-01 1.546052714986210441e+00 1.599669544878739691e+00
5.097412449929800138e-01 1.525207702393739817e+00 1.695475115227979668e+00
6.252034706226499150e-01 1.417214178811089687e+00 1.734545078571799959e+00
9.259145920542600772e-01 1.255728989721739852e+00 2.055943761626559674e+00
7.302518678090900162e-01 1.461483891279709679e+00 1.708761716571989719e+00
2.767748584843299220e-01 1.305131518445389771e+00 1.867006244370429613e+00
7.448599675974999501e-01 1.289652824997720382e+00 2.032959000239249470e+00
5.093187551865300255e-01 1.486633573985469914e+00 1.695917704998629816e+00
2.101361074721899980e-01 1.122910579291430233e+00 1.978437099267339683e+00
2.198356286557800188e-01 1.263588699739379928e+00 1.919044727723079546e+00
4.153961329663700131e-01 1.538542855828070044e+00 1.603145242671969672e+00
7.568982830317599886e-01 1.405117819495560250e+00 1.782070314138759715e+00
6.259223383846500566e-01 1.416547643007090018e+00 1.731272814737399690e+00
7.285045761598000214e-01 1.401732795018119981e+00 1.789909058876200110e+00
7.008369447242800421e-01 1.520515703598700030e+00 1.640408551605429865e+00
5.435398224295099334e-01 1.519095254942669504e+00 1.706519645715959932e+00
2.653635609966699116e-01 1.492350717984930020e+00 1.701186400611769844e+00
7.549964037236500669e-01 1.208728725904830048e+00 1.965952720858149760e+00
6.212715920181000051e-01 1.406103739497380323e+00 1.747317388826099549e+00
7.304272280785800708e-01 1.401986969989140297e+00 1.781578939529579575e+00
6.947721343731000365e-01 1.380845400066419648e+00 1.797019955696799620e+00
3.889965026724399033e-01 1.519893998362020104e+00 1.681397381369589938e+00
8.121099659818400429e-01 1.459601767142640449e+00 1.726828827608239747e+00
6.596110771889299729e-01 1.384330832429389924e+00 1.784643622083129877e+00
6.233410956849799733e-01 1.383738721344500044e+00 1.756061232710679709e+00
3.625790485595599133e-01 1.525104627199659779e+00 1.669708136020109812e+00
4.372999692599699451e-01 1.584877847288529873e+00 1.572228946029019969e+00
6.256146152400999805e-01 1.362499858423819932e+00 1.838532010693699981e+00
7.189071427792800284e-01 1.149671880765539500e+00 1.883087567122229800e+00
6.981284340756199747e-01 1.346911824867919938e+00 1.866074448974969879e+00
4.236314585243600161e-01 1.553040698458720170e+00 1.624552962913259790e+00
7.718187843756298960e-01 1.461100413679890186e+00 1.724992238270229628e+00
4.606498386578800064e-01 1.409650882435360186e+00 1.774457614347380030e+00
6.883925074627398333e-01 1.384407908171360058e+00 1.820941248199189788e+00
7.603432440140298620e-01 1.404305690652609906e+00 1.766701571131229720e+00
4.328878412801199227e-01 1.366647502931600533e+00 1.887736467454719902e+00
3.291737955841499419e-01 1.316015888334269635e+00 1.864543511383099927e+00
6.525632604958999661e-01 1.421118979067820254e+00 1.741055914871300070e+00
8.638552812438100581e-01 1.429840247402030196e+00 1.847530703340309888e+00
3.230656565024199178e-01 1.308484983695140214e+00 1.831476868038919958e+00
6.790948336872100199e-01 1.464103136162290264e+00 1.683699085333359768e+00
6.696517976954798890e-01 1.411850794991580171e+00 1.704704604984829786e+00
3.163085961143800029e-01 1.294252017184480019e+00 1.860170060640629730e+00
4.281484329683699075e-01 1.330932662195870142e+00 1.842212753641069956e+00
4.333898864793099825e-01 1.325303382021989718e+00 1.858977373298459801e+00
6.324188260089398383e-01 1.484155920413180008e+00 1.665293935983539919e+00
4.303056572197000440e-01 1.297191798247280259e+00 1.884358866555249756e+00
2.332218747891900146e-01 1.392507861974689787e+00 1.761903253169289751e+00
6.659899039908899754e-01 1.393453048548569884e+00 1.768159559026039496e+00
2.331610358210799705e-01 1.391786632296080350e+00 1.763614551697279875e+00
6.717972810492299773e-01 1.478823379736550203e+00 1.678674985002779785e+00
4.261770066840999682e-01 9.956812854783001487e-01 1.923054352788199806e+00
4.069743108097499951e-01 1.292237914610270044e+00 1.858099941421499812e+00
3.491654295667399044e-01 1.291386402472679995e+00 1.875086100675289913e+00
7.920025143214100005e-01 1.406928494004890284e+00 1.784100253908059708e+00
5.250665782980800111e-01 9.855469191053598532e-01 1.987817056218479816e+00
6.239586350002900295e-01 1.203335448826030385e+00 2.044118264987989875e+00
4.873398722296499175e-01 1.318784799970809773e+00 1.940077427623399853e+00
4.986373531335399623e-01 1.247627676927739904e+00 1.979813061909240002e+00
8.099156002874199345e-01 1.445878593486480179e+00 1.750750026276269855e+00
4.201299795093400569e-01 1.237419979111660462e+00 1.942753583196139777e+00
6.575476143208298652e-01 1.484720977943389864e+00 1.702439762186279681e+00
3.177192621074299561e-01 1.049606205351669930e+00 1.916043214031979858e+00
3.814921182482099438e-01 1.242043294689929800e+00 1.956412042699160025e+00
2.060720125327899777e-01 1.101030712786969845e+00 1.975011856072389715e+00
7.806876334153199926e-01 1.451996251859719811e+00 1.717325242630119986e+00
7.950121570985000385e-01 1.410053457638059671e+00 1.786489520690299759e+00
3.971590860374399901e-01 1.243703366803580179e+00 1.938066588942989776e+00
2.865998903529700659e-01 1.193370012912969846e+00 2.004226651625820033e+00
6.466095375956300018e-01 1.425743582434890522e+00 1.720536647107129724e+00
7.489902108596798724e-01 1.364388744362359907e+00 1.888766477391480070e+00
3.415676007811599968e-01 1.459696927871140248e+00 1.786830399020409743e+00
4.142862101834099420e-01 1.542757771451750193e+00 1.607601247836810021e+00
7.019369956264899235e-01 1.519066341032990097e+00 1.638720581562089773e+00
7.280899871235700926e-01 1.463548069120850004e+00 1.719750077845319858e+00
6.939262303392998987e-01 1.382299543665159947e+00 1.806319486661649876e+00
-2.575362611500348065e-04 1.231531626047450034e+00 1.934214637251799873e+00
4.085155429813899230e-01 1.542178904618369595e+00 1.611318408653890089e+00
5.980722333743399011e-01 1.351235253168400208e+00 1.839437579601289841e+00
7.867317659635998384e-01 1.475001225590219844e+00 1.702165488036949892e+00
4.783427215555200451e-01 1.319381166875540190e+00 1.951688555322969698e+00
4.494924891731499894e-01 1.310730044188330057e+00 1.934784176422249757e+00
4.486479894830299742e-01 1.309688565484249834e+00 1.937835681688329759e+00
8.142154033159959559e-03 1.379314117545740404e+00 1.746901673391509924e+00
-4.350763273067004278e-02 1.380733297898949941e+00 1.779641096598729710e+00
5.254083919315298834e-01 1.078770517284929786e+00 2.017117396977179844e+00
3.686160042934399916e-01 1.230263483433039928e+00 1.930360186805739842e+00
4.467439744203499652e-01 1.205073997768050242e+00 1.996590663700449797e+00
5.962575235769799198e-01 1.163668834632359816e+00 2.130508018613630039e+00
1.286399661553599971e-01 1.426209254741699572e+00 1.681137997581310106e+00
6.011457551234800079e-01 1.192349493382099945e+00 2.097889345608529688e+00
4.553466341412300000e-01 1.281899199636230113e+00 1.971333763354379709e+00
8.141229127959500600e-01 1.483097544240610022e+00 1.704923695517549742e+00
4.136055776882500146e-01 1.240297033855309872e+00 1.933479646444149713e+00
9.020494581881300933e-01 1.442986634538449886e+00 1.842513630167379901e+00
4.068633403483300492e-01 1.221617476480729936e+00 1.985867439984779770e+00
5.195670205787400464e-01 1.049216155253839711e+00 2.046047419355789820e+00
5.012256562223199596e-01 1.224847577620760353e+00 1.983561812998519969e+00
2.225531468066100083e-01 1.239817396725850118e+00 1.978884166815559675e+00
2.074890066326699201e-01 1.225337166611289996e+00 2.019363515054569902e+00
2.042209895198100755e-01 1.206387283964710067e+00 2.019387102562409719e+00
6.972682095888800280e-01 1.439834170292999760e+00 1.738101529765079700e+00
4.440181516580400389e-01 1.359745350709420153e+00 1.882089683810489689e+00
2.549606533505499595e-01 1.475920321692409720e+00 1.666101403320550123e+00
1.711301431687399510e-01 1.433729311032739817e+00 1.693770113202539562e+00
2.088928319403800249e-01 1.403438105440720340e+00 1.719625581660629621e+00
1.303299404524000671e-01 1.413088494372699566e+00 1.698470754531649973e+00
8.104821458383900667e-01 1.444078952499449953e+00 1.730945458433589490e+00
-7.423482824599980656e-03 1.381656364155860350e+00 1.761004220404849940e+00
3.352697966146500619e-01 1.302716545761710476e+00 1.880179958691749587e+00
5.409083804235299553e-01 1.069012132259110404e+00 2.039129281815330152e+00
6.981762001455299460e-01 1.217563366354149634e+00 1.958996363649129879e+00
7.386539830168198373e-01 1.361504453128060232e+00 1.940689825010319725e+00
4.410147521380199942e-01 1.415212662654680154e+00 1.801502798606769984e+00
1.239843755338999043e-01 1.441946016862899915e+00 1.678910807275999506e+00
2.913898983140699173e-01 1.195946257682850122e+00 1.987767772818069822e+00
3.055237256595000339e-01 1.295080314122520226e+00 1.864976897698449765e+00
2.486039484453900494e-01 1.461464946129290121e+00 1.676255197119890017e+00
4.724550650555199294e-01 1.408706384180759885e+00 1.807015242659820053e+00
4.314455398453399537e-01 1.296649898535300105e+00 1.885939191333839915e+00
