3.588897866809019899e+00 6.198439932320054524e-03 3.051434181962150216e+00
3.131960324538180185e+00 3.440701781540400628e-01 2.917687660894049628e+00
3.132802639699640235e+00 3.485672114714399861e-01 2.914016050901899746e+00
2.934939159824080157e+00 3.496127370110799770e-01 2.874817232306199788e+00
2.938055502480779957e+00 3.482809594213998050e-01 2.873407483729550016e+00
2.936308606337659999e+00 3.831179293507602779e-01 2.896030776874550128e+00
3.431109938570739981e+00 2.080709389841199908e-01 3.292173577807649743e+00
3.479317546704560282e+00 1.955151903583201012e-01 3.347175105582000043e+00
3.419681471285780372e+00 3.663477344997601026e-01 3.125730814041450145e+00
3.471096801843680080e+00 3.224100729234000706e-01 3.072278259950599999e+00
3.646105151197380323e+00 7.432593263207998291e-02 3.081451559296249698e+00
3.425409823174580204e+00 3.584125857881199639e-01 3.127681761864849808e+00
3.712008339569280224e+00 2.150663570961601767e-01 3.251427850946800202e+00
3.761749346569780439e+00 1.907772974158399304e-01 3.078599199728250024e+00
3.785610998969020535e+00 4.900214689184023698e-02 2.896764151484549910e+00
3.458439992930760098e+00 2.252069380632801820e-01 3.329316080722299898e+00
3.655736489188860627e+00 2.481905128743602251e-01 3.302367744146350148e+00
3.685171609033320195e+00 2.497700127629201017e-01 3.312735975560100243e+00
3.683316993527440353e+00 2.471891250706399479e-01 3.312437348206000109e+00
3.675186296354580495e+00 2.607797180784801050e-01 3.312812276379849763e+00
3.605453567084260236e+00 2.705933161968001599e-01 3.298929775115449825e+00
3.677713073512520303e+00 3.627268697435970246e-02 3.055068476623099993e+00
3.638525941176600220e+00 1.876810640351989079e-02 3.066811752920500123e+00
3.640072233062120244e+00 1.663258908348019816e-02 3.065912381470699888e+00
3.604017152609420016e+00 -6.173988951079900644e-03 3.051292866777549850e+00
3.771438431603760133e+00 1.947511810795596876e-01 3.099399212126599856e+00
3.611062668054340286e+00 -1.849948043351967719e-02 3.038725416645250199e+00
3.676807063131400266e+00 -2.235719336600050511e-03 2.961242539375100069e+00
3.532609378828100777e+00 2.225088635624401512e-01 3.102535846251250007e+00
3.431957661638520118e+00 3.093895826531201099e-01 3.192188994955500014e+00
3.451776239965500093e+00 3.248716994279998715e-01 3.058670125952950070e+00
3.777168442116560332e+00 2.012724086896804376e-01 3.289884281979399638e+00
3.447772895857660114e+00 2.580150854657199400e-01 3.295300224148949741e+00
3.451667073278020137e+00 2.163305514300399857e-01 3.165059029305250071e+00
3.437755625017120398e+00 2.806908640192800064e-01 3.133878810182800123e+00
3.589081021596180587e+00 7.177990290640146043e-03 3.054013918815050133e+00
3.662428983007000483e+00 8.979592627943988603e-02 3.067006422470299754e+00
3.753072263996019675e+00 5.408076941703998664e-02 2.918191023544849827e+00
3.836554967857619847e+00 1.433017194129599936e-01 2.982173338443649957e+00
3.712413143293600282e+00 2.122516920138000085e-01 3.255975116312399997e+00
3.747462994662600355e+00 2.105229076484005368e-02 2.970760663354900188e+00
3.720019376219600549e+00 1.252006334405202370e-01 3.091493594643400122e+00
3.740536655272180155e+00 3.326558790971989588e-02 3.019214019123450221e+00
3.725323161755720314e+00 9.220281455640355617e-03 2.985050109149899988e+00
3.746745705745800681e+00 1.053507409566802888e-01 2.872076594216899981e+00
2.936310361931980140e+00 3.836321076664399587e-01 2.890112522762350089e+00
3.661164393223459879e+00 2.485168415978802336e-01 3.301662541945050044e+00
3.656038728868500343e+00 2.039655805968032531e-02 3.010770436316850152e+00
3.589619458885440206e+00 5.919150999200040175e-03 3.053156809231400093e+00
3.675428376524760399e+00 9.786070245411981894e-02 3.081762471747300225e+00
3.753605158515020523e+00 5.119367117184014937e-02 2.924520513606749805e+00
3.464185128652760515e+00 2.123679722397202596e-01 3.350286636977100052e+00
3.595034795034360187e+00 -1.531619918495996657e-02 3.028864358916900201e+00
3.663062181245880122e+00 2.621777957180015939e-02 2.911034863196499956e+00
3.446904082478400522e+00 2.539275704516001930e-01 3.271300967031000262e+00
3.621845663082300160e+00 2.953433334216004624e-02 3.078674945513350192e+00
3.450710801593560362e+00 2.191288315332400316e-01 3.167148455676100038e+00
3.791300263625040579e+00 1.944227287272402016e-01 3.196074670478999735e+00
3.691516691825480034e+00 3.567220736332021858e-02 3.057249218043100125e+00
3.840496873536400457e+00 2.301251942718403054e-01 3.207384610429599991e+00
3.773039304095159974e+00 2.177420539248799969e-01 3.323110753403499817e+00
3.777069576994760425e+00 2.018095480434001221e-01 3.287427958051500010e+00
3.783229676769940042e+00 2.299674187907199130e-01 3.332567015361250107e+00
3.824521776423700725e+00 9.593940826503977171e-02 2.966392433364450021e+00
3.832427997116020446e+00 7.427722895540034287e-02 2.954768167359850040e+00
3.452199481937080261e+00 2.428034596751200702e-01 3.315221424585899967e+00
3.746901041458680304e+00 2.117078359070003746e-01 3.279678001340299964e+00
3.472480685952440194e+00 2.384048335650801320e-01 3.127655526959100207e+00
3.663113620028860318e+00 2.104829391136009420e-02 3.005420484779149692e+00
3.772290290250880584e+00 4.234130708668004672e-02 3.007548108962799560e+00
3.434519356346880326e+00 3.279614995040001091e-01 3.127471809445600215e+00
3.724417247929600272e+00 1.193394474930002946e-01 3.092547210634999821e+00
3.197646065379000646e+00 3.514329034016001607e-01 2.952437091222499976e+00
3.161818387953579723e+00 4.046516604264001060e-01 2.921236712220149911e+00
3.130012227382060530e+00 3.475699296192402699e-01 2.911445227328349983e+00
3.584850576587660154e+00 2.107611944094001100e-01 3.378444430297350198e+00
3.779537247796540100e+00 1.343019446909601289e-01 3.075726234894749833e+00
3.757037354109840077e+00 1.865873170984799767e-01 3.113584318227400338e+00
3.768992660932400263e+00 1.985906231583600690e-01 3.302314974644799950e+00
3.768338706357540424e+00 1.975962422466401858e-01 3.108268420964849899e+00
3.585154411852340406e+00 4.245678082759996030e-03 3.011592227693849821e+00
3.761032214940740470e+00 1.968987793339203041e-01 3.102232009831050075e+00
3.767625543168440228e+00 1.959856180854402385e-01 3.090837993249699878e+00
3.766853608987219992e+00 1.903275312496801597e-01 3.088748037014850123e+00
3.730164396803540061e+00 2.217039354880798729e-01 3.285050440626250179e+00
3.629089697491139965e+00 1.275073937503601318e-01 3.061226398173449770e+00
3.771458934913820116e+00 2.161165279320800270e-01 3.080622133790349881e+00
3.838262941939820205e+00 7.066491576491995552e-02 2.927785581034749729e+00
3.751888934989920710e+00 2.976939479464002503e-02 3.022253779632599890e+00
3.458406154114139763e+00 2.353901599731200722e-01 3.321922908804550101e+00
3.619823910259299726e+00 1.399971561879198578e-01 3.056384789934849966e+00
3.661156354795020107e+00 7.825536168228008904e-02 3.067150857445749779e+00
3.649738895755760382e+00 2.697404553904014790e-02 2.996863062611600181e+00
3.818306177634759990e+00 2.585134020568402580e-01 3.057929112968500007e+00
3.882030395038140291e+00 1.614734156718402591e-01 3.138663628381550108e+00
3.819881149467659665e+00 2.586116489779999306e-01 3.059535251281949808e+00
3.753443896127500512e+00 5.691207925719998784e-02 2.914924222555350219e+00
3.692292530613940027e+00 2.475920931363597699e-01 3.296240139005649716e+00
3.668087670471700701e+00 2.113483870564025757e-02 2.995593668049850056e+00
3.641543223010379915e+00 1.677072684596401242e-01 3.069689950488950103e+00
3.689663408792560162e+00 2.278199839463599385e-01 3.329844930600800001e+00
3.684564579758940361e+00 2.369850687166004111e-01 3.329707333222350130e+00
3.711456024954240540e+00 2.145097907416000371e-01 3.256741181386400008e+00
3.188268198958300381e+00 3.372688021658001301e-01 2.924982559290150164e+00
3.636519446602060501e+00 2.337235311428020879e-02 2.963078267752349948e+00
3.825591574036840470e+00 2.365942696418799063e-01 3.193056660090100252e+00
3.578527520429780395e+00 2.856746326497201505e-01 3.320304919666849930e+00
3.654006089552880088e+00 2.427090707756398569e-01 3.303474621565400060e+00
3.799121135953100303e+00 6.223857182752001727e-02 2.974008204162950086e+00
3.844767640496060235e+00 2.026772510631602575e-01 3.215265692700949973e+00
3.620130105655200659e+00 3.664667870848004050e-02 2.979523842876400153e+00
3.827794435776940229e+00 2.200095504218799736e-01 3.196694439604350180e+00
3.600860016627180471e+00 1.258417150000745721e-04 3.048924475234750187e+00
3.860586215256040177e+00 1.814638539945596651e-01 3.194383793172899999e+00
3.793560342122740181e+00 8.829688391180035012e-02 2.971750319662850082e+00
3.682359695329560534e+00 2.414420134374000160e-01 3.324267912265900016e+00
3.677266617258279968e+00 1.723925104600021463e-02 2.974007863065899926e+00
3.889799446594440102e+00 1.457215503070403706e-01 3.123948156236500129e+00
3.749012684793840311e+00 1.645846489692801562e-01 3.088012437998199911e+00
3.636351428478760361e+00 2.526460930555600726e-01 3.305231697750500075e+00
3.794496668419740537e+00 1.884900139276404207e-01 3.227935418071750107e+00
3.459059948180960298e+00 2.338441846022003556e-01 3.322096930368799939e+00
3.626268015657980293e+00 9.353410933984007691e-02 3.077833736080750171e+00
3.737260352142760311e+00 1.158728958029200395e-01 3.066596602046099740e+00
3.420961639522940079e+00 2.239835410790000925e-01 3.397223479369549715e+00
3.850342486712700296e+00 2.325130907450798645e-01 3.216556230245750214e+00
3.806749143421720216e+00 1.994393281988002808e-01 3.268139014272100074e+00
3.771340785924360617e+00 2.307613149251199758e-01 3.065666516618300363e+00
3.770320108678800075e+00 2.318839405176802426e-01 3.065524152255799883e+00
3.598921365288980212e+00 9.081761342672001192e-02 3.080099492484450252e+00
3.803588079509240494e+00 2.080363897493200387e-01 3.292781073413899584e+00
3.443074622074000501e+00 2.746470199127601930e-01 3.245458706153200090e+00
3.661086731858340215e+00 2.032436001403992165e-02 3.008648132071650050e+00
3.616371034921860073e+00 3.107502692055996718e-02 2.972331826584050152e+00
3.724942780277380461e+00 1.096164072515202204e-01 3.096337789263450269e+00
3.798255600176140057e+00 1.921487548922800048e-01 3.168114957254149822e+00
3.589939841814940191e+00 4.653176406200110193e-03 3.050986109045350059e+00
3.763853191310080337e+00 1.824495016853200369e-01 3.084530575251600126e+00
3.589022439320840085e+00 -6.481309006040048004e-03 3.028006712944300016e+00
3.797244230851040570e+00 2.186142695916402090e-01 3.283675670503199751e+00
3.648315375604600064e+00 2.079491906835602144e-01 3.309755259545499761e+00
3.583991736221979973e+00 1.636645543871995123e-02 2.998504346015949729e+00
3.764661674070940656e+00 4.372675487335997424e-02 2.895735645790550095e+00
3.822999147209340087e+00 2.261987422141200632e-01 3.262446683247150148e+00
3.628300920670799901e+00 1.947551564583200889e-01 3.371521743400200055e+00
3.840820586687060167e+00 2.222893965824401796e-01 3.212230512464250065e+00
3.610119173763800315e+00 2.080268661148401144e-01 3.370313858276499985e+00
3.661261174911860206e+00 2.046230297528801589e-01 3.366965760491650084e+00
3.705128209295020181e+00 2.346866801812803605e-01 3.313227309395750275e+00
3.759104469644180213e+00 6.571564762796011649e-02 2.874565323129449901e+00
3.671535739502700402e+00 3.717574601764028763e-02 3.030661244517950159e+00
3.603262426232840099e+00 2.202843051486800263e-01 3.369377579672700129e+00
3.655558791748800385e+00 5.153358459940005076e-02 3.081579210410799963e+00
3.573454991838360240e+00 3.080955232891979811e-02 2.989454093099699783e+00
3.889264488016140220e+00 1.950624947091601502e-01 3.095718633133750064e+00
3.845740683477079980e+00 2.173695987585999578e-01 3.214587650972299926e+00
3.798378136844340336e+00 4.280980561804037521e-02 2.892673577705650256e+00
3.814966193782980408e+00 1.794566150839600471e-01 3.293478336156649977e+00
3.669704139826020395e+00 2.363918345982003455e-01 3.304601662783050120e+00
3.740164929437120644e+00 3.771493491964017508e-02 2.927878103605800142e+00
3.623294097599960573e+00 2.834316114576007628e-02 3.082388534353699860e+00
3.586766768657080107e+00 2.213459601197200755e-01 3.321848130269899890e+00
3.648118523926680457e+00 2.525299521376800360e-01 3.310575087096499836e+00
3.679647483762580329e+00 3.512055374236022764e-02 3.038954700818849997e+00
3.457122348199099804e+00 2.382539031388799522e-01 3.314869365598549944e+00
3.454976587665179899e+00 2.400894063384402255e-01 3.313183245864749882e+00
3.675752045628540188e+00 1.509123475399976044e-02 2.972322992327149915e+00
3.698435266960160561e+00 1.531101556236014183e-02 3.008970694042199856e+00
3.771594870167560121e+00 2.274612738850800842e-01 3.079962459870099867e+00
3.500379600510020506e+00 2.822137891210401150e-01 3.256510275200249716e+00
3.671423081838720570e+00 3.471023993624022808e-02 3.031409607352800073e+00
3.901182342956640348e+00 1.625705481154799958e-01 3.045476221593399924e+00
3.435174671598080209e+00 3.034023978677200528e-01 3.195602994065999791e+00
3.431600124944880204e+00 2.594967595747199596e-01 3.117428745368799881e+00
3.394857776704000241e+00 3.306474535633201484e-01 3.094607876714600359e+00
3.640672938777460121e+00 1.391942754444031038e-02 3.069105319179650238e+00
3.420387099010540499e+00 3.346548531497601786e-01 3.136291446027950069e+00
3.315163502230880077e+00 5.293442853926000335e-01 2.901527891899799982e+00
3.742228690066160102e+00 3.655350293596026923e-02 2.957579026305599879e+00
3.756048071770319741e+00 4.349558699652011917e-02 2.913992789800599947e+00
3.802279690744860385e+00 1.948645579298400321e-01 3.241055260640150149e+00
3.672582854515380024e+00 6.641402412259989063e-02 3.049371542207449881e+00
3.618847737635860096e+00 2.163904684641602127e-01 3.368030842037649908e+00
3.653610995904880365e+00 3.360120587415993398e-02 2.906711919707399616e+00
3.620655990325480467e+00 5.234790464544025745e-02 2.886240090224899912e+00
3.769762224622740021e+00 2.010702905224401871e-01 3.293573178639449761e+00
3.688636244086200389e+00 9.846738995812009954e-02 3.093740707976899706e+00
3.812602346347679916e+00 2.173593017339601197e-01 3.299128113003999552e+00
3.744488858927960351e+00 2.045586327783599501e-01 3.288913931323299789e+00
3.746740119169720273e+00 3.784392893740018415e-02 3.007880118044099937e+00
3.625546899153639924e+00 2.591678552027998350e-02 3.084370082192899876e+00
3.491006997174020299e+00 2.947730465855602500e-01 3.049832981465649961e+00
3.654009676722720368e+00 3.322512835288038424e-02 2.907802266059800189e+00
3.771801694371300417e+00 1.949872376783601258e-01 3.258064833749250155e+00
3.418066717207260741e+00 3.547462262392000465e-01 3.126587827300149947e+00
3.188693978736300227e+00 3.278291003437201478e-01 2.962916850533749979e+00
3.648888107930619906e+00 6.273148222179991684e-02 3.085258833039949966e+00
3.525612844932180412e+00 1.874960346569201075e-01 3.382266877829649854e+00
3.527582914345840148e+00 1.824426203062001761e-01 3.380996602941400031e+00
3.743733927931100602e+00 1.889117948097605026e-01 3.292460539634749939e+00
3.455787006347379897e+00 2.250160689136002645e-01 3.347474291918449918e+00
3.767180823966500114e+00 2.107486901666801860e-01 3.255253427619849926e+00
3.790269591381200343e+00 5.444265780156043455e-02 3.003977201296600175e+00
3.808962147392740416e+00 1.998302290765201494e-01 3.263482793515049885e+00
3.613397068721220240e+00 2.292153699553201029e-01 3.301780027225450276e+00
3.650123483077560405e+00 4.604283399644004682e-02 2.876888069888099864e+00
3.620506676034440652e+00 5.077345606844030357e-02 2.886648704144899824e+00
3.658179942282159924e+00 3.425362655624009101e-02 2.892365974503800174e+00
3.504665721831840219e+00 1.320616872542801357e-01 3.421375982829600204e+00
3.611815323869160377e+00 1.416327113945601290e-01 3.066802688439500102e+00
3.665514959670699735e+00 2.680639875863999322e-02 2.937231313946949918e+00
3.783390028597120480e+00 6.006385260896007772e-02 2.885535974341999932e+00
3.453588184183400411e+00 2.332233742434401957e-01 3.330435397596700042e+00
3.628566922968140318e+00 2.400710574418802867e-01 3.351176388267949946e+00
3.785854922784499976e+00 1.829914855401597595e-01 3.052641058706449861e+00
3.537676110810660024e+00 2.302304272825199671e-01 3.300236253563050060e+00
3.743028985755780358e+00 7.247571694148002841e-02 2.883210434337049932e+00
3.754474888707820313e+00 4.661843364848006210e-02 2.912970062384750314e+00
3.605708714930579983e+00 1.471800398043201508e-01 3.064768722104049825e+00
3.553872887196740216e+00 2.046262203645599076e-01 3.037954563031250110e+00
3.438652653096640588e+00 1.968552843464002056e-01 3.263036882493000057e+00
3.779556910453860219e+00 2.126841441739999450e-01 3.078478031283049976e+00
3.636473858561920292e+00 2.491158478616029015e-02 2.982069862180400044e+00
3.451185186843520381e+00 3.195527739250001442e-01 3.045195005620599638e+00
3.154693114542540311e+00 3.338164812048001195e-01 2.936077264054150149e+00
3.147375266043260122e+00 3.482761632242004080e-01 2.932447170338550180e+00
3.331868291138360583e+00 4.926207154744000061e-01 2.908854902308700030e+00
3.633883138493180454e+00 1.661792968765203327e-01 3.067395483184149896e+00
3.473711709521440039e+00 2.121451859444800636e-01 3.278237218001800013e+00
3.492238561596220148e+00 2.389148740138400395e-01 3.274065828553950119e+00
3.407072881601940217e+00 2.367265214948000018e-01 3.284621272446650142e+00
3.473306682387320432e+00 2.607191792946401687e-01 3.268747299830899955e+00
3.506109479967760123e+00 2.557949919002802108e-01 3.096529241882000072e+00
3.445220417063879825e+00 2.520522394547197731e-01 3.256283933719499757e+00
3.411211821202420058e+00 2.621818486927200986e-01 3.254186123087849936e+00
3.431023422736080519e+00 3.066191856595601450e-01 3.232770704910199910e+00
3.403717504664460325e+00 2.990295292815199346e-01 3.229734267530750103e+00
3.415233956721120290e+00 2.763287793538402592e-01 3.142152980740799961e+00
3.433712432469960607e+00 2.654454687716401029e-01 3.097771986196299565e+00
3.395005386161840111e+00 3.338693213640804291e-01 3.069198606842800103e+00
3.489262825897200049e+00 2.969340550411201374e-01 3.045812155508199837e+00
3.653446686786379960e+00 2.241532604621598868e-01 3.373459979107949813e+00
3.629375019736920560e+00 1.624881267965603282e-01 3.209275814172699803e+00
3.804401326387640392e+00 6.125392832932008425e-02 2.979256794714700174e+00
3.527023332779480214e+00 2.187047054640001154e-01 3.360845994201500098e+00
3.655740392674880379e+00 6.090423459072002998e-02 3.086343543337000117e+00
3.653529941610080378e+00 6.288387881816004388e-02 3.082747449982000010e+00
3.770633318557940594e+00 1.745433165147203258e-01 3.057066217134650099e+00
3.698856017838580090e+00 1.059106092593999904e-01 2.821793283719250311e+00
3.678383976871740568e+00 5.270174637336011436e-02 3.057824831463550108e+00
3.816956466636680201e+00 8.875285680335998073e-02 2.993329928959699959e+00
3.593887059654600424e+00 3.999276353680025764e-02 2.971591292062300216e+00
3.779522080526200423e+00 1.970276340248002800e-01 3.124079973716099801e+00
3.638320254917899899e+00 2.460383898386799828e-01 3.305292271351750077e+00
3.380891920473300782e+00 3.684132760380400828e-01 3.016927015979649962e+00
3.173987239226060630e+00 3.589663509545599762e-01 2.949900607807350195e+00
3.201118606567780134e+00 3.315121955491200367e-01 2.942089965602650015e+00
3.409284993192740032e+00 4.283887185129200414e-01 2.913004370093450035e+00
3.475509846863880092e+00 1.051657172175199939e-01 3.388858387978499920e+00
3.595984751673720226e+00 5.285698816371997566e-02 2.964586148195099913e+00
3.574589877808679983e+00 2.510218383785600693e-01 3.293101643234499942e+00
3.771977659677860473e+00 2.323488263223600914e-01 3.075105277496850142e+00
3.434377416931039928e+00 3.042102617476800663e-01 3.196871147423800075e+00
3.477095162089760549e+00 2.634375788486800207e-01 3.119041014857000249e+00
3.653482939843820443e+00 2.516707802412003758e-01 3.326886716974350122e+00
3.195971495388260752e+00 3.354234329842802342e-01 2.964618420555449774e+00
2.938882703331520130e+00 3.483502900314401352e-01 2.872011473726000297e+00
3.785661270370079823e+00 2.053799248475600692e-01 3.293359217526000027e+00
4.188493270122940260e+00 3.451587325624919877e+00 -7.740847617790493906e-01
2.506132660816320357e+00 2.359504566572960371e+00 4.965648343868003245e-01
3.027574058325880557e+00 2.930102720952040052e+00 -2.693629569284996528e-01
2.412171538043859975e+00 2.271574634384159630e+00 4.347805095778500828e-01
2.579374780163740333e+00 2.301246754468640354e+00 3.539087602105501773e-01
2.380341434005080359e+00 2.302455295982079875e+00 3.982895261642998008e-01
2.609394083295560218e+00 2.489953647825799976e+00 2.434788709341004775e-01
2.096957076765760597e+00 2.345153785278879965e+00 2.459645347898002932e-01
2.133979229199660210e+00 2.546000703487320216e+00 2.121540385395497275e-01
2.221330812252580333e+00 2.344817918586840300e+00 3.242659738198505615e-01
2.084317447844680427e+00 2.431281575270599404e+00 3.167985324811004588e-01
2.085792309425340552e+00 2.356240269510360363e+00 2.331207555557504030e-01
2.280440340475600181e+00 2.147002964412320303e+00 5.936681277071995666e-01
1.934902566866720131e+00 2.318936621243320673e+00 2.489069210057999193e-01
1.264610795398359633e+00 2.281578299950799860e+00 5.990147076206997490e-01
1.661226797892979778e+00 2.513228250246039686e+00 1.301773192970494541e-01
1.430307180417579982e+00 2.360853125167279742e+00 3.842403427995497722e-01
8.412118259945999821e-01 2.102516558487760534e+00 6.914952454284999384e-01
1.577921682182639618e+00 2.385135911560079869e+00 1.288023662675992220e-01
1.255664597019019890e+00 2.374625908035359778e+00 4.670663092883504675e-01
1.067865018739399874e+00 1.957332313344679831e+00 7.409454735244995760e-01
3.451385979597403897e-01 2.291312201301279217e+00 4.051971619795500246e-01
3.682630255545160658e+00 2.334014238012003251e-01 3.322525524258500340e+00
3.186472524790480154e+00 3.970908430920001564e-01 2.901099700994600017e+00
2.706254383545740438e+00 2.288794519942440431e+00 4.384538559991502105e-01
2.848140691893319865e+00 2.085737316964480392e+00 6.428794047436996451e-01
2.571083853748760362e+00 2.373176395164199981e+00 4.485066410319000774e-01
2.678303763506520330e+00 2.464745146868239978e+00 2.303340986386994693e-01
2.770636725230320341e+00 2.534681727096839587e+00 2.976488603199989313e-02
1.826954783200620103e+00 2.415465682277799786e+00 1.508040811187503216e-01
2.537322514498079773e+00 2.008842316251040039e+00 2.915429692278004303e-01
1.548059912108199931e+00 2.418709793145439768e+00 8.995770156209959012e-02
1.726984884703519851e+00 2.371870425237919910e+00 3.171658568220001584e-01
1.438021265195100096e+00 2.383390224252760703e+00 3.282302024143501917e-01
2.085419193403060145e+00 2.330095135109520932e+00 2.480212234494505452e-01
9.988702843607999426e-01 1.858958373902239947e+00 5.551045452237999278e-01
1.410446396015080150e+00 2.272086127542119804e+00 2.933894925270998932e-01
1.502480008699319969e+00 2.397818698861560627e+00 1.980513619591000030e-01
1.465390558172479762e+00 2.216778929382200225e+00 3.614554118030000041e-01
6.458896903578401627e-01 1.989458711899000365e+00 5.753563924821998299e-01
1.253221792802740264e+00 2.238123207403839743e+00 6.174871838954500980e-01
9.009971175888200623e-01 2.270555621769799970e+00 5.947260978796502506e-01
1.322662804857260399e+00 2.319363298592719502e+00 4.584552871913505356e-01
1.323979703762219851e+00 2.243047855216039999e+00 5.665456086841502703e-01
6.439143465518397669e-01 2.162365785231280313e+00 5.660512757622000457e-01
1.359079304037340119e+00 2.283062061130920029e+00 5.058956121901498904e-01
7.143810337035398916e-01 2.203601838359560361e+00 5.901687800892498892e-01
4.892216875678199739e-01 2.177450366555279793e+00 3.993516570875503824e-01
2.930199458880500263e+00 2.805574694203201158e-01 2.900089795537450055e+00
3.204911507716380115e+00 3.740062638171202103e-01 2.915073956122950172e+00
3.573886442546560627e+00 8.946609373332026216e-02 2.928686394521600178e+00
3.591031035843620600e+00 3.226252804000351304e-03 3.058731153324250052e+00
1.320454359396920019e+00 1.969680502758519802e+00 3.985554070857002529e-01
3.447503954586800035e+00 2.093964129922001316e-01 3.193756113260799889e+00
2.207346988187099956e+00 2.368737350624280147e+00 2.983074834337493542e-01
1.660328658740320096e+00 2.444816960593439781e+00 6.376684776700036750e-02
1.212053586805580174e+00 2.148609882549919803e+00 6.825632713719498312e-01
1.406114974098760184e+00 2.359377352092800528e+00 3.003164795961001943e-01
2.942025469076180233e+00 2.841155198872400423e-01 2.914967602434850313e+00
1.957771787126800112e+00 2.284126070449440604e+00 2.966186928473999451e-01
3.403951739081860328e+00 3.266519520502402241e-01 3.052236156068250050e+00
1.503558921390899972e+00 2.394943276462960569e+00 1.928189626912506505e-01
1.613800704821700016e+00 2.473930122115559627e+00 1.266610036000499484e-01
1.175686787414720103e+00 2.126758877030879624e+00 6.461821591756002903e-01
2.142439709584560426e+00 2.404605685538640181e+00 3.705848288496009779e-01
2.004341908848480180e+00 2.348195966625960196e+00 2.049562352811999943e-01
2.397880443422380381e+00 2.303479225926479579e+00 3.971604612035504189e-01
1.941770037617279954e+00 2.359036840366839805e+00 1.800024938054005652e-01
2.488865061258860312e+00 2.337397248811559969e+00 4.855067854155499241e-01
3.373759795729660116e+00 3.752568214054801121e-01 3.036295112535349894e+00
1.299019149077700330e+00 2.203746210202200295e+00 4.941786999204498265e-01
2.533715853469660217e+00 2.243802577150160182e+00 4.893191560785496996e-01
3.401085239270080329e+00 3.510061132347201962e-01 2.994369760411400350e+00
2.067671777076459882e+00 2.400062158560960057e+00 3.486237687679496489e-01
3.649895275120280225e+00 2.738316108404004190e-02 2.922490540797899605e+00
1.209744100964819991e+00 2.077412809075999789e+00 6.691194240836497720e-01
1.150840075602719947e+00 2.134159140468560700e+00 6.119759926111996151e-01
8.551690566207600375e-01 2.069126886104959873e+00 5.740081660417000187e-01
2.090305272974460227e+00 2.351578724432960676e+00 2.318967943873500026e-01
1.203302049178639921e+00 2.197921214726560102e+00 6.129062398288005475e-01
3.808750888653240185e+00 1.156021529432800232e-01 2.955726392588700069e+00
1.400380917796820057e+00 2.380827558827999901e+00 2.917244783438492917e-01
3.451292883664320410e+00 2.672561428608402068e-01 3.090503349339599914e+00
3.825696362516960214e+00 6.670094062012021929e-02 2.925424807216200129e+00
1.285200439678680029e+00 2.261997698582720595e+00 6.049122649582998612e-01
6.462610305529001842e-01 3.622067705549520511e+00 -1.010036278211949412e+00
1.572555166476840016e+00 2.755968327733000045e+00 2.376408849566997716e-01
3.394754732224120719e+00 2.870153227168801280e-01 3.190123428921699755e+00
1.304356957154319874e+00 2.157613021066360659e+00 4.633956689798002238e-01
1.334094595992860066e+00 2.233933512675480237e+00 5.639383963245503395e-01
1.078205226781280057e+00 2.072413455264520366e+00 7.677358296725995679e-01
3.811343414544620334e+00 1.835749681917600018e-01 2.920359919803949822e+00
1.274593196622879843e+00 2.157910973215360073e+00 5.086819151057997423e-01
4.650146703243839497e+00 3.768155243566080337e+00 -1.170398304521400146e+00
2.198587600224580552e+00 2.428561006425520752e+00 3.596125170866493193e-01
1.078041083408719736e+00 1.942139426550360204e+00 7.516785853157994524e-01
1.665436448361059973e+00 2.447818453731840371e+00 6.525058367884994937e-02
1.534371222411259783e+00 2.424557223836599995e+00 1.869133537793499222e-01
2.718498103268020660e+00 2.639837688871680577e+00 -1.080533648655501722e-01
1.419055556935179707e+00 2.016642137575440863e+00 7.371512786381493321e-01
1.468261206508160166e+00 2.450092530569880189e+00 2.689762624364000487e-01
3.090605115461600438e-01 2.369060130223959781e+00 4.853398089312004338e-01
2.631777220429720288e+00 2.586919401660920492e+00 1.091366049922997128e-01
1.161424495448599936e+00 2.183742797576800676e+00 6.831445291591000668e-01
2.713015686946020466e+00 2.628380269220920162e+00 9.647208917244975979e-02
2.271342130114920366e+00 2.457643790256279992e+00 3.523350660485005115e-01
4.190035422587999325e-01 2.450133897572840169e+00 5.801839148928005230e-01
2.487059722348020419e+00 2.147454995699880520e+00 5.762443699620498627e-01
6.467708538826801856e-01 2.164055151318000192e+00 5.485139490689001640e-01
2.844413834794460083e+00 3.413288036858720176e+00 -4.599503600174492668e-01
1.266111266882260056e+00 1.926073490531959864e+00 5.224188488548500153e-01
2.432388539250259551e+00 2.397823020101040647e+00 4.676157537382499285e-01
2.877484461685640316e+00 2.674431531850560262e+00 -2.084558665252997933e-01
2.476706478998600414e+00 3.459390218635959968e+00 -9.053741156519001798e-01
2.890187104950460384e+00 3.274253031778919798e+00 -3.213226312724501987e-01
3.427806863887280286e+00 2.906118563283599521e-01 3.211973027042200002e+00
1.083042615066819980e+00 1.895218286863600055e+00 6.237954908454494962e-01
4.233507585111559557e+00 3.402872908406719965e+00 -7.840976423347005841e-01
1.234093974894099777e+00 2.111473513128480306e+00 1.325591910272250207e+00
4.190823623857439451e+00 3.440914095226760061e+00 -7.730723719088001822e-01
9.913637041009597528e-01 2.468852525127480213e+00 7.399715168630005557e-01
1.475559093667839994e+00 2.521785059172840349e+00 1.159606261261996174e-01
1.138134759163160092e+00 2.136106982502560037e+00 7.383504087873005162e-01
2.577972857839200493e+00 2.279863896314879845e+00 3.763159714586001847e-01
3.810793679781600218e+00 2.002605424415604407e-01 3.303709134463999941e+00
1.532046670591039605e+00 2.434315488917160764e+00 6.248625908360105896e-02
1.145419555828660174e+00 2.060222081722599796e+00 7.234525687134500949e-01
2.758736382578020230e+00 2.288473998873319815e+00 1.206936626585042305e-02
1.478378839384099974e+00 2.430050404848199896e+00 2.471928273910499740e-01
1.216156550951579929e+00 2.040215035278039934e+00 7.833317617499497842e-01
2.925407197786840108e+00 2.761285906555680292e+00 -2.087401361852996295e-01
1.490671731954980039e+00 2.225345791065960199e+00 3.670419737660499671e-01
2.922876198295920158e+00 3.195141638520400118e-01 2.900300308222599988e+00
1.696400959587379687e+00 2.491990407744800073e+00 1.779017449616500102e-01
1.849248422672260306e+00 2.436663095550759550e+00 1.293085405114502429e-01
2.760136130474440286e+00 2.702522914852599989e+00 -1.502337561194999616e-01
1.383107539267200092e+00 2.143489775359640248e+00 4.918921256452000179e-01
1.885250334611600076e+00 2.521116166748639920e+00 1.946778596884000123e-01
2.926068632170900852e+00 3.490578919726201157e+00 -7.451303464039500390e-01
1.811291345754460158e+00 2.510847800937439978e+00 1.791824579733498624e-01
2.939239228634700662e+00 3.078544560489202553e-01 2.903463781452550130e+00
1.456701383527599925e+00 2.447473122983999438e+00 2.744816860432002237e-01
1.174410822662999898e+00 2.165436989568600090e+00 6.951879013210997549e-01
2.128636361973600177e+00 1.974202395600799909e+00 6.213388001853998865e-01
1.257185653553560156e+00 2.213376771070080018e+00 5.666264327866996631e-01
1.383773717945759874e+00 2.319070280156079633e+00 4.373261830399997052e-01
2.804191768399060258e+00 2.652628684121359548e+00 -1.520184836585491972e-01
1.541255283553739863e+00 2.513260132924120427e+00 3.607521393035062474e-02
1.515744150045000405e+00 2.409989043665079933e+00 3.098901481209002107e-01
2.721484637396780482e+00 2.651927158825640340e+00 -1.113406895056501256e-01
1.762566419940559959e+00 2.709451006309559595e+00 -1.891341144067997249e-01
1.445010578161920023e+00 2.225007460300640005e+00 3.559087816601995691e-01
2.185123984563400068e+00 2.412554553112040701e+00 2.532373890680998940e-01
3.620040066965000580e+00 2.130919509511202126e-01 3.376177014070299798e+00
2.901415323344460173e+00 3.620694529031839970e+00 -1.053836308708850478e+00
1.858859532001640114e+00 2.432216917788919908e+00 2.855069872983002632e-01
1.635748275063960033e+00 2.257453610168079550e+00 4.569638373441002877e-01
2.303802716648540194e+00 2.453018286278080495e+00 2.406978064377498505e-01
2.820931857683260269e+00 2.864406684011199467e+00 -3.334735582388490549e-01
2.211231844690920045e+00 2.441501720165439870e+00 3.326161129198994537e-01
2.521550251306300172e+00 2.297608610136520291e+00 4.650942921319498602e-01
1.258237256285920092e+00 2.190930753856719981e+00 4.389469665932002052e-01
1.063126074411359978e+00 1.882007685883400283e+00 6.264427078108001368e-01
2.525200512925000140e+00 2.280045129995960096e+00 3.493625090176997183e-01
1.278361297022520215e+00 2.140910646012599727e+00 5.196259209023001979e-01
2.063939436969240315e+00 2.703688286658400663e+00 3.903804769028997868e-01
2.800259137696719858e+00 2.642611757622399971e+00 -1.367505129277999387e-01
2.999759315432420248e+00 3.072960256490239850e+00 -3.246132765645506346e-01
1.979383798360079938e+00 2.349032331502640680e+00 1.975907623377999300e-01
2.146187554605900605e+00 2.302717872928639942e+00 4.080710327127503589e-01
2.415359602278060347e+00 2.321064820706039811e+00 4.970968267891504588e-01
1.541334239082879698e+00 2.432214030173639685e+00 8.331419603880041436e-02
2.602329573941200458e+00 2.447543537393480406e+00 2.918879712310000762e-01
1.278245465022440186e+00 2.074098126333879577e+00 7.914360047788999708e-01
2.729658123678420534e+00 2.497510743793440291e+00 -2.502417786171502456e-01
1.248458516628059956e+00 2.214021976960360405e+00 6.614410778309500749e-01
1.159491306770720209e+00 2.086432122390879940e+00 7.378110916504003747e-01
1.253137030177360112e+00 2.047689467917040318e+00 6.823300719546003812e-01
1.274072452012539935e+00 2.677407002668839908e+00 -1.126892711216500587e-01
1.452751910162999982e+00 2.371429456479280162e+00 2.268686543390998622e-01
2.700586572489640069e+00 2.034830377101200405e+00 7.403829313017005198e-01
1.063934981701859961e+00 2.121219413231560047e+00 7.753510284106499562e-01
1.134639453952839938e+00 2.100912490076759731e+00 7.405273158181002735e-01
1.463193035910199891e+00 2.712512622806880103e+00 3.356538811293003910e-01
1.250426620389880172e+00 2.083463300010359731e+00 7.370662199863002861e-01
