3.629720638306390246e+00 3.260445071463804467e-01 3.121640530790600110e+00
3.672247377071850227e+00 3.408498320228603440e-01 3.142117116458280179e+00
3.462338503156449754e+00 1.017908713383199881e-01 2.869384520981699715e+00
3.002382619993909874e+00 2.796455576095795426e-01 3.038497331795420031e+00
2.986394782099169642e+00 4.219693084815001605e-01 2.760753553195919974e+00
2.986857844953220376e+00 4.264665035132400028e-01 2.757015326814659772e+00
3.004144288379339667e+00 4.358227401122798383e-01 2.786182335907770202e+00
2.787143516713320057e+00 4.200873363379797887e-01 2.729427457036510241e+00
2.805268447353550076e+00 3.973387255738001222e-01 2.748930894963259597e+00
2.788522646052770337e+00 4.537761329220599826e-01 2.750347559810410125e+00
2.706527053920220194e+00 4.115272407447601033e-01 2.816432291361920193e+00
2.708709612585409765e+00 4.094850436859598375e-01 2.818959940819610210e+00
3.363314601937339887e+00 2.892161915900801628e-01 3.170012812451629802e+00
3.399039328461300524e+00 2.271522812125397195e-01 3.246452215150859910e+00
2.651972479537449967e+00 4.232384748905999583e-01 2.726131354040670196e+00
2.622853819880170079e+00 2.994838142758999844e-01 2.647691897713579934e+00
3.589178325495880006e+00 3.164355212358398450e-01 3.060744904932620081e+00
3.662341942777429971e+00 3.488336995195999712e-01 3.165767123603499655e+00
3.648036657559889928e+00 1.505139165569600035e-01 2.703272234914740224e+00
3.534794112503829577e+00 3.478851755848599847e-01 3.114706736299039935e+00
3.562948328489260241e+00 3.513405911149198868e-01 3.123186716716499944e+00
3.512285828929960108e+00 1.162551286596396061e-01 2.881772498884849654e+00
3.640369578658680272e+00 2.971522225808600481e-01 2.905616067515389922e+00
3.326551033235749966e+00 3.478960342993202559e-01 3.096819490949330067e+00
3.484611824177210160e+00 7.781482644912030011e-02 2.855534369576670173e+00
3.545104130385519969e+00 9.586480596250024355e-02 2.774261308364160072e+00
3.626407851073590205e+00 3.090622910841600568e-01 2.845672210217010001e+00
3.656923155493799982e+00 3.052847651798000772e-01 3.095404789648419808e+00
3.609921049764459600e+00 3.243099555738599982e-01 3.092818115759909947e+00
3.589949072591080093e+00 3.136709974439002568e-01 3.065275598662089873e+00
2.780582538320460095e+00 3.653353759293400671e-01 2.863233340319229825e+00
3.605775138738219976e+00 2.052404070512596768e-01 2.680597892892389922e+00
3.452703935612639885e+00 3.394158270861598048e-01 3.108083725745079740e+00
3.610823642950709456e+00 3.231349844378601510e-01 3.093318984745740075e+00
3.526921394462799508e+00 1.204107786867800733e-01 2.824443193241269690e+00
3.347784879500259603e+00 3.055349706407801680e-01 3.173913208158190002e+00
3.324438602551700317e+00 3.458590327187995861e-01 3.095852384326549966e+00
3.665817185392839850e+00 2.982552835925398327e-01 3.000967766026270134e+00
3.674462038436679734e+00 3.625526023780802909e-01 3.150171657749630150e+00
3.654135593593620168e+00 3.218401715541996388e-01 3.128728133439580006e+00
3.656662149963079589e+00 3.057998050383397004e-01 3.092955620396180105e+00
3.332680209034580177e+00 3.352582926611598069e-01 3.139447038201379936e+00
3.533163293646189640e+00 1.189661353171598268e-01 2.819039552437169860e+00
2.992380960732280215e+00 2.823025515565595889e-01 3.051240356206769810e+00
2.999355993654750030e+00 2.831891995380200200e-01 3.038359222967709883e+00
3.014182155748269754e+00 4.836125369925197148e-01 2.762233602291429779e+00
2.983960868417969703e+00 4.253502705202201195e-01 2.754617065622590122e+00
3.627124508778039491e+00 2.885795923925198458e-01 2.920660504949060154e+00
3.456358628295370217e+00 9.940972581057971880e-02 2.829839873237979919e+00
3.638520123054469479e+00 3.183649269838400020e-01 2.886757173414570055e+00
3.532715817007149983e+00 1.765205312679403171e-01 2.880475771542259977e+00
3.519106718820620205e+00 1.243423391221201157e-01 2.811246197222890153e+00
3.684054393028369567e+00 3.624211352888400128e-01 2.862655635217699945e+00
3.611509713720680192e+00 1.346505032565996629e-01 2.828385341808480113e+00
3.592164304607460057e+00 3.693384144207201292e-01 3.183883263098669758e+00
3.659130323047879774e+00 2.897468856885201394e-01 2.963721699173929913e+00
3.512903662733469989e+00 3.282788643879599455e-01 3.233153722102910077e+00
3.546670333246089601e+00 3.626381089029397931e-01 3.113103039581250009e+00
3.518733056377790103e+00 3.101259834179797004e-01 3.223340116299519664e+00
3.605530707950749925e+00 3.163442658866797430e-01 3.115904324646869838e+00
3.494349979311110133e+00 1.243494621782199605e-01 2.800997835132009950e+00
3.474347749461890178e+00 9.613511934322005459e-02 2.866212997633890147e+00
3.618433470389400330e+00 2.661133298819198245e-01 2.895717236875239742e+00
3.515458940723859893e+00 3.516599912332598610e-01 3.118673709873330147e+00
3.340250585931840099e+00 3.266033057315400612e-01 3.145957628191609956e+00
3.685236680351680061e+00 3.043586013220802577e-01 3.071979991232570040e+00
3.636999313414200241e+00 3.328848955926799746e-01 2.871756776441510173e+00
3.635931872670399745e+00 3.339689066831599273e-01 2.871668300677079788e+00
3.627523683439210167e+00 2.761956175051198947e-01 2.917634513159899967e+00
3.531355202570570118e+00 1.181934889877398476e-01 2.822383784307859855e+00
3.488465052699139424e+00 1.296229537048401159e-01 2.799547539806479968e+00
3.671157040087610124e+00 3.110118155559797870e-01 3.055775381551590009e+00
3.671213414343190262e+00 2.960267910638203492e-01 2.972662153942259966e+00
3.463408258622290070e+00 1.002809087322598103e-01 2.868884564515429947e+00
3.675834621189230322e+00 2.865981350576201070e-01 2.971231222096140101e+00
3.461562592356759893e+00 8.895089738017980530e-02 2.846057052023299949e+00
3.675959002966080025e+00 3.232927837155399331e-01 3.087943411332089827e+00
3.494697555620720042e+00 3.066066400107798628e-01 3.185410918669799862e+00
3.442432100071279866e+00 1.253700074371797424e-01 2.808282311172199730e+00
3.544646089488320051e+00 1.398771209444600316e-01 2.858147321425460241e+00
3.720369818317700084e+00 3.232864180978198831e-01 3.016150038276069978e+00
3.661510153093929798e+00 2.863352119342199575e-01 2.951498783745730048e+00
3.549288495581670144e+00 3.366146234737801279e-01 3.116183882166089880e+00
3.637081759525359725e+00 2.995711584609397349e-01 2.915784417479899915e+00
3.644919031852869917e+00 2.966318254603002025e-01 2.920103835248549995e+00
3.337736724721449555e+00 3.308867091477596389e-01 3.138832281770880250e+00
3.638204153872340196e+00 3.297020075312997456e-01 2.886030752676389977e+00
3.453269404736699411e+00 9.746648353976028467e-02 2.863880573191380119e+00
3.495000158958780023e+00 2.772636986747203380e-01 3.244619031885810134e+00
3.608745721624380121e+00 1.369594350412604022e-01 2.766580533289739741e+00
3.517487008486400057e+00 1.304377144108399555e-01 2.720988990627679627e+00
3.482736595056540541e+00 1.478320694655999024e-01 2.702376843020480202e+00
3.560940641904239978e+00 1.979063594611396582e-01 2.905309140277339885e+00
3.624144457527719965e+00 3.073833156944598688e-01 3.096326216818059862e+00
3.693146843292050008e+00 2.241606431513600839e-01 2.828676901693730095e+00
3.682699787614919895e+00 2.447496584201596104e-01 2.847618948804969907e+00
3.507315699563000155e+00 1.329055437673205553e-01 2.810391544119109852e+00
3.507152144433119734e+00 3.175667413937595107e-01 3.168158345159690192e+00
3.517961840105659821e+00 1.300843321842402034e-01 2.722056179348490090e+00
3.649948040444329855e+00 2.985749652250200281e-01 3.063986500357700038e+00
3.046215916030309945e+00 4.081193661403399453e-01 2.802679328607399878e+00
3.411833113487030111e+00 2.831312509006598255e-01 3.202384427375430054e+00
3.413908758678000144e+00 2.781428946786599354e-01 3.201028047614709937e+00
3.338782332530229713e+00 3.178508970779201359e-01 3.171529053997260039e+00
3.493211452408509832e+00 3.273919854044202715e-01 3.116691604959229700e+00
3.527708255031030138e+00 3.158218976652200638e-01 3.201065535734629819e+00
3.521187366729559454e+00 1.311483014033201222e-01 2.706397573131460010e+00
3.395228300522080023e+00 2.272685245018197797e-01 3.242941886970430065e+00
3.461448044241000055e+00 2.086671722377797522e-01 3.256618980500829874e+00
3.651203279849319916e+00 1.579468686071403560e-01 2.776920463115259974e+00
3.644765204171239947e+00 1.614049881459997948e-01 2.692134543493059695e+00
3.335299117430559956e+00 3.258473153220800000e-01 3.154604423789269863e+00
3.670607578748630306e+00 3.088431461420997337e-01 3.051068486569530336e+00
3.672750298245419653e+00 3.102811982706201732e-01 3.043646028412489990e+00
3.652461976934469945e+00 2.855743849411198632e-01 2.858158951854419705e+00
3.603911955940390044e+00 1.723360141851797422e-01 2.692103249439270041e+00
3.509693785607090000e+00 3.070666288015801992e-01 3.224305546563900116e+00
3.317805003333419656e+00 2.884667740943602787e-01 3.088385706571469935e+00
3.646599386253789543e+00 3.152109816352397509e-01 2.884162222743360093e+00
3.505088000943319848e+00 1.216935677590000875e-01 2.797263590629599950e+00
3.002478302158690049e+00 4.268374178157401388e-01 2.774565712440610010e+00
3.406109641569519564e+00 2.829099121565596953e-01 3.199785060677129866e+00
3.353108250601620099e+00 3.051228235693197455e-01 3.101432758737849849e+00
3.370373845245269617e+00 3.325115048981599486e-01 3.096045693207329919e+00
3.287534740183690296e+00 3.526942177419198909e-01 3.080806665255369836e+00
3.667985611746129582e+00 3.379546497038599107e-01 3.129101460848759952e+00
3.690482397553270122e+00 1.822108091392196094e-01 2.837012943917489594e+00
3.590999009883989679e+00 3.145635471055800991e-01 3.058635052815219968e+00
3.461443002863960228e+00 1.351515365278002090e-01 2.789209091427629961e+00
3.517667334845589355e+00 3.451281995432600169e-01 3.118654176453500071e+00
3.239622813432350146e+00 4.560053253005802443e-01 2.845163803063289976e+00
3.029652906680230018e+00 4.386089762995599717e-01 2.790379346547489980e+00
3.620278141285899753e+00 1.301991024648994077e-01 2.786144618882000046e+00
3.365230268111300216e+00 1.990990040007598605e-01 3.212324107382239724e+00
3.548194498793220131e+00 3.473450679518597095e-01 3.212202832016809673e+00
3.607926345151029945e+00 2.241717599004600103e-01 2.894740109292589736e+00
3.462659902219539454e+00 1.480308563626202556e-01 2.782025573488870140e+00
3.453196849519019729e+00 3.477202787694397834e-01 3.110178048673239992e+00
3.345359909241020002e+00 3.553247811716999660e-01 2.942041684796979695e+00
3.517551759346019935e+00 1.276214209357398044e-01 2.722126725052749663e+00
2.793667760943349787e+00 3.252592416605997183e-01 2.802829100990209987e+00
2.779218340186619951e+00 3.881740542718596920e-01 2.749939317952679652e+00
2.729780332812879795e+00 4.203913488577197821e-01 2.707816732323140130e+00
3.678909710624599594e+00 2.953623021525997316e-01 3.091278099957490255e+00
2.790960628952679823e+00 4.189471740043597681e-01 2.726403011588160119e+00
3.530503213637589788e+00 3.449459439166400188e-01 3.122392483145929987e+00
3.758522391148260144e+00 3.481284128866120042e+00 -1.017457354860159757e+00
3.712611456029170309e+00 3.538164137688499800e+00 -1.002761985488810570e+00
2.063464392790140156e+00 2.389186114655780457e+00 3.508202858848097350e-01
2.147868144412599989e+00 2.395563260153600105e+00 3.696717628727399507e-01
2.053739180393530095e+00 2.303848060613959969e+00 3.139426859401903691e-01
2.214765848825249961e+00 2.338930363227440079e+00 2.232936762734998304e-01
2.034047768177060345e+00 2.414558211154500533e+00 3.173853848739502936e-01
2.018737702570540193e+00 2.333290212088080295e+00 2.792091445100197689e-01
2.231420508877300257e+00 2.527774832568939978e+00 1.103042745592897056e-01
2.010426204646680315e+00 2.444261929762840069e+00 2.910916173288793374e-01
1.725609761405979992e+00 2.364615450321399859e+00 1.434612309431102517e-01
1.753263142412449627e+00 2.566411009607779015e+00 1.064866194564100255e-01
1.854255040658230103e+00 2.369343374946499825e+00 2.143702784450502996e-01
1.713980931689560006e+00 2.450753163934019874e+00 2.144561263091002701e-01
1.713320752777449663e+00 2.375196861682180582e+00 1.312326240859698068e-01
1.936093444887899917e+00 2.175786590142440247e+00 4.809044466821696950e-01
1.565063115423179774e+00 2.332594909355020008e+00 1.559960515448404195e-01
1.733385144236740061e+00 2.594774075724719964e+00 -2.024221996459907302e-03
9.180663839576195251e-01 2.273684365265240537e+00 5.448236820792993207e-01
1.498011558956029443e+00 2.400583904661020451e+00 7.381808600679917731e-02
1.278052320632169669e+00 2.516009147422700210e+00 5.241807052411973089e-02
1.128762187552459828e+00 2.461606423446280001e+00 8.655354900758993608e-02
1.067998013549690040e+00 2.357290873909479778e+00 3.203280786509199451e-01
1.199529305473979512e+00 2.384989843335119986e+00 5.658476500262965558e-02
1.641106486412509557e+00 2.372916366404099975e+00 1.078545598447395726e-01
9.367363524195100322e-01 2.222971220519020186e+00 6.017636702143298599e-01
7.222385487459698217e-01 2.124410174147659980e+00 6.280959257658893513e-01
7.179836804465601352e-01 1.869956294580639611e+00 5.455034750680800570e-01
-1.291012397958499980e+00 2.542777828013579544e+00 2.099443627540695800e-01
-1.324835184777690023e+00 2.614533773802559580e+00 4.024953857632995735e-02
3.061055949983059854e+00 4.294781531104399086e-01 2.741701991154219975e+00
2.347561070122280213e+00 2.634996802808720062e+00 -7.791749586810059469e-03
2.370867739651719930e+00 2.355683373215440746e+00 -1.710167236759008169e-01
3.037882858956360010e+00 4.767967861175201882e-01 2.740732120193600352e+00
2.346715428877970577e+00 2.331686667158139770e+00 3.003534066703101857e-01
2.507548848166940125e+00 2.135395045866239627e+00 4.972187640854799362e-01
2.209374248712459909e+00 2.411212136973339693e+00 3.178328003847696870e-01
2.300321815743819442e+00 2.504970723313160619e+00 9.329311193807932057e-02
2.378228901063980327e+00 2.576705265907859754e+00 -1.126902639728406541e-01
2.179837592708619987e+00 2.044746480492599883e+00 1.650347211108700307e-01
1.359675730376319835e+00 2.378501289823120146e+00 2.359938944737600686e-01
2.807264286829820321e+00 4.396288941654400428e-01 2.719013883130020126e+00
1.714767147779129974e+00 2.349166217021680048e+00 1.462674097926499606e-01
6.657930236551800052e-01 1.841444625957879833e+00 5.187331564306298937e-01
1.046135382634519884e+00 2.267195854987860137e+00 2.312617008938997465e-01
1.127829485158659661e+00 2.395456251264100000e+00 1.300511632615695135e-01
1.256927796299989630e+00 2.682166849564080024e+00 2.360519550811792655e-01
9.093610349757300648e-01 2.229984735147239494e+00 5.641587892252903913e-01
3.040261586483750111e+00 4.478929154429596160e-01 2.721880383801499992e+00
9.480146852078998876e-01 1.923062673987260052e+00 4.356465465634795642e-01
9.664333161661102789e-01 2.312497033795279933e+00 4.009177803234900139e-01
9.768111537991096549e-01 2.237080389958260085e+00 5.091486896270001061e-01
8.354425250913198875e-01 1.830260688380359824e+00 6.060931256661001854e-01
1.006844409773409721e+00 2.277884341604300200e+00 4.463427813642093511e-01
3.714590865233499128e-01 2.175856656236379916e+00 5.685213515771696535e-01
1.366889261682100176e-01 2.140193146022439930e+00 3.913127445439399388e-01
2.786399636158650051e+00 3.510949227520403504e-01 2.755298122027269869e+00
9.734847234897600066e-01 1.962528420584620292e+00 3.430975159684801490e-01
3.550818360871140111e+00 1.349644710304600537e-01 2.848349921881910163e+00
1.837923703066890013e+00 2.392550379904260449e+00 1.891462393570497724e-01
1.275787137650779890e+00 2.447120547169559845e+00 -1.346433168308980299e-02
8.753338017684901828e-01 2.139529140160559617e+00 6.319989551624596302e-01
1.039037319063300213e+00 2.354323008920240046e+00 2.379683491853397115e-01
2.798933159931229486e+00 3.551870119907001300e-01 2.769441281422349910e+00
1.629307947890919595e+00 2.532721803041678932e+00 1.402745481292102525e-01
8.377334523241198871e-01 2.116112593867040204e+00 5.979185359244199027e-01
2.036132446720489764e+00 2.334937468273079908e+00 2.770528754737195953e-01
1.566447726451739797e+00 2.372405837845100063e+00 8.659732807868003590e-02
1.226003070542790008e+00 2.479378493196380262e+00 3.799094383220236182e-03
2.179179523326769896e+00 2.280880580434360372e+00 3.614399129335592598e-01
1.700361932556849531e+00 2.419190167944560432e+00 2.473632131031995307e-01
8.748414936351898152e-01 2.068197584321679994e+00 6.190892294034995302e-01
8.106870205358801540e-01 2.122358945949800457e+00 5.651823421846797757e-01
5.158740568680001415e-01 2.046429406014759422e+00 5.448814354703501728e-01
1.717921719271130021e+00 2.370692136378960591e+00 1.297719815944393673e-01
8.607569368708598567e-01 2.187976226907079713e+00 5.627119147716501679e-01
3.317820186193600307e+00 3.579993408804600374e-01 2.915038949629869869e+00
9.543495698433999141e-01 2.150232875296899770e+00 4.077728625582897060e-01
9.870826214905300544e-01 2.228317630012500050e+00 5.060037235955099355e-01
9.272779818705798593e-01 2.149792497979639894e+00 4.547169703435693933e-01
1.133305955220969663e+00 2.526704569668019928e+00 -4.111985436741072419e-02
7.531760240437999077e-01 1.928878019048500203e+00 7.099086416870896699e-01
1.280859825838369881e+00 2.450315145132920591e+00 -1.229714287061112188e-02
2.388544258224610140e+00 2.681618340332519779e+00 -1.122505806942704076e-01
6.796397550306600976e-01 1.927826403236819974e+00 7.714545616173200671e-01
1.269727047167199752e+00 2.411911530774000223e+00 2.038894403991395876e-01
1.353829203260150216e+00 2.555498334423959683e+00 2.288192360661955860e-02
-4.502785536689982160e-02 2.325813447458859429e+00 4.866564358845000271e-01
1.901670755097899956e+00 2.484103614539539429e+00 2.388758318296102523e-01
6.721715574877992760e-02 2.411497922108579939e+00 5.744918463732804348e-01
2.141196518405509952e+00 2.183559122752940063e+00 4.514480850634896569e-01
3.030269286081198610e-01 2.133590918873119691e+00 5.310934286242305902e-01
9.280593487440297329e-01 1.917907898300659664e+00 4.701504167370895715e-01
2.459757795431989802e+00 3.616099792424400050e+00 -1.110291490082869981e+00
2.071218965806849610e+00 2.430982738233519846e+00 3.448743374132297035e-01
7.524398800001498300e-01 1.881222970730680011e+00 5.822013716797798111e-01
3.758711986675499883e+00 3.491031654967680531e+00 -1.015127684699440369e+00
9.360599590516901491e-01 2.107969486261159986e+00 1.272832016050149839e+00
2.215448830343059949e+00 2.317677206411960178e+00 2.458571878434101521e-01
9.227468333339799988e-01 2.207866993239639974e+00 4.221857013197798381e-01
1.976691575758809716e+00 2.320950273790999940e+00 2.762834908788298627e-01
-1.117210890878050256e+00 2.480728744747460190e+00 2.746066795134503025e-01
8.144535552879700324e-01 2.049101206579539980e+00 6.771743741256002203e-01
9.245800533569100699e-01 2.158313225621579790e+00 6.692322884229904290e-01
1.105468100199909598e+00 2.427160676565099706e+00 1.803446036746301218e-01
8.892339459189497752e-01 2.032101115595500218e+00 7.329275089887592465e-01
2.510514227659899955e+00 2.806971820394719153e+00 -3.610164961448600884e-01
1.132156279652729580e+00 2.223924580506740245e+00 3.003518838545193859e-01
1.316691838453669883e+00 2.496406953037520360e+00 9.811960192997926100e-02
1.468369291257350051e+00 2.446268598288860119e+00 4.098072681694997499e-02
2.351174514674419846e+00 2.742722570857459630e+00 -2.926534719301296938e-01
1.505010682227300167e+00 2.532446082383480679e+00 1.036900285921893428e-01
-1.266121336869949987e+00 2.501210034479979250e+00 1.280120976375300756e-01
-1.216498483786970120e+00 2.359872915161400186e+00 2.240644480414695217e-01
-1.292935044599540007e+00 2.424543681901879744e+00 2.844440662549794219e-01
2.409236120653399649e+00 3.077393110016200417e+00 -8.194226090629705972e-01
-1.460369701922019869e+00 2.596117008759899925e+00 1.386843896008298493e-01
8.379007897416199668e-01 2.155081021157300381e+00 6.467101388568097242e-01
1.058289777301820056e+00 2.331347112654560405e+00 1.835829536716500066e-01
2.303263605332640296e+00 2.602930976910259986e+00 -1.489932097463899652e-01
1.147121259351820077e+00 2.408923932517860411e+00 2.408591807308897437e-01
2.316718241895130426e+00 2.691055224805899648e+00 -2.513038604871500326e-01
2.426279374425610147e+00 2.954125909238499936e+00 -5.713099504578598165e-01
2.435214752307280239e+00 2.806665567465240763e+00 -4.463978554423309042e-01
-1.308876618224710020e+00 2.513992665169520357e+00 2.235753132486291150e-01
1.811536696140539693e+00 2.435203228043179902e+00 1.452192197207096136e-01
1.509923044162359895e+00 1.881748831987500203e+00 6.659934206808397761e-01
1.280949426703839933e+00 2.261906616194399700e+00 3.814815443884898016e-01
1.927732866886610053e+00 2.479825766925120689e+00 1.255602206210197913e-01
2.395277020068310225e+00 2.905333119490839167e+00 -4.799822838159299998e-01
8.147482904736199627e-01 2.041239416163779907e+00 7.611303717276602931e-01
2.163674297854550233e+00 2.334032317929140010e+00 3.376824697806202202e-01
2.362750983373340219e+00 2.861610978264580218e+00 -2.778246164107605054e-01
2.707474609854199965e+00 2.915064638886119219e+00 -2.955374299053397102e-01
9.057035203753603936e-01 2.181684316806520307e+00 3.858820938649798471e-01
1.393778343504530115e+00 2.476100063999640000e+00 1.017790856386913134e-02
1.559251465061770148e+00 2.401780924175700438e+00 1.177972160352602771e-01
2.647271116186720175e+00 3.843536455553600018e-01 2.743467105071109913e+00
9.322927122312201220e-01 2.133020508460580000e+00 4.655120545228901285e-01
2.530767252969830405e+00 2.803155938372720257e+00 -4.847213569177308834e-01
1.769053439824469942e+00 2.433205855612639912e+00 2.464797083046303960e-01
3.190608609793229800e+00 2.465797666706079916e+00 9.587372640451192751e-01
2.339788476758090319e+00 2.407621934722239843e+00 -2.308761931431502212e-01
2.566601699756870136e+00 3.120258591643759516e+00 -4.826772220279198500e-01
1.605359837188919947e+00 2.363894390309800198e+00 1.020127502816192688e-01
8.795669485114697705e-01 2.193138183454280021e+00 6.418298167015694666e-01
8.525494044420298678e-01 2.185686023846959980e+00 5.580908315933492680e-01
2.360667882147780006e+00 2.751852000198939052e+00 -3.598206423888190564e-01
1.785694667276170211e+00 2.325182507377280494e+00 3.026397765140997898e-01
2.058740062551329686e+00 2.353880654089619995e+00 3.757042911587697986e-01
-1.158331435585729929e+00 2.437224028059319814e+00 1.926456217479697308e-01
3.390509624395559918e+00 2.849178928400002420e-01 3.195691924818570229e+00
1.800554179778260044e+00 2.431825124886680456e+00 1.459466490935890093e-01
1.512661694652109867e+00 2.443280788052439867e+00 6.411232837136937590e-02
2.180717193617879968e+00 2.406255452815559970e+00 1.872392650964500582e-01
1.083901704717689762e+00 2.219126505421640250e+00 3.417843972701093413e-01
9.504135473893399189e-01 2.068259829389220261e+00 7.372147132500095346e-01
2.479968520274460353e+00 2.824440414660900345e+00 -5.054580067490905826e-01
2.322421510007349976e+00 2.536010592332560876e+00 -3.896273176913802594e-01
8.717099955171098147e-01 2.664321100878340509e+00 -1.683007650622201368e-01
1.080855190883259764e+00 2.367505111947960206e+00 1.618609417963599029e-01
8.694883556416200809e-01 2.118512278549100181e+00 6.539153394518200102e-01
2.367865435075260372e+00 2.079923799547160002e+00 6.034362683357397117e-01
2.158183178492239840e+00 2.353750607231219316e+00 2.604112278797003910e-01
7.339564777285899622e-01 2.107503192828059646e+00 7.334174819985697091e-01
9.390191222857501296e-01 1.957805324565459859e+00 3.637512756481799947e-01
2.055877342088499926e+00 2.384230885461040117e+00 2.781058435095102865e-01
8.032094172192197901e-01 2.089501679288579883e+00 6.946339836210300156e-01
