2.522091666279430378e+00 6.986214091634301848e-01 2.359930469963820165e+00
2.505115417929729915e+00 6.069063743521800891e-01 2.383276760087070123e+00
2.573481490113969983e+00 7.221036665847699876e-01 2.189857946727510551e+00
2.061118515376759941e+00 4.618153938024101013e-01 2.477725989854970390e+00
1.949189167954460178e+00 5.174245191949602418e-01 2.382017288056500259e+00
1.952066814330969846e+00 5.163962518995697248e-01 2.378822251054589998e+00
1.834418953702229960e+00 4.530937683503799551e-01 2.449975667623260023e+00
1.830501536971490317e+00 4.183160730854897924e-01 2.468677879566180344e+00
1.643415407772280235e+00 5.487059673580800823e-01 2.326721880579150081e+00
1.445054613067900284e+00 4.673084608020501296e-01 2.309667898776630146e+00
2.297828504182040099e+00 6.290654080125894776e-01 2.332155460317360429e+00
2.496847841594670214e+00 7.014151520009195284e-01 2.308701813576000017e+00
2.491179391521830322e+00 6.767446023339298566e-01 2.332117360042800236e+00
1.754230454466610301e+00 3.278532121601596128e-01 2.454000424715040207e+00
1.834986797883630061e+00 4.184003975204297898e-01 2.467603272129600178e+00
2.199235823676200408e+00 1.343485671102299994e+00 2.324331247637489994e+00
1.828360297561530290e+00 4.182156740179301391e-01 2.469421568389290389e+00
1.441286585060620018e+00 4.299753902954204232e-01 2.232757631737080306e+00
1.445438090729640024e+00 4.328033989922397407e-01 2.228809124694240307e+00
1.451913434574840345e+00 4.689185310994397060e-01 2.363952733712310295e+00
1.411758160987460320e+00 3.663981373065599012e-01 2.264011256725890320e+00
1.458955360037130111e+00 2.920644560720802030e-01 2.346166067985420156e+00
1.423800444683050337e+00 3.416523899566998868e-01 2.249801017633050293e+00
2.326024952970860316e+00 6.143864333171100700e-01 2.345003340997020125e+00
1.339259810809360296e+00 2.002902405435100786e-01 2.246654543343660215e+00
1.478108032509560354e+00 3.056040922933103143e-01 2.279573877508290103e+00
2.019903962594060243e+00 4.076017804591598459e-01 2.524796881491270462e+00
1.930398740350590003e+00 4.563195390885395053e-01 2.436790411159890368e+00
1.481588409962390163e+00 3.467511264321399000e-01 2.267362609675680041e+00
1.420094372434970165e+00 2.809702055052702985e-01 2.354331912127769932e+00
1.466498756194800412e+00 2.940776955333503917e-01 2.343772643306250458e+00
2.083087212346280026e+00 3.823147669105797508e-01 2.560764547718609840e+00
2.061645179242270309e+00 3.924104125812697408e-01 2.549785712814000238e+00
1.978167615565550097e+00 4.430269232150505498e-01 2.460601626830580368e+00
1.973920858730599859e+00 4.420584641305496110e-01 2.466399599811780252e+00
1.460312161024560185e+00 2.613818039559603346e-01 2.368456205846670493e+00
2.247564413717829890e+00 6.542639844145294870e-01 2.296248594940080601e+00
2.307965416344079923e+00 6.217089318908797235e-01 2.355245748289830132e+00
2.573513255291610236e+00 7.514364743596602114e-01 2.194331880565679960e+00
1.948587427382970194e+00 5.192131110327202759e-01 2.380124598463740249e+00
2.454497731353970202e+00 6.624205311763702309e-01 1.997235625566120110e+00
2.572388170424360521e+00 7.161525934478099042e-01 2.165989640489700108e+00
1.422387649081130023e+00 4.974886797266300231e-01 2.398827689626680026e+00
2.422311972520160062e+00 6.987720925674596462e-01 2.235748287647490340e+00
2.459839262940469951e+00 6.683800088069202783e-01 2.047295829813150281e+00
2.493992439524829852e+00 6.562022898726798115e-01 2.019888475267740624e+00
2.385018523258640055e+00 4.872854625581901633e-01 1.844275499437320498e+00
2.434818195794280271e+00 7.019004937774300235e-01 2.234833246409370311e+00
2.278843529521810130e+00 6.423727468810598307e-01 2.328802038074070602e+00
2.587787573693309806e+00 6.583808029834601339e-01 2.100714983901600164e+00
2.561914016023769669e+00 6.932026274467195659e-01 2.110238727387660163e+00
2.532344267641980284e+00 6.834723005791303319e-01 2.141062946911320264e+00
2.480299599600039873e+00 6.590840547953396023e-01 1.958327697862290329e+00
2.409941337943339867e+00 5.924907198380398032e-01 2.021120314094940529e+00
2.443245685141439694e+00 6.665390001318900470e-01 2.282683232212830315e+00
2.471797962596230303e+00 7.123198100590297788e-01 2.218742972753760423e+00
2.582345929301479881e+00 7.143798858919800931e-01 2.160315524777100649e+00
2.521805180334630414e+00 6.799355355814300506e-01 2.154402161726730380e+00
2.509175834440210195e+00 7.211336973419102403e-01 2.386383005043570371e+00
2.477525720182750302e+00 6.942517756518504779e-01 2.343653197950570366e+00
2.514895271323520198e+00 7.722614491288199989e-01 2.221702241766450037e+00
2.365296771055950042e+00 5.026131742773503053e-01 1.816418450477010449e+00
2.475735388890150102e+00 7.116213159325501802e-01 2.219551753986360509e+00
2.461178547316650089e+00 6.343887207322500554e-01 1.923475081773510453e+00
2.483447416010569953e+00 5.642167209493196278e-01 1.812146302412790178e+00
2.463385484430350214e+00 7.061978981844998504e-01 2.070390020404530240e+00
2.575922940853390131e+00 7.482263500298402814e-01 2.190750523586399989e+00
2.478655201806700514e+00 7.152001312372997521e-01 2.055863773346640500e+00
2.442989081061930801e+00 6.750451796249803404e-01 1.961621760626790056e+00
2.415712880229220261e+00 6.303687741667196587e-01 1.995689414378010174e+00
2.512606770666410139e+00 6.605181501331098826e-01 2.116010264464620150e+00
2.494515121270040492e+00 6.220409729583404879e-01 2.403166569420990051e+00
2.426837478909340096e+00 6.531003660421899060e-01 2.011260163064760409e+00
2.462533956104830501e+00 7.457138606513800116e-01 1.936750949808840438e+00
2.489298023373760049e+00 7.340896056423600324e-01 2.409413778519960303e+00
2.538902757063240312e+00 6.357161140918401454e-01 1.892238950595630520e+00
2.506893378180460097e+00 6.998576921970098841e-01 2.402918693028090580e+00
2.446170868117710118e+00 6.774690237125600145e-01 1.966492066528290561e+00
2.289097537813709948e+00 6.483896610663097970e-01 2.276293318010160327e+00
2.471290050621370415e+00 6.750130354953698397e-01 2.147863460134950220e+00
2.425642288830569537e+00 6.928579234149701005e-01 2.234534498600190044e+00
2.330242554560849833e+00 4.207437564027503019e-01 2.007596371129499957e+00
2.578195193410810493e+00 7.231854280978600169e-01 2.184767642828610246e+00
2.535493631136980230e+00 7.127399655748301033e-01 2.257424703742890060e+00
2.513125005324450267e+00 7.126667609116001945e-01 2.361148024972560489e+00
2.514240998556950490e+00 7.199196487192496274e-01 2.382815976851940576e+00
2.451202606752500124e+00 6.817224565561998961e-01 2.059562630674260486e+00
2.468475279653990384e+00 6.341579713726404055e-01 1.923553871900370638e+00
2.504625030942440045e+00 6.967897691647400027e-01 2.252420467818480265e+00
2.423314248129740278e+00 7.057670952119903252e-01 2.163809924363880199e+00
2.497800868833520038e+00 6.820061076621699581e-01 2.363339568137850399e+00
2.504538630928320408e+00 6.653601141971197119e-01 2.047433732178360444e+00
2.505936794761760122e+00 6.663493239846103311e-01 2.341096871166660431e+00
2.534910159630030080e+00 6.621505477189300048e-01 2.392716560019180427e+00
2.380413812641920313e+00 5.151897896905197616e-01 2.009781930911760384e+00
2.489329317461720148e+00 6.797771092057700582e-01 2.331406842150330228e+00
2.510768582379300007e+00 6.945044605567003426e-01 2.363302356948780325e+00
2.476170532266450230e+00 8.878663986768995375e-01 2.175208127530170454e+00
2.258769869832620181e+00 6.523290624240700719e-01 2.333603456522760133e+00
2.409655418852040487e+00 9.100972651472398756e-01 2.164793774146290595e+00
2.453877856149170089e+00 9.272509871448699759e-01 2.190282996891360412e+00
2.379145076420110527e+00 1.013529231090460003e+00 2.203543804439610287e+00
2.041730737131409956e+00 4.649353876787600814e-01 2.480613636611250339e+00
2.587518670001939913e+00 6.872670741500901403e-01 2.074577377780649989e+00
1.925142740861550239e+00 4.785872921153500048e-01 2.411570821058970360e+00
1.896965723005879845e+00 4.841382179019795284e-01 2.421337694908680227e+00
2.465031599544980079e+00 7.188209676636299061e-01 2.330146466106810088e+00
2.511087962453030009e+00 7.169743254910299068e-01 2.352886359120120119e+00
2.547787574615760331e+00 6.868637942108601901e-01 2.073514220629680160e+00
2.368768802988579836e+00 9.455518877587796300e-01 2.109379162291860510e+00
1.909839148449280044e+00 4.831311538526799065e-01 2.417575394900340235e+00
1.596583064584970346e+00 1.306035104272200709e-01 2.319645881110830032e+00
2.144114966280730616e+00 1.336524457004180322e+00 2.372685666417780226e+00
2.104487575357129714e+00 1.318824084085479909e+00 2.323679503196640184e+00
2.591267243704849843e+00 6.701294266862001248e-01 2.117066869185660227e+00
1.400680896945099896e+00 1.642744342521000878e-01 2.303382034704900327e+00
2.540764058766340039e+00 6.935667956813900137e-01 2.167869008415120202e+00
1.401699904322300405e+00 1.634987375211998106e-01 2.302995424569510341e+00
1.410442065331330097e+00 2.842141893954803766e-01 2.374142395885080248e+00
2.554039256390349788e+00 6.857028145816996823e-01 2.042915902409220053e+00
2.560249343183679915e+00 7.222605053043797962e-01 2.151951449282340612e+00
1.436992051180729923e+00 4.476505135359298837e-01 2.484616631699040568e+00
2.372027245831790143e+00 7.586812795259401110e-01 1.897047445435170232e+00
2.510811008675729816e+00 7.131347781362300520e-01 2.387479947095460187e+00
2.477768652067940280e+00 6.796763389362900920e-01 2.469172634944530209e+00
2.476699573040850311e+00 6.797408649625500399e-01 2.476198658500650129e+00
2.275776775071469693e+00 5.921371033309197340e-01 2.388996409643520114e+00
1.771421267345260286e+00 3.092694450613600043e-01 2.640754859731559989e+00
1.773040627805740010e+00 3.061602082106900102e-01 2.631401511570960139e+00
2.163668857243950416e+00 1.328086809141850066e+00 2.363407043367480309e+00
1.755262705236359855e+00 4.132718518870597268e-01 2.517852008211450165e+00
1.450926338942309712e+00 1.318537342779098065e-01 2.354442871978140506e+00
1.497508584849419844e+00 2.975030741283701818e-01 2.317082889848370186e+00
2.250997114847050007e+00 5.613780459938497724e-01 1.784097884619360475e+00
1.463674054242020128e+00 2.948129390767200153e-01 2.331255073343010409e+00
1.469064852589910375e+00 3.529872387494596975e-01 2.264009526980280462e+00
1.609103153896310312e+00 3.751019297236097838e-01 2.592003302745750304e+00
2.535164091123510044e+00 7.026312796474598610e-01 2.166742030043490086e+00
2.088579381388310452e+00 1.341811194649460193e+00 2.325345098511960362e+00
2.533776782940699857e+00 6.350791162901001652e-01 2.386891620683880166e+00
2.304908668728840038e+00 5.217448158642896683e-01 1.781769234693960424e+00
2.444179847487530477e+00 6.765171654767800913e-01 1.987651764742710547e+00
2.500024013246250121e+00 6.577476025563997464e-01 2.380028345646270083e+00
2.501212154847999969e+00 7.227533083554502635e-01 2.399790871427550432e+00
2.369039386373310130e+00 4.705213134235102235e-01 1.961239013154210120e+00
2.580387538070550324e+00 7.407119227047000987e-01 2.186789819440050131e+00
2.527289420429990052e+00 6.883160250393902668e-01 2.186771153652600219e+00
2.546139250341250104e+00 6.967363441691001302e-01 2.171831841856230572e+00
2.518912977644270690e+00 7.066722443978201706e-01 2.260589521963979998e+00
2.370680843358119905e+00 5.318519595137198852e-01 2.015471324945130149e+00
2.517650531230539723e+00 7.034539385672899936e-01 2.043507356181420320e+00
1.431729336448260170e+00 4.274278332213101717e-01 2.189791692838410242e+00
1.443629428748429921e+00 4.361503566603299742e-01 2.187377109691110544e+00
2.480617266215090488e+00 6.963622306005901041e-01 2.377204070629380439e+00
2.487085728215990166e+00 6.783273285732900337e-01 2.333222884042620127e+00
2.412771649818940656e+00 9.356647592638902555e-01 2.168698608422370278e+00
2.408751571110580691e+00 9.395926887707799491e-01 2.174510208974130165e+00
2.408525216013170045e+00 9.390919288412697963e-01 2.173007616636300376e+00
2.548933447956200027e+00 6.727928659421500424e-01 2.130898179870750475e+00
2.314947476799539938e+00 6.183595625395901241e-01 2.353609213390590149e+00
2.565530094275110251e+00 7.199221694767101720e-01 2.144211040815179992e+00
2.580444335334430406e+00 6.797972765743798274e-01 2.088581896436250585e+00
2.344039561611490186e+00 6.346840115069902755e-01 2.216385737922840438e+00
2.557669066839720173e+00 6.740680856033700596e-01 2.114345747076120219e+00
2.286586860141420097e+00 5.736266765043700477e-01 2.378495311952640190e+00
2.465312707206960052e+00 6.368060840434097702e-01 1.924024886472180285e+00
2.360427648863890671e+00 4.699018405722898972e-01 1.961571660520350147e+00
2.569587176922950356e+00 7.413915874378498305e-01 2.202162465552360171e+00
2.249291444388080041e+00 6.550335570313803313e-01 2.296913562621960114e+00
2.356363351904090297e+00 7.243263633731900075e-01 2.493943464123900000e+00
2.521991634355389866e+00 6.812384558797399681e-01 2.198780519115300258e+00
1.478162106000680209e+00 3.152602625548797111e-01 2.264694040074930470e+00
1.487443954112130262e+00 3.714779471350297957e-01 2.233301600989860525e+00
2.563306181753460145e+00 7.137349850759096004e-01 2.188727968158000081e+00
2.539351188845159868e+00 6.950632539490599893e-01 2.155240082998950424e+00
1.499392547095930395e+00 4.476332526803801226e-01 2.297122177950990274e+00
1.504891965187160396e+00 4.541138339799599688e-01 2.296168576687320328e+00
1.444484496989840272e+00 3.084798709265401673e-01 2.285709624855960520e+00
1.484915043187470252e+00 4.705971503770698394e-01 2.431280791904700145e+00
2.183352854817549815e+00 1.348241695637449888e+00 2.306738471755379827e+00
1.432973095350960291e+00 4.765884198570600194e-01 2.447982564336270261e+00
1.440137091665350200e+00 4.496769343377999828e-01 2.476509363064260505e+00
1.422209375775060236e+00 4.527996605268100883e-01 2.476244935260420554e+00
1.507567989167390321e+00 4.586971315675401062e-01 2.420631789953580082e+00
1.445553678403200148e+00 4.625885874170998502e-01 2.445376699417500355e+00
2.363856402949580104e+00 6.557597812846298613e-01 2.264066008164030475e+00
1.908305273679310243e+00 1.389269584194360307e+00 2.295671303222310389e+00
2.177688903419380040e+00 1.380694053976230018e+00 2.330123089229760414e+00
1.748722299769060129e+00 3.195794828171598656e-01 2.639519826907380295e+00
2.063925356932510002e+00 4.609390492252101179e-01 2.472625056509070163e+00
1.944746099758949853e+00 4.541221507481998376e-01 2.431315761036120460e+00
1.945300786258330028e+00 4.652206124032305379e-01 2.413889180809380086e+00
2.508455708229840209e+00 6.549876150986404522e-01 2.372075394948000238e+00
2.236190963012540056e+00 1.152592602113840181e+00 2.683944184939830002e+00
2.502288788287030386e+00 8.499991654912804062e-01 2.403055684774019873e+00
2.297233069792930404e+00 6.287504902672800267e-01 2.338460175789660589e+00
1.464873180381870199e+00 3.687997863314202984e-01 2.241850684170300312e+00
1.420458106424850264e+00 4.815053913437001842e-01 2.415417434789699946e+00
-5.214043687569800412e-01 2.159366424264020701e+00 3.835093475544004704e-01
-1.365033042744419944e+00 1.885406942370480232e+00 1.089779876072280107e+00
-1.346021766020230048e+00 1.985800290523520362e+00 8.262887707291506345e-01
-1.313644931503269886e+00 1.843025773651480348e+00 1.131320835291000027e+00
-1.454674129511679848e+00 1.449399556258719857e+00 1.159722274995120372e+00
-1.275165174303590110e+00 1.710356571302759976e+00 1.019056174768020462e+00
-3.584559987718149987e+00 1.705005027198900569e+00 1.707833301202500209e+00
-4.666278260375950282e+00 1.081927633250800325e+00 2.668133970294960466e+00
-4.569171569865490667e+00 9.789512763391601258e-01 2.785095531227820942e+00
-4.553908531302650609e+00 9.828510989825003374e-01 2.553480359694690449e+00
-4.608976803513360032e+00 9.886955480488903714e-01 2.717844025360020233e+00
-5.198847859454710729e+00 6.165226374387404729e-01 3.184984295040360180e+00
-4.589517340984540006e+00 9.064846417364600395e-01 2.873442804660540695e+00
1.835540266115380126e+00 4.193921723520801503e-01 2.470156029743100223e+00
2.168017486530549931e+00 1.350238350503350171e+00 2.307503272375890369e+00
1.810567212359080358e+00 3.576142684240799507e-01 2.608466719764630071e+00
1.707417093772820360e+00 3.614893741834703800e-01 2.564437504512510291e+00
-1.383768657623779763e+00 1.888251337485769676e+00 7.515406629123004834e-01
-1.355173584647149765e+00 1.842013991785450111e+00 1.109251139016780741e+00
-1.671865025452989650e+00 1.786768028458060042e+00 1.258537946474460600e+00
-1.329507122226570193e+00 1.902568407283080409e+00 9.631265786411407070e-01
-2.089404107937549604e+00 1.582641477148700071e+00 1.278342374796090919e+00
-1.337069877656749561e+00 1.750404973502000194e+00 1.181517306605610607e+00
-1.364804737627779874e+00 1.764782501817119931e+00 9.455947271796305564e-01
-1.368650857614660099e+00 1.761322798631990372e+00 9.995396225538906165e-01
-1.411199596199050443e+00 1.469688928949100193e+00 1.178675093125590490e+00
-3.315340551851429840e+00 1.645614233481020205e+00 1.719889248516960123e+00
-1.269533823065610356e+00 1.867938618828290265e+00 7.756911460101902911e-01
-3.512908707469449610e+00 1.626128784859200094e+00 1.651545180092941045e+00
-3.453862556916300175e+00 1.554484791928399945e+00 1.801372930181760257e+00
-1.397020196410339477e+00 2.067667653320810039e+00 7.216774108712704638e-01
-1.367108613338520184e+00 1.758567612704680760e+00 1.211359488987210575e+00
-3.512783976627869897e+00 1.635028674394530368e+00 1.756638061322759903e+00
-1.314702873776359748e+00 1.649034921125689612e+00 1.320190397244240810e+00
-1.423617126233319929e+00 1.784052259354679704e+00 9.477432307095003949e-01
-1.356081626895719650e+00 1.746610369392880058e+00 1.006506676948650369e+00
-3.376976630424449954e+00 1.589907780461249809e+00 1.661588660687399965e+00
-4.700630992066870739e+00 9.030574054577804599e-01 2.551761177879990683e+00
-4.180793856622829985e+00 1.036936013284620151e+00 2.606626239897781083e+00
1.637061800979170423e+00 5.188938332853199054e-01 2.240614110321089925e+00
-1.293431738685989929e+00 1.855473771200110145e+00 8.334985478582397356e-01
-1.351757487242280176e+00 1.571397659897370458e+00 7.986687929949605191e-01
1.592161956714850168e+00 3.599217714672000579e-01 2.619962876323650214e+00
-4.527402953570240918e+00 9.158296362845101957e-01 2.677742603355900197e+00
-1.355867012191389387e+00 1.571249051775110095e+00 9.047755514144704136e-01
-1.369508905537589971e+00 1.770999413484010132e+00 9.401121388689901437e-01
-1.481873259691580014e+00 1.951519943232570276e+00 9.147514938413703334e-01
-4.740831585974670581e+00 1.134300793483730585e+00 2.530887834747270304e+00
2.456825760576510476e+00 9.600022179186600280e-01 2.256382457691750609e+00
-1.479989405376650247e+00 1.642176474399600350e+00 7.938547695367503820e-01
-1.557161064071639789e+00 1.384105152003610284e+00 1.147569796117050345e+00
2.442368958768280418e+00 5.735262388452799787e-01 1.827752397164160492e+00
-1.351174291301259656e+00 1.318307406393089964e+00 1.086453944714850461e+00
-1.545562515498160039e+00 1.515675299584139823e+00 8.201572673366404054e-01
-1.336864511045499970e+00 1.562925244301499594e+00 8.017396674196808348e-01
-4.595131576084110492e+00 1.000079381460640127e+00 2.835705041131020288e+00
-5.516171108386480171e+00 1.211655911244070571e+00 2.657797796300070736e+00
1.420770077856350122e+00 4.463906285249497063e-01 2.236643702080860496e+00
