2.338840879992799771e+00 8.805373257220501237e-01 2.725535828943860039e+00
2.084306395100560039e+00 1.035023501250420086e+00 2.394062686979159693e+00
2.402793382069599915e+00 9.438564738481001193e-01 2.601722091210270094e+00
2.218729026243319691e+00 1.099405361939339798e+00 2.364413388240500069e+00
3.018220970948399806e+00 9.718365273009506033e-01 2.360473716804070143e+00
2.471964887707999825e+00 1.175838047230800321e+00 2.281550897243540099e+00
2.660769238262359782e+00 1.330231852251070102e+00 2.134403622640999920e+00
2.335277663936520032e+00 8.612979947569399108e-01 2.557372464639759979e+00
2.333977756055599873e+00 8.596933429690998274e-01 2.558636044890469918e+00
2.845042433190439812e+00 1.234361690905629860e+00 2.408377467542780259e+00
2.513048047594720114e+00 1.235826270936040583e+00 2.259991614908820168e+00
2.231622925207359831e+00 1.096751985949320218e+00 2.362549921167900191e+00
2.282523323296360207e+00 1.123792475237470612e+00 2.267643692835569880e+00
2.124926521162039617e+00 9.590610846740799111e-01 2.240838993610879903e+00
2.034632854381240197e+00 1.012367774833980771e+00 2.372609361032730124e+00
2.028399250582360036e+00 1.016698105767370297e+00 2.376064794708840022e+00
2.052101050712159758e+00 1.011115329165119814e+00 2.386896906625660009e+00
2.269836425597399732e+00 1.159943174460049686e+00 2.283791859703450111e+00
2.000780548731800224e+00 9.976266427948496940e-01 2.432079290903299995e+00
2.334817582137959757e+00 9.014270154602703755e-01 2.739747874116099879e+00
2.662213453391840456e+00 9.121002769963304502e-01 2.856628200648500204e+00
3.112720743344360219e+00 1.237527114166320441e+00 2.578704052733749919e+00
2.217728312861799722e+00 1.043954364912049737e+00 2.346173359656660296e+00
2.896124038350280205e+00 1.197092670227410505e+00 2.367239525795340249e+00
2.497888302977319785e+00 1.224755676124639869e+00 2.239813048883489977e+00
2.507452256334519625e+00 1.179560793862939772e+00 2.275252478640509946e+00
2.265418658001080221e+00 1.078898145536510089e+00 2.409554002226990121e+00
3.106157655302959952e+00 1.218697040947320342e+00 2.542797702244040003e+00
3.041040026693400122e+00 9.589896859365500958e-01 2.344424912429349916e+00
3.108200847092079666e+00 1.216164430907060279e+00 2.541213785532930203e+00
2.667067941448159729e+00 1.353740269878120017e+00 2.209226878462610344e+00
3.039761546194559738e+00 9.610427728187698193e-01 2.341517882235190307e+00
2.308536173322759844e+00 8.743215130919197442e-01 2.516512824314339980e+00
2.666741432384199584e+00 1.324492666521600359e+00 2.136583657443809958e+00
3.013893705866519834e+00 9.676197445614902470e-01 2.332946453911300289e+00
2.677211451245719687e+00 1.402233475209289981e+00 2.300355897516469739e+00
2.253609208103120043e+00 1.083340124115240055e+00 2.300490084972739879e+00
2.927756193882959934e+00 1.172001316643570323e+00 2.323929140741740174e+00
2.843873148167280096e+00 1.228903984445560038e+00 2.426970334071009816e+00
2.899694341044840140e+00 1.192075088495330171e+00 2.368453802746899761e+00
3.015344695421440235e+00 9.619915659408300179e-01 2.338170024693390303e+00
3.028570894188599816e+00 1.146812983789499807e+00 2.372898590427640286e+00
2.835117611590680209e+00 1.155653010014160209e+00 2.559432753767199920e+00
2.899988982209039445e+00 1.190315265028029756e+00 2.370788668005189948e+00
2.801827304980759603e+00 1.250419715833369860e+00 2.586602277561650176e+00
3.065712212699999384e+00 1.234666488614850177e+00 2.598769162464880100e+00
3.034067068928559596e+00 1.183855022245220212e+00 2.521203768564300063e+00
2.841876534621440076e+00 1.198796405757830197e+00 2.585741686443889797e+00
2.816791829286199977e+00 1.180877770358600198e+00 2.478539642670409826e+00
2.885368241533279310e+00 1.246279158595359871e+00 2.577584096294000204e+00
3.063727321618519905e+00 1.205186724283489941e+00 2.658558895261849742e+00
3.105631374765639663e+00 1.250008779454080177e+00 2.578279469256120393e+00
2.829865385155919455e+00 1.200833467667240306e+00 2.583670174234959926e+00
2.527469812914920233e+00 9.255859081151402989e-01 2.721263601402979848e+00
3.081843825247640112e+00 1.237082320473980257e+00 2.623156005954140113e+00
2.917955191235439560e+00 1.156742106183980212e+00 2.427057431951760158e+00
3.083540194399759127e+00 1.237848870006069912e+00 2.629241752862660153e+00
3.076645235102999809e+00 1.253632257624550217e+00 2.605452361172740261e+00
2.791103819838799627e+00 1.209981740187699994e+00 2.460169726681580293e+00
2.681732289564640048e+00 1.345846581291580524e+00 2.295477632658870171e+00
2.213847022044680202e+00 1.077433706120860535e+00 2.338418445988009964e+00
2.293003963823719626e+00 1.094306254946839640e+00 2.264725646560309613e+00
2.214508719381519608e+00 1.039700396865940402e+00 2.347458245613210259e+00
1.868049904197839783e+00 1.057020781323630310e+00 2.394610736078139901e+00
2.042588274429320006e+00 9.958253564138401792e-01 2.432874136523150099e+00
3.037842797336679723e+00 9.596112079767600278e-01 2.343459111644130122e+00
2.993873083094959586e+00 1.243335022068170037e+00 2.601917593517419913e+00
2.331888413507199775e+00 1.042970470979550424e+00 2.484833717209020243e+00
2.857587591543799821e+00 1.213917327190850326e+00 2.541464654799350242e+00
2.854815399760759931e+00 1.217138404977819999e+00 2.541069629598710300e+00
2.855647546269039605e+00 1.216496032856880127e+00 2.540621474894820153e+00
2.802828512502559821e+00 1.237814624248620099e+00 2.414730547360820267e+00
3.064936247362079591e+00 1.224126805385859829e+00 2.599984253399170164e+00
3.012360677264840358e+00 1.155846904549130194e+00 2.362182858122840123e+00
3.028111804008079666e+00 9.497478256188101042e-01 2.348170515398179781e+00
2.511748968576919872e+00 1.235535644919290021e+00 2.262143574699949866e+00
2.128814483675999902e+00 1.086480124083400334e+00 2.286242842312720125e+00
2.926598001627759960e+00 1.149550641977170162e+00 2.391248432619089925e+00
