9.931078504483500380e-01 4.037978140833402563e-01 2.402924610440139830e+00
1.351821318294060159e+00 -2.246069191358990302e-02 2.306891436322970002e+00
1.262973979609310016e+00 3.711770717235598482e-01 2.453159647730580151e+00
1.343020702417909940e+00 5.426895592913800748e-01 2.181793621978380227e+00
1.723806385046900314e+00 8.359112347224901818e-01 1.975001582935440148e+00
1.203974107738519983e+00 5.801994615268899480e-01 2.119244852744450291e+00
1.634112601729480252e+00 1.205765249770839986e+00 2.383299820606449959e+00
1.148791139139980100e+00 4.038087385232196347e-01 2.382487011037060398e+00
1.708216552797960031e+00 4.818898615211102410e-01 2.261596472145840142e+00
1.656636450907229996e+00 4.227424425416499432e-01 2.362399497534010351e+00
1.621136653120350157e+00 1.126423477364300485e+00 2.403944000861420349e+00
1.111922525189640076e+00 4.703592513009704490e-01 2.269018619300939843e+00
1.394552451679940352e+00 2.479710432054802460e-01 2.419958299779759958e+00
1.680975241923550190e+00 8.082728730059902666e-01 1.921791575687299858e+00
1.525494669630720113e+00 7.522402336759004271e-01 1.901923798908120133e+00
1.062671998379070004e+00 3.693424570477503721e-01 2.245389635240369941e+00
6.887925090311399767e-01 4.244611548458201433e-01 2.125026605162600113e+00
6.912258490393198285e-01 4.277103852527597283e-01 2.120092569776280023e+00
1.711040220510859911e+00 8.557822901577001318e-01 1.965218082547590228e+00
1.491772279721050198e+00 4.228768240941902512e-01 2.325466535516549804e+00
1.669532124269120343e+00 4.164674462643103148e-01 2.318801865545760066e+00
1.699415620660940096e+00 4.771983447047003501e-01 2.259436533660560187e+00
6.781192602218701904e-01 3.583474010097802420e-01 2.162521105550210265e+00
6.887264596874002054e-01 3.350478656397903876e-01 2.145087848695619748e+00
6.262287811058799836e-01 1.838389087821403756e-01 2.164327607525270203e+00
1.207965058415020110e+00 5.192218307361704532e-01 2.180112135206559998e+00
7.809761397930301552e-01 3.402078974655102783e-01 2.150156491889900323e+00
7.694008863838701640e-01 4.749668836488805113e-01 2.313676305283300039e+00
1.261874409639289984e+00 5.128443753666700466e-01 2.188980247235880139e+00
1.259636555927640122e+00 5.114703265783400177e-01 2.195739933503990216e+00
1.309262811511130220e+00 4.713381698182201873e-01 2.247349082513200091e+00
1.196194166616620036e+00 3.596633617664202198e-01 2.337826952922920309e+00
1.521023377645190244e+00 7.304004393470799883e-01 1.995835474203690119e+00
1.501278240176420198e+00 6.221397894108799953e-01 1.641259323514459911e+00
1.643705624297300050e+00 8.342313911364303003e-01 1.667748456463390205e+00
1.596263683439710146e+00 8.235233648407001006e-01 1.845208424268160119e+00
1.525734914061919856e+00 7.067003144124202052e-01 1.646108824180759989e+00
1.707778314594460278e+00 8.559200520928098577e-01 1.969229599634769734e+00
1.506173195366869999e+00 6.918158330981700743e-01 1.456152694651430046e+00
1.669025007122160176e+00 8.241233983647902051e-01 1.937021550967649830e+00
1.690248809330320290e+00 8.410013025837401734e-01 1.839465802284970142e+00
1.711394316951650119e+00 8.867711705908103426e-01 1.763083053591070204e+00
1.711737127259070235e+00 7.561940235638804353e-01 1.988072079878790088e+00
1.530953143883080125e+00 7.687404363198400148e-01 1.632691500007550367e+00
1.409147246530430220e+00 6.215428158933500313e-01 1.420507324442280339e+00
1.674627817765310223e+00 7.818647365993003362e-01 1.952510213211319900e+00
1.715131566782480022e+00 8.621034760732300128e-01 1.756334459693539962e+00
1.711720463861970298e+00 8.552911222775900768e-01 1.964339057375480202e+00
1.684670918526060213e+00 8.410520438765600737e-01 1.933629160516000312e+00
1.698923921161880290e+00 8.001084048850599650e-01 1.925994049998930091e+00
1.700669998178050202e+00 8.178013746394201533e-01 1.950022351821360189e+00
1.678616474906390099e+00 8.110204378672203340e-01 1.921687592221900331e+00
1.506955234329300009e+00 6.914162276419300035e-01 1.453985027092730142e+00
1.496239268332400174e+00 6.259694426799500278e-01 1.646159301027790178e+00
1.697084187604650296e+00 8.250688579606801909e-01 1.647606903179480220e+00
1.694739280743450038e+00 8.596862757610601591e-01 1.658943307312959803e+00
1.669588836890960160e+00 8.411372428038599303e-01 1.723159636668860184e+00
1.541541437602550246e+00 8.591346148221901124e-01 1.550592377902599850e+00
1.650057497816930230e+00 8.465229270797598460e-01 1.928039638085300211e+00
1.709640118492670169e+00 8.848991473653704531e-01 1.735642545537650072e+00
1.659134097759640269e+00 8.194654798736404899e-01 1.658011034394499816e+00
1.179411118990820073e+00 5.426556529268800055e-01 2.168016477220580107e+00
7.064899945031303252e-01 1.568637050519798848e-01 2.199783947181030097e+00
1.688807484313820106e+00 8.580591803763599756e-01 1.730057126383920174e+00
1.716185431329670052e+00 8.328532984798999728e-01 1.728685712850460021e+00
1.728905488327100226e+00 8.594554897783899250e-01 1.783234470681000161e+00
7.546738137061698160e-01 4.474735941334100353e-01 2.367707269176920093e+00
1.532205822895789993e+00 7.067170709517602845e-01 1.638353691145749913e+00
1.710698254845630206e+00 8.482311605363701545e-01 1.969692930062480141e+00
1.504130702634140393e+00 6.364965157909403537e-01 1.480132083769989837e+00
1.692776181263019986e+00 8.630142156502205175e-01 1.921153836585680175e+00
1.702071702023000066e+00 8.438077127732803717e-01 1.685662480061190571e+00
1.534812457710990063e+00 7.588005438355800436e-01 1.541319272276380214e+00
1.134291664910680231e+00 3.545557792302003186e-01 2.409546693273330042e+00
1.070725737696650137e+00 4.556767353614796789e-01 2.307486044497450095e+00
7.721313613103699680e-01 1.331498827180297440e-01 2.234430078256059993e+00
1.671836313318420197e+00 8.356892265442903422e-01 1.751149834361440227e+00
1.709362569490890049e+00 8.882310168542097983e-01 1.738315813496080331e+00
1.705620147926260266e+00 7.917475887936702428e-01 1.964851069545340057e+00
1.663926740600030207e+00 8.424832565929403216e-01 1.723200806817210218e+00
1.678422624416260334e+00 8.275535491605801042e-01 1.902690599381870129e+00
1.691733130738740432e+00 8.089701743185497840e-01 1.739839503283960198e+00
1.681309568325390247e+00 8.274244826614101100e-01 1.968292390343240328e+00
1.677199861814010262e+00 8.093346857373497905e-01 1.924050855534920501e+00
1.522329298339750059e+00 1.053710062541330039e+00 1.797028622277560217e+00
1.691904507427890003e+00 8.562436785933900119e-01 1.721091609911099773e+00
1.538635037791180160e+00 8.612657273154202819e-01 1.549057330927530174e+00
1.507722952056480104e+00 6.883676987647500134e-01 1.449186426145120166e+00
7.676243032263500021e-01 3.414169431561204782e-01 2.170594869205860089e+00
7.404493929748300340e-01 3.725083955574102212e-01 2.111416814791600149e+00
1.703385845899800133e+00 8.508911028330801152e-01 1.764271618316549883e+00
1.693954039950900103e+00 8.268065648957998448e-01 1.770053474902200108e+00
7.230274519836800140e-01 3.057266631025998826e-01 2.173041084504380382e+00
7.532808384998200824e-01 4.494741855239703376e-01 2.362482064482330113e+00
1.657474971398950059e+00 8.667650804049595870e-01 1.646065315731170209e+00
8.018195438139902320e-01 4.660831037116506259e-01 2.286294624435309952e+00
7.495677452485002279e-01 4.624526803696400457e-01 2.327885475942120141e+00
1.535991245041150144e+00 7.615279635608902531e-01 1.638309288538680075e+00
1.612022208453480099e+00 7.866424197922698980e-01 1.877980981130640270e+00
1.590196792299940043e+00 8.004441547273799529e-01 1.863198377023720376e+00
1.490484195244650145e+00 1.078312342876610153e+00 1.780457113957160331e+00
1.533328933556460161e+00 1.083130663754780176e+00 1.821458869960430160e+00
1.519529619295159950e+00 1.114492330993090086e+00 1.815598179791300559e+00
1.694628961872440165e+00 4.473598955355502227e-01 2.227346353041750326e+00
1.668517902466280178e+00 8.080615177455698905e-01 1.902739660917400322e+00
1.657083738672750162e+00 4.305911921657901154e-01 2.329557559601870054e+00
1.834526880706849994e+00 9.307845058077499623e-01 2.604030838655430280e+00
1.834565614609220408e+00 9.264716040857101653e-01 2.593598852352040129e+00
1.703655188127479958e+00 7.727361098617699930e-01 1.969360511552780135e+00
1.391980768308660243e+00 2.418996577747201115e-01 2.389554676245969844e+00
1.361480034289530350e+00 3.747216046659502808e-01 2.441601552725880087e+00
1.454335458353090305e+00 2.545526076542001803e-01 2.576672502063010128e+00
1.089346636244920008e+00 4.097993875715499890e-01 2.408887132414760046e+00
7.989279538122798785e-01 9.834078345016017408e-02 2.234186247969290218e+00
1.014960885799460089e+00 1.360489990289740270e+00 2.096064394707739975e+00
1.077447712907350086e+00 1.419092904541430222e+00 2.058459342801429948e+00
1.034035485188719905e+00 1.410354827275369871e+00 2.116259939911119936e+00
7.796606846730299578e-01 1.373345833142698424e-01 2.222851876461710230e+00
9.943510448870797047e-01 1.464596952734339652e+00 2.100553108637340127e+00
1.012902339019100095e+00 1.394256783007390421e+00 2.042622891898350002e+00
1.619198322184500327e+00 7.981771260613599317e-01 1.662375170411140246e+00
7.702074193858300388e-01 4.788384670114100850e-01 2.305700756225790293e+00
1.344335368837459965e+00 5.420641661087097773e-01 2.176088676552270229e+00
1.703201166823660184e+00 7.189137335495403569e-01 1.996386906368909919e+00
1.709184265639650091e+00 8.452084785530598054e-01 1.963548803564179934e+00
1.626307513970220331e+00 7.099590055764801733e-01 1.985992757732150338e+00
1.513088299455450203e+00 1.107935928739810283e+00 1.839800326481970227e+00
1.504803802373340105e+00 7.374343440047903542e-01 2.025953665686909932e+00
1.673969013438220133e+00 8.655383940940195586e-01 1.678970315542290148e+00
1.203050819772169877e+00 3.082948794308597584e-01 2.465582559815570285e+00
1.261034167420430174e+00 3.677019611572998059e-01 2.477504873778950234e+00
1.714519422994780218e+00 8.559501199927104231e-01 1.801387940756220107e+00
7.971079517539899628e-01 9.958845480245992476e-02 2.236254515653110175e+00
1.711701422537200035e+00 7.899197051607202980e-01 1.954769532146400035e+00
1.677416227760200051e+00 4.333780975116101608e-01 2.286965372365310056e+00
1.714802786572209969e+00 7.250407873957800398e-01 1.985479459352299969e+00
1.503945272574580105e+00 3.024060818087002112e-01 2.471946663033110170e+00
1.052603828947590081e+00 1.412503114990329767e+00 2.092811482994900274e+00
1.408399652485680109e+00 1.402352011983403202e-01 2.619692506288360256e+00
1.110579593868940007e+00 4.196502545019500374e-01 2.375847988457399751e+00
1.497710992494780236e+00 6.105654252130703341e-01 1.627237661148700276e+00
1.610936579864659990e+00 7.867222004968001947e-01 1.840829600667670096e+00
1.500540450556630212e+00 6.741661935338703060e-01 2.031984411480950214e+00
1.491065234966550079e+00 6.989117711501804386e-01 1.738836101156819858e+00
1.714882192892280166e+00 8.727012265962899029e-01 1.796219364347120262e+00
1.338893709124030051e+00 7.062286485295405924e-01 1.459216190243350031e+00
1.663385480067590239e+00 9.797826332652599390e-01 1.941420474724670164e+00
1.645223121450370085e+00 8.327757213787498891e-01 1.858890497070399661e+00
1.673841061613460024e+00 8.331273690520202280e-01 1.858780351962240118e+00
1.648336054033040066e+00 8.141552640984297540e-01 1.887497867797440332e+00
7.218399276377499563e-01 3.671176964444500257e-01 2.126056741408870465e+00
7.494784111537901028e-01 3.901450021934405044e-01 2.063856048503610374e+00
6.256596524285499283e-01 1.447645203211602727e-01 2.139075874129150456e+00
6.262153469556701602e-01 1.434741057993598190e-01 2.140861069028769936e+00
6.291140080271598878e-01 1.811154465101196820e-01 2.163085617432310315e+00
7.694865718019200385e-01 1.341969302321404101e-01 2.234073403547680137e+00
1.720248170362740137e+00 4.681588485325502980e-01 2.255608115063460151e+00
7.637465233675301279e-01 4.293655400852003368e-01 2.012369032140850056e+00
6.185575076055499499e-01 1.945756414997998895e-01 2.161085588420730286e+00
1.254474119482770433e+00 3.392461585254302747e-01 2.476145112924490022e+00
1.686526510451140215e+00 4.697985959290003066e-01 2.280847340543649793e+00
1.540611445962270176e+00 4.168685495066801749e-01 2.342170145457469932e+00
-4.986255762354040222e+00 2.013878444276198110e-01 4.337996216592729937e+00
-4.912305983357678763e+00 1.261777104136201366e-01 4.480204357737580523e+00
1.342400909022250399e+00 5.415027770220701697e-01 2.179934869192530211e+00
1.132400502580200197e+00 4.710592702299001289e-01 2.238809600906280117e+00
-3.831846760493609949e+00 -2.621756851852898862e-01 5.071687036499879397e+00
1.168432512869090223e+00 3.046015828146502180e-01 2.508874129569690137e+00
1.045519272084230122e+00 3.992349348840003032e-01 2.365103699252560254e+00
6.840931528374899484e-01 4.274568050704004030e-01 2.125556256273560152e+00
1.131797922083520369e+00 4.672256311522202665e-01 2.237350077582739960e+00
-5.109606120811980290e+00 1.005684330148302053e-01 4.204063260332880247e+00
9.523040889391999331e-01 3.839945398525101972e-01 2.451405109672480265e+00
-5.817849586046969890e+00 -2.770913990829297902e-01 5.204012604338279502e+00
1.503504083141480097e+00 6.874821553141203800e-01 1.451329938241079809e+00
-6.584695648235601162e+00 -4.856742590776594870e-01 5.548676847604109952e+00
-8.030650236935271025e+00 -4.891091516196000022e-01 6.288919842571089269e+00
-4.940792012084790130e+00 2.173082487228699122e-01 4.447047087284230038e+00
-5.457474449305469655e+00 -1.827903262773895587e-01 4.821863575678599467e+00
-6.244705091047519474e+00 -3.162338314464099298e-01 5.301418139115310346e+00
-5.619147620831570045e+00 -2.624171835533100072e-01 4.987285360656799504e+00
-6.093571090468049789e+00 -2.339957175571296677e-01 5.143266582916989904e+00
1.522535981983349940e+00 6.738278188292898818e-01 1.437558828569270197e+00
-5.130541623042010002e+00 -2.113447564740296158e-01 4.959970124232939703e+00
-5.034863143551960185e+00 -2.187879102465399850e-01 4.932578746987999807e+00
-5.183788133125310615e+00 -2.019967725075297871e-01 4.764855578238780254e+00
1.391701284688580120e+00 2.409195077649801675e-01 2.445949095569780241e+00
