3.428058967965130321e+00 9.819287914658305638e-01 3.392251835429610285e+00
3.622315121216059808e+00 5.670295159951599384e-01 3.710038832852370128e+00
3.477914114430680215e+00 8.531155869899000876e-01 3.707934733149710116e+00
3.240354670480409816e+00 8.822981709514898796e-01 3.429190680343189968e+00
3.663168696031529947e+00 8.099810640143298990e-01 3.962703111924160027e+00
3.705738712879999674e+00 8.045136924103002407e-01 4.011149792549010051e+00
3.538613600553130567e+00 8.085233094216701666e-01 3.683865815747469963e+00
3.726053766387349420e+00 8.040295160519299600e-01 3.984066860909240226e+00
3.220209015126779484e+00 8.687567748341402663e-01 3.468688319744160253e+00
3.183667333685559875e+00 8.830110594910398625e-01 3.473017838586299977e+00
3.668130180234680182e+00 7.932678332881604177e-01 3.925514896140720023e+00
3.648295260661599926e+00 5.515937093114002820e-01 3.696953802889350271e+00
3.779703320013889645e+00 6.035080580178502352e-01 3.720380222847139873e+00
3.618859621160179785e+00 5.842550082935802358e-01 3.738004289363940025e+00
3.408854443473050111e+00 1.002352753616350345e+00 3.465769772539139648e+00
3.729590678611249821e+00 6.995595301863097859e-01 3.774375434189100265e+00
3.705991840003630244e+00 6.028889210588699310e-01 3.732010018115929917e+00
3.245962157798570225e+00 8.512813895001700715e-01 3.513372909488429841e+00
3.750546060208599819e+00 7.813597930766000843e-01 3.958820705457419820e+00
3.805002114137249869e+00 6.282974146311903763e-01 3.705168499852319997e+00
3.628866860362570002e+00 5.645743969197098977e-01 3.677024057201589979e+00
3.580548047382349885e+00 7.799313486689101182e-01 3.653370564655210373e+00
3.764088988104569822e+00 7.672904143571299684e-01 3.857295566982370083e+00
3.466250387993540016e+00 8.628689199166403867e-01 3.718011561058309766e+00
3.472497285152449820e+00 8.465232628977101825e-01 3.722524842440940063e+00
3.540761548520210411e+00 8.029881239642699953e-01 3.685901915095870063e+00
3.627483108602100437e+00 5.586640431111997707e-01 3.681945481440410006e+00
3.648938601890329814e+00 5.553297397771701505e-01 3.693094705495219898e+00
3.714622088677249856e+00 8.121082267131902732e-01 4.020067028190039693e+00
3.535164361440649827e+00 8.238837114929697947e-01 3.675938572409290117e+00
3.397023196806030043e+00 8.679285096028301894e-01 3.787642335079339784e+00
3.393016723099139931e+00 8.725768270195604082e-01 3.787210400022079870e+00
3.408933637121709381e+00 7.623982404188502926e-01 3.840069247229379812e+00
3.648734602246579861e+00 5.549905986816403569e-01 3.692783998184010041e+00
3.648271761798859814e+00 7.409295810587996911e-01 3.727169771328580072e+00
3.540224046883509779e+00 7.945223411316901796e-01 3.968959884834589946e+00
3.691966151805339713e+00 8.023609650424199380e-01 4.004060912261749650e+00
3.650896963500120052e+00 7.205893304120793985e-01 3.736211854952780076e+00
3.706845869149300476e+00 6.043405351035802120e-01 3.712538514235499854e+00
3.751250450914859869e+00 7.872321553977799091e-01 3.957634667527179850e+00
3.539919369761300061e+00 8.011473869086005450e-01 3.688032129011010074e+00
3.612137862569289481e+00 8.138953080036097631e-01 3.963764454378249980e+00
3.605484585245879892e+00 7.704670079982802733e-01 3.876189757429060023e+00
3.419242366735679717e+00 8.041954111880604827e-01 3.743074260917260254e+00
3.454579529703440066e+00 8.214649218536602682e-01 3.877058001319370284e+00
3.724745195043599466e+00 7.111780777808203169e-01 3.769359992250830071e+00
3.456267951299519581e+00 8.536228117722401976e-01 3.878712076196240144e+00
3.426102430510900021e+00 8.131916456497800816e-01 3.878490821574319902e+00
3.733021960369200087e+00 7.892712975954601085e-01 3.984755091773729774e+00
3.581795849644040075e+00 7.954084345080802976e-01 3.645688439264509917e+00
3.582538003817929528e+00 8.002640477596703050e-01 3.641326766503070189e+00
3.851336884414419792e+00 6.559737546700401545e-01 3.698685679083359990e+00
3.737925364729069777e+00 8.097571530386704630e-01 4.009205875520350126e+00
3.830881747291229544e+00 6.969708331231898590e-01 3.757481456911549778e+00
3.794588314354760072e+00 8.105422480801398599e-01 3.898522999339129935e+00
3.792106294703580183e+00 8.007557694394806802e-01 3.899682128651940083e+00
3.789441803165029654e+00 7.983728519735500129e-01 3.925554287817090149e+00
3.773206698022219641e+00 7.710551577989002148e-01 3.841253238962839767e+00
3.795012459158329854e+00 8.079644187684902334e-01 3.900989034582099890e+00
3.758764517920350379e+00 7.571720746360899312e-01 3.774440426376199920e+00
3.638368827804020711e+00 8.219557072463401504e-01 3.979759510581700077e+00
3.658493276964859930e+00 8.234112237189599171e-01 3.960702447093099821e+00
3.757857208923669923e+00 7.765077651167704431e-01 3.795383843651930267e+00
3.710522304486199907e+00 6.014118165736204169e-01 3.732291830999439952e+00
3.694219811738760129e+00 5.971573875454800895e-01 3.670147339622610083e+00
3.784970612561669334e+00 7.245929797232100178e-01 3.769432803486360228e+00
3.617012658035919870e+00 5.935105322902001213e-01 3.729681032759080139e+00
3.412044770928750026e+00 8.692187361240302224e-01 3.737490524225009825e+00
3.750909976687149872e+00 7.739522807515699654e-01 3.959462094874529825e+00
3.632325821923219955e+00 7.017969253067999347e-01 3.721150569699009925e+00
3.530767210209059925e+00 7.638451973773401349e-01 3.744075869842660165e+00
3.468114949498509958e+00 8.339640846736502411e-01 3.665875982041519876e+00
3.476826257473620174e+00 8.676209772074803261e-01 3.702045621156710098e+00
3.687587371495480326e+00 6.692734039854206785e-01 3.750697359805620135e+00
3.763647128573889944e+00 7.800556848366899665e-01 3.887679982994390215e+00
3.416041050843100280e+00 8.737348675155205413e-01 3.728583731523240186e+00
3.409103582293879775e+00 8.351369158623600519e-01 3.732345363730179777e+00
3.763315446135719888e+00 7.604163208262999518e-01 3.823703889141749634e+00
3.745851525759420042e+00 7.629998570639004996e-01 3.799234275659169935e+00
3.677154222206119982e+00 6.033147444959396921e-01 3.639755282661850000e+00
3.689189962692049463e+00 8.174904492558301428e-01 4.001262217895980022e+00
3.758218393417229741e+00 8.078869684607501434e-01 3.969795802310479793e+00
3.481631514824849560e+00 8.499741392126503037e-01 3.691011732010820001e+00
3.436383680045270061e+00 8.794638294664505196e-01 3.729694732256529921e+00
3.437966454968200303e+00 8.339677049984399737e-01 3.709385542181419915e+00
3.438716970585019794e+00 8.315487222794200051e-01 3.714980630543220030e+00
3.453116814167500159e+00 8.262669520922401034e-01 3.761372098403210185e+00
3.431959072744729333e+00 8.615709610118700290e-01 3.622931677075119872e+00
3.206879148116439815e+00 8.799409361528400808e-01 3.429734486672330274e+00
3.775354809464909422e+00 7.729530739964900476e-01 3.861614512772410190e+00
3.785798810445330176e+00 7.850883752783901492e-01 3.863509620557080027e+00
3.222749477280720143e+00 9.006484477862399807e-01 3.411703731600510103e+00
3.426099927595900319e+00 9.864452674802803855e-01 3.387545626419580014e+00
3.730470415346409219e+00 6.823908066912700576e-01 3.781928444603860129e+00
3.702408050032060416e+00 7.981767208851806572e-01 4.011972462611129941e+00
3.738192151355559822e+00 8.081220213261599561e-01 4.009128877728770135e+00
3.862307183718000303e+00 7.079931814668802836e-01 3.713812457142129819e+00
3.766829102926459782e+00 7.994460111851600104e-01 3.775584855912589965e+00
3.861174380999489841e+00 6.794901438447102926e-01 3.682403250147920026e+00
3.617369964189859566e+00 6.447963108345398098e-01 3.738070481591909910e+00
3.783123459062800009e+00 6.149773787194003916e-01 3.712409499917380007e+00
3.651788721059789466e+00 8.219873596954099249e-01 3.968796473181759765e+00
3.652379180083799248e+00 8.123997567018603760e-01 3.971594680695869961e+00
3.654616860275609724e+00 8.152542113160103909e-01 3.969290067121070020e+00
3.596680316089889473e+00 7.656349093959096130e-01 3.875524888353590214e+00
3.409642115879860214e+00 7.182228063559605857e-01 3.911717690076970122e+00
3.623021607735520178e+00 8.223609401620004533e-01 3.975113941043829868e+00
3.775025868667899687e+00 6.133797847589603780e-01 3.711426976583219961e+00
3.546232936528309843e+00 8.334307030384699999e-01 3.940942846444849934e+00
3.782538013135390287e+00 6.147069576765100685e-01 3.712205011158070000e+00
3.395373845130049695e+00 8.578101627154102182e-01 4.002851726879420369e+00
3.696204180667280070e+00 5.872058940830198193e-01 3.687298875687659905e+00
3.420216069782039625e+00 8.392659194577403170e-01 3.701997113566130260e+00
3.676970069039829703e+00 7.962159974726898959e-01 3.967145746751400193e+00
3.402603094651730053e+00 8.000033338383700787e-01 3.878394691759980084e+00
3.405957809795599367e+00 8.152414819865199114e-01 3.853901277132600001e+00
3.392695570302589836e+00 1.051574482570349911e+00 3.518211595707460226e+00
3.801525428305530419e+00 8.485735484399103967e-01 3.912527494320300114e+00
3.638815168231319674e+00 7.447124136614204915e-01 3.718924556099600043e+00
3.816097212133390038e+00 8.448831422961902149e-01 3.761349696158780009e+00
3.815804010245609668e+00 8.432892791928501275e-01 3.760557367961590014e+00
3.814876274207420259e+00 8.478988036703398734e-01 3.760547563488729761e+00
3.813435813321450318e+00 8.479405215297504128e-01 3.763306760531050177e+00
3.815939817887730179e+00 8.580875291015903628e-01 3.755394690753730114e+00
3.706273421630109866e+00 8.032463003437904092e-01 4.010508575145579790e+00
3.441847315298829812e+00 8.609316154361295048e-01 3.701276924023289894e+00
3.402954589606309810e+00 9.061676864165502110e-01 3.723582394441169896e+00
3.460616677677450070e+00 8.191327843224898153e-01 3.762736924618200085e+00
3.443526098409569691e+00 8.846256049600298432e-01 3.640473951438529809e+00
3.429903401388290085e+00 8.651917081815301280e-01 3.618312419023899995e+00
3.875667216741859988e+00 6.632253292710799109e-01 3.669593760317360065e+00
3.182781459558150061e+00 8.596642696508700610e-01 3.450189381795960131e+00
3.230755915484619933e+00 9.081867108394603427e-01 3.448158199103290134e+00
3.621042750965089319e+00 5.776285087118897543e-01 3.701098018162729986e+00
3.399962293712309958e+00 7.638503324802696781e-01 3.959266769485520143e+00
3.407678155461740133e+00 8.470360205256399766e-01 3.792752687775210241e+00
