1.231200973400400134e+00 3.080451747201697899e-01 1.903838088649000504e+00
8.618308394822901120e-01 7.343006274339813899e-03 2.365168112793430311e+00
7.575951375507199437e-01 -1.791386013975102554e-01 2.037833638446380213e+00
1.048110783914379951e+00 -2.683716440005801118e-01 2.277793253374100324e+00
1.085400719190720009e+00 2.181070659810901979e-01 2.083869963287540372e+00
1.136306474681460177e+00 2.787363422801099055e-01 1.995376314821720509e+00
8.930719296970499599e-01 5.891595865951799738e-01 1.561985880723510078e+00
1.086488197269219969e+00 -1.617015781498043481e-02 2.407048820194820582e+00
9.515549177430899785e-01 -7.061977958666010302e-02 2.344544203462690213e+00
6.468121630667600375e-01 2.113211339995797466e-01 2.177502072007500455e+00
8.764242298114199858e-01 -2.509960511121502869e-01 2.236231310343600232e+00
1.052614507356790075e+00 8.173486973724974902e-02 2.338103350407390479e+00
1.113362763966930125e+00 2.825624237990602694e-01 1.992122029178730269e+00
9.125354616088900972e-01 8.589456368499615024e-03 2.372450986172950582e+00
1.002872363055249849e+00 3.625954561394197917e-01 1.865201077847270295e+00
9.838092041754800121e-01 -1.721867532465601869e-01 2.304836656346480606e+00
1.108598158023120117e+00 -2.358539868749802704e-01 2.315706103070620081e+00
1.129374889102189972e+00 8.420026526488997298e-01 2.094843495668750499e+00
7.835278749919201147e-01 1.049598253483199350e-01 2.117576827413720331e+00
7.842049281461300758e-01 1.041011260902293678e-01 2.110013074160089985e+00
7.570664994658600211e-01 2.342584132333200841e-01 2.051088365717459894e+00
8.355560533895700637e-01 6.445112661144398736e-01 1.525695516558490006e+00
9.896211391213800557e-01 3.134259145380098310e-01 1.883597844984140401e+00
3.998800466999999914e-01 1.684551838807597512e-01 2.031021317724980513e+00
3.996715221890800862e-01 1.665888980467000735e-01 2.032043894457580269e+00
4.491265305584699608e-01 2.674109242224997907e-01 1.999145061678030189e+00
6.419569301699845632e-03 1.489816956215199717e-01 2.015619574390340230e+00
6.925753661520039905e-03 1.520043664002797001e-01 2.010013276286480632e+00
8.991168772982400803e-01 1.747993730811598923e-01 2.198868139114000364e+00
7.778781042003399815e-01 9.996009816256945513e-02 2.125298484744420513e+00
1.137606479280389937e+00 2.796594654100901245e-01 1.996514558601230505e+00
8.230369363504201896e-01 2.808778695983900064e-01 1.989263556768940511e+00
9.915590452110900621e-01 2.987611709554998107e-01 1.934815921518389992e+00
2.613819736715006226e-02 6.304065546252024532e-02 2.040569684453730215e+00
1.223426622292960175e+00 3.198069365124900365e-01 1.920607596447540200e+00
1.160252134617300035e+00 -2.902043556612010633e-02 2.435264958137420166e+00
7.681166207377900790e-01 2.354819494924895729e-01 2.056035580214290448e+00
8.653058650155099896e-01 1.156843145165975528e-02 2.350858664703370238e+00
-3.710567301670075757e-03 -9.257198418642986759e-02 2.085669981555370089e+00
1.026589041258250123e+00 3.064555657466301319e-01 1.889298164071510300e+00
9.107475895929501020e-01 1.366863661311197298e-01 2.247957440929750028e+00
7.356223454633015191e-02 8.389393920279974992e-02 2.024823928518850291e+00
1.175126070464460160e+00 -5.224489487600014748e-02 2.415839343214300605e+00
1.129690666196879967e+00 -1.929673108422700345e-01 2.337819418244000413e+00
9.901098437266601104e-01 3.257378412369198450e-01 1.861041864418600422e+00
1.023181300901140123e+00 3.562959677252797164e-01 1.867552850316100077e+00
9.379998226401800032e-01 -1.674246998527200159e-01 2.293611445202260235e+00
9.506452624651200445e-01 -6.793044281063997936e-02 2.347899850044340209e+00
9.553791090142300657e-01 7.750111935890968695e-02 2.359454208557190125e+00
1.144234139276100182e-01 8.157058313295983965e-02 2.019961856876450135e+00
5.539639704819698807e-01 3.219997582048494955e-01 1.922379194379890244e+00
9.322297826425499645e-01 8.920907564598978823e-02 2.313395026770210361e+00
1.156992215777000066e+00 -3.200110318280002808e-02 2.431713168401440139e+00
3.702035333335300660e-01 1.909140427648599037e-01 2.040471688018850038e+00
1.075492880341899937e+00 1.943404433630901984e-01 2.189876059918860030e+00
5.963852594078501435e-01 1.510747731115298365e-01 2.208790242723550179e+00
9.869381518752200488e-01 3.104549796625097891e-01 1.943796254251860312e+00
8.255492336225800365e-01 6.600404628940901297e-01 1.542568779081920027e+00
4.771607061893500257e-01 3.700473366788199492e-01 1.130389592004750199e+00
8.163568613704299537e-01 6.849507836732398047e-01 1.354124905654050082e+00
8.555780141901800917e-01 6.562146040850600492e-01 1.548245611166560121e+00
8.328359077500999685e-01 6.468752608026200335e-01 1.526064357909840297e+00
8.100713437464800437e-01 6.938004125920800291e-01 1.377781453530479983e+00
7.790289137385499885e-01 6.730212007700200338e-01 1.308481534431729987e+00
8.029272148316799473e-01 7.910757101805994118e-01 1.441898130688540558e+00
8.035140984341502257e-01 6.568902598612296195e-01 1.368634364949590232e+00
7.439543219954800612e-01 6.261707659550701521e-01 1.302917539890460219e+00
4.511103006039700603e-01 4.101961269727101289e-01 1.144150200611369961e+00
7.340211346370799639e-01 6.201273909157900555e-01 1.248630212551520291e+00
7.851395443284799880e-01 6.745280200574397256e-01 1.336330049358360306e+00
4.067779925936900742e-01 4.295087514975999277e-01 1.172650027663950212e+00
5.509744292091600659e-01 4.179363438248802076e-01 1.091661715082760331e+00
3.423404360120301249e-01 3.681894239954899284e-01 1.282915720785830160e+00
6.057560390523000216e-01 5.354505202598995872e-01 1.203410042357960119e+00
8.121516625292199976e-01 6.983027532224799216e-01 1.345298724577040250e+00
8.207311915919600631e-01 6.894948275043799590e-01 1.440328344231900370e+00
7.967701519633200169e-01 6.578483368856296032e-01 1.380965995190040374e+00
8.728831501866300968e-01 6.362056512664797658e-01 1.561364559003730168e+00
5.902851396781900739e-01 4.723796138084401797e-01 1.139010355975370814e+00
7.465257849813700108e-01 6.439213654814399668e-01 1.249484733001850145e+00
6.129763962735901295e-01 8.516493634926103340e-01 1.434725308362410079e+00
6.121574407803299644e-01 8.508700657238197351e-01 1.433593147573450466e+00
7.860569033532099903e-01 6.722343806478403572e-01 1.326993790140409857e+00
8.090637869481899225e-01 6.730984961555299684e-01 1.365657992295830070e+00
7.924803943740700296e-01 6.384413063206699768e-01 1.497552070968950488e+00
6.076989190604000779e-01 5.125804811601599731e-01 1.339680954937239932e+00
1.106298462280700390e-01 2.064518686933296543e-01 2.230115155237590407e+00
6.316029235550899568e-01 5.484680270928596890e-01 1.296029546926450227e+00
4.052111874042100270e-01 5.358921447892899259e-01 1.278593796810410410e+00
7.620776980330501438e-01 6.089660264751799446e-01 1.503804132625790491e+00
3.895233012804499850e-01 5.008100174267302584e-01 1.238314844434849959e+00
7.533180681907100107e-01 6.183693149108395737e-01 1.386759860929650312e+00
4.564915036206701471e-01 3.678357808399295159e-01 1.152931493964270082e+00
8.187884883041900430e-01 6.405615792110199713e-01 1.510814182502010716e+00
9.801984309565000553e-01 3.120514326242695979e-01 1.947639057971780385e+00
7.563035715123299640e-01 6.217896618446898671e-01 1.203300659875869982e+00
8.722158028141300257e-01 2.225400096868601629e-01 2.101713482794010268e+00
1.138793182223019951e+00 8.581528987224698035e-01 2.131040074086660407e+00
8.752820720112099995e-01 6.176848327712396447e-01 1.567435551196070698e+00
7.741797425026499813e-01 9.543483580154976664e-02 2.089474471222490415e+00
5.052190027192200450e-01 3.210068214908798900e-01 1.919871990519460336e+00
8.732961742729600241e-01 5.406351575171299828e-01 1.599245063652680265e+00
7.225676057108901817e-01 7.614993809942096625e-01 1.432377657275810012e+00
5.347806451453200882e-01 4.161272526431498697e-01 1.095212531374500031e+00
6.512588024917600471e-01 4.507117926401797980e-01 1.255941821483900434e+00
4.041093975802700911e-01 1.595760799546197539e-01 2.038350195619270444e+00
7.555808643132602143e-01 6.197499752536503870e-01 1.301005941700240420e+00
8.097872004226600584e-01 6.843060405783396583e-01 1.414293443077919932e+00
1.273050323993400124e+00 7.895413435549802905e-01 1.919061540183800041e+00
1.089473378532100911e-01 5.512747885087700972e-01 1.520212391605390234e+00
8.753738418283800726e-01 5.393689437220698935e-01 1.582267159217440433e+00
8.906371184147701126e-01 5.674617693671297758e-01 1.596920237851690239e+00
8.672230295329000915e-01 6.892048772617798136e-01 1.555751097074120182e+00
8.780417085236300601e-01 5.408169362712302863e-01 1.582618565189330084e+00
8.767933946628100328e-01 5.367276932229296804e-01 1.580489928001430400e+00
7.601182481988300044e-01 6.092674685845498317e-01 1.508081508437470131e+00
8.968070478062000195e-01 6.663829400121299429e-01 1.645010484530280426e+00
7.064394051050000289e-01 5.610137416372302788e-01 1.678211953904780174e+00
1.004862782761190010e+00 3.478302463622999774e-01 1.861251094969050612e+00
7.829164826515500053e-01 1.036012861371600202e-01 2.122349275338730301e+00
6.032466510539300497e-01 1.423193897267900354e-01 2.209752493924710404e+00
6.518498875184299823e-01 2.101799723484498728e-01 2.201623602454290562e+00
8.876889117021400377e-01 6.458857966175997056e-01 1.565769644798660210e+00
1.024276479520989991e+00 3.128931852887801845e-01 1.897714489313570230e+00
9.880454117718200369e-01 3.131778524793502605e-01 1.901029757216080363e+00
8.743209173477700658e-01 6.366275665167102638e-01 1.562367432116490207e+00
1.072197942633489998e+00 2.265350888989798861e-01 2.080185834374350229e+00
8.933186439021001402e-01 6.067425661022500805e-01 1.566429700763459998e+00
7.532966049838900613e-01 -1.734848693095099037e-01 2.028626108396570427e+00
7.467077019985800534e-01 -1.835289837592304352e-01 2.068887196328320410e+00
7.472870442971299987e-01 -1.738733540351202755e-01 2.042730643488710029e+00
9.134432991368099941e-01 1.667403783843197651e-01 2.196846104723990223e+00
8.768485690323600812e-01 -3.235613675344601869e-01 2.174640657663040155e+00
8.800995309134700406e-01 -2.948018031638302006e-01 2.221898521067450449e+00
8.905826722674500262e-01 -2.876470195821998477e-01 2.204838505210569899e+00
9.450450898726800997e-01 1.510281898827798841e-01 2.203181469615060450e+00
8.776023987674099747e-01 -2.458134102559097478e-01 2.227533543178890518e+00
8.666539884745100286e-01 -2.478475144719001211e-01 2.275534232177750305e+00
3.482972532072200478e-01 -1.412837999589502402e-01 2.017319277121760290e+00
3.837026438369500747e-01 -1.096061309893499036e-01 1.956117282132810331e+00
7.756730519621800601e-01 -1.903791426474898962e-01 2.017539087733140057e+00
7.448116246884901592e-01 -1.949108215315198400e-01 2.037211093810650020e+00
6.801974240033299424e-01 5.694445883349796844e-01 1.515478603888490206e+00
7.220104611939900385e-01 -2.030501595361704492e-01 2.063193457532490172e+00
5.226796097227800475e-01 1.694946380567299293e-01 2.218377258109920369e+00
9.248433932009201275e-01 -1.243759867316995837e-02 2.391254485123900153e+00
8.978511913783000509e-01 5.739755998291800054e-01 1.582897474603360166e+00
8.922748416395700488e-01 1.793240773114899156e-01 2.134214387767210397e+00
9.266562209098199165e-01 9.295721409653978640e-02 2.340663462880080203e+00
9.526058715794800680e-01 8.076812308865033430e-02 2.333883964202859929e+00
9.584322845069899177e-01 1.212709364341497675e-01 2.098228362182370077e+00
2.145076081477900187e-01 -2.463653107014798227e-01 2.077022071508190404e+00
2.283687262296401066e-01 -2.604900145114399379e-01 2.069203783021440479e+00
2.377505384823299650e-01 -2.569232221846404762e-01 2.048226082709549978e+00
2.387857648626000584e-01 -2.293619206156802814e-01 2.031892630237300601e+00
8.934947235948900168e-01 1.180517934410896252e-01 2.255247553189310139e+00
8.865126383192800663e-01 1.606775609446597919e-01 2.040461616246580512e+00
2.363568696777300637e-01 -2.141314235466797999e-01 2.076590097084309861e+00
2.404195398070201328e-01 -2.168023407923902468e-01 2.042712289158679972e+00
3.502028341357400487e-01 -1.388911246802597699e-01 1.962266424619920180e+00
8.633577749866100381e-01 5.908805574300295405e-01 1.547104032410010266e+00
1.610760878056800571e-01 -2.376259192023699729e-01 2.063590594356820240e+00
2.252559201395700761e-01 -1.728417279077203439e-01 2.104010684662610320e+00
1.648286834105200382e-01 -1.964689208844201396e-01 2.084761235868040519e+00
2.390547497804299537e-01 -1.441269533489899501e-01 2.123873288944910342e+00
5.870943442678501212e-01 6.229990593128897913e-01 1.193887172692770449e+00
1.264700889774200032e+00 4.262443736594798693e-01 1.771178677491760389e+00
7.909636815843301694e-01 5.300617155631197619e-01 1.614984648660910516e+00
6.808632117796500349e-01 3.007991917842400831e-01 1.949544070961350517e+00
8.253818303766701225e-01 6.272114014760794554e-01 1.546644038741170402e+00
4.697371415582799470e-01 4.834169708629993956e-01 1.167113633951780471e+00
7.946290189412900107e-01 6.421374854837393897e-01 1.501296330388830480e+00
-4.435648261470026554e-03 -1.337706635469901872e-01 2.064061533770110479e+00
-3.233069918770037354e-03 -1.347762316294103258e-01 2.065705773477610308e+00
-8.425089586898693028e-04 -9.497961831719003989e-02 2.083863919718070612e+00
3.522285905257016569e-02 5.536231001016900244e-01 1.644409730297569983e+00
1.701427045345801359e-01 8.862741598921597408e-01 1.723356029673720258e+00
7.711233624946900456e-01 -1.946688428255201053e-01 2.037204516513550168e+00
7.568374594029201319e-01 -1.950503457909298355e-01 2.088432693307820109e+00
1.083788832475760078e+00 2.298562291150796355e-01 2.058095242219840415e+00
1.052072059922759983e+00 1.539534889818301444e-01 2.196126016000500503e+00
7.439174562159500681e-01 6.285192438145097427e-01 1.253221169887090092e+00
1.015009390906030040e+00 3.501332508984398295e-01 1.857043446296090305e+00
1.096911104072739951e+00 -3.700563624980901523e-01 2.201055033565560315e+00
1.138789627823209916e+00 -3.035877925984000747e-01 2.189108327541030352e+00
1.097005478964120151e+00 -3.548011320483601683e-01 2.160403362852880260e+00
9.734804915413501902e-01 -3.885218627855397955e-01 2.155459301354370361e+00
9.692580215395600884e-01 -4.036009670192899357e-01 2.201673017920340314e+00
8.776283999409000280e-01 -3.798968679396501624e-01 2.144558240375260105e+00
9.553630080445500994e-01 -3.806817031690399311e-01 2.210937697625050102e+00
8.757361750596001082e-01 -3.877408560126500703e-01 2.167716101599100220e+00
8.783288173918299968e-01 -3.799120691220803092e-01 2.149397194639710129e+00
1.054830383054389920e+00 -2.990911041340702514e-01 2.175003476468830410e+00
9.720761475535599772e-01 -3.388241484032803452e-01 2.187687526408540251e+00
9.374300710305301099e-01 1.581911547644798688e-01 2.196810724025390460e+00
1.138469285712579993e+00 -2.672000318142904174e-01 2.267230136377200278e+00
9.399965748144101241e-01 1.578023137168402812e-01 2.194106263225070297e+00
9.876838815212399814e-01 -3.036720797622600720e-01 2.187717920579480335e+00
3.651077727250899851e-01 -1.274550089892501070e-01 1.993246909203590267e+00
7.620641524944600231e-01 6.311016334297603336e-01 1.480560226860520245e+00
3.854173632158400808e-01 4.336935876820398050e-01 1.208346239876120443e+00
1.267560805890100006e-01 2.081453031199900217e-01 2.246511757129150411e+00
1.838780046166700322e-01 2.169964743333698820e-01 2.121113609083330243e+00
-8.327058973500699457e-01 9.624395423049598719e-01 2.420566778666710217e+00
2.604089249087599978e-01 -1.111034441956300078e-01 2.108225530560340566e+00
7.708068470525009097e-02 -2.078116313098601342e-01 2.057252199519870040e+00
2.307055380366100916e-01 -1.313651957071499954e-01 2.160570751533970490e+00
8.945964852867016592e-02 -2.053674366544899765e-01 2.048237877116050321e+00
-2.659232416209911243e-03 1.557149073500796455e-01 2.019884749316150252e+00
1.021902276951014432e-02 1.636792421936199560e-01 1.992603181405930179e+00
-4.834905340491002512e-02 -2.282945158442499789e-01 2.116971206387290305e+00
-8.874859477639995831e-03 -2.090358057459404950e-01 2.035976891984500270e+00
-1.255979135467000241e-02 -2.101515535837599202e-01 2.045920953754490235e+00
1.282622091096101702e-01 5.013781001858985675e-02 2.051775898444910151e+00
6.269917840630245820e-03 -1.299184075776200764e-01 2.055779790154290243e+00
3.755294271846010279e-02 -1.621497204660800051e-01 2.066262759854840425e+00
-8.575144861284000886e-02 -1.684509060256802471e-01 2.209955086060980456e+00
-3.872116756603005694e-02 -1.217105094191603953e-01 2.120100092460890373e+00
8.323276949500080235e-03 -1.509226522380404667e-01 2.074577374981200428e+00
1.020195739789799827e-01 -7.133973749827005051e-02 2.005241983929900496e+00
-8.364724936975996838e-01 9.554349232419601101e-01 2.382819090767000159e+00
-9.099198396098898689e-01 9.704966943207598007e-01 2.537808176011370431e+00
-9.147973569685702300e-01 9.706482900397195301e-01 2.541159235851530251e+00
-1.068796230139060111e+00 1.018254869282730013e+00 2.702855129982780102e+00
8.908641226842700656e-01 -2.940048559569299336e-01 2.217965090385730420e+00
8.803753385221400052e-01 -2.869774381028498134e-01 2.220815694596580236e+00
1.108087102318590089e+00 -2.112758898358901849e-01 2.231223300958770306e+00
8.797478787079601181e-01 -3.140160883706402117e-01 2.271294480469340016e+00
8.890703683382299438e-01 -2.917360548698400002e-01 2.213143045794870201e+00
1.053406944874040185e+00 1.274469664070800867e-01 2.192279391006200395e+00
1.141348051367770067e+00 1.180266080984497812e-01 2.312363992212630226e+00
1.134792691110889873e+00 1.241799681125197452e-01 2.285037087788210464e+00
1.086364254611829949e+00 9.665816250331937809e-02 2.266184634073310278e+00
2.100577712941099628e-01 -3.400299316010901851e-01 2.028432121080090411e+00
8.462995624593599997e-01 1.618698523995898420e-01 2.112536106212880238e+00
2.287926754331600643e-01 -3.065859475377301635e-01 2.041523386932300177e+00
1.759310437811401062e-01 -3.539128137661502471e-01 2.153082360061460143e+00
1.622783186751199924e-01 -3.461728357006099710e-01 2.062081909026140192e+00
1.761877872564301395e-01 -3.347366378008000964e-01 2.035193753423510277e+00
2.126829275343600223e-01 -3.155620333960902357e-01 2.066264427154740346e+00
2.606593441349099871e-01 -2.763973117591502771e-01 1.967082034021630399e+00
1.719086685296099537e-01 -3.223589739918002461e-01 2.061066535891730389e+00
1.770556033435499721e-01 -2.912246609195501268e-01 2.073259908628970472e+00
2.078738507774799960e-01 -2.905887070354202795e-01 1.986404372053700129e+00
1.296387863006599472e-01 -3.489589848631902136e-01 2.070957684238720287e+00
8.856465151027997917e-02 -3.658571013587499365e-01 2.251529690404080242e+00
1.622352941272700022e-01 -3.150075825032798704e-01 2.080493365906610492e+00
2.498418418015100340e-01 -2.448924286747500290e-01 2.013244265264150012e+00
1.924546857243699671e-01 -2.560904219880402177e-01 2.063490624664770401e+00
7.049670609499902874e-03 -3.145920848093599620e-01 2.007137818245940064e+00
1.183297473730600124e-01 -2.979341775983201934e-01 2.073800297380880231e+00
-5.705196662539013808e-02 6.424454817672042850e-02 2.088323411843550304e+00
-7.784242120084006178e-02 5.870316640069006553e-02 2.119613801596900160e+00
4.832226837950037712e-03 -3.177117824480104602e-01 1.988300342008330279e+00
1.011085335575701016e-01 5.729440541398300724e-01 1.514011566280530463e+00
1.032005986872500669e-01 -2.646806655646800621e-01 2.206208132045570203e+00
2.149402208530201142e-01 -1.804254991769400629e-01 2.131528904123880519e+00
1.379193798512012847e-02 1.178770442464700530e-01 2.082852473654520420e+00
2.225298334247399756e-01 -1.686322917074400962e-01 2.052363783575080092e+00
2.653830105365200254e-01 -1.201592798344899293e-01 2.054123548511400443e+00
1.103770588982101453e-01 -1.585991508296999974e-01 2.020623849825250229e+00
5.070546736800074505e-03 -1.563956520861802257e-01 2.050461691104100481e+00
-5.812247075791987516e-02 -2.341990307288597251e-01 2.314137896409060424e+00
9.913935780663996056e-02 -1.611405662052103338e-01 2.033296292541520778e+00
2.542106748586501208e-01 -7.594799510501015760e-02 1.917042207921030084e+00
-1.260815643546800979e-01 -1.799343291431099168e-01 2.295442626753540161e+00
-1.360427730492996812e-02 -8.341487841153005789e-02 2.083967492332410298e+00
6.498912724555201414e-01 1.811017263402900923e-01 2.203911707094920125e+00
4.212639291191799806e-01 1.849604952573300487e-01 2.286039542198760266e+00
1.256657091415799288e-01 2.052058420626501345e-01 2.242510660538800327e+00
1.169828550060300065e-01 2.033924055272997578e-01 2.268698817013130142e+00
1.152367099930890149e+00 -3.417964728929998586e-01 2.287109881080590323e+00
1.173030021873000095e+00 -5.525632147990044984e-02 2.401253249705080250e+00
9.891926823618901743e-01 3.496712499391501083e-01 1.890362231700370543e+00
8.748402744978900358e-01 2.835523634682100003e-01 1.992367622099630253e+00
1.173895415440630252e+00 -4.302002192469034370e-02 2.420294984584270281e+00
-4.665373481751799112e+00 -6.821655807106599134e-01 5.822413441303440962e+00
6.237488957570800352e-01 3.615022480216900647e-01 1.882739523576880014e+00
7.829274556900700510e-01 6.433290419797397242e-01 1.328155490137590267e+00
-5.446626615376179537e+00 -2.123310549446429718e+00 8.028842610333359886e+00
-3.054634174137000446e+00 1.138383737337398394e-01 4.400547652694180023e+00
-4.878191619408320356e+00 -1.751144904847480088e+00 6.877747700157700095e+00
-5.487853165404790623e+00 -1.628073073435829743e+00 6.934710011615409897e+00
-4.149275430480249938e+00 -1.301968771166650107e+00 6.822975898321489652e+00
-6.424752319868718864e+00 -2.474300025911629675e+00 9.147769256401740989e+00
-7.490333100626020091e+00 -2.496686624991200087e+00 9.464809414330819237e+00
-4.466982931142418956e+00 -1.815822215947180407e+00 7.057762118852120459e+00
-5.363793667171930402e+00 -1.595200625244170167e+00 6.816886313470050140e+00
-7.234277816372929770e+00 -2.203477870285609708e+00 8.668273883935370350e+00
-4.676085358752519738e+00 -1.895604354429399674e+00 7.297219739749060352e+00
-3.814863927662510701e+00 -8.683851882097999297e-01 5.389637657228310452e+00
7.514831611606399564e-01 6.407315688659500630e-01 1.228675113208100189e+00
-4.386802948634040078e+00 -1.931695185371720136e+00 6.647693749665380736e+00
-3.982488958611760221e+00 -9.995520997261000407e-01 6.872108196404179914e+00
-6.130962637860470466e+00 -2.494798429700719744e+00 9.108790894844410957e+00
-6.585083757913959168e+00 -2.676193917930940191e+00 9.719921657509040358e+00
-4.226282258272069825e+00 -1.864343093961300157e+00 6.455803381669110053e+00
4.110822858808800273e-01 6.929012214781495871e-01 1.430428631310940446e+00
-4.494650381705300290e+00 -2.020548909059890264e+00 6.962681705695580092e+00
-8.278980969741180473e+00 -2.189105949609829960e+00 1.262387932559803971e+01
