3.768948155782130716e+00 9.367015730055960887e-02 3.956743563324350177e+00
3.431840183911579967e+00 4.858545561828397918e-01 3.691933063644280200e+00
3.660498073263020125e+00 3.481338072002095885e-01 4.156113539038219784e+00
3.866464482738369846e+00 3.101126194317394003e-01 4.269264355542509826e+00
3.793517418357599702e+00 7.577947941084950401e-02 3.944065841243149961e+00
3.926438512211019916e+00 2.714211739347196506e-01 4.116399918083129883e+00
3.794510040602189882e+00 7.923639356625988839e-02 3.940042957682349911e+00
3.813786625173449796e+00 2.627835127618696198e-01 3.981210494104760134e+00
3.816161594229510179e+00 2.596640602799693553e-01 3.987855349342860123e+00
3.856999779425900332e+00 1.209081536547396141e-01 3.963729919150499992e+00
3.892892849401710098e+00 2.926946832231998030e-01 4.243350203955030153e+00
3.936572623581060526e+00 2.746290443667596115e-01 4.100854129177200491e+00
3.853984466375609763e+00 3.023865518367196970e-01 4.216562645061959991e+00
4.052613642060539867e+00 1.747226005691493445e-01 3.901185805185189981e+00
3.910217958582820508e+00 2.711380316642300059e-01 4.057587162662129820e+00
3.846151046398539997e+00 1.073005801905697609e-01 3.936387011654439938e+00
3.945668656152729437e+00 1.106611116985798393e-01 3.919446706146830106e+00
3.920632165940079794e+00 3.087622480715694895e-01 4.230025514815720200e+00
3.616567353922119921e+00 3.772555971852393775e-01 3.964648411249379834e+00
3.933933327938260671e+00 1.226976666801196103e-01 3.966804840626780404e+00
3.822227439205500232e+00 1.223057748903597641e-01 3.895335076202440128e+00
3.816007746420289948e+00 3.253606514731592902e-01 4.228086078984969909e+00
3.818647691958980239e+00 3.280117826676596238e-01 4.225972182802950172e+00
3.787854005057139872e+00 3.385139920114699219e-01 4.230884953695589701e+00
3.925753531891890358e+00 1.220748900831098993e-01 3.965466297920120287e+00
3.714281821346539392e+00 3.594440878710594145e-01 4.194336821633529944e+00
3.916497711408080118e+00 9.345196506332964503e-02 3.940370159540920181e+00
3.872753484054080264e+00 1.205063085578894633e-01 3.836494534531940115e+00
3.706299712837739957e+00 3.175369363732096772e-01 4.223039741383249890e+00
3.570457806488879893e+00 3.448037518129296597e-01 4.125347708363619859e+00
3.966964928346349950e+00 1.424890723933593950e-01 3.872239879256760275e+00
3.565253165742479968e+00 3.327904866607096501e-01 4.169601165662410125e+00
3.934377993384349903e+00 1.216771197679995531e-01 3.966344282636919960e+00
3.573260344709480396e+00 3.446816701754000789e-01 4.126105343116780233e+00
3.989969653505640146e+00 3.487393524440896009e-01 4.024623400849489663e+00
3.863536230041699771e+00 1.076221967759893872e-01 3.920897730807780146e+00
3.946362774895510128e+00 1.362031669700796144e-01 3.968495563402270054e+00
3.577377183751490275e+00 4.035781389147001796e-01 4.044544793128550531e+00
3.926116665508120107e+00 2.871098353269898595e-01 4.088459368625949608e+00
3.429739463938960231e+00 4.859019655514895675e-01 3.693342931770049908e+00
