1.772828490870199669e-01 2.984147491061900359e-01 1.317069782950070156e+00
-1.201129950445500305e-01 2.334681973103199804e-01 1.407798740698820161e+00
-3.665263169164399981e-01 2.912453939845999762e-01 1.366848902698700075e+00
3.014936668929000252e-01 2.426814779188000148e-01 1.351948827737539771e+00
-3.333467545779599805e-01 2.381065584351800268e-01 1.418037375122180199e+00
6.899436293231001049e-02 2.037217650899000310e-01 1.411282294080439925e+00
1.225786434260000071e-02 1.284679018120200023e-01 1.438413568439740109e+00
-1.490432825738400302e-01 1.719788481369100008e-01 1.294044981786869997e+00
-3.381821243776199637e-01 2.797412489433900307e-01 1.376722330281689999e+00
-1.231415062886900003e-01 1.666635474834899933e-01 1.335625241761470017e+00
2.442091787560000116e-01 2.209579532642599875e-01 1.356443753076680192e+00
1.222437691917199754e-01 4.514044462073998898e-02 1.585223235326200131e+00
-3.381924558163099670e-01 -7.123057378279001872e-02 1.618344267888530030e+00
-5.510474619793299667e-01 -8.353849271519997455e-03 1.630680259949320199e+00
3.561801848576999496e-02 2.863004816940900588e-01 1.357669363890650072e+00
1.414368273430599843e-01 2.716580663101200721e-01 1.327797799733680062e+00
1.414368273430599843e-01 2.716580663101200721e-01 1.327797799733680062e+00
-1.834719624031500018e-01 1.879671470411999890e-01 1.293932776529200135e+00
-1.847379474443599789e-01 2.050200921538000154e-01 1.312355336088879998e+00
1.566880444695900043e-01 2.765801052847799424e-01 1.333076264620020046e+00
1.289455057825499851e-01 2.126645992872500113e-01 1.377108849146650105e+00
-5.863781492040399668e-01 -8.221144108752001523e-02 1.748275831530839985e+00
1.609700614235900218e-01 2.777264819313000621e-01 1.334680940064780108e+00
-3.806665180527399328e-01 2.944768551136099921e-01 1.366964995379150061e+00
2.324669252395500096e-01 2.800205653963500074e-01 1.330148555139970101e+00
2.324669252395500096e-01 2.800205653963500074e-01 1.330148555139970101e+00
-3.081215397207399675e-01 -2.008174330501800164e-01 1.884450681871100208e+00
2.830509461743699884e-01 2.625789039507800404e-01 1.326274919962519894e+00
-2.312693566105299969e-01 1.199275671580700142e-01 1.311211181918710000e+00
-5.560909351851300864e-01 -2.756754370961000400e-01 1.862166920406299830e+00
-7.890974459162999888e-02 3.196865696917199906e-01 1.322003604064599935e+00
-1.637498804705199984e-01 -3.120835060805800532e-01 1.974873952791539988e+00
-7.637374557409986817e-03 -2.971801077792999846e-01 1.939133420917399819e+00
-2.055457698685999451e-02 -3.761572588811599727e-01 2.041079712841780136e+00
-1.912140607918800250e-01 1.412735083599500063e-01 1.301715570590950000e+00
1.780490331849900187e-01 2.893658968286499933e-01 1.311360993794770113e+00
2.513137317410700233e-01 2.166680459732999997e-01 1.373570531778220083e+00
2.339224945557900059e-01 2.801352588407400312e-01 1.336390591752240065e+00
-3.059993822939999913e-02 2.953115180172100618e-01 1.349296008292969917e+00
-6.480158717685000069e-02 1.688354860241799982e-01 1.413870210504859948e+00
-7.064912548914500379e-01 -5.855236663812000975e-02 1.763418668304780113e+00
1.380043745811699862e-01 2.409212376472699979e-01 1.350925293974629904e+00
-1.471680025120200019e-01 1.709043628833600004e-01 1.286959822287000010e+00
-1.898889865450899828e-01 1.424333248583000144e-01 1.298929025860360076e+00
-3.774780549083999598e-02 -1.057231908195999937e-01 1.695465923080220039e+00
-4.103956506555000439e-01 1.944465986587800010e-01 1.440719853571439835e+00
-6.931766450135998237e-02 1.181436925216600153e-01 1.414339294611620002e+00
-1.686785699864000107e-02 7.104174826913001173e-02 1.542331160931450063e+00
-1.686785699864000107e-02 7.104174826913001173e-02 1.542331160931450063e+00
-2.664099248115400220e-01 3.022290041721000242e-01 1.353391846846260016e+00
-7.355806704454399547e-01 -2.227161344455699798e-01 1.887891706610130171e+00
-1.529787681792700027e-01 -1.524297061455799907e-01 1.742155068870460122e+00
1.218070905341699928e-01 4.227593931951000028e-02 1.588989459257010184e+00
-1.373379566031500132e-01 3.232491268129800144e-01 1.326034317181580047e+00
-1.727258739111100228e-01 2.640609659468400316e-01 1.367735296038660175e+00
4.129303051016999793e-01 -1.454400214415002557e-02 1.593508661644170044e+00
2.707189623476099483e-01 -1.539795785193001643e-02 1.435711824060670105e+00
-2.058577001768600034e-01 -1.012621635663500386e-01 1.713443751983410257e+00
-1.243304146204400051e-01 1.659394472164300027e-01 1.328842734021189909e+00
-4.936756203457000058e-01 -1.144648877255299846e-01 1.728711173315329974e+00
-3.723328534475999624e-02 -1.100886716743900151e-01 1.709733003694370090e+00
-3.723328534475999624e-02 -1.100886716743900151e-01 1.709733003694370090e+00
-1.272730425244699981e-01 7.210554594573999332e-02 1.472630920817340039e+00
-1.505814883708000464e-02 7.138234848044999747e-02 1.499651826805989963e+00
3.764979135757499651e-01 1.587725552042100197e-01 1.414396020760089856e+00
1.029085703420500042e-01 3.142920269661100274e-01 1.304833472226510027e+00
2.109102034780399870e-01 1.951979548694700028e-01 1.388635303753869898e+00
-3.400191536163499340e-01 1.842035656816199685e-01 1.470239249672040005e+00
1.558021403947099925e-01 2.351042030322700038e-01 1.344054830765750053e+00
-8.193910997716900013e-01 -3.339764730301499895e-01 1.983986089516789786e+00
-4.403411750002099723e-01 2.774024332914000468e-02 1.585499940129960095e+00
-4.888350275420699220e-01 -1.062705539026900237e-01 1.748813083526369994e+00
-1.919822691010499849e-01 1.394843355809200214e-01 1.300071545464140055e+00
-1.254659020343599773e-01 4.889589447660999677e-02 1.456957866388389977e+00
1.200094833294799990e-01 2.445546842645400232e-01 1.345361450439440221e+00
3.775047549526400203e-01 1.589677586816199972e-01 1.416275558677980051e+00
-4.080273687197800148e-01 1.931865352958500037e-01 1.434795738093409989e+00
-1.668260162436999844e-02 7.259815861127999481e-02 1.474407007913119960e+00
-4.550250291212800113e-01 -2.603078245077400377e-01 1.921165813418559853e+00
-1.571536172931599917e-01 -1.542755073013000189e-01 1.753735190872280025e+00
-7.723079590911999248e-02 1.586341316916100030e-01 1.423499150624289999e+00
-7.723079590911999248e-02 1.586341316916100030e-01 1.423499150624289999e+00
-4.098964403843199933e-01 -8.162879093439998068e-02 1.681224376707360024e+00
2.718027532449099892e-01 2.289913931611000097e-01 1.345063923192319821e+00
-5.737502546010700977e-01 -2.296548151212999822e-01 1.823281007718459801e+00
-3.434466221569299482e-01 1.844096680910100039e-01 1.469467764671990029e+00
-3.152581478876499976e-01 -2.170510147161099912e-01 1.863026376628289960e+00
1.204054646566300180e-01 3.877965370696001557e-02 1.586198477439099808e+00
-3.179537008224900263e-01 -3.339329947463400283e-01 2.004950519225100258e+00
2.103405343747299650e-01 1.957398552308199924e-01 1.384668387967340042e+00
-1.578476560145499752e-01 -2.436095784962400423e-01 1.875222461959680231e+00
-5.731869065620399661e-01 -2.243706373301799784e-01 1.820645367457080166e+00
1.188580603652699963e-01 3.774169502746001215e-02 1.587853724104620001e+00
-1.599936699090500070e-01 3.485398141929996196e-03 1.609791147787549948e+00
-6.834322339366000199e-02 1.231716321501400008e-01 1.411390345576380101e+00
-9.663074846522998196e-02 3.426404016040998646e-02 1.418669213348269897e+00
4.209312093932599530e-01 -1.655315918166000433e-02 1.607815956574640159e+00
1.348006697853499913e-01 2.192349143767799990e-01 1.402136377642920095e+00
-4.964236550980998669e-02 -6.105282284179001928e-02 1.669523244113830129e+00
-1.265899750241999966e-01 1.231869467474599883e-01 1.310600954939779905e+00
-1.757460291162500077e-01 2.601328916064800101e-01 1.361823933452499968e+00
-3.116207370068000901e-02 -4.343140276451600279e-01 2.071865062445219952e+00
-3.759316058037700525e-01 2.137436523657799681e-01 1.401658826686640102e+00
-1.077558571104699769e-01 -2.095539881969699647e-01 1.819932000465110056e+00
3.290460150115400162e-01 9.477012125386999331e-02 1.515881513604610209e+00
-2.816662160283399663e-01 3.034760135281099891e-01 1.361151828946070008e+00
-2.816662160283399663e-01 3.034760135281099891e-01 1.361151828946070008e+00
2.312947385524999899e-01 1.903531491399200193e-01 1.390189679771840048e+00
-6.563815589014000695e-02 1.676342307549800181e-01 1.419365034129279834e+00
-1.069002698824299824e-01 1.955946466771399939e-01 1.394693660178699890e+00
3.897709884573000161e-01 1.895290720230499992e-01 1.397297726024949949e+00
-5.209194959983299844e-01 -1.281158266916799793e-01 1.826942961897060069e+00
2.430203516293399923e-01 2.702312556853199710e-01 1.370777312945439919e+00
-5.681840929170999255e-01 -2.364102900536800278e-01 1.831892632706939805e+00
-1.677918425904499911e-01 -1.560192468033599900e-01 1.749619830783919916e+00
-2.080593957388899851e-01 -1.869373600132999691e-01 1.760661577148100010e+00
-2.080593957388899851e-01 -1.869373600132999691e-01 1.760661577148100010e+00
-1.799387767752899936e-01 -1.997502339815199757e-01 1.744095939590600164e+00
-5.591065067625000662e-02 -3.237560278503699984e-01 1.978797609855109885e+00
-7.935779680832999450e-02 -3.530094381089199929e-01 2.011506634148640060e+00
-4.700844615880002408e-03 2.734337010692600156e-01 1.372832921301699871e+00
-1.590160101056300179e-01 3.719036599031001755e-02 1.434871137792989915e+00
1.678464534726500090e-01 2.049840622367800069e-01 1.384397984427200079e+00
-2.304183309282900050e-01 -1.118182614294299937e-01 1.650269859305889986e+00
-1.637186865990399864e-01 -9.637641115799733260e-04 1.627498572272700006e+00
-8.008797916771001613e-02 3.220301821804600340e-01 1.328514402032400010e+00
-4.509772061776998187e-02 -7.947028149853999079e-02 1.712084389145780206e+00
-4.902571920009989731e-03 -1.244826913630800169e-01 1.735396949495759955e+00
2.260906625955199922e-01 2.733351152466200196e-01 1.318093730483480108e+00
-4.454328252854500292e-01 -1.788074665787299788e-01 1.802636636921550073e+00
2.946681143828600025e-01 2.725795896584900513e-01 1.299783972031030022e+00
-2.074077779845500680e-01 -1.949045884728399791e-01 1.775198293800300142e+00
-5.309304837237699415e-01 -1.384912382572699996e-01 1.744484092414809950e+00
-4.222845317360099937e-01 2.459252220407699974e-01 1.375906454891349995e+00
-8.358413001409997767e-02 3.024365524678999662e-01 1.336698966268000000e+00
-3.382610339032899871e-01 -7.384631938233002235e-02 1.618448405057769879e+00
-2.309302854347800027e-01 -1.100574212015600073e-01 1.650588820738779994e+00
-4.942592376293299949e-01 -2.571490179980000235e-02 1.643068978115320267e+00
-2.862391467799915712e-04 -1.110757356021099818e-01 1.684779509070370107e+00
-4.889499394771699148e-01 -1.110474510800300019e-01 1.727527765837610030e+00
1.774623775867899822e-01 2.948268293842900567e-01 1.293304277401550184e+00
-5.034381906724401112e-01 -1.718592028954299966e-01 1.773262668644150164e+00
-1.642421789985099856e-01 -2.427272103188000130e-01 1.889447167092000113e+00
-2.923392366056399294e-01 -2.693642421513099960e-01 1.934257573630870031e+00
-2.437179248543100141e-01 1.488889966461499625e-01 1.312076378912110153e+00
-5.666613541907000035e-02 9.061918353562002648e-02 1.418591782314360117e+00
-3.908531960609800127e-01 2.102279996177899846e-01 1.414125859562749943e+00
5.467838759231998663e-02 3.160311087430020538e-03 1.425412324914109741e+00
-1.275296674220700033e-01 8.280340064647000176e-02 1.426890625050029948e+00
-9.635997861407000209e-02 1.755864697257000784e-02 1.422656084039189972e+00
-9.635997861407000209e-02 1.755864697257000784e-02 1.422656084039189972e+00
3.345043025837599604e-01 1.680033662274099948e-01 1.408580580776889857e+00
-8.677091721898000376e-02 2.076267751975999221e-02 1.388587882068299972e+00
-9.173855829565000231e-02 1.747536335724000911e-02 1.418437900181840128e+00
1.022738318265299928e-01 2.510645703111400451e-01 1.353464431310960281e+00
-3.445127610048899780e-01 2.772303635485899864e-01 1.383307842357930140e+00
-8.202830702669999807e-02 1.612857617784599906e-01 1.413158721187019795e+00
-2.363570273571199698e-01 2.238188712936600155e-01 1.394887254435560164e+00
-2.607578185634999712e-02 3.955197241534001706e-02 1.618560475547420108e+00
-1.587420761232699873e-01 1.200681961752299992e-01 1.491485390102109898e+00
3.410492894608099790e-01 2.637994202366800156e-01 1.334678996455799904e+00
-7.704499967651000369e-02 -3.270917879719989485e-03 1.570754027578000089e+00
2.470708542895699855e-01 2.150619098242499971e-01 1.362040113081049997e+00
-8.053907122278000652e-02 -4.725978544100006840e-03 1.595602387550760115e+00
3.390736259216000081e-01 2.631834683440000267e-01 1.328561445099079696e+00
-2.262839290612500276e-01 -4.119729257355998764e-02 1.604620682696140221e+00
-2.273280020657700018e-01 -4.209613330153999522e-02 1.606996119391539857e+00
-2.265056393436999660e-01 -4.331108382126999667e-02 1.596156547015510130e+00
-4.294198136298499335e-01 2.278231577142800224e-01 1.443920818981160092e+00
-2.321779282820800039e-01 1.203590717555300116e-01 1.313616654191830158e+00
-3.975290363972100449e-01 1.746390105313399832e-01 1.477035865721080032e+00
-1.267550990368400132e-01 1.499335830899699851e-01 1.311706027400930008e+00
-1.635030511309299994e-01 1.182244273582400002e-01 1.499725219398500009e+00
-1.571528939440600126e-01 1.179616473541999777e-01 1.483051515846200097e+00
1.539771244003899919e-01 3.005351851337200175e-01 1.298431405393799976e+00
-5.921398461614998943e-02 1.860794130181800121e-01 1.436419012664359895e+00
2.706230987131599819e-01 -1.399106734286001408e-02 1.438746028420279988e+00
-2.485143492731100301e-01 6.409019449730000983e-02 1.490578275437499878e+00
3.679593182864899226e-01 8.492023935540998769e-02 1.687903048354249869e+00
-1.812936875038699824e-01 2.032694758044500394e-01 1.304139293001949973e+00
1.015198154803899910e-01 2.498210902058900507e-01 1.349282600866609894e+00
-9.200693553526001489e-02 7.707791740516999057e-02 1.416613565138489905e+00
3.105498980554499688e-01 -1.930253624580000049e-02 1.447548738072679919e+00
3.105498980554499688e-01 -1.930253624580000049e-02 1.447548738072679919e+00
-7.673649311570001838e-03 5.721536465267000604e-02 1.490879198947649975e+00
-3.186746439139399589e-01 3.221641295901799817e-01 1.333257892531539923e+00
-6.152184556740006305e-03 1.053728409306899927e-01 1.452581126091269992e+00
-6.837305612230004659e-03 1.041750301125800027e-01 1.473272359585559688e+00
-1.588419960237300033e-01 9.009584058125003070e-02 1.518932724554009850e+00
-3.272819052278399532e-01 -1.680678579549996221e-03 1.574392392153149967e+00
2.323202494207800006e-01 7.172561100534999290e-02 1.717526689988410071e+00
-3.460134328830008488e-03 -3.075243817114000078e-01 1.836991923618840117e+00
-1.644676927685700119e-01 -4.216454077249899846e-01 2.091621912219789881e+00
-2.408143406074999757e-02 -4.203276732629899759e-01 2.035572496184610003e+00
1.433875989771799808e-01 3.025580724937200205e-01 1.306720745902600012e+00
-3.359393773262200344e-01 2.430594644002900262e-01 1.425198974170069910e+00
-3.300791171952400238e-01 2.710464378197899871e-01 1.385461524813969891e+00
-1.888572524934600261e-01 2.501227796326400132e-01 1.356965829976280125e+00
-5.649170358148000032e-02 1.286195486431499779e-01 1.401199739647529974e+00
-1.012689830335399832e-01 1.704335452565199915e-01 1.404498614298780090e+00
-9.729494572663999197e-02 1.248486511535199933e-01 1.425390357848280054e+00
3.747876505505099431e-01 1.588646296131699942e-01 1.410964049877069915e+00
2.229608862591699880e-01 2.708935979498600100e-01 1.314878285362660160e+00
1.196728674413999674e-02 -1.013803322558600173e-01 1.714461249241119978e+00
-7.117298283780000290e-01 -5.299557988460999736e-02 1.748387490358709773e+00
3.498998378224799644e-01 2.260160896769100036e-01 1.352563323293989983e+00
-3.956365697885900201e-01 1.733101288734300027e-01 1.472682074682110098e+00
-1.897583700629099923e-01 1.438899975505300022e-01 1.300198316872949844e+00
2.695063306541599646e-01 1.827574881721699962e-01 1.400649929715209963e+00
1.498962987838699801e-01 2.456489533553300464e-01 1.377662113906489960e+00
2.105366907242799956e-01 2.536056924739500396e-01 1.342551867512789876e+00
-1.206290751687199847e-01 7.254214842702999544e-02 1.439279446709770038e+00
-2.444480049756000972e-02 -6.713319008888098960e-01 2.340341283317590282e+00
-4.442407485129199474e-01 -9.037266183827996624e-02 1.756045186069859820e+00
-1.203985068559900173e-01 1.586425642416799953e-01 1.462278591166960018e+00
-1.203985068559900173e-01 1.586425642416799953e-01 1.462278591166960018e+00
6.948394537125998638e-02 2.023123806447199580e-01 1.415391506911340080e+00
-5.824293885939999665e-02 1.878840167749699919e-01 1.433775411235630015e+00
-3.373567379344499795e-01 1.820468025064800321e-01 1.476426332612259973e+00
4.899180308389800009e-01 2.465740881016000030e-02 1.582153700476139901e+00
4.058305617561499545e-01 -1.830673189279000135e-02 1.587503511412790003e+00
-4.044771615882999938e-02 -5.429465135899999573e-02 1.657693210817819951e+00
1.248605172649399908e-01 2.629366633001499753e-01 1.341790439433530047e+00
1.584086613061560067e+00 -8.609163636083001503e-01 2.414348082340420198e+00
-6.695781756234000515e-01 -1.835946535594500106e-01 1.796461562992629934e+00
-3.646670427624000288e-01 1.321018483223000139e-01 1.517906503443979815e+00
-1.606422013624100031e-01 -1.501298544610599750e-01 1.731910268024999811e+00
-1.595052001102700290e-01 -3.222126499581199899e-01 1.993299854146579841e+00
6.890151401564001410e-02 2.056279450252699870e-01 1.427928763046230287e+00
-7.312869162461500538e-01 -3.107327487525600174e-01 1.947932308454080053e+00
5.844273977244299756e-01 9.210728504170999364e-02 1.493795342227730139e+00
-7.595131283979000836e-02 -1.370239825729100136e-01 1.772262200593149872e+00
-1.444531264422800054e-01 -4.239560797759500677e-01 2.065327754892650081e+00
-5.686419747863900032e-01 -2.453191282382700122e-01 1.850910176223449888e+00
-3.630202562822400503e-01 3.320906069938400207e-01 1.352462700555219888e+00
-5.197734547979799835e-01 3.828397136670000367e-02 1.586544087541220005e+00
3.988640868974999698e-01 1.539858170631500101e-01 1.422406032341829940e+00
-3.337938651407000579e-02 1.587155873452800181e-01 1.507531738419360057e+00
7.283508611133998611e-01 1.210537698120699862e-01 1.474569141741030043e+00
-4.032747976414700064e-01 2.327168495448699859e-01 1.399415270745709927e+00
-4.544433997426199912e-01 -1.250420689438999644e-02 1.628699543524629867e+00
-1.640160130754400314e-01 3.309304675115999905e-01 1.337656892869619973e+00
-1.612292458492299851e-01 3.274473561837999980e-01 1.328190917634560098e+00
-3.607699736562699488e-01 4.014211365813200039e-01 1.267515232879020015e+00
1.020257840641199953e-01 2.505821465990900054e-01 1.349468524126650193e+00
-3.432073363264599997e-01 2.235312795747799730e-01 1.433907548125600062e+00
-3.186192785729000110e-02 1.269193978431099601e-01 1.382582090811230069e+00
-2.818359606852699484e-01 2.991772743823900016e-01 1.348149804472309921e+00
1.950656850541599985e-01 5.285648928618001674e-02 1.562240012374140008e+00
-1.693513462650500234e-01 2.647795782309999568e-01 1.361760042315499852e+00
-7.268869391281300718e-01 -2.999424704887300175e-01 1.958116490182429947e+00
-5.083279602723500545e-01 -6.569533290454501184e-01 2.333627680822270012e+00
-4.173694078582499967e-01 2.473971944989699911e-01 1.362802750785349959e+00
-4.811256062468899919e-01 -1.096256961036699840e-01 1.729865383366109954e+00
-4.811256062468899919e-01 -1.096256961036699840e-01 1.729865383366109954e+00
-2.911874309487200163e-01 8.487550358477997936e-02 1.496605888776559867e+00
9.390737043939993700e-03 -2.963349828656500207e-01 1.836526019588289982e+00
-4.774805802539987612e-03 -2.450272547869999928e-01 1.755034797149140013e+00
1.277354170685000151e-02 -2.992563116491300246e-01 1.847630229476310060e+00
1.243789788277999131e-02 -1.396954193562399971e-01 1.714351010461819813e+00
1.687698025105000693e-02 -3.061216095264400194e-01 1.867504778197080162e+00
-8.382665574004999343e-02 -2.109642330749991745e-03 1.577513366345550061e+00
-1.217493232028299677e-01 1.209254573580800102e-01 1.269804178222319946e+00
4.418918597439099871e-01 2.352245625489099989e-01 1.341052352578889995e+00
-1.678954069681899974e-01 -1.276028488400027250e-04 1.615930139007120125e+00
-3.598654028336100152e-01 3.044424054282899861e-01 1.351288459480309845e+00
3.793554260432599468e-01 1.597189591526300134e-01 1.420064636754729825e+00
-1.045874256355940002e+00 -8.216196489900799982e-01 2.608329399397360415e+00
-8.993934188537899832e-01 -1.162748289886059716e+00 2.939983790808620157e+00
-8.505232728880001217e-03 -6.857046445818000269e-01 2.367552834743100298e+00
2.661703001572000848e-02 -8.788978129945002049e-02 1.669267294057850126e+00
