3.388424854423999905e-02 8.692019527916000632e-02 1.243371845629400063e+00
4.595271401630600105e-01 1.064266249600900327e-01 1.245081349320940056e+00
4.502848914185998697e-02 2.605011109939400216e-01 1.180394747269659872e+00
1.820043656872100124e-01 -2.170682035311000471e-02 1.428986539390500132e+00
2.132673990276899856e-01 -5.680849161709000672e-02 1.446460371416060209e+00
-4.947766504329298431e-01 -2.946105571691998506e-02 1.468172233775359992e+00
-1.735124664793999960e-01 -2.365157786227500003e-01 1.651509020270480077e+00
-2.555593193571899513e-01 -1.431696645103099907e-01 1.472333795673920198e+00
-5.357983013154200558e-01 -1.041672620747799982e-01 1.580344283221400081e+00
-5.200762716743401182e-01 -3.010215265982100208e-01 1.691330860695080096e+00
4.957230009370004742e-03 -4.398149278132700291e-01 1.875672188446220190e+00
2.578651737324700322e-01 2.226207467821300356e-01 1.160081410509720135e+00
-7.150531753314004479e-02 -3.413345013629099922e-01 1.784505200901679967e+00
4.954324018444998534e-02 2.418438766646000271e-01 1.195312685613639792e+00
6.266434216878500330e-01 -9.774481592749965225e-03 1.365110808576779799e+00
1.366171132081999973e-01 7.184860839635001661e-02 1.341505182939539909e+00
6.087781630399996535e-03 1.169075940402500152e-01 1.257266797850320028e+00
-1.079737664441599854e-01 -2.029951890644900170e-01 1.578840436576960160e+00
1.813239193267600080e-01 -2.459592725535997629e-02 1.432697411184940206e+00
-5.475602277660002876e-02 2.771998824989500010e-01 1.171100396577680058e+00
-9.459619402403002253e-02 2.198393181156800269e-01 1.211312829963860249e+00
-1.569172183340300231e-01 -1.479644919432199779e-01 1.550295764123239772e+00
-5.226291911987002853e-02 1.193483544374200206e-01 1.171412406495200065e+00
2.832782811688699942e-01 1.252451458426800113e-01 1.236179634241080016e+00
-2.682905845137499856e-01 1.496700511630999764e-01 1.310195731615980019e+00
-2.513647897034400058e-01 2.357258448878900292e-01 1.230208699232979930e+00
-3.290322997194001370e-02 -2.221570216870599745e-01 1.622439115433719881e+00
-1.412262587314100371e-01 -1.413150867303899771e-01 1.489522166135939907e+00
-3.804392849018299883e-01 -1.591344306519974078e-03 1.421429517859259972e+00
4.968549581595100295e-01 1.446914466601899873e-01 1.219983868505079894e+00
4.466816900911200205e-01 7.755817248378002460e-02 1.265430755408759822e+00
3.647173644374700485e-01 1.008811204782300019e-01 1.247711736178599651e+00
-1.124294020655300097e-01 -2.047443188297700389e-01 1.590330579518300036e+00
-3.445887516580500298e-01 2.179895841777500232e-01 1.223145888476659948e+00
-3.587137162765599574e-01 -1.142673424690399675e-01 1.515683161981600025e+00
-2.716852615604399834e-01 1.501163837886399788e-01 1.309381999154979992e+00
-5.235306167612699957e-01 -3.088998237126799884e-01 1.719877290014699911e+00
-2.884273601658199904e-01 -3.772976215807300471e-01 1.836283144554520241e+00
5.254740352837600215e-01 8.786193394214000807e-02 1.253063699557040112e+00
2.828034201334400088e-01 1.258873697587100104e-01 1.232215211080800010e+00
-1.208140480418000151e-01 -2.957713384745500051e-01 1.710263845191320131e+00
1.780971483597600102e-01 -2.890482806450999156e-02 1.431445465897519975e+00
-4.412960797800027923e-04 7.162680670938001426e-02 1.253964996882719785e+00
-3.467146145624001169e-02 -1.530407988125999721e-02 1.259354081056820007e+00
4.755780022992300293e-01 -1.035163467818299987e-01 1.454529084280780094e+00
6.210927669947999274e-02 -1.442252013752998510e-02 1.298650217901419879e+00
-2.756483326299499215e-01 -2.588871267384500463e-01 1.690522055935880230e+00
2.243254685520001956e-03 -1.175520070337200129e-01 1.509161210426580135e+00
-3.570337947381001936e-02 -3.632983349823900587e-01 1.778102182439120105e+00
-5.709107607350002306e-02 7.713955372740001482e-02 1.152418973063120022e+00
3.926287925644200705e-01 1.514163875002999191e-02 1.363274448843500020e+00
5.093728963830000678e-03 1.156767340333700461e-01 1.262728737229819709e+00
-4.746790832674899763e-01 -1.555867337507599868e-01 1.659090975084219988e+00
-4.587431685403400294e-01 -2.019486217171599929e-01 1.605017437903619948e+00
-1.230991338762000287e-01 -2.057092167624499923e-01 1.586044039188680088e+00
-4.313777763746201033e-01 -3.324651861781300344e-01 1.755026245518459982e+00
7.358876216615999055e-02 2.179144644331400815e-01 1.218819789435559908e+00
-9.918102445613898865e-01 -1.072130606366259897e+00 2.913431370983400104e+00
-6.954043295871701336e-01 -9.057802808839301445e-01 2.726938096863680272e+00
5.329706064000799826e-01 -1.099659655673299874e-01 1.460588549958260263e+00
-4.023798745813501054e-01 -2.107981385539499652e-01 1.634941418497559917e+00
6.171818722069700724e-01 9.722620508330028638e-03 1.361366312585279958e+00
7.556640955042999430e-02 2.192400387065200074e-01 1.239291783634319799e+00
-5.137839397640001776e-02 2.030310538941499932e-01 1.212929778281899962e+00
5.231872778964200554e-01 8.685864021973002669e-02 1.253227312551860040e+00
3.317331625009999063e-02 -1.793602960075000100e-02 1.460233726460679948e+00
-9.199848410340999427e-02 7.326794162361001395e-02 1.332777332741040155e+00
-2.477465285914500492e-01 -4.027829934475000984e-02 1.427545793867140089e+00
5.982712322607999095e-02 4.906583218787000100e-02 1.295677363722220088e+00
2.916731342637400304e-01 -4.640111024089958042e-03 1.563185238081899797e+00
-4.090400219096899104e-01 -1.644612649827599804e-01 1.617374299477959854e+00
-3.785523041198399774e-01 -1.963346151712599685e-01 1.615659408965239852e+00
2.952762992635998146e-02 -3.692077687195099989e-01 1.673026121481000050e+00
-2.873645487954099575e-01 2.656007108838600028e-01 1.209243565729139824e+00
-3.346748679005600025e-01 1.631661017413600090e-01 1.272047979885720048e+00
-2.513789414704200031e-01 2.370067853173699890e-01 1.227045031200620029e+00
-2.899367305580500820e-01 2.605017783295001874e-02 1.369709351600320035e+00
-2.484204343384700253e-01 2.065028527594700569e-01 1.229440184948759951e+00
5.927941372203600068e-01 1.327510013902900854e-01 1.205531225515539928e+00
5.379964331654399912e-01 1.596278948696002939e-02 1.335348483651499940e+00
-2.626849966738599718e-01 2.197345155431600083e-01 1.183407848497920023e+00
5.526761373233700647e-01 1.557501909614300573e-01 1.197401761781679896e+00
4.606903466364999922e-01 -1.039338997454999913e-01 1.433989287510299970e+00
1.203683793770998767e-02 -1.112324615790599991e-01 1.497571855678139885e+00
2.054582217642799968e-01 2.550134863617199987e-01 1.138181892999259981e+00
2.026038107040200043e-01 1.993088204024300036e-01 1.189342452470300016e+00
-2.430731108444199873e-01 -2.899810693910300774e-01 1.740686896246200099e+00
6.674697942731000477e-02 -3.194313740325999129e-02 1.328485018885660063e+00
-5.565471459349998623e-02 2.748599931638999738e-01 1.161053606253319881e+00
-4.422503597043200285e-01 4.804691093920007011e-03 1.437195489002940141e+00
6.351312226448300180e-01 -1.331540140973800079e-01 1.341399695462520247e+00
-1.293981118455100054e-01 -3.759736850898400262e-01 1.826957258376899818e+00
-2.939522827867400157e-01 2.163803897648400032e-01 1.234606358568800077e+00
6.702542190240400322e-01 7.478659031401002633e-02 1.297002251992219968e+00
4.171826803501400560e-01 1.133731329563100187e-01 1.184386056763140127e+00
6.002291138593600639e-01 7.272072271704005386e-02 1.323626484800640046e+00
-3.086874292072899761e-01 1.328299101863900100e-01 1.287985545309999980e+00
-3.317915365896000751e-02 1.162469239421600187e-01 1.228725943699340073e+00
-6.572336214008001054e-02 2.528811907353003749e-02 1.347959596006699901e+00
-1.221797970972900160e-01 -4.796363565242600657e-01 1.897443088346479900e+00
3.887500785908400425e-01 1.958900184561600533e-01 1.154901415808480047e+00
-4.090616171635099718e-01 1.311280220621001066e-02 1.392500394374340145e+00
-4.665783983331800444e-01 1.026800272143000778e-02 1.411487386861839832e+00
-2.832094391849999671e-01 -1.123391766602499786e-01 1.454626085769800126e+00
5.585309769629700494e-01 -6.175289707801996653e-02 1.441653021570000082e+00
-5.302537140302699958e-01 -2.211415826849799926e-01 1.600662187034659789e+00
-3.732175400404600385e-01 3.266123830031002206e-02 1.348850565881659858e+00
-5.304197616457699826e-01 -2.697198206383299990e-01 1.680423815965079948e+00
-4.551848180807500643e-01 -3.255142189862000324e-01 1.706471511889440018e+00
-3.258076822066699463e-01 2.098873537692699798e-01 1.236560957774639924e+00
1.391776744132199872e-01 3.002172585844299357e-01 1.133874471157160002e+00
-1.434051094414100225e-01 -1.440103560231399960e-01 1.499589277769239892e+00
3.994915865844599900e-01 1.130003821170900147e-01 1.191923752524460145e+00
6.469694363722200414e-01 6.468274967848003376e-02 1.275141381473599900e+00
4.086978341959986161e-03 -3.064655192460100652e-01 1.682021454505479907e+00
5.958455804226100438e-01 1.611506956694005663e-02 1.301658739691159861e+00
6.558598751463500243e-01 -3.630192282949976784e-03 1.365220255740920097e+00
2.840361798516899960e-01 1.275674449935600141e-01 1.232672084822280079e+00
-2.683337044110299940e-01 1.897006326452300440e-01 1.274497326356899940e+00
-2.045885486881000304e-01 2.635924272185499739e-01 1.202841678198659947e+00
-2.699221250222699764e-01 2.607176544704700172e-01 1.198294724023420077e+00
-2.661480928490000258e-02 -5.499380217009999794e-02 1.417715261576700136e+00
-6.907398921420002114e-02 2.104778120185000698e-02 1.306968909461220019e+00
-1.109146298560200194e-01 -4.803215835033000647e-02 1.455030213185280141e+00
-3.172924727836600178e-01 3.115055390573099325e-01 1.190384742880300051e+00
-5.253573872092500707e-01 -1.845527825241499997e-01 1.666285703296780163e+00
-2.783837799922800338e-01 2.728568863586799953e-01 1.193047676814659841e+00
