8.035212314360001828e-02 1.855570190312599843e-01 1.126425811137500066e+00
8.035212314360001828e-02 1.855570190312599843e-01 1.126425811137500066e+00
3.052871885227200210e-01 2.583728934532300014e-01 1.103536329497069923e+00
1.992178875258500126e-01 9.479456842948999484e-02 1.340494315718050222e+00
2.272041992270900090e-01 6.147481952521000048e-02 1.365422217031050156e+00
5.480552811781700395e-01 9.706933703609994107e-03 1.401546764708010429e+00
3.837817994120000242e-01 2.548993152910299376e-01 1.112197953050070076e+00
1.679618561364600027e-01 1.797277629966999857e-01 1.239128524315900259e+00
5.129185902489999394e-02 2.167356122538899865e-01 1.133379497331810315e+00
-1.115319330351400295e-01 -7.141230993944998329e-02 1.463858935313510301e+00
1.979794899920800100e-01 9.226796375533000139e-02 1.344323566209410181e+00
6.374464973684399460e-01 1.064229359697600324e-01 1.335936304002080188e+00
3.288683198899799986e-01 2.231532813684699856e-01 1.147159713094390021e+00
-1.226349457260499931e-01 -1.168520821198899967e-01 1.595662860472190303e+00
4.850630188893499950e-01 1.557796002492999390e-02 1.414979199381490416e+00
4.874677235892400651e-01 1.708539865781999803e-02 1.413475247525340261e+00
1.022521351988900096e-01 1.215805544024299994e-01 1.143183750953070454e+00
4.951865899499002799e-02 2.160248918986900080e-01 1.138735482755730111e+00
1.489153032650000763e-02 2.446206954751899976e-01 1.105929002006550199e+00
1.723485219574999450e-02 1.279885134780499867e-01 1.143168312917810070e+00
7.266287348421500702e-01 1.589825470404899743e-01 1.275537641200249928e+00
-1.275600560957400043e-01 -7.342729276107000380e-02 1.469062178062770174e+00
6.399799946874900058e-01 1.194615055220199923e-01 1.332741923983060239e+00
-1.525598465902600065e-01 -1.489901757823700323e-01 1.613103186890750163e+00
4.452684520418900282e-01 1.892779837863299841e-01 1.192560358785289987e+00
3.859367425810099617e-01 3.778480717148999246e-02 1.452903076251090164e+00
4.610567145129499944e-01 1.013180183366200054e-01 1.344579812916540273e+00
2.890437902789200209e-01 1.243513335162999972e-01 1.486732162083660214e+00
7.166643479464300803e-01 -2.868094286367000104e-02 1.329401734890650166e+00
6.557007725887800120e-01 2.279993177920099923e-01 1.144208542294889996e+00
3.378856350730041758e-03 2.840477338470900337e-01 1.113861860100770151e+00
7.132834264952400138e-01 -2.641733490686999988e-02 1.318819644248970357e+00
1.177086752010980009e+00 -1.039809129057170045e+00 2.707551761629070519e+00
5.378187637429500123e-01 2.195335270353000398e-02 1.363649556652730244e+00
2.423760870102399934e-01 -3.996453120792100022e-01 1.441099885655510171e+00
9.208686624639000895e-02 -3.973036607539199849e-01 1.524612808395600316e+00
5.653621166001200349e-01 1.232721710294499978e-01 1.295273903268810090e+00
9.956058606958300139e-01 1.200001432692500147e-01 1.309050071909010127e+00
9.541664553515001312e-01 7.907963529660001767e-02 1.302353663152120200e+00
6.848231016108901059e-01 2.942755054452300123e-01 1.095375357385310000e+00
8.323150204325300283e-01 1.868804195587499828e-01 1.274372540334350434e+00
9.018717961878901512e-01 2.039306059909099800e-01 1.241437286795950001e+00
9.051260767553601649e-01 2.015731056158400203e-01 1.242981162664160033e+00
9.083804390314099697e-01 2.044091625333900042e-01 1.257394462909630306e+00
9.753658224033898705e-01 8.507526450546003260e-02 1.364223280910340064e+00
6.658323260778999941e-01 2.544069236331900075e-01 1.154946423572230207e+00
5.427653663636600179e-01 2.390397671129400048e-01 1.156064210834699901e+00
9.674956849713000073e-01 2.126915096776399727e-01 1.224107974935080057e+00
1.048729344566040389e+00 -7.321172504281800997e-01 2.332988027101100315e+00
8.571191351922000101e-02 -9.501945368406499171e-01 2.376086948767190510e+00
1.082538172718159997e+00 -8.905909569726500052e-01 2.553007311417430092e+00
1.053335766231900061e+00 -8.601063032324900437e-01 2.457735529252469853e+00
6.434746343148001202e-02 1.657466071501899896e-01 1.150077640965870174e+00
5.601813549774099510e-01 5.003888109046999988e-02 1.398075819896790195e+00
-7.168686320699946268e-03 4.380501451366000665e-02 1.283120109078619953e+00
-2.693524977767600692e-01 -1.426985805061500301e-01 1.612262433978970400e+00
1.213366835114640052e+00 -5.953909732690300105e-01 2.187915272226330199e+00
1.105184280179399847e+00 -6.242983801942101341e-01 2.224026215316829980e+00
1.086619998098909967e+00 -6.336015966548800282e-01 2.241484257540080183e+00
1.129602081758620091e+00 -7.029869798233598921e-01 2.270984702724640147e+00
1.312207789965010196e+00 -7.008799330565399499e-01 2.291759853807060043e+00
7.570874178836899393e-01 -7.044841948965400169e-01 2.267913011699860260e+00
6.730930346785699570e-01 -3.204523932838999611e-01 1.176714341580020085e+00
1.439529570542740000e+00 -8.377254674224999809e-01 2.452881067743419408e+00
1.097160668830910124e+00 -5.926864819839199328e-01 2.174090146413920177e+00
1.368340834101509973e+00 -4.906300956363399690e-01 1.980295079799260005e+00
1.020243269698900002e-01 1.099837684183999770e-02 1.162410849411680269e+00
1.384712100237839749e+00 -5.591270372075299866e-01 1.968513022984150096e+00
1.364566155115690016e+00 -5.445393138261399590e-01 1.924650773369300127e+00
1.079295550355840128e+00 -5.818047559262199409e-01 2.100472668005299859e+00
1.462962709047370247e+00 -7.426044955358699351e-01 2.330079961619569762e+00
6.546099739832900166e-01 -6.861742404580799537e-01 2.241573926570960218e+00
8.251070578497701202e-01 3.744571666428002377e-02 1.368714088961160202e+00
8.265256485038100509e-01 3.721282789746001296e-02 1.367526627388900184e+00
3.557049357470700168e-01 -3.890206091616399964e-01 1.386043479876200246e+00
7.027257687440600087e-01 1.766913926601599572e-01 1.269898342648799971e+00
7.974161434200000009e-02 1.245867903228299739e-01 1.218494311571790112e+00
1.042777060251439902e+00 1.191009109653699688e-01 1.282668065162170024e+00
1.363499585568789918e+00 -5.354832568696699102e-01 2.029696197125610002e+00
1.197357480386409989e+00 -5.446589431679800253e-01 2.080259188881220300e+00
1.259300622776310163e+00 -5.547615681882399619e-01 2.062739051505920074e+00
1.108338937191060136e+00 -7.168790036080798789e-01 2.123014576359759875e+00
1.145245312447460195e+00 -6.958022585500298618e-01 2.286875886565009619e+00
1.349221816772169902e+00 -7.227960701337100557e-01 2.278481979103650357e+00
7.534277396965400886e-01 -7.424526633380099661e-01 2.365712974172230254e+00
1.611723316509289905e+00 -8.817931566269400223e-01 2.524154493152820589e+00
6.585759507506100396e-01 -2.467078661477000237e-02 1.328914199635389926e+00
6.914741629203600137e-01 3.086505774647599898e-01 1.125318101140600158e+00
1.019602849005009970e+00 2.405819339691900038e-01 1.191093843784150064e+00
1.061561499112420037e+00 7.811938494956000012e-02 1.233384634423320136e+00
1.064080000849250141e+00 7.776588721168999074e-02 1.242231256144729956e+00
1.023659495377609918e+00 1.152722589630299638e-01 1.243040313862470381e+00
1.312227732409830150e+00 -4.471068413933899643e-01 1.874768271069090053e+00
1.148295181522149822e+00 -5.798054324688000083e-01 2.108715411255440042e+00
1.101639033196220030e+00 -6.850896013368299453e-01 2.185210259921889442e+00
8.296480252824001145e-01 1.930141377940299552e-01 1.257660323418670290e+00
6.726514265075900223e-01 -3.205005109943999675e-01 1.171160445092080060e+00
5.771234275353099852e-01 5.887609291026998926e-02 1.426916609904270050e+00
6.925729757171900092e-01 -1.040522209249299806e-01 1.295431485494030088e+00
6.936487000403499525e-01 -9.088677270415999876e-02 1.272399892831600265e+00
6.568235339680000839e-02 1.884873446141299702e-01 1.172276236065970201e+00
1.076923947345400090e-01 1.499932342494299797e-01 1.181565697228470269e+00
1.063158446734699947e-01 4.322341384541998621e-02 1.161730462127420260e+00
9.053922284512300189e-01 1.224734462983600031e-01 1.295075559588360292e+00
9.809271503514100932e-01 2.178244075126099522e-01 1.251499699232849983e+00
9.977992610224600822e-01 1.136862963040900093e-01 1.319824069378490172e+00
6.877981992082400353e-01 -1.179920264820001272e-02 1.257151097430520226e+00
3.797525792080500562e-01 1.433018203128600121e-01 1.586101020487180158e+00
-6.157435307099945465e-03 6.071840142184997680e-02 1.302853616293050187e+00
2.816120304606600233e-01 4.982810951983998593e-02 1.475507306482240155e+00
9.685514000750597985e-01 -8.411341214851099091e-01 2.427510316776170018e+00
1.710581047591699932e-01 6.477138143318998675e-02 1.271225546159510333e+00
1.007760592660000287e-01 1.086294334613999504e-02 1.160028158840540113e+00
6.966942975069200239e-01 -1.112527569188000026e-01 1.351039663718320183e+00
