-3.097111210773499934e-01 2.098236922905100110e-01 1.108724760477269866e+00
-2.731406197414999459e-01 2.862853971460029012e-03 1.059071112745499921e+00
-5.507349542590499469e-01 4.320556641976001228e-02 1.243630534779510244e+00
-4.905290312591099600e-01 1.289607244559199672e-01 1.188263375335290029e+00
-6.133786969584398285e-01 -2.091153639168300271e-01 1.440091805125660152e+00
-2.257636773065996305e-02 -5.130809339672199876e-01 1.686648974676020263e+00
-1.116741283347899572e-01 -3.805963937804899277e-01 1.569029153556390055e+00
-3.053805418583599440e-01 -3.661762482970999377e-01 1.612022402502960139e+00
-5.403613892018599429e-01 -4.907114715157899765e-01 1.641199819704800111e+00
-1.339898208542200098e-01 -4.704542903607199511e-01 1.690309074999060135e+00
-7.461218698476799194e-01 -6.282409936764798974e-01 1.819045241027520188e+00
-3.384892860143600135e-01 2.289003245280999549e-02 1.078573549776300045e+00
-3.425103511928699884e-01 2.214261520426099583e-01 1.110051919673390231e+00
-1.974027457743399994e-01 1.971804868623699969e-01 1.117379851386480105e+00
-3.059264922674099774e-01 2.191490556678199753e-01 1.111191028908710132e+00
-7.358286312564898957e-01 -2.944167785312399865e-01 1.588523010866230267e+00
-6.070170988462699757e-01 8.451077476595000859e-02 1.219637186031230280e+00
-3.378246251111900467e-01 2.446496214968000432e-02 1.075755101965369942e+00
-7.067145454176300134e-01 -3.678591885093399627e-01 1.561521887220410187e+00
-3.282812000903099769e-01 1.415588608273999627e-01 1.153344403183130140e+00
-6.734447844902500258e-01 -1.874771455571800083e-01 1.422103576389230239e+00
-7.369577381997299836e-01 -2.924489179681099560e-01 1.582174625607090102e+00
-3.977984770850799823e-01 -1.355248105918400170e-01 1.350238311867000052e+00
-1.984695063725599729e-01 1.365018899922999102e-02 1.168370911787099953e+00
-6.710428285019900407e-01 -1.288702957385800263e-01 1.383238133041010176e+00
-1.015485320880199771e-01 -2.974882825739799674e-01 1.505511362995220148e+00
-3.194344016462699609e-01 -4.094551445978099613e-01 1.639336239517630078e+00
-5.393683706321400484e-01 1.356617219138600283e-01 1.172702779015579955e+00
-5.182102877774099614e-01 -1.518486740133000168e-01 1.382965412403429850e+00
-5.187549426280300136e-01 -3.042651170889899559e-01 1.537077887909830132e+00
-3.392351471591300016e-01 2.113132363124001906e-02 1.076886915147110102e+00
-1.872799113226499834e-01 -2.970800724406299498e-01 1.487946119272010037e+00
-5.563582668377099472e-01 -5.970795121678799111e-01 1.797553451158929949e+00
-5.659478185659498894e-01 8.128846924810997909e-02 1.203561805299949938e+00
-6.031511707923700172e-01 8.005955317351001743e-02 1.212198087998969998e+00
-4.434655684185500046e-01 1.175890175603299392e-01 1.192442947396910036e+00
-6.894759978619199314e-01 -5.438480252600899068e-01 1.745344905270539870e+00
-4.885180626272500048e-01 3.296117421150025761e-03 1.283521195055530306e+00
-3.142318733075199488e-01 -3.933712857951199848e-01 1.612419267969840142e+00
-1.547486130194999643e-01 -3.944377696600299688e-01 1.598415146531000142e+00
-5.715177615980500114e-01 -4.398747366472299802e-01 1.608133211773490112e+00
-6.149182141301600124e-01 -1.166731680494599577e-01 1.356820679147640041e+00
-4.654533107587999208e-02 -4.443149728664800291e-01 1.645426620835880094e+00
-3.315927931546099883e-01 1.376557222119600410e-01 1.147574292661869944e+00
-1.980582459448999855e-01 -3.002324482821699392e-01 1.485293066997800171e+00
-2.041975864910399452e-01 -3.448079754465099289e-01 1.477181876127620086e+00
-1.650243639567799958e-01 1.781233892736800439e-01 1.134463632445940062e+00
-2.373193814122200040e-01 -1.376484717188800055e-01 1.380424555202180104e+00
-5.675660894655099042e-01 8.188828562561004110e-02 1.196441460806030088e+00
-5.533713573709800881e-01 -2.177678951098900584e-01 1.442102187782840161e+00
-2.724223676333299982e-01 -4.465385971417399347e-01 1.673746548832949932e+00
-4.579389598967200103e-01 7.822829150039001256e-02 1.224104343206299905e+00
-4.520953095878499362e-01 -4.912380057585998688e-02 1.325812934269310128e+00
-4.794228797372599438e-01 3.367515073343300136e-01 1.079449132908679942e+00
-3.918729324411099890e-01 -4.717724858435997509e-02 1.301419472312409731e+00
-7.423653654421098480e-01 -6.253497806792098768e-01 1.814688852343390169e+00
-5.360139867157799332e-01 2.747599040741999926e-02 1.244835253360179861e+00
-4.798963295363299353e-01 1.210729616021599675e-01 1.194771895138549977e+00
-3.992545315874400091e-01 -8.509789429750999612e-02 1.119403534817219992e+00
-5.812329289697599766e-01 -4.970669799976199510e-01 1.659496823677240052e+00
-3.106845205811799571e-01 2.049244158635599444e-01 1.098178980193220022e+00
-8.586625474486994647e-02 -5.987219020493399491e-01 1.761691435482849899e+00
-2.802355217124199993e-01 -2.263045905476099573e-01 1.385079831179319765e+00
-9.878733070647000014e-02 -1.916874690508000023e-01 1.435084683549770146e+00
-1.041626395793300019e-01 -1.720689880505399671e-01 1.386436297896789904e+00
-3.232444067257999598e-01 -4.141127025123699235e-01 1.637639324124980034e+00
-5.729781627073999850e-01 1.750822740775899999e-01 1.158539991952740156e+00
-3.412719802004499647e-01 6.839734277228001758e-02 1.079182130045870158e+00
-6.552395155051899955e-01 1.971805646131500056e-01 1.077684853460230130e+00
-1.952203740080499517e-01 1.981364522709799791e-01 1.137633000225350077e+00
-5.402492093500099735e-01 -4.215187357144999786e-02 1.316522163219570052e+00
-7.394854452130900091e-01 1.699105259387599653e-01 1.154016877502270111e+00
-8.584340687925198221e-01 2.132341610742299609e-01 1.202326978664979951e+00
-4.711471013572800515e-01 -3.150820186749996726e-02 1.315957829528360268e+00
-6.674363642216400994e-01 -1.288843250203499935e-01 1.372739966275180024e+00
-3.108891520826799759e-01 2.125913878463299989e-01 1.099798792923740054e+00
-3.115675610916599503e-01 2.069343569971399677e-01 1.103180646325820025e+00
-1.265265999300699828e-01 -1.162010700234000077e-02 1.195152283328530185e+00
-6.792559844726200335e-01 2.620537530132699966e-01 1.081645523321760116e+00
-4.473271919554500098e-01 2.556627058127600161e-01 1.239931801148150159e+00
-4.724413681062500370e-01 -3.014705231861996432e-02 1.309352854495870133e+00
-4.367325907896399961e-01 -1.021699081889700100e-01 1.294539038537140030e+00
-6.837497312167699626e-01 2.173418370146199818e-01 1.084434987696629937e+00
-8.348785543178996460e-02 -2.175501731808200112e-01 1.453268254855050179e+00
8.768563993839961768e-03 -3.279742891784599435e-01 1.546280061496919878e+00
-5.423939803796999914e-01 -4.164753941920001229e-02 1.321751175452059890e+00
-6.897917119580798673e-01 -5.685540152011600012e-01 1.768299822986720171e+00
-1.114884274500369976e+00 2.313194335834298510e-01 1.998845813819609907e+00
-1.466269564936699910e+00 -6.919162289778599817e-01 2.412704952567580108e+00
-3.934508472361899489e-01 -7.334251968973998226e-02 1.261152291913050005e+00
-6.172178843948900040e-01 2.006844681950799847e-01 1.127534096421990206e+00
-5.592658479803800375e-01 1.865416833802299723e-01 1.158777482014080151e+00
-6.522055564210299528e-01 1.661025631993300056e-01 1.102111020067469971e+00
-6.638008753821000862e-01 1.613990101991999715e-01 1.125874387876780069e+00
-2.433536167433099917e-01 2.798045448894299625e-01 1.050667066121470095e+00
-2.861138930405999758e-01 2.328486728689994900e-03 1.029380347826780007e+00
-1.079449142173000142e-02 -4.115786048528399244e-01 1.573180632158349912e+00
-1.253304389884300207e-01 -4.811394814529998953e-01 1.706770316559730105e+00
-5.149806408528000423e-01 9.075885005005998596e-02 1.206824164588280013e+00
-1.745368587370899616e-01 4.341952197450000411e-02 1.127596044887829940e+00
-7.000444057351800087e-01 -6.161561953501001193e-02 1.356812993422640057e+00
-4.214421533797200192e-01 -3.116785634121199133e-01 1.490517593037720134e+00
-5.628355304107999224e-01 2.748396354056600321e-01 1.075797858716839972e+00
-2.347256997196500161e-01 -1.389870047674899578e-01 1.381601680002410015e+00
-1.019384606863199538e-01 -2.092118517758600194e-01 1.401540907005000003e+00
-6.822289539113199908e-01 2.616020450576199696e-01 1.088791905667439996e+00
-2.663086347422899958e-01 2.807095750955400093e-01 1.046140419319990134e+00
-3.738015940397800274e-01 -3.516269129988002645e-02 1.085136972661660204e+00
-4.172064098242000973e-02 -1.507980628433499837e-01 1.344249734649439976e+00
-8.244196765206899258e-01 -3.063231241287699413e-01 1.582495151810570100e+00
-4.414909182011300115e-01 1.586169892673500170e-01 1.129729530291090134e+00
-8.221770172526599030e-01 -5.069425677022298959e-01 1.776834174374720021e+00
-1.249570310417639885e+00 3.619376867140500220e-01 2.001941204032779975e+00
-1.389597487898719841e+00 3.413292469392299466e-01 2.034152232647260305e+00
-1.152350861963000073e+00 2.490336985374600187e-01 2.130136636401039674e+00
-1.487170282724189718e+00 -8.551747158170099894e-01 2.226417413255710187e+00
-1.339138199581159760e+00 7.486890472326998558e-02 2.243101396935299974e+00
-1.376695177032020156e+00 4.465511790219010152e-02 2.269002352620519858e+00
-1.541272303417219991e+00 5.829368029386015199e-02 2.291871771752499676e+00
-1.554110415621109853e+00 5.524473928517002058e-02 2.322081514331629570e+00
-1.388593966887729847e+00 4.320691584120004564e-02 2.303497478540590393e+00
-1.360420005392679821e+00 4.109946055273003968e-02 2.225631178736220406e+00
-1.355395325543389928e+00 3.406746248320000753e-02 2.216862171473730214e+00
-3.382803115160700203e-01 2.163507169858199519e-01 1.110871501194609978e+00
-1.355334798058329682e+00 -1.717217185704996568e-02 2.264069558675809724e+00
-1.462553244274600095e+00 -7.847155052486995408e-02 2.440657516097259894e+00
-1.144516387813339753e+00 -1.006117742045300745e-01 2.383143597453360130e+00
-1.275727330084169830e+00 -2.007984730559100595e-01 2.469574921562410097e+00
-1.029715144483160039e+00 -2.468653226644899334e-01 2.505936576412819861e+00
-1.496215656211099976e+00 -3.770356352207699380e-01 2.719568262269199899e+00
-1.449080383384510062e+00 -3.554339789228398994e-01 2.566713739864930233e+00
-6.793833898660499582e-01 5.974501004322000514e-02 1.241538500620150254e+00
-1.593754434548370069e+00 -8.292618629641399508e-01 2.992422298097189959e+00
-1.636732781635699963e-01 1.744970358708200220e-01 1.129475006559110151e+00
-3.853071243303900495e-01 -9.884122435952999441e-02 1.200259675829830064e+00
-1.546627969646290124e+00 -6.751172578005899538e-01 2.730365527836609907e+00
-1.163835309953749952e+00 2.592785251943000718e-02 2.199157732093190099e+00
-1.597610782857930012e+00 -4.301393730368698876e-01 2.583278928965290433e+00
-1.617546731913809932e+00 -5.066666269671799006e-01 2.656873831648949746e+00
-1.220818410222650030e+00 -7.497792427111699132e-01 2.869767711689490852e+00
-6.924395111874799280e-01 -5.442295725344399315e-01 1.747247354467000191e+00
-6.678737688250601101e-01 1.654944741505199879e-01 1.124214168767740052e+00
-5.897286835535400229e-01 -6.249374662855600171e-01 1.829408339630780089e+00
-1.287826734112350158e+00 -2.087322403790499992e-01 2.515558200878509787e+00
-1.298732790723009956e+00 -4.939904172464300025e-01 2.762729706755010284e+00
-7.841533812829926120e-03 -5.341639016811899898e-01 1.710809394998230148e+00
-6.919831540228600364e-01 -5.607497272394699195e-01 1.747894831177720265e+00
-2.755877079512999983e-01 3.294854567139994528e-03 1.046839208115540210e+00
-3.670537311474000308e-01 -3.522990988555998321e-02 1.124940373155479900e+00
-3.888432879857499636e-01 -1.057811100040199903e-01 1.199401214225410017e+00
-5.432215291074700136e-01 4.487072304117992877e-02 1.263615321802890046e+00
-1.096191186316999855e-01 -1.825186952162997228e-02 1.155448419913359892e+00
-5.728315372171199904e-01 1.719061569310899873e-01 1.158556441858499930e+00
-8.251308299511999067e-01 -3.070173349575600064e-01 1.589216320142080363e+00
-6.682750694450398932e-01 1.666168903904200471e-01 1.117089531830520066e+00
-1.501307026609389972e+00 -3.674355279698698906e-01 2.649499259469910051e+00
-9.636531814282997543e-02 -2.049613341942900235e-01 1.445548351414269961e+00
-1.722304389181180007e+00 -4.533579596539299983e-01 2.712603851962880341e+00
-1.035931627065099503e-01 -2.999985164553699568e-01 1.490949131162270236e+00
-7.004622790048800063e-01 -8.737423862188001267e-02 1.346894273512880158e+00
-5.658665729873599837e-01 7.871675023320998110e-02 1.206085779769860089e+00
-1.375855665313369780e+00 4.513150537365005072e-02 2.264983696918810629e+00
-1.354865544889759743e+00 -5.355458784746599532e-01 2.267348318751960079e+00
-1.080504483843110153e+00 3.287774759081900644e-01 1.870572029039030193e+00
-6.679440100187999940e-01 -1.305705383784999951e-01 1.381638880871719932e+00
-6.920521923235899431e-01 2.632621180801700267e-01 1.100525062520990138e+00
-5.187241063872499724e-01 -1.556441754818999879e-01 1.394433325075990160e+00
-6.024741834251600148e-01 7.780547269786000641e-02 1.213938507373440112e+00
-5.534512476488699928e-01 -2.784259720330399812e-01 1.483897476992730002e+00
-2.433963443877199540e-01 -1.366201934854500422e-01 1.369748133953380131e+00
