2.461434982759200252e-01 2.408119673874700162e-01 1.111060880223869951e+00
1.795361370747000085e-01 5.699791827899999136e-02 1.352781997208100329e+00
6.863793432009801521e-01 1.419174167509399953e-01 1.319081499260360335e+00
6.278362015239600247e-01 6.270240879534000333e-02 1.383128649019899958e+00
1.817079131300200212e-01 4.516174946425999259e-02 1.357186276032239958e+00
4.616870490015001494e-02 1.821787895179600159e-01 1.137860723740130142e+00
2.881086943855998284e-02 -3.925033437353199761e-01 1.369970943314920309e+00
1.780384899059899995e-01 5.441067299307000837e-02 1.356475739344480180e+00
7.152931156640007782e-03 1.780310142923500205e-01 1.041723819356670022e+00
-3.683593505274699309e-01 7.795052960978002266e-02 1.225596427164729940e+00
4.744458901162000308e-01 1.424224623047800065e-01 1.241476042284340053e+00
6.170107360745199498e-01 6.878259071296001503e-02 1.378809066168839914e+00
-2.356730610579499396e-01 2.201107561916899880e-01 1.127708030331920241e+00
1.770209128896500506e-01 5.085026918020001119e-02 1.353600637991549949e+00
-1.806557240866299985e-01 -1.933495563025399711e-01 1.584115639280890164e+00
4.565348349541400452e-01 3.586001921608000798e-02 1.399285751424260260e+00
4.596312432418000471e-01 -2.333399399716000119e-02 1.445648716856120286e+00
3.407966314433000243e-01 1.819875122080400198e-01 1.181348131669219814e+00
6.204350727225700357e-01 7.883021170242998643e-02 1.361196691896500166e+00
4.514890505341399574e-01 1.802003439546399910e-01 1.200654552387740326e+00
5.524773323395399949e-01 1.521228538357000115e-01 1.246803665618920087e+00
5.112451372498700852e-01 1.300004094105899899e-01 1.253892593406680023e+00
7.298137884707001088e-02 -3.634892856975200370e-01 1.283282042945649959e+00
-3.668222582781993646e-02 -4.390244334489300515e-01 1.482810242841249959e+00
2.589681426821600629e-01 8.424972733145000281e-02 1.505345754146130144e+00
6.966658083992400829e-01 -6.618521881084001024e-02 1.375649309956199939e+00
1.509159443037700332e-01 2.891439994937999511e-02 1.281582189290450202e+00
3.978899277605499885e-01 7.961597452902997862e-02 1.303553634519640125e+00
2.636694203177900597e-01 2.045661128030400178e-01 1.148917662184889998e+00
4.047822537452699931e-01 2.441831683020699861e-01 1.126365548146719853e+00
6.367794561255100128e-01 -6.258819881265001439e-02 1.354582460889880213e+00
6.350190446922500120e-01 -6.364399961377999182e-02 1.346575393558010036e+00
2.974671901313100109e-01 2.263463088018800029e-01 1.133798682598770036e+00
6.308899191335199941e-01 1.923578582383700386e-01 1.209620519119370075e+00
6.479123413770100370e-01 -1.261072433591499953e-01 1.320880953728880147e+00
2.162548756788700288e-01 -4.389665329349600187e-01 1.448311312137529949e+00
6.053406403266997637e-02 -4.379786856694199981e-01 1.521227662532750102e+00
2.689849531492700674e-01 2.418001231738700074e-01 1.148094483908119967e+00
5.478974106015099821e-01 8.626038905774999210e-02 1.333517116615080100e+00
9.761544513639399678e-01 8.285427497217001669e-02 1.377042715852630161e+00
9.353320633091001257e-01 4.203701076981999907e-02 1.366842849637360136e+00
2.552471674534600443e-01 5.156927125404000417e-02 1.323056139930499864e+00
5.144178780551100783e-01 1.357498544545799879e-01 1.248016432898270134e+00
1.011618882840060074e+00 1.998753155120300273e-01 1.264396938890969935e+00
1.012345396190930114e+00 1.984849354573199887e-01 1.254396501058750335e+00
1.045828863647140006e+00 3.775359223391001884e-02 1.315998462870650032e+00
5.988440937720200807e-01 1.482125250770700009e-01 1.336890314559970205e+00
5.121237845809401001e-01 1.333288550574100173e-01 1.252649338286549785e+00
9.554299209842800344e-01 1.790983431705400197e-01 1.291717603514060064e+00
8.872253466852199066e-01 1.678279635214300347e-01 1.304427480684450025e+00
8.903677994790801797e-01 1.654469148667800094e-01 1.306155861577380062e+00
8.146088304817499237e-01 1.506367121159500055e-01 1.317815237015599994e+00
5.260568639539000557e-01 2.229582288671100310e-01 1.183843111174330387e+00
5.348573291526800277e-01 2.042163303753200265e-01 1.194922612604000234e+00
9.538814413306999640e-01 1.768753427884800222e-01 1.291831325275939912e+00
9.779356867494300998e-01 -9.473169950573999687e-01 2.607906192685490065e+00
5.938110825847899843e-01 2.147546944697900084e-01 1.191508461947639930e+00
1.107315729144610295e+00 -8.393983717942199441e-01 2.245849249014370219e+00
1.044197519914059846e+00 -7.552556671301199342e-01 2.332826535085020581e+00
1.224920452000229920e+00 -7.534426729215200069e-01 2.366245496156930361e+00
6.641635862244100741e-01 -3.555074272067900165e-01 1.215715790824960285e+00
9.479916156373299208e-01 -7.651513516926600200e-01 2.326746804230610088e+00
1.340941494100519993e+00 -8.928008999406999990e-01 2.533625251128059919e+00
8.432264057937199908e-01 2.472597531899700107e-01 1.189086865065769993e+00
1.319479063696169963e+00 -6.065680379069700034e-01 2.051085579550099958e+00
1.302403925758869985e+00 -5.912905966446200257e-01 2.006167907987749910e+00
1.179392760957600039e+00 -7.902683451411700588e-01 2.415951051459189980e+00
1.005677704982519849e+00 -6.313948525065700146e-01 2.161172954379349864e+00
1.372709521893360041e+00 -7.957401805498900416e-01 2.414263495152509709e+00
1.354128659822800174e+00 -7.768915003000600450e-01 2.347346214108420259e+00
5.723663427685699023e-01 -7.380713717571599775e-01 2.270816771127030176e+00
7.394132439977199045e-01 -3.045996713817500368e-01 1.195921149654009863e+00
4.683336858866000152e-01 2.189345392534900181e-01 1.173044585388970162e+00
6.572073648530299961e-01 2.173565108844300320e-01 1.187188173738680019e+00
5.344646543914000070e-01 2.319213756944000226e-01 1.169666210275400298e+00
6.977457274943399401e-01 1.246659713813300097e-01 1.309304059303110002e+00
1.521049597779900175e-01 1.423284702032500126e-01 1.263157055187420053e+00
9.474032766986401066e-01 4.255868165081999610e-02 1.408637278022179862e+00
6.866206504380800713e-01 1.401020445304699824e-01 1.318575813995150003e+00
6.562042727059000935e-01 6.981901226516998293e-02 1.346387997339310028e+00
9.736915622272999116e-01 5.112740230285001131e-02 1.392678817118949919e+00
1.024029016608300147e+00 1.738380477790199830e-01 1.330096139335560146e+00
1.025042450599570110e+00 8.238267425869999494e-02 1.353984483882410217e+00
6.591573383630400240e-01 2.184297648437399930e-01 1.192965701326739847e+00
6.177563970584499797e-01 6.835940161697998119e-02 1.379168495905690017e+00
5.353794292014399936e-01 1.268476269411000432e-02 1.430288496542150289e+00
1.294044881655919799e+00 -5.839014975607600411e-01 2.111016459497280007e+00
2.300530423623800003e-01 2.172748402574000148e-01 1.134011952472740337e+00
1.200695600984840183e+00 -6.613113116265700864e-01 2.279975797624909983e+00
1.225734795093810003e+00 -7.331317321223198569e-01 2.254678765977670363e+00
6.387458662333800330e-01 -6.217916952069001135e-02 1.371198142515770213e+00
4.534416933497200652e-01 1.502786212421600154e-01 1.226309232504040114e+00
1.060551207228420001e+00 2.253190396204399759e-01 1.238174703019380152e+00
1.008116099731980020e+00 2.052958983224700273e-01 1.262955063171850023e+00
1.015883829471469824e+00 2.091158801409799817e-01 1.286578167836350151e+00
3.939130220651199665e-01 -2.753593100448999478e-02 1.260826539488790310e+00
6.055238041597400533e-01 1.369419056688000180e-01 1.278520065110819948e+00
1.038162263986820211e+00 3.885456273965001706e-02 1.282605376352510040e+00
6.547183517369299377e-01 -1.634181580145400159e-01 1.405462853620370156e+00
1.043659843081389926e+00 4.185268406099998395e-02 1.296279903163370051e+00
1.047251772953559978e+00 4.219141287320998801e-02 1.305480817628409840e+00
1.049151288894299983e+00 4.169817809528000851e-02 1.314474097884140047e+00
6.800113547392300228e-01 2.687052692329799930e-01 1.182828856296430198e+00
1.081585206675459876e+00 1.375004197720699761e-01 1.230122488828490068e+00
1.008723453524779989e+00 7.917911569768998348e-02 1.313070840770510062e+00
8.476285366102700447e-01 5.577121801300069688e-04 1.348030809389699991e+00
1.002365387139210195e+00 3.099707764217500272e-01 1.159370778020180071e+00
8.389187114571501347e-01 2.611819528472999474e-01 1.244420972171350170e+00
1.073937128616150094e+00 -6.295130169193600134e-01 2.174211324987570304e+00
5.263405135896800369e-01 1.613960498344500227e-01 1.247250326272290044e+00
3.567959596145100498e-01 1.763743050830000048e-01 1.189703474242330028e+00
6.829314667531900529e-01 -1.228950043812000043e-01 1.404480365103170314e+00
9.215961284374499796e-01 8.743115875240001222e-02 1.429752648846549956e+00
4.749778965775200978e-01 1.427538341298500157e-01 1.234971669354210100e+00
9.403662270624799646e-01 4.137991947571997842e-02 1.385744469799599976e+00
5.549950092736599672e-01 1.516676494976000253e-02 1.468484952995860127e+00
1.415027874267539953e+00 -4.788867713600399867e-01 1.996365086588500093e+00
1.375059007140589928e+00 -4.553323399898899781e-01 1.895748845326600041e+00
7.194445206265600579e-01 -4.236657348632300035e-01 2.002663249752890451e+00
7.156499234429599676e-01 -4.291795015030099858e-01 2.002564229430349840e+00
1.349991684158780236e+00 -5.975158379213100224e-01 2.139731682187509865e+00
1.601134638450649961e+00 -6.973631390720200773e-01 2.287229653041289890e+00
1.572860446958549874e+00 -6.809690973670299297e-01 2.238180555740660438e+00
1.573120232027380272e+00 -6.817955761135299220e-01 2.240453491316050094e+00
1.001977462196990132e+00 3.116304444386999717e-01 1.159445484126270243e+00
1.534308502227810012e+00 -7.108890292591300009e-01 2.297313864549940465e+00
1.475720245155379917e+00 -8.044321030809500339e-01 2.378433060875189575e+00
1.025628823687799951e+00 2.105604393087899817e-01 1.271212652871470006e+00
9.562949540340099919e-01 1.778444750621200332e-01 1.303260208970790091e+00
9.762928937901599324e-01 5.375015120765000431e-02 1.384092148986730386e+00
8.251367686843898985e-01 2.466171053224100462e-01 1.210672411751900102e+00
4.375324450670000642e-01 2.593233294190099847e-01 1.133468842383330122e+00
9.535935393325201126e-01 1.803203924135900471e-01 1.295509641145629942e+00
7.155489122187399520e-01 1.220657054210699810e-01 1.306538863780730031e+00
1.074702244079239977e+00 1.644827771560899432e-01 1.247260635605889956e+00
1.072574464136009986e+00 1.620851764384299565e-01 1.247473450282020169e+00
6.728567989230200830e-01 -4.816562169785000569e-02 1.301846683494610080e+00
2.524289998413800085e-01 9.912413886759990217e-03 1.492456159249619940e+00
2.648366335571299968e-01 8.273908958210004355e-03 1.448937320006720375e+00
5.490787470232200151e-01 8.598728268828000065e-02 1.322129744277499963e+00
5.378891627119699592e-01 2.076895433758299825e-01 1.192133976100899995e+00
1.536002677120900384e-01 2.868029312398001282e-02 1.283987771142809819e+00
1.562857514375600443e-01 2.807134777080000018e-02 1.281261364748879972e+00
