-1.684419400731800021e-01 2.679177005366499831e-01 1.053010720814010259e+00
-3.818730260394799791e-01 2.644874536748400007e-01 1.047498361156100177e+00
2.078013961681999394e-02 2.469807907520099599e-01 1.073387888937390233e+00
4.189776016457399943e-01 1.741199877017099995e-01 1.169378672650940088e+00
6.621710904539998555e-02 1.120899183411700195e-01 1.268269669324450177e+00
-3.911012192269200383e-01 -1.945518495860999730e-02 1.282290158623840215e+00
-6.063287775779399036e-01 3.516482957691998562e-02 1.271962297360420102e+00
-3.927886069124000290e-01 -6.342528065805999593e-02 1.343008407431780071e+00
-7.287544800502999687e-01 -1.516406669233399951e-01 1.482068917709000289e+00
5.496410152397600557e-01 2.423098237788600118e-01 1.147517009230320184e+00
-6.195597034495800015e-01 -2.034784014908800065e-01 1.532628114555880217e+00
-2.358112303857199943e-01 -2.095732057437199869e-01 1.676363607313779980e+00
-2.358112303857199943e-01 -2.095732057437199869e-01 1.676363607313779980e+00
-7.805758412405999769e-02 -1.921783378529099695e-01 1.650251977835110129e+00
-7.498959693046002017e-02 -1.886376473503999784e-01 1.638771157277880253e+00
-7.943581357490399064e-01 -2.222644401264599889e-01 1.609737782508599890e+00
-9.588488269076000936e-02 -2.592859627505099684e-01 1.759687079762830342e+00
-2.281065779393800508e-01 1.610566668808700030e-01 9.538658100122801020e-01
-2.772046353756800197e-01 1.792496025206800070e-01 9.700899814909200725e-01
-7.718033994825398425e-01 -6.538404310747599757e-01 2.569946281795779885e+00
-1.149780232708819794e+00 -8.520552651494499585e-01 2.808771605831619667e+00
2.294903689511400002e-01 4.235127966070999922e-02 1.144786001820659926e+00
-1.115420834699000219e-01 2.068774664881000147e-01 1.070620309163339945e+00
-1.845402174948800045e-01 2.085896415544999938e-01 9.538326706154399703e-01
-9.631489079336000292e-02 -3.174905777198999690e-02 1.384046539955990252e+00
-3.711249890039199362e-01 2.464759392465200039e-01 1.061071804081060277e+00
-4.588556336476800057e-01 2.204616371068499614e-01 1.069693515091490132e+00
-1.143234156131599788e-01 1.564344550410400325e-01 1.076787935603340074e+00
-5.277503481419599796e-01 -2.155597009904199890e-01 1.600226686174620161e+00
-8.022034976098599834e-01 -1.557044019996400019e-01 1.539101643984630119e+00
-2.130528880211399745e-01 -7.766534723561999143e-02 1.427675470565580085e+00
6.559705575287998192e-02 1.096652551015200316e-01 1.272309107268410289e+00
-2.189109024481400156e-01 2.913548691423900050e-01 1.005971432775030205e+00
3.435803085595799944e-01 1.235601287849700247e-01 1.260238531606260093e+00
-2.211151704522800188e-01 5.556649586021000092e-02 1.126779099049270094e+00
-1.643530992864200013e-01 1.915704996599100207e-01 9.825383414642799851e-01
-5.528749954245398834e-01 -5.628283255069999741e-02 1.385721493476010036e+00
-7.987101529114598586e-01 -2.235431065445099841e-01 1.620334035022539920e+00
-3.773564573589400784e-01 2.926995071886199784e-01 1.014861416201770172e+00
-3.773564573589400784e-01 2.926995071886199784e-01 1.014861416201770172e+00
-3.932089694108399924e-01 -2.366879823160899787e-01 1.701547467969640293e+00
2.699451874084400349e-01 4.019564775229000214e-02 1.147241070842450084e+00
-1.513864047237800103e-01 2.298991238818099969e-01 1.032851467072810170e+00
-2.466301395625600246e-01 -3.237529535876999820e-02 1.329139705177170061e+00
-4.938463216209400541e-01 7.052958059379002553e-02 1.230768148604530099e+00
-5.498506889707199807e-01 -4.561130725741999875e-02 1.404999391444349932e+00
-1.710952605327800136e-01 9.023287732013998697e-02 1.123247946733989977e+00
7.517738986291999659e-02 2.820619920071300579e-01 1.006862144747090237e+00
-1.398404919380200062e-01 3.785883019773000208e-02 1.227601395777350168e+00
3.293990704377999790e-01 2.164896695056400255e-01 1.105499631514220038e+00
-4.560051428499400372e-01 2.186267449527700135e-01 1.064143782489280099e+00
2.467891418034799667e-01 2.283077389265900092e-01 1.080760822756680062e+00
-5.150398123416199958e-01 -9.496230466854999053e-02 1.479060517743180370e+00
-8.008275615829799632e-01 -1.662361784099599948e-01 1.571347799381680233e+00
-3.393363090622200651e-01 1.105142651933800069e-01 1.152273069539990313e+00
-3.817328223845799506e-01 -8.967111610201999872e-02 1.408629287566020016e+00
3.978776953542999539e-01 2.891403984333499877e-01 1.038419001403530162e+00
-4.677210614638800390e-01 2.642768213121499676e-01 1.005830549399090001e+00
-4.669400788332799812e-01 -2.558279473352000413e-02 1.340723123296720054e+00
-4.669400788332799812e-01 -2.558279473352000413e-02 1.340723123296720054e+00
-6.358184391121799450e-01 -1.630840543955199839e-01 1.487397450961519985e+00
-3.939580882852000143e-01 2.167301163243199880e-01 1.104099025671710255e+00
-3.816513760085599727e-01 -1.347914390907499760e-01 1.543569988827820261e+00
-3.909952112542200431e-01 -2.344349923604399921e-01 1.697826182942720141e+00
3.395236485268000037e-01 2.425883823672900230e-01 1.072986064207940293e+00
3.290979500907399991e-01 2.172560048126500054e-01 1.101943131984219892e+00
1.639222041487800041e-01 2.420860358987800276e-01 1.057988476929980104e+00
-4.888904977491599912e-01 1.032299530637700025e-01 1.183747005309260247e+00
-2.247842406560600359e-01 -1.529253031760999804e-01 1.569952366595880333e+00
6.290078566602000376e-02 1.049066583684200027e-01 1.271514166294060111e+00
6.290078566602000376e-02 1.049066583684200027e-01 1.271514166294060111e+00
-2.154580133090400196e-01 6.139994456260001315e-02 1.277562220013390037e+00
-1.389655991154800097e-01 7.252063778592002241e-02 1.089107948998910169e+00
3.643060276928000163e-01 6.640538048891000966e-02 1.319128679284910177e+00
3.643060276928000163e-01 6.640538048891000966e-02 1.319128679284910177e+00
8.651229812193998725e-02 2.641596375028500421e-01 1.067147193481590151e+00
-3.809827224068000340e-01 -1.358375371489499994e-01 1.537798255168360217e+00
-1.637494257851599966e-01 1.469337442994999854e-01 9.693914737278799265e-01
-4.724003673433799788e-01 -2.785849958370999885e-02 1.344535473687870075e+00
1.923014912185999903e-01 -3.592896522529400172e-01 1.350598523184660005e+00
-3.441936778437800215e-01 -6.367526756533599119e-01 2.528327054272279995e+00
9.171654796765998929e-02 2.811083409816700351e-01 1.015235980622660072e+00
-3.132054679907599892e-01 1.411642439215100020e-01 1.108069691436160076e+00
-5.013749863856001299e-02 1.180481896412499954e-01 1.079915179601890207e+00
-1.127485772973599865e-01 2.062864130779100136e-01 1.076145792918230093e+00
1.059055934730800119e-01 8.357545206920000136e-02 1.311993040791840093e+00
-5.869605078088998562e-01 -5.961659077943000373e-02 1.482701508544689961e+00
-3.924237360041800127e-01 -6.530731528375000039e-02 1.339231801076400163e+00
-6.306870912565999410e-01 -1.685483785755499953e-01 1.497123143141110058e+00
-2.282535862907399959e-01 -8.100224656389998223e-02 1.434445884823320139e+00
-2.384284316205800280e-01 -1.255628174246399831e-01 1.433310676673180462e+00
-2.411244189144799988e-01 -2.105377758348099815e-01 1.675999415364680001e+00
-1.282357835953999992e-01 -2.160381118465500017e-01 1.689273710663840244e+00
-1.530562762710599989e-01 -2.422877928714799733e-01 1.723483474651020142e+00
-1.087665508122099833e+00 -8.508758518575300078e-01 2.825851029440499929e+00
-7.982282038651600242e-01 -6.800339768966899845e-01 2.632595336952700205e+00
4.213254651104400006e-01 6.404785620268002577e-02 1.320053588020910329e+00
-6.594499062578000614e-02 -4.431402003635999398e-02 1.428148758182220313e+00
-5.903592837727198450e-01 -7.990646553207000902e-02 1.401559023676860249e+00
-4.675974415499199455e-01 2.635151744118400252e-01 9.985447759418699665e-01
5.069997421601000198e-01 -4.696974059620699360e-01 1.366092915180830314e+00
5.077848304967600424e-01 -4.675956184913500069e-01 1.357241349801080244e+00
5.062971766168999910e-01 -4.674528627634900180e-01 1.362228748623600216e+00
4.994685643724400270e-01 1.807492234600900360e-01 1.218081159097700317e+00
4.994685643724400270e-01 1.807492234600900360e-01 1.218081159097700317e+00
4.981725550824399606e-01 1.766503467679099715e-01 1.203572009191959946e+00
-3.908988250769400152e-01 -2.131270778434999832e-02 1.282629422013200182e+00
-5.481946501778398595e-01 -5.282454825376999008e-02 1.384478101231880087e+00
-3.917355788096399949e-01 2.988007121729599480e-01 1.007663425904410159e+00
4.052094031926199436e-01 2.322374604948400090e-01 1.095838909448090037e+00
-2.829774014907600610e-01 2.518190725472300162e-01 1.033137275207550276e+00
-4.179761095169199914e-01 2.733613079136599788e-01 1.040658746552020286e+00
3.687956505158400122e-01 2.086505867280600002e-01 1.112508277162150172e+00
-3.685628165438200043e-01 2.560003637169400159e-01 1.052696495505739849e+00
-8.391162327074000449e-02 1.039966693612000004e-01 1.291446273316320115e+00
-2.093239650595200008e-01 1.634228000074300080e-01 1.146630664010860334e+00
-1.296175939319000048e-01 5.375576714064000255e-02 1.245577612025499770e+00
-1.349231736494400091e-01 5.504204885927000551e-02 1.270112545014430161e+00
-5.775456565199399428e-01 1.140096188247100017e-01 1.193984972973690217e+00
-1.082710988477000036e-01 2.268450461175500199e-01 1.091299265858890255e+00
1.650162479580200292e-01 1.585713666130800226e-01 1.403938427276870238e+00
-5.661515651816199091e-01 1.175650806741800058e-01 1.181796917715310036e+00
-6.980316483843799213e-01 -2.527372777753300048e-01 1.600675772347730064e+00
-2.415388653462400281e-01 -3.047866846298200039e-01 1.804955962890249843e+00
-9.745542603844001284e-02 -3.039079204061500006e-01 1.759231080234780364e+00
-8.876264819540999884e-01 -3.252268697265500164e-01 1.762871894574230325e+00
-3.652787468963999418e-01 -1.079476626225500113e-01 1.535765290774379954e+00
5.012523707675600182e-01 2.736728327517500281e-01 1.082659921333450015e+00
5.892501481739401692e-01 3.920164889325999241e-02 1.204733233499360123e+00
5.907900689460801047e-01 4.116446509879000820e-02 1.214298292830870096e+00
3.005012610233999404e-02 7.595885417201000966e-02 1.204522447814910135e+00
-4.554724397632000099e-01 2.178476712196800169e-01 1.062307264511540117e+00
-3.106461583993799791e-01 6.983308285656000813e-02 9.972981867435799508e-01
-1.669516095630599883e-01 -8.750899521589500241e-01 2.483240817410949930e+00
1.484408934918599876e-01 -8.821288942476900319e-01 2.339199996473329879e+00
1.509123286877999959e-01 -9.054390116127800647e-01 2.417804400791720099e+00
1.482645735752999849e-01 -8.867181781877799818e-01 2.354416789639210084e+00
-9.642281493009599025e-01 -1.041576136595360191e+00 2.788784759916950406e+00
-1.023639421849839914e+00 -1.087014590963710114e+00 2.915561756307050167e+00
-1.110659473792239949e+00 -1.146761010909030043e+00 3.105630469424679685e+00
4.868550903468800151e-01 2.797962264807000166e-01 1.024166167862530008e+00
-5.226634272516200719e-01 -1.806734581798299932e-01 1.596457637943430097e+00
5.862644299100400191e-01 4.248959132180000348e-02 1.203988208814390060e+00
-2.336920501787600468e-01 2.755775584481400253e-01 9.958190930535799623e-01
-1.009133673086600042e-01 1.658608043404200261e-01 1.063438357803930145e+00
-1.009133673086600042e-01 1.658608043404200261e-01 1.063438357803930145e+00
-2.773358431117199929e-01 1.831879257083799950e-01 9.794736778252699505e-01
3.678885498552399991e-01 3.082159501994899964e-01 1.024148705491100042e+00
-1.472322784610800017e-01 2.057997402487099781e-01 1.058566260214649946e+00
1.275855298060179832e+00 -8.409455252982999118e-01 2.587700628309800077e+00
4.113347768559999507e-01 7.525410311723002010e-02 1.262838862590870193e+00
5.283205207507200019e-01 3.736324270250000051e-02 1.203062971472470322e+00
-1.395614628265000046e-01 3.467092766005998999e-02 1.265235186220339925e+00
-1.607087993813600124e-01 -8.583309707972398561e-01 2.457301758040829842e+00
-1.433763100189600070e-01 -7.857986059481399943e-01 2.226958998467880146e+00
-1.468424629666200132e-01 -6.676054659309099693e-01 2.227090597643739844e+00
-1.254068473983539711e+00 -1.070920830701450166e+00 2.855550499683860544e+00
9.346231276372201080e-01 -1.129476198502610051e+00 2.973943808027630364e+00
1.031044362103320067e+00 -7.718358161527000272e-01 2.410229678698590394e+00
1.255607463854460315e+00 -8.713574533420599399e-01 2.630814338181449941e+00
1.051383192538400069e+00 -7.937832843904799596e-01 2.480986014070500012e+00
1.067245315748780010e+00 -1.187971346498710057e+00 2.805829000048430277e+00
6.043847917306600648e-01 -9.338158685422699445e-01 2.487720738003100340e+00
7.074787507441401280e-01 -1.100379547177070094e+00 2.961887275438099820e+00
-1.299500110966359978e+00 -1.112340367975290123e+00 2.967434469993970314e+00
-9.421923956887999496e-02 -4.209341631580500454e-01 1.683638537502460286e+00
4.657715788535400359e-01 2.415508207615799652e-01 1.178894459375270154e+00
-2.156589121141199994e-01 1.560923261828099928e-01 1.168146454515600174e+00
5.152846129190000735e-01 -4.747140511396499840e-01 1.376252993214210019e+00
3.625140308841000025e-01 2.968884560692700569e-01 1.035423299902240357e+00
2.035239838226400033e-01 2.670947258894000309e-01 1.050612374524940051e+00
3.701838330667000521e-01 3.074757742316400200e-01 1.052093302695060295e+00
4.950485474769000249e-01 3.076431045076600257e-01 1.032694400671320123e+00
-2.748912375741800473e-01 -2.267330472583000550e-02 1.305280152245500203e+00
5.068961152554198879e-01 -3.682133450930200058e-01 1.454595537104560021e+00
5.055649640638201214e-01 -3.667112962892999928e-01 1.476219388911639951e+00
-7.286642786359598389e-01 -1.254523088108399909e-01 1.445137315179930049e+00
-2.966443410825199689e-01 -1.364926125855699945e-01 1.550098818305070125e+00
-2.031608213448600209e-01 -1.413250394862400061e-01 1.545596664737690196e+00
8.605658426937401462e-01 -2.315530716878700102e-01 1.613997969573120139e+00
-3.404535463287400310e-01 -1.940832656192599814e-01 1.569026458544430236e+00
9.319246838293200330e-01 -2.959692776840199269e-01 1.722490842361410035e+00
1.160334579822400070e+00 -5.970432262696200310e-01 2.182637264380610009e+00
1.147941699968999973e+00 -5.903223913534599854e-01 2.153822679336910184e+00
1.062745086968200026e+00 -5.743627745379898952e-01 2.204678595695980459e+00
1.055154588905639956e+00 -5.554470212980699984e-01 2.152683963932709776e+00
1.066466628924059856e+00 -5.683116777226600025e-01 2.185261559601020309e+00
-1.414080552925799927e-01 -8.359458457801299813e-01 2.360423112902460208e+00
1.072629441464000369e-02 -8.791984163133800267e-01 2.286206444273119587e+00
1.418931553347599905e-01 -8.887722936582199695e-01 2.355122001617600436e+00
1.514685903575400117e-01 -8.936802664279900332e-01 2.381739886386229799e+00
1.560698403150199975e-01 -8.805304687815799225e-01 2.356373030382139966e+00
6.648466783893999810e-02 -8.503775099430900264e-01 2.352478935069099997e+00
6.612297761438000465e-02 -8.694777222608599532e-01 2.409797312986889928e+00
1.152736662761459918e+00 -7.107745146905600775e-01 2.436086670604760140e+00
1.112147762137900120e+00 -6.886812298034600266e-01 2.342688408221180296e+00
5.516670936211199860e-01 -7.966674342335000603e-02 1.142752949643150107e+00
-1.063787158856600024e-01 5.381759157270002425e-03 1.391528168062790227e+00
4.335638596107599940e-01 1.073065183727300309e-01 1.293702446353150126e+00
5.602526395238600632e-01 -7.539162663888998583e-02 1.169832895198030132e+00
1.904142318762400143e-01 -3.544213632218800036e-01 1.345994935436999995e+00
5.011989713543799629e-01 -4.154375969470300300e-01 1.390689044119260087e+00
5.008301925953599909e-01 -4.173894835851700291e-01 1.393277424822940036e+00
4.327941020965999641e-01 -3.099312207192500557e-01 1.208754400490950065e+00
-8.003316592061000545e-01 -9.485193960724000450e-02 1.573657914384350098e+00
4.311203051760800209e-01 2.958331849730900243e-01 1.032464307702340101e+00
1.060156142375459964e+00 -5.546626119782500641e-01 2.152909173973970081e+00
1.310859084407400010e-01 2.736776102254900311e-01 1.020050918760180059e+00
6.969198982119999553e-01 1.193967478906400037e-01 1.240337646711800135e+00
3.045795259489000317e-01 2.865278953739700540e-01 1.034415464507760118e+00
1.274004739997780078e+00 -8.674721505392600784e-01 2.434905567121850467e+00
1.115193757737800162e+00 -1.096064068715409956e+00 2.786221433998280261e+00
-1.025042639689799584e+00 -1.100043042815920025e+00 2.961332936926080350e+00
4.994545987172999135e-01 1.673959313684300065e-01 1.222347287514370162e+00
-2.199968917775800004e-01 -7.690245305470999604e-02 1.416713159655230037e+00
5.327899012746600826e-01 3.924563694601001379e-02 1.219081591683500054e+00
-2.326201733069400701e-01 -2.173044121279699981e-01 1.696116486078109942e+00
-1.207967556165199796e-01 1.724077352070000485e-02 1.292267111809080049e+00
-5.752488398463000419e-01 -1.145313418820699813e-01 1.447867234652210344e+00
1.936625314709999879e-02 2.507985099368899573e-01 1.089641288177420231e+00
5.785021908201399832e-01 2.185830494486900033e-01 1.149752438619310091e+00
5.320762035197200701e-01 1.680790547683800040e-01 1.204872720471950043e+00
-9.479560983864399049e-01 -5.329073727330899679e-01 2.088918312373020392e+00
-4.491029617489599723e-01 2.600989624532100142e-01 1.021135801599620141e+00
-5.734483557040001012e-01 7.767870787712000125e-02 1.224924027944180205e+00
5.223120720979400611e-01 3.727086445458999836e-02 1.174304729441929984e+00
2.110805801351999661e-02 2.477922568963800143e-01 1.074146081060640245e+00
-4.569151816069400018e-01 -1.255681788979499947e-01 1.556476641854740439e+00
-8.680172262269599814e-01 -3.006885913526999854e-01 1.705661492065750018e+00
-8.890474278786999474e-01 -3.084064055318600506e-01 1.745460949280640106e+00
-4.499689951214399519e-01 2.539562237119299959e-01 1.024743243856880204e+00
-4.283992744350000048e-02 -2.322877445352999892e-02 1.351706513837860113e+00
-2.232337717603599947e-01 2.055580104571700095e-01 9.440253317771000185e-01
1.176901174367999889e-02 -8.970367926337100561e-01 2.322767724875210327e+00
-1.247745333807420032e+00 -9.157757536672499477e-01 2.756993582438160395e+00
-1.140402129652899887e+00 -8.457263032238300227e-01 2.779341507757090213e+00
-6.365051712002599560e-01 -5.500933950760099611e-01 2.134824045670800086e+00
-9.437250710256199770e-01 -5.305813995378799719e-01 2.078527264822179976e+00
-7.082630160097799221e-01 -6.101435656241900318e-01 2.358748060569680227e+00
-3.896772352786000426e-01 1.410434188239599873e-01 1.192365760983559841e+00
-1.688659647378399908e-01 8.269911887617001356e-02 1.105812225943439975e+00
-8.745967381998000223e-02 3.261940689916000280e-01 9.995044010502898146e-01
-3.923919596472000282e-01 2.514380386736900230e-01 1.064249388857450018e+00
-2.143083330128000008e-01 -1.449951184146399952e-01 1.587746685725190288e+00
-3.921345939148999649e-01 1.382206962378199899e-01 1.203580318131949989e+00
-3.467516115136000110e-01 1.168437725613599987e-01 1.178220630109169997e+00
-4.595544592172200460e-01 1.952895849726900002e-01 1.093367315948989837e+00
-6.103888534111399089e-01 -1.996002879752199755e-01 1.518652877635130238e+00
-4.236211932057400431e-01 -1.011237680560489904e+00 2.649881198870400301e+00
-3.962909833510200319e-01 -9.488536680571399984e-01 2.481058637195250327e+00
-1.322749765464519944e+00 -6.411290410677599194e-01 2.459007144079579987e+00
-1.797356330322200102e-01 1.109925878753000306e-01 1.129479689865970249e+00
3.308511139137999824e-02 7.617020118941000839e-02 1.206469604669550000e+00
3.536383143432000192e-02 7.561183589384998238e-02 1.203385517552369999e+00
-1.145028999958760174e+00 -6.798843228110399428e-01 2.301796800722200054e+00
6.668185581009800078e-01 -1.085585017499070215e+00 2.875390519968370029e+00
6.483753273933601236e-01 -1.056863978906759982e+00 2.804564569674139918e+00
-1.012257621339780256e+00 -9.736006590137399330e-01 2.681167924119459922e+00
-3.989358545803799450e-01 -1.476807597678700124e-01 1.581693807124920248e+00
