-2.986095157672600253e-01 -2.539573873018200478e-01 1.600758656529759794e+00
-6.173156556905399217e-01 -3.373370575777300262e-01 1.778148218688079929e+00
-5.431995884075799808e-01 -2.103640304153400198e-01 1.686798693872320509e+00
-5.047563298918400498e-01 -3.954105293147499589e-01 1.811685509774400238e+00
-1.063283976703599809e-01 -4.220420417139000291e-01 1.903912624613679938e+00
4.735818076136998761e-02 -4.088430400499999395e-01 1.858340390230400097e+00
-6.688558138317398649e-01 -4.119705041875399987e-01 1.909922111318319793e+00
-6.624625588785899577e-01 -1.863237983912600093e-01 1.707160998975920219e+00
-4.778708312287999194e-02 -3.078987183830000918e-02 1.310864067110639741e+00
-6.829564841001599662e-01 -3.417110152075100160e-01 1.843997696062519953e+00
-1.102418761524999735e-01 -2.786670512209100115e-01 1.660619138394880068e+00
-7.723382781299799049e-01 -7.405849882749601099e-01 2.391573787962040232e+00
1.536354228146800394e-01 -9.354785558362001263e-02 1.479023715197639977e+00
-6.626873135736598419e-01 -1.853217706573800083e-01 1.700498058136760360e+00
-4.802253895400997868e-02 -2.876027092808000618e-02 1.309888962240440158e+00
-5.545885995720600814e-01 -6.804698889993000821e-02 1.487801639014520116e+00
7.126276697200159549e-04 -4.368720753362700382e-01 1.907525663976600061e+00
-4.076484277092899955e-01 -1.111014562651400084e-01 1.508795945406559813e+00
-4.455732843110599140e-01 -2.338412811123999901e-01 1.683376488948840066e+00
-4.006379433537700097e-01 -3.755286012817700136e-01 1.863602936778640196e+00
-2.629631503242600421e-01 -7.260849666675001091e-02 1.412785239646760171e+00
-1.137343649000899792e-01 -2.797354523588900244e-01 1.672518575449200018e+00
-5.250095555492800825e-01 -3.522531302849299939e-01 1.770830783293600330e+00
-2.647973230230700192e-01 -3.356607072786300106e-01 1.794726237780760236e+00
1.521084837432299941e-01 -9.723423233344000161e-02 1.476562570676239972e+00
-2.583698211618800089e-01 -4.425494689159900075e-01 1.944207346434239980e+00
-5.246442495220500213e-01 -3.471593309263699689e-01 1.767813126568880122e+00
1.506670972966600019e-01 -9.816399651624999056e-02 1.478370774947039834e+00
-4.950608790757499711e-01 -6.815051513320999343e-02 1.466516345907799668e+00
-5.089694746261999025e-01 -1.055734087462800036e-01 1.518462964138799887e+00
2.488726969826001584e-02 -1.032762971289300086e-01 1.354069511931399905e+00
-1.215469522457000157e-02 -4.158642290020899690e-01 1.865999759102760169e+00
-3.758470080284700421e-01 -2.157702109680600111e-01 1.614229672659679871e+00
3.264863104712999869e-02 -5.366702979709699894e-01 2.001241158640159945e+00
-2.414790385888099800e-01 -4.070041104431001977e-02 1.366997818520760077e+00
-6.857501839897001128e-02 -7.115949436189000776e-02 1.322405391828159971e+00
-2.988088298507100005e-01 -2.556586909678399966e-01 1.596885185004200292e+00
-4.573667723314200351e-01 -3.000223860648200125e-01 1.713285653670920006e+00
-1.245735609451799897e-01 -2.818104480662699807e-01 1.669148878476559794e+00
1.659156914649996539e-03 -4.328783096592500046e-01 1.902428268483720153e+00
-8.294087703039298987e-01 -1.090369726727659971e+00 3.124051597376360512e+00
-3.985334124588700844e-01 -3.022993116483300158e-01 1.739439639397479809e+00
-5.668378915861199685e-01 -3.584353976903001393e-02 1.435592470259960063e+00
-4.875578385927099578e-01 -2.664931896567500069e-01 1.683676413131319993e+00
-3.029568691433799921e-01 -2.096779702633400078e-01 1.542680026160680118e+00
-2.373965092162999557e-01 -3.828519366740700258e-01 1.867924707689160080e+00
-4.893516387922599020e-01 -9.281805105057000516e-02 1.504077912983440068e+00
-4.100565355859900341e-01 -1.086779309917600134e-01 1.510204805675760209e+00
-6.994303165483002627e-02 -7.171612225500002824e-02 1.317230314703079941e+00
2.710168727327199600e-01 -5.480240454212999268e-02 1.598700968494199959e+00
-9.942437297090001014e-02 -5.233442055759599532e-01 2.027705253234839855e+00
-7.458698444047500153e-01 -5.192021943093000358e-01 2.069046304934240244e+00
3.434033707696199644e-01 -1.167310736830559970e+00 2.556472758654320110e+00
-7.196447188438800380e-01 -1.283135086803300240e+00 3.062645940948919954e+00
-7.641325312915898671e-01 -1.332800385139690125e+00 3.193874572919920052e+00
1.924567989567100013e-01 -5.173277365433099906e-01 1.584005290643160091e+00
1.919666950070500200e-01 -5.173901675594699823e-01 1.589480996057160311e+00
-6.208864630285600983e-01 -3.093439018189599876e-01 1.742744627417319947e+00
-5.600670457686001552e-02 -1.566214924032200140e-01 1.463143391934560000e+00
1.646240239337001116e-02 -5.859863936174000698e-02 1.348398371028160181e+00
-1.184960769938699920e-01 -2.771133649589599957e-01 1.650698065828159589e+00
-3.025293653317700504e-01 -4.759355029185999286e-02 1.454896907050080124e+00
-6.451843939774399850e-01 -1.975647700636299908e-01 1.691139095132040193e+00
-5.704810185999600325e-01 -2.934127409530029595e-03 1.448174411963360164e+00
-7.552530775839100263e-01 -2.057418640458800185e-01 1.701587105100279995e+00
-7.971091995083399162e-01 -3.504344454272100284e-01 1.914579249663440397e+00
-8.335682849362000546e-01 -4.057767487609199586e-01 1.938035197704760293e+00
-6.804237198103300077e-01 -4.299440116753300289e-01 1.936284840002440166e+00
-5.728966352955199293e-01 -1.180451972163900076e-01 1.543113366528479968e+00
-4.869834373160801255e-01 -1.009085712199599971e-01 1.513675243958799932e+00
2.485016096134499974e-01 -5.551065160904099516e-01 1.465389470068520161e+00
1.610641212067000921e-02 -3.653665937131399533e-01 1.779111689206919866e+00
-8.312801256546599182e-01 -4.034335821231299635e-01 1.921842890021599803e+00
-7.488203583686600107e-01 -5.014884371123700113e-01 2.052748898973840053e+00
-3.364003069692000358e-01 -7.254845955450006656e-03 1.436317949637079927e+00
-5.516488686989400314e-01 -7.039416065452003268e-02 1.486853021331920210e+00
3.969943393611000820e-02 -1.130151011349800061e-01 1.390758875174840092e+00
1.832666041733999746e-02 -4.199314619429600492e-01 1.109738817635720132e+00
-1.327820427096600142e-01 -1.667771272334003796e-02 1.399717782185600168e+00
-1.857505221317800048e-01 -1.356415534222399910e-01 1.486596618440560125e+00
3.755140512887000098e-02 -1.172533759387200114e-01 1.373099411088639865e+00
-5.899925196384998849e-02 -1.092409108386200034e-01 1.318595128784199932e+00
-5.851758452818998230e-02 -1.144287623285700078e-01 1.304251559065080279e+00
-1.933900626242999743e-01 -1.789831399452500027e-01 1.520719332741080176e+00
-4.136524149937700345e-01 -1.237865746131200095e-01 1.515809956619639909e+00
1.936918787638500505e-01 -1.149315761693730176e+00 2.480801921754800077e+00
-3.794153853029000323e-02 -9.688201267789899873e-01 2.611699145457960114e+00
-3.284506970664002878e-02 -9.585245270795699213e-01 2.615279107530440239e+00
-8.055604334677900491e-01 -7.500128320288098616e-01 2.457019979223880490e+00
-9.357546202458499884e-01 -1.238398656629460026e+00 2.699863378751760301e+00
-8.560572354743900547e-01 -7.847507070494400550e-01 2.620574706129840337e+00
-1.009908448245560031e+00 -9.354760006305499198e-01 2.789499746764440236e+00
-5.708311934463899950e-01 -9.461599584819498920e-01 3.002078072262320152e+00
-6.307233136823301445e-01 -1.034654940096660036e+00 3.281512598437560158e+00
-3.897738521152899760e-01 -1.344052846826309988e+00 3.049336299018639895e+00
-9.658771673892200260e-01 -1.153347257399450099e+00 3.318911708704079810e+00
-9.698548482480899846e-01 -1.154341068328009978e+00 3.304272055123760321e+00
-8.874143848528300849e-01 -1.081060699967860028e+00 3.085070898704080467e+00
1.263518761960699954e-01 -4.252971458097000168e-01 1.133530937453799847e+00
-3.348041416091000061e-02 -2.868395033636499947e-01 1.709892096788280025e+00
-6.861561962370299472e-01 -3.409317871354000107e-01 1.852179405298159942e+00
-4.585759786751300027e-01 -7.710670563274999445e-01 2.394625166738520328e+00
-7.694189333117200658e-01 -7.380962700407699417e-01 2.379669367118800061e+00
-5.034494426599499528e-01 -8.397725543173200080e-01 2.623017611656520476e+00
-5.430617917962499153e-01 -4.731012721038500013e-01 1.965775746000479884e+00
5.340126717456001454e-02 -5.474996187332599185e-01 1.983649437170839747e+00
3.218642889277900099e-01 -1.123954900603910012e+00 2.442309563480639767e+00
9.091734579837001951e-02 -1.069883036421049871e+00 2.498557104064759837e+00
8.750202947305998902e-02 -1.063826006586980011e+00 2.462440393564840679e+00
8.282091088292001246e-02 -1.042269809915149947e+00 2.446084815747760377e+00
8.342165685950000964e-02 -1.048810975824929992e+00 2.460076726483240606e+00
7.783159312669002405e-02 -1.011207418192080043e+00 2.342606924013240111e+00
1.604960681398700517e-01 -1.045406679963819974e+00 2.437306889022040401e+00
-5.691471577218100153e-01 -3.356554331427299975e-01 1.739865041380600275e+00
-2.488736947051199688e-01 -3.081005760056599874e-01 1.777077691581200103e+00
-3.807485720433200216e-01 -2.861225229953500149e-01 1.699477886653559811e+00
-1.518954074563799994e-01 -3.559025663175400256e-01 1.775294128801520266e+00
-1.564516937564899568e-01 -3.555072276262499775e-01 1.775257311169920360e+00
-1.843972455893499729e-01 -3.402355095147799879e-01 1.816625672047600393e+00
-4.243926070775899673e-01 -7.856230750371999416e-02 1.489753475434199892e+00
-2.372930041266900214e-01 -3.121831726323001654e-02 1.382534016149600031e+00
1.914231846439001100e-02 -8.359517803480001619e-02 1.258744733355599887e+00
2.506403670055300514e-01 -5.574390657937199345e-01 1.466544819005520139e+00
2.431215546743099865e-01 -5.518735648735999533e-01 1.448454014256919997e+00
3.432963744480399537e-01 -5.596879182863500057e-01 1.464087180241799846e+00
-5.487035949583400907e-01 -7.235128025049999967e-02 1.481701176779400164e+00
1.266064567155500142e-01 -4.255901429610999820e-01 1.138525013591439983e+00
-5.493990567715399953e-01 -2.104140649978100130e-01 1.692357597012839943e+00
1.457863521921200223e-01 -5.161980800986100126e-01 1.578255791511999906e+00
-4.168246652328199686e-01 -4.379340140595003317e-02 1.439016217745400006e+00
2.500290784621100326e-01 -5.570029273879799625e-01 1.465870908430360053e+00
-2.172972509249699868e-01 -1.302552702611100011e-01 1.445001730087999814e+00
-1.861177834118900032e-01 -1.368365361105400024e-01 1.477348367272199869e+00
-1.845204851566700222e-01 -1.422772186881500200e-01 1.448420284403880043e+00
3.355841588767199402e-01 -5.603187938816800440e-01 1.466714117681719998e+00
3.346303128256699622e-01 -5.597543125807299402e-01 1.460908027540719800e+00
1.810419731723000164e-02 -8.143000976939002156e-02 1.262310447300280192e+00
-5.531375549202799391e-01 -4.840809228671999476e-02 1.462076754119400412e+00
-9.439318335389995651e-03 -2.260120161440200004e-01 1.663827064218439844e+00
1.873174741107400398e-01 -6.233279406504099729e-01 1.493202054758400177e+00
-5.817269242263299889e-01 -4.371727491967399848e-01 1.896501382305560313e+00
-5.765051454899999123e-02 -1.586621759516100016e-01 1.444919815774639904e+00
-1.429392444276500473e-01 -3.562110505569899832e-01 1.792213822764360032e+00
-1.030052953951199890e-01 -4.261566870591799727e-01 1.849634957857040352e+00
-1.382131567651500026e-01 -4.277658772333799986e-01 1.929744329953880122e+00
-1.473204932154560165e+00 -1.064672435387800098e+00 3.379847521483680062e+00
-1.313247560804190028e+00 -9.509456273269599746e-01 3.274012853716520510e+00
-1.365079455334500036e+00 -9.701623873624899419e-01 3.384105037487839862e+00
-4.389249612823200586e-01 -2.384489490772999931e-01 1.664290455492920096e+00
-9.463971846873598937e-01 -8.913578464078599772e-01 2.620196933346079948e+00
-4.220442333201699925e-01 -8.092645025618000476e-02 1.484926943048200165e+00
9.058776581496899016e-01 -1.388035815135199913e+00 2.934493850413999905e+00
-7.782444857774999392e-01 -1.208208540467069936e+00 2.965378475284160320e+00
-1.851484255272800306e-01 -1.100759407116939981e+00 2.456307561638160220e+00
-1.043630774828740115e+00 -8.162299921424399640e-01 2.651042689610199954e+00
8.886501524420997722e-02 -3.117976344539100109e-01 1.743442645091000109e+00
7.433593755851000684e-02 -7.670807199913499685e-01 2.311587776245600079e+00
-4.736484877554000827e-02 -3.689693903044002909e-02 1.295927820664879881e+00
-4.006292011984100010e-01 -3.822560302495200402e-01 1.862228967442919991e+00
6.433246953996002437e-02 -2.183782154167500100e-01 1.573316630591000465e+00
-6.924152941514198911e-01 -1.392072289770200089e-01 1.725912680066799876e+00
1.166972602798899972e-01 -1.002888641359660049e+00 2.725777928585040755e+00
