5.829997460871600978e-01 2.492053841578399931e-01 1.190261696626240040e+00
3.481356771262900107e-01 2.695077037753700333e-01 1.123231847470040234e+00
7.376726151344000781e-01 1.869137984245600181e-01 1.306128517366719866e+00
6.798928763515299512e-01 1.113203301911700055e-01 1.375059537708319901e+00
3.096247877097599854e-01 2.818905758944800222e-01 1.117288677775240213e+00
3.692695403614499883e-01 2.347427118467100005e-01 1.172492891140939797e+00
2.583010057760399825e-01 2.673688328929000879e-01 1.128900223794060187e+00
5.829295847850399781e-01 2.491726789868399516e-01 1.192408350216880297e+00
1.187442141720900235e-01 1.398670684716699919e-01 1.221703131877860171e+00
2.281962554744000338e-01 1.071557918567000028e-01 1.360930940645020071e+00
6.033325132991400608e-01 1.962993743456599993e-01 1.236352123476039955e+00
5.087744709014799804e-01 8.844898119607999543e-02 1.397887518332200152e+00
5.123562426296699446e-01 3.099177684174999822e-02 1.446352815800280078e+00
2.946761709754199821e-01 2.659322644018400350e-01 1.168523492114260209e+00
5.148393071953800693e-01 3.242394882914000076e-02 1.444903636608799946e+00
5.418304913644000909e-01 2.160111717006999998e-01 1.216879820594100048e+00
6.391327252009799675e-01 1.602068908666599845e-01 1.274796195571600066e+00
7.612359739298499850e-01 1.671067097395499690e-01 1.312582796779780070e+00
6.719140121059399284e-01 1.303611557789400299e-01 1.367479042813760204e+00
6.720501328397598950e-01 1.267529148184400045e-01 1.352783535521279834e+00
5.133078425470299910e-01 2.869962760693700599e-01 1.139688068508059926e+00
1.008856592954004983e-02 -3.732529657496399533e-01 1.515778912416459789e+00
3.118626185216600288e-01 2.512641980810000342e-01 1.145161711066180033e+00
3.158185477041600131e-01 1.446360290336199950e-01 1.508494552153899937e+00
7.455710423893100458e-01 -2.063714149730999994e-02 1.360495219118780019e+00
7.460702083918699934e-01 -1.907462245157000649e-02 1.370243230879639951e+00
3.106668907267600144e-01 2.513450937235799931e-01 1.147765056102100223e+00
-7.064870612842993891e-02 -8.764973108584700467e-01 2.326381726325400301e+00
7.431111166608699303e-01 -1.699937928381000177e-02 1.359497424848760128e+00
6.855817935848099731e-01 -1.510593778383000074e-02 1.351046173694880004e+00
6.835329156586599231e-01 -1.642767485859999987e-02 1.343147945674900035e+00
3.443258688791000499e-01 2.718781917875200405e-01 1.130714691444500097e+00
6.794451189883800035e-01 2.342730416982400365e-01 1.196713333563659942e+00
9.291436127657498600e-01 -9.039860676549300589e-01 2.582044072769160259e+00
6.944102778289599209e-01 -8.005270892168001029e-02 1.319449060470599955e+00
-6.920979169427199373e-01 -7.357236621426200829e-01 2.950212516005379815e+00
6.509182876482799696e-01 1.955794824785400121e-01 1.326568547563899969e+00
5.611445299522700436e-01 1.792307367635299908e-01 1.245872397043900071e+00
1.006277966068550134e+00 2.177874216037099797e-01 1.268480114783760104e+00
1.015515323197270003e+00 2.225588632439699788e-01 1.297082885776580152e+00
9.383476817095099953e-01 2.083347709640900047e-01 1.283860306237060156e+00
9.389236735852600768e-01 2.086233232686800221e-01 1.286413614718220133e+00
9.442870696080301052e-01 2.090723264464100228e-01 1.300028257015179989e+00
8.659237078387499453e-01 1.930780654911499750e-01 1.300289870556320393e+00
1.005303008324979874e+00 9.113220014094000621e-02 1.411863852866880098e+00
5.743760905275299145e-01 2.659197805615500232e-01 1.173265303759140066e+00
7.064802610933900162e-01 2.607270049132500156e-01 1.187757676822219999e+00
5.832028436311400554e-01 2.474399361514600382e-01 1.184756437938639939e+00
1.004693957921039882e+00 2.156008792373999561e-01 1.268729923277319926e+00
1.029585625879560151e+00 -7.046395388956601114e-01 2.400726170546580107e+00
1.052707485532430098e+00 -8.585446235229901024e-01 2.625323689813099826e+00
5.503431465572500292e-01 -3.484490930721499957e-01 1.331967644364799863e+00
6.421898465011600665e-01 2.566912288454800684e-01 1.178994003409319813e+00
1.091787157677689857e+00 -6.003132688077501555e-01 2.291493652340720111e+00
1.113126891253000128e+00 -6.782949607740800246e-01 2.341058721081720417e+00
1.294878736153319831e+00 -6.787493003643400025e-01 2.368389140916260072e+00
2.939893976588400237e-01 2.898756234153400668e-01 1.107241623265380337e+00
1.071093299305359903e+00 -5.602515299702600649e-01 2.166161149662499952e+00
8.562866100285999593e-01 4.527564911419999089e-02 1.412353379662560027e+00
8.541710580930599317e-01 4.612599029252000687e-02 1.411969764324260135e+00
7.378635763015399807e-01 1.850763300085599694e-01 1.305684932534979970e+00
9.984474680157700011e-01 9.465221174704999130e-02 1.407777906351679764e+00
7.076041458419100039e-01 2.591440268136300240e-01 1.178147834567840002e+00
5.881860498644200241e-01 6.492384147407999351e-02 1.427129640181139969e+00
1.358418884969789797e+00 -5.203086567454100475e-01 2.104716080180680127e+00
2.768032967754300300e-01 2.641369888233100482e-01 1.133504016748720256e+00
7.032383014574300484e-01 -8.925439617825500216e-01 2.617023926487139995e+00
3.169335775511900044e-01 1.303695033421499727e-01 1.416586098144479999e+00
6.881155782823100697e-01 -1.411057911759000180e-02 1.367559930577940008e+00
5.019246692945000810e-01 1.963183424427399904e-01 1.220858292791999977e+00
1.110355121331140005e+00 2.599033915113399540e-01 1.209761535733880011e+00
7.341117579751399447e-01 3.138396385823600254e-01 1.157870161898380212e+00
1.115692841526700008e+00 1.945116018064600161e-01 1.209395234816679876e+00
1.135840725791350092e+00 1.765087428262499814e-01 1.218564574272140044e+00
1.058430978025389990e+00 2.418524964698099688e-01 1.237010052148340256e+00
4.403655665855499834e-01 2.112224583889000043e-02 1.264101025743180173e+00
1.066683482070160061e+00 2.363619920909999783e-01 1.239073262767279804e+00
1.062535186933230014e+00 2.340939238943499923e-01 1.283782429161160143e+00
6.386264650515001140e-01 1.590625763760799838e-01 1.266184018084580032e+00
7.033889626085099156e-01 -1.142811005577900052e-01 1.405124758452700018e+00
1.092095830448889915e+00 7.911673944362997146e-02 1.275368156954220122e+00
1.096002143708339815e+00 7.973125528811998708e-02 1.284425563646699908e+00
1.098195113712789883e+00 7.953973404234998545e-02 1.293363389940320074e+00
1.056427984966739952e+00 3.189465633546000878e-01 1.153025035330339954e+00
1.058547139739969944e+00 3.209974621207500323e-01 1.156762791066820117e+00
7.290165338422200936e-01 3.085865737995600044e-01 1.165411401520380030e+00
1.129501161578519985e+00 1.714507018658199822e-01 1.204382882818860079e+00
5.756259001876200543e-01 1.860654504181800117e-01 1.272803707961080111e+00
4.679535594324100156e-01 2.359089013064499807e-01 1.173201793428160000e+00
6.781425957194400223e-01 2.349072279293399901e-01 1.202417603932980139e+00
3.876555337275100488e-01 2.311909230028899864e-01 1.183015431364500269e+00
1.084445495920590030e+00 2.154061750851900270e-01 1.295722155425559796e+00
1.082085488351800073e+00 2.096349329537000317e-01 1.315599317859220019e+00
7.376513223455600787e-01 1.865554922084599887e-01 1.306540297190620148e+00
1.058783430149039972e+00 1.002402699141600045e-01 1.424817612827120161e+00
9.413848156277200285e-01 4.587659271774000014e-02 1.313431229690180002e+00
1.058432719508150210e+00 1.177222925286099814e-01 1.291865308886380070e+00
8.972048846945601674e-01 4.362676495483999717e-02 1.335115004732079891e+00
1.074851191437309783e+00 1.590424539030499962e-01 1.336124786538460008e+00
8.131963902654599785e-01 9.747550778120003118e-03 1.365231962603019822e+00
9.712000230783700561e-01 1.338766124126699875e-01 1.412230182698939851e+00
8.897505832197500908e-01 3.002893370392500372e-01 1.221957468368259914e+00
1.109679233152299993e+00 2.804144667868200269e-01 1.163693596059680146e+00
5.096766591377399624e-01 2.149387241457599851e-01 1.147045822950379934e+00
5.072569388961700731e-01 8.645907431997000570e-02 1.399517675738719991e+00
1.314288825502090141e+00 -4.346828029497699641e-01 1.946088815001020267e+00
4.956772752982600005e-01 2.319072548054199878e-01 1.218180714145320254e+00
5.756798685367300328e-01 2.067925143905100238e-01 1.238936644756900352e+00
1.125022693640810090e+00 1.997050438841699582e-01 1.225772984189080095e+00
4.045889925344100524e-01 2.228975167590699913e-01 1.186497303380299906e+00
9.385275959659700185e-01 1.173654431811299859e-01 1.280771165417440072e+00
9.918923419792901042e-01 8.402325866520998776e-02 1.368152269008759969e+00
6.091228919596399782e-01 6.845807636511999639e-02 1.464533630535240327e+00
6.046712114653500780e-01 7.301524616520999045e-02 1.460646976763859906e+00
1.449363560747849888e+00 -4.161564062862900260e-01 1.904911475595379988e+00
1.477352935506519804e+00 -4.220593337395199263e-01 1.982193915468200229e+00
1.434443410020269649e+00 -4.015317935331699228e-01 1.882127222750800355e+00
1.450215205849080036e+00 -4.084882399092600314e-01 1.926442139114060037e+00
1.442762326958169972e+00 -4.043445139055100168e-01 1.921664681163680166e+00
1.313168223055350081e+00 -4.893684981896299635e-01 1.987485624434939924e+00
7.835014089870200316e-01 -3.530920045016799347e-01 2.009374692096300485e+00
7.796057802886300347e-01 -3.585305779864300102e-01 2.009612172945340003e+00
1.420075372201169861e+00 -6.029602539296500252e-01 2.162147678555099706e+00
1.417676323908160008e+00 -5.424022316860400705e-01 2.156496165096160045e+00
1.591704876216609943e+00 -6.713818888490700187e-01 2.625965737639720299e+00
1.669168028327840059e+00 -6.330259462571000695e-01 2.274888158916100078e+00
1.639556291628159856e+00 -6.179405430937999766e-01 2.226209783002159881e+00
1.639877615822689982e+00 -6.186858433964900206e-01 2.228502831257460404e+00
1.118413689231170238e+00 -6.716317049528699457e-01 2.292990642638480292e+00
1.103496005210640174e+00 -7.190729810369000941e-01 2.255095927393380162e+00
9.960999300084301122e-01 -5.788012440292701344e-01 2.179073035613300124e+00
1.602485352061619794e+00 -6.448577212233800315e-01 2.287686726274640314e+00
1.285533105347870020e+00 -6.363044969618500968e-01 2.390672330062280526e+00
1.568392137697479871e+00 -6.579570819390599956e-01 2.379024154459139950e+00
1.565556312974449860e+00 -6.581782251824900287e-01 2.377955618254859793e+00
1.563679655427079762e+00 -6.635630436844599522e-01 2.384182569519220252e+00
1.628352990935189926e+00 -8.342637716368500600e-01 2.562067378072920398e+00
1.634561046616099800e+00 -8.366288700535400302e-01 2.575053967453479586e+00
1.544976204686030030e+00 -7.341233177167899582e-01 2.374217463693339525e+00
1.126161212844470016e+00 -2.922564770822999938e-02 1.184649641883499971e+00
1.004593324636890106e+00 2.191868142259900398e-01 1.272281290504940099e+00
8.625621036056699831e-01 1.045785271558899859e-01 1.413893934787900042e+00
9.432612066451500077e-01 7.284055473384998258e-02 1.287327733188220025e+00
1.121531305024900060e+00 1.968417188946199603e-01 1.221069327031760077e+00
1.140729271427399993e+00 1.759570563825399725e-01 1.219681107632700101e+00
1.029810928520509927e+00 1.183357667081100101e-01 1.367677111710160265e+00
3.074940188375600569e-01 7.000805715055997969e-02 1.498680913984360208e+00
3.183923395876100404e-01 6.649212559200999573e-02 1.454870088092319991e+00
5.862015227940600148e-01 2.507460322519400320e-01 1.181738264260240090e+00
