-7.277079999999999660e-02 1.909452000000000094e-01 1.064434199999999997e+00
-2.153825000000000045e-01 2.271070000000000033e-01 9.468145000000000033e-01
-4.697930000000000161e-02 3.631070000000000131e-02 1.363318999999999948e+00
-6.409323999999999577e-01 4.598000000000000091e-04 1.404303000000000079e+00
2.488929000000000002e-01 3.067903000000000158e-01 9.953475999999999990e-01
-6.165017000000000413e-01 -1.808523999999999965e-01 1.537891300000000072e+00
-7.268289999999999473e-02 -1.920852999999999866e-01 1.644298599999999944e+00
-6.971810000000000507e-02 -1.884139999999999981e-01 1.632831700000000108e+00
-7.902812000000000170e-01 -1.948277999999999954e-01 1.618257199999999951e+00
-2.715600000000000236e-01 2.009948000000000012e-01 9.763355999999999701e-01
-2.381468999999999947e-01 -2.032683999999999880e-01 1.665764599999999929e+00
-7.644081000000000348e-01 -6.475092000000000070e-01 2.568613500000000105e+00
-1.144607500000000000e+00 -8.367293000000000092e-01 2.811177499999999885e+00
5.200669999999999460e-01 1.502462999999999993e-01 1.214169499999999902e+00
2.697249999999999995e-02 1.943643999999999927e-01 1.166663999999999923e+00
-1.029777000000000053e-01 2.203178000000000081e-01 1.073907900000000026e+00
-1.782128000000000045e-01 2.272369999999999945e-01 9.587436000000000291e-01
-1.787718000000000085e-01 2.096242000000000105e-01 9.433871999999999813e-01
-4.494888000000000217e-01 2.467314999999999925e-01 1.080575099999999900e+00
-1.075157999999999947e-01 1.698908000000000085e-01 1.079084399999999944e+00
-6.165810000000000041e-02 1.357247000000000037e-01 1.213550899999999988e+00
-7.406118999999999897e-01 -5.557030000000000303e-02 1.403668799999999939e+00
-2.328062999999999938e-01 -1.112675999999999943e-01 1.533330099999999918e+00
1.555752999999999997e-01 3.333975000000000133e-01 9.692981000000000513e-01
-2.077894999999999881e-01 -6.790259999999999352e-02 1.427038100000000087e+00
7.445759999999999879e-02 1.123138000000000053e-01 1.269761700000000104e+00
-1.709331000000000045e-01 3.650945999999999914e-01 9.678797000000000095e-01
-2.084041000000000088e-01 3.100732999999999961e-01 1.013301000000000007e+00
2.309799999999999909e-01 4.072569999999999663e-02 1.130582200000000093e+00
-6.504353000000000495e-01 8.797270000000000090e-02 1.247638000000000025e+00
-7.611609999999999765e-01 2.570240000000000025e-02 1.404283900000000029e+00
-1.580979000000000134e-01 2.088703000000000087e-01 9.866584999999999939e-01
-3.612859999999999960e-01 8.856730000000000158e-02 1.232247199999999987e+00
-5.473561000000000121e-01 -3.309120000000000117e-02 1.392700199999999944e+00
3.377211999999999992e-01 2.125099000000000016e-01 1.097788599999999892e+00
-6.305271000000000070e-01 1.369667999999999997e-01 1.201223600000000058e+00
7.008079999999999865e-02 3.552907000000000148e-01 9.598624000000000045e-01
1.736637000000000042e-01 2.454461000000000004e-01 1.060237899999999955e+00
-3.807082999999999995e-01 2.397536999999999863e-01 1.114482600000000101e+00
2.734913999999999956e-01 3.805549999999999905e-02 1.139004499999999975e+00
-1.426914999999999989e-01 2.456022999999999956e-01 1.037472200000000067e+00
1.209014000000000061e-01 2.805548999999999960e-01 1.009244400000000041e+00
-4.867840999999999974e-01 9.476130000000000664e-02 1.239203999999999972e+00
-5.435451999999999506e-01 -2.295600000000000071e-02 1.412127499999999980e+00
-2.241982999999999893e-01 1.794107000000000063e-01 9.572085999999999650e-01
-1.343826999999999938e-01 4.911950000000000344e-02 1.227907999999999999e+00
3.859605999999999870e-01 2.777186999999999850e-01 1.048239200000000038e+00
3.116156999999999955e-01 2.614169000000000076e-01 1.041285000000000016e+00
3.386310000000000153e-01 2.128919999999999979e-01 1.099688800000000022e+00
-5.091082999999999581e-01 -7.514110000000000233e-02 1.484399100000000082e+00
-5.185714000000000157e-01 -1.593227000000000115e-01 1.600160699999999991e+00
-3.325108999999999981e-01 1.306947999999999999e-01 1.158320400000000028e+00
-2.125489999999999879e-01 -6.863310000000000244e-02 1.438516300000000081e+00
-1.158821000000000018e-01 2.110412999999999872e-01 1.083842299999999925e+00
-1.349200799999999978e+00 -5.118532000000000082e-01 2.561740900000000210e+00
-4.580038000000000165e-01 2.922084999999999821e-01 1.017836100000000021e+00
-4.612640000000000073e-01 -4.623200000000000053e-03 1.346549599999999902e+00
2.366995000000000071e-01 2.751360999999999946e-01 1.016725199999999996e+00
-7.900616999999999779e-01 -1.926541999999999977e-01 1.613007899999999939e+00
-6.321535000000000348e-01 -1.389211999999999947e-01 1.493861099999999942e+00
-3.840919999999999890e-01 2.398669999999999969e-01 1.113521900000000064e+00
-3.760207999999999884e-01 -1.212466999999999989e-01 1.545245600000000108e+00
7.319970000000000643e-02 1.085557000000000050e-01 1.267257199999999973e+00
-3.859521000000000202e-01 -2.237744000000000122e-01 1.697562900000000097e+00
3.382866999999999957e-01 2.137452999999999992e-01 1.096156099999999967e+00
-1.753740000000000021e-01 2.224941000000000002e-01 9.489357000000000486e-01
1.732969000000000037e-01 2.455965999999999982e-01 1.056213300000000022e+00
-4.871501999999999777e-01 1.545489999999999919e-01 1.169577099999999925e+00
-2.194380999999999970e-01 -1.457229999999999914e-01 1.567937700000000101e+00
2.853369000000000044e-01 2.822500000000000009e-01 1.023843599999999965e+00
-5.690482000000000040e-01 1.363417000000000101e-01 1.186506999999999978e+00
-1.350205999999999906e-01 8.669820000000000304e-02 1.090176100000000092e+00
3.722295999999999938e-01 5.705810000000000048e-02 1.309374500000000108e+00
9.696710000000000051e-02 2.703107000000000149e-01 1.067455800000000066e+00
-4.005029999999999701e-02 9.879119999999999568e-02 1.131959799999999960e+00
-1.326859999999999984e-01 -1.989744999999999986e-01 1.645681600000000078e+00
-1.594286000000000036e-01 1.645349999999999868e-01 9.725781999999999483e-01
-2.111194999999999877e-01 3.055739000000000094e-01 1.007654999999999967e+00
-6.494326999999999739e-01 -1.274799000000000071e-01 1.445598600000000067e+00
-3.373899000000000203e-01 -6.453276000000000012e-01 2.518365100000000023e+00
-3.061545999999999990e-01 1.613034999999999886e-01 1.114222400000000057e+00
-4.475839999999999680e-02 1.291026999999999869e-01 1.080062300000000031e+00
1.939422000000000090e-01 2.408752000000000115e-01 1.063288599999999917e+00
-1.040931999999999968e-01 2.196529000000000120e-01 1.079444099999999906e+00
-1.440426999999999957e-01 2.448778000000000066e-01 1.050105300000000019e+00
-5.795698999999999712e-01 -3.725090000000000345e-02 1.490286199999999894e+00
-2.229638999999999927e-01 -7.082099999999999507e-02 1.434056299999999951e+00
1.341533000000000031e-01 3.259057000000000204e-01 9.715219000000000493e-01
-7.905178000000000482e-01 -6.740517000000000314e-01 2.631247800000000137e+00
4.296537000000000273e-01 5.534959999999999880e-02 1.317846800000000096e+00
3.256272000000000055e-01 2.275323999999999958e-01 1.015668199999999910e+00
-4.580563999999999747e-01 2.915998000000000201e-01 1.010535100000000019e+00
5.094933999999999852e-01 1.684825000000000073e-01 1.207899000000000056e+00
5.077513999999999639e-01 1.647474999999999912e-01 1.193338400000000021e+00
-2.265488999999999975e-01 -1.434918000000000027e-01 1.581666100000000075e+00
4.147653000000000034e-01 2.260346000000000022e-01 1.088763200000000042e+00
-7.473989999999999800e-02 1.117579999999999962e-01 1.291920299999999910e+00
-1.279664000000000079e-01 6.519049999999999845e-02 1.270653699999999997e+00
-6.799850000000000338e-02 1.944743999999999917e-01 1.162038600000000033e+00
-3.067330000000000056e-02 7.346779999999999977e-02 1.113494900000000065e+00
-3.962716000000000016e-01 2.991031000000000106e-01 1.040402199999999944e+00
-3.394059999999999855e-01 1.409140000000000115e-01 1.209201100000000029e+00
-1.302947000000000133e-01 1.291308999999999929e-01 1.084195699999999984e+00
1.782815000000000094e-01 1.546717999999999982e-01 1.400255599999999934e+00
-5.119698999999999778e-01 -4.624749999999999694e-02 1.451856700000000000e+00
-8.842079000000000466e-01 -2.975489000000000051e-01 1.771150800000000025e+00
5.936358999999999941e-01 2.403699999999999934e-02 1.189728899999999978e+00
5.954416000000000153e-01 2.573529999999999915e-02 1.199298100000000034e+00
-4.463559999999999750e-01 2.441540000000000099e-01 1.073066599999999982e+00
-3.664554999999999896e-01 3.179817999999999811e-01 1.022260200000000063e+00
-4.310440999999999856e-01 1.858438000000000034e-01 1.187905699999999953e+00
-4.734898000000000162e-01 -8.567339999999999678e-02 1.482893599999999923e+00
-1.701246999999999898e-01 -8.890200999999999798e-01 2.464620399999999822e+00
-9.667076000000000002e-01 -1.032496999999999998e+00 2.783359499999999986e+00
-1.025193199999999916e+00 -1.078429300000000035e+00 2.910388699999999940e+00
-1.110514400000000013e+00 -1.138999499999999943e+00 3.100966199999999784e+00
-2.239669999999999994e-01 2.950746000000000202e-01 1.003136800000000051e+00
2.285100999999999938e-01 3.087559999999999749e-01 9.877550000000000496e-01
3.018162999999999818e-01 2.974627000000000243e-01 1.011769900000000000e+00
1.274771099999999935e+00 -9.104202000000000128e-01 2.539369300000000162e+00
5.326587999999999878e-01 2.448559999999999973e-02 1.189303900000000080e+00
5.295798999999999923e-01 2.291790000000000146e-02 1.181794599999999917e+00
-1.474745000000000084e-01 -6.769543000000000088e-01 2.212465299999999857e+00
1.185945900000000108e+00 -9.954477999999999938e-01 2.565092799999999951e+00
1.847067000000000014e-01 -3.642793999999999754e-01 1.336081700000000039e+00
5.014309999999999601e-01 2.596787999999999874e-01 1.042205499999999896e+00
8.628869000000000122e-01 -2.652955000000000174e-01 1.587483299999999931e+00
9.339737999999999651e-01 -3.346223999999999865e-01 1.693089499999999914e+00
1.064049000000000023e+00 -6.279694999999999583e-01 2.166534200000000077e+00
1.353333999999999926e-01 -9.113341999999999832e-01 2.329771800000000059e+00
1.153553499999999898e+00 -7.725596000000000130e-01 2.393115299999999834e+00
6.164988999999999608e-01 -9.045279999999999987e-02 1.281802499999999956e+00
5.596767000000000269e-01 -8.862989999999999757e-02 1.153075800000000095e+00
-9.109409999999999730e-02 2.209590000000000165e-02 1.339231599999999966e+00
6.139626000000000250e-01 -4.790275999999999978e-01 1.777658100000000019e+00
-7.413220999999999838e-01 -1.995074000000000014e-01 1.613606799999999897e+00
-7.512337999999999516e-01 -2.312462999999999880e-01 1.630046700000000071e+00
9.020800000000000693e-03 -8.515875000000000528e-01 2.219503399999999793e+00
5.711292999999999509e-01 2.126800000000000079e-01 1.126581999999999972e+00
-4.774230000000000140e-02 1.432739000000000096e-01 1.124126799999999982e+00
-4.074696999999999902e-01 1.926087999999999967e-01 1.158830000000000027e+00
5.607657000000000336e-01 2.278335999999999972e-01 1.137116199999999910e+00
5.408593000000000428e-01 1.572697999999999874e-01 1.172652999999999945e+00
-3.569414000000000198e-01 -3.286639999999999701e-02 1.315642399999999990e+00
-5.827369999999999495e-01 2.937576000000000076e-01 1.039813000000000098e+00
-2.166742000000000112e-01 2.262187999999999977e-01 9.474654999999999605e-01
-5.494299999999999740e-01 9.860299999999999621e-02 1.252273699999999934e+00
-5.706261000000000250e-01 -9.179809999999999359e-02 1.454080800000000062e+00
2.983850000000000044e-02 2.589564999999999784e-01 1.091076300000000110e+00
-4.788406000000000051e-01 1.517194000000000043e-01 1.152927999999999953e+00
5.843810999999999867e-01 3.318809999999999816e-02 1.195570199999999916e+00
-4.402699999999999947e-01 2.808348999999999984e-01 1.036152600000000090e+00
-2.171833999999999987e-01 2.258477000000000123e-01 9.496921999999999864e-01
-9.415295000000000192e-01 -5.074387999999999677e-01 2.083586899999999797e+00
-7.035730999999999513e-01 -6.016523000000000287e-01 2.357076900000000030e+00
-6.829705000000000359e-01 -1.179004000000000024e-01 1.470660099999999915e+00
-1.641751999999999934e-01 9.761169999999999569e-02 1.107713799999999971e+00
-6.710251000000000410e-01 -2.159062999999999954e-01 1.598398800000000008e+00
6.692030000000000201e-02 2.962233000000000227e-01 1.010390300000000074e+00
-6.262737999999999916e-01 1.558586000000000138e-01 1.175251100000000104e+00
-3.893828999999999763e-01 9.947570000000000023e-02 1.206992300000000018e+00
-4.311473000000000111e-01 3.451293000000000277e-01 1.003742600000000040e+00
-3.831866999999999912e-01 1.592207999999999957e-01 1.211291799999999919e+00
-3.391571999999999920e-01 1.367337999999999887e-01 1.184544100000000100e+00
-2.047295000000000087e-01 3.102234999999999854e-01 1.007462999999999997e+00
-6.044139999999999929e-02 -1.580821000000000032e-01 1.456377500000000103e+00
-1.303279999999999994e-01 6.601799999999999335e-02 1.252252499999999991e+00
3.402862999999999860e-01 2.140173999999999965e-01 1.103475599999999890e+00
6.629766999999999744e-01 -1.138544100000000059e+00 2.834677199999999786e+00
-1.014335500000000057e+00 -9.604941999999999647e-01 2.678211699999999862e+00
-3.695358000000000254e-01 -8.668436000000000474e-01 2.233324800000000110e+00
