5.504570347680900477e-01 2.045070794587299789e-01 1.214450612662830054e+00
4.864981160172999752e-01 2.499526728899499894e-01 1.174082699497349891e+00
7.040232514323400137e-01 1.350789575425800082e-01 1.327703451413980051e+00
3.940329225526100210e-01 2.245916817238799712e-01 1.159336810113279936e+00
1.935058946435100347e-01 5.854538859954000474e-02 1.377154829695840021e+00
4.901920703685600511e-01 1.435659945195900122e-01 1.253217868788490064e+00
4.353868518512900021e-01 2.575903362995199397e-01 1.135603551638820097e+00
1.915664152981700341e-01 5.776488874918001004e-02 1.378511626991580030e+00
4.737283911299400296e-01 3.496505455723999956e-02 1.414021920845840441e+00
4.765036994208400323e-01 -2.475413769835999034e-02 1.459727056770540266e+00
4.790075381998200044e-01 -2.328306859502000253e-02 1.458354616038180174e+00
4.665130565201399682e-01 1.495558943399299678e-01 1.246049845881230134e+00
7.273430638636400047e-01 1.147258090723100032e-01 1.333284300253009924e+00
5.321173381407500180e-01 -3.496030010672999955e-02 1.467510787041670151e+00
6.374276748294499528e-01 7.643294731389002616e-02 1.386115408256590298e+00
-3.044962346163992972e-02 -4.261634144487300158e-01 1.508466291486669997e+00
2.810195746906600234e-01 8.802669123457000644e-02 1.526585945204369965e+00
2.288488310696700223e-01 2.322697690316100072e-01 1.151291559948610210e+00
7.094323168867100460e-01 -7.488415462523999311e-02 1.372220193091959972e+00
7.099145511979599865e-01 -7.378959061571999101e-02 1.382032620650380128e+00
7.070163366063499932e-01 -7.117593212988999885e-02 1.371388169844109939e+00
5.503125824824499635e-01 2.333080038818899915e-01 1.188702045306589961e+00
5.313878780495999710e-01 -1.872119528263999078e-02 1.410636557890260434e+00
6.467079275484999279e-01 1.882048919936499809e-01 1.220476551233250051e+00
6.172990190193200499e-01 1.437426936366300034e-01 1.348271606831830116e+00
9.730844037993600093e-01 1.646794053000599778e-01 1.292357663432560200e+00
9.822736220904499937e-01 1.679902908369199921e-01 1.321181440405520213e+00
9.050000815133999454e-01 1.552738986398699561e-01 1.307071188224770086e+00
9.055702717375501143e-01 1.554350230978999992e-01 1.309636989167600296e+00
9.081226976914401616e-01 1.527851917100599977e-01 1.308679698965659943e+00
9.108905132017199868e-01 1.551801154899700164e-01 1.323273562520070001e+00
8.323544264345100752e-01 1.400720557090899820e-01 1.322545111297890097e+00
5.420786585919199485e-01 2.221014963995500135e-01 1.198237807329449955e+00
6.740655741067100859e-01 2.147472329755999998e-01 1.212862216248800085e+00
9.714754157954600400e-01 1.625014228689999896e-01 1.292499095449200164e+00
1.002832965976129920e+00 -9.750030964403400002e-01 2.596930144171059496e+00
6.097655577407501415e-01 2.118519364536499971e-01 1.203725928744350249e+00
1.430294163135199970e+00 -9.288004546362700342e-01 2.536313816705329849e+00
1.036647226249500231e-01 -1.200158295882000105e-02 1.192596304060480117e+00
1.018935658701399793e-01 -1.048431407203000675e-02 1.198536786903170226e+00
1.026131247485619902e+00 -6.555768800510500816e-01 2.152440434457949969e+00
8.206882944550800696e-01 -1.274183595388001140e-02 1.427466364912519881e+00
8.185836464679899782e-01 -1.185062666695999196e-02 1.427117075638740129e+00
9.950684286593003414e-02 1.114494048638800111e-01 1.220043495856380167e+00
7.041954106886201270e-01 1.332624685667099795e-01 1.327174063131909998e+00
6.725925720765200122e-01 6.362086195296999536e-02 1.355275414189169858e+00
8.400004380214499689e-01 8.653103308510000369e-02 1.397215209396300173e+00
9.634023298266900515e-01 3.519675867179002104e-02 1.425654210508189967e+00
8.149899698537799164e-01 2.479203795611997774e-02 1.417818672332320062e+00
4.105968185243800139e-01 2.174321466062699992e-01 1.171723897289470129e+00
6.752055697463599238e-01 2.136074866941399808e-01 1.203191674196639971e+00
1.314095275677759966e+00 -6.160038466569199844e-01 2.093809272269580024e+00
2.446457005827400166e-01 2.255396751232000008e-01 1.157549799171900151e+00
4.441144493529500248e-01 1.933777063102300187e-01 1.201011758745930136e+00
2.822990060399900303e-01 7.810634826296998512e-02 1.434109516324570066e+00
6.520282099322001201e-01 -6.805405337408999833e-02 1.379414255077210161e+00
4.686944989853200072e-01 1.511471395977599941e-01 1.242270808689160289e+00
1.025610761522000036e+00 1.896173162936299894e-01 1.262216136277729994e+00
4.050479947924600088e-01 -2.519407083192999608e-02 1.276998667779170038e+00
1.033794677052290112e+00 1.839431793258499703e-01 1.264042054793150127e+00
6.048155415528300161e-01 1.102594919654799888e-01 1.286191804267980077e+00
6.660596434424299606e-01 -1.700524704915200025e-01 1.412246638003680221e+00
1.057336889427050064e+00 2.488353638821998171e-02 1.292937809668220028e+00
1.061217967210460245e+00 2.502559260888999326e-02 1.302025745204489882e+00
1.063377312091060123e+00 2.438744539579999759e-02 1.310951019720500099e+00
1.024756166890969933e+00 2.706104784867400248e-01 1.181964245046239981e+00
5.070753736585500437e-01 1.761592447319599852e-01 1.220557696188560026e+00
3.549519630128200598e-01 1.890490886196499742e-01 1.205778477749150257e+00
2.666179829576800220e-01 2.648091574733899556e-01 1.124883885020990126e+00
1.048631234368859966e+00 1.534595636027900056e-01 1.339264522428589954e+00
7.039965481130400216e-01 1.347018600518699871e-01 1.328097765673870168e+00
1.024045630818519959e+00 6.304209666164999060e-02 1.311141259400950387e+00
1.019765108086170047e+00 2.954446282470100105e-01 1.159814895713610072e+00
7.773729158131199579e-01 -4.551822543989000186e-02 1.378589721424710035e+00
9.365754133911800006e-01 7.447043037839003177e-02 1.431874690242890047e+00
8.666341922446899604e-01 2.531344569802099764e-01 1.170061283745710057e+00
4.769110945599199791e-01 1.731455257821099825e-01 1.169444640062310192e+00
6.696299443487699898e-01 6.031739315764998721e-02 1.376037874861850252e+00
1.236155522389300321e-01 3.996767633758999821e-02 1.398408006829489958e+00
5.264677855464600098e-01 -4.116434184458999529e-02 1.498276273678210035e+00
1.301368796238000058e+00 -5.382662843059999869e-01 1.984928678174399996e+00
1.197196741528899988e+00 -5.733497133567000414e-01 2.010460836440500110e+00
1.071637359828879976e+00 -5.796391129053600766e-01 1.973906181332440113e+00
1.235569146755850056e+00 -5.579523291089999448e-01 1.904353682470300013e+00
1.259563886197659688e+00 -6.615356557921699965e-01 2.089760005387830244e+00
7.318575856469899943e-01 -3.138727042224500607e-01 1.206055404112950091e+00
1.068005736360549962e+00 -5.676605796677299809e-01 1.925099486114370206e+00
1.010256448634669901e+00 -6.869388558581400739e-01 2.211911771241759972e+00
4.590917994485200215e-01 1.548143837811499779e-01 1.281026580456350095e+00
9.408215276033100594e-01 7.266244153854002630e-02 1.430536023207340079e+00
1.458505689738440081e+00 -7.761268777148498943e-01 2.351976178494649794e+00
1.175285982648820227e+00 -7.672701869663099972e-01 2.317779174283990162e+00
9.905328001523100445e-01 -8.463440773155500585e-01 2.466131312506649742e+00
2.324921368001300337e-01 2.425719203609199570e-01 1.168290096633419983e+00
9.568689761665599702e-01 2.652589543651999449e-02 1.385551010462420018e+00
5.692275925336600650e-01 1.550817323521000261e-02 1.476267124234710071e+00
1.019428653659809836e+00 2.971140616193599371e-01 1.159916656453160000e+00
9.508922497996900036e-01 -6.738728238131600490e-01 2.164237284115440030e+00
1.521567901820689794e+00 -7.688056642665399565e-01 2.361927660190759504e+00
1.518733568614810014e+00 -7.689442332299399885e-01 2.360841414856059473e+00
1.578930394694509909e+00 -9.542246664384500532e-01 2.536608805734749339e+00
1.043516003040979800e+00 1.942868249089499955e-01 1.269974786783049980e+00
7.275550246369599794e-01 -3.136333160995400382e-01 1.200346158138060115e+00
9.742660778628300378e-01 1.632856529367400222e-01 1.303856067957239739e+00
9.930763597347399552e-01 3.786039347748999806e-02 1.382899089720690089e+00
6.849588287391299435e-01 -1.471687894217200143e-01 1.339803304752080315e+00
6.850242154163799224e-01 -1.475864239714000103e-01 1.345294371764300223e+00
6.873763184130901038e-01 -1.339142873470900164e-01 1.322656334374610054e+00
6.708582065634498548e-01 -1.234738449546200073e-01 1.348732248224880026e+00
1.090518626159210136e+00 -7.942779667014000788e-02 1.197300548117260055e+00
8.168382976512998939e-01 7.374987084339000576e-02 1.384450695023890177e+00
2.885771030567400586e-01 7.259133663451999841e-02 1.330190440365020210e+00
2.416424097985200303e-01 6.433518413061999064e-02 1.438593492682320063e+00
7.304409991791300794e-01 1.132854718792300347e-01 1.308413941110629919e+00
1.090454235433739871e+00 1.470409623444099423e-01 1.244096588606310005e+00
1.107234673176820117e+00 1.236943882482100104e-01 1.242036616229609924e+00
1.048771155302690161e+00 1.585342790347499808e-01 1.313505767366950350e+00
6.741556175962299946e-01 6.212802634765000886e-02 1.397758683169349814e+00
8.366824541269999305e-01 2.539527786297099965e-01 1.184763228189809947e+00
2.675451881555900302e-01 1.620040797988001047e-02 1.485774720168479890e+00
2.719037233272599829e-01 1.404381486719999232e-02 1.513230292793800169e+00
2.829160799782899915e-01 1.247936653466999272e-02 1.469334917400670237e+00
5.537055568458900678e-01 2.064126251077299801e-01 1.206019131976830083e+00
1.698988171322000085e-01 3.710368862047999650e-02 1.305288595671979968e+00
1.025072594479000399e-01 -1.204334117336999625e-02 1.190164789322829986e+00
3.802925421460100486e-01 8.781098897914998980e-02 1.576618438119650190e+00
3.416154117110048460e-03 3.592474847112999553e-02 1.333697158157429952e+00
