1.803855021402002434e-02 5.836771118646001677e-02 1.270822622504080179e+00
1.922346137571300240e-01 -3.102061244726002365e-02 1.443616380558020440e+00
-2.610134482221799779e-01 -1.580098737389100116e-01 1.514895009483380184e+00
-4.736865449981099707e-01 -1.001187074815400313e-01 1.543733794799359904e+00
-1.393584330361499757e-01 1.009802106192999732e-01 1.176532998085400017e+00
-4.534605801297099670e-01 -3.647340009215199741e-01 1.777490016827360186e+00
-5.254736789927998836e-02 -3.903826177847800061e-01 1.858549683478079917e+00
9.976894094998002560e-02 -3.721595281256400156e-01 1.810194024568820170e+00
-6.148441055036001357e-01 -3.895175787718999638e-01 1.878457514388599980e+00
-1.452862589250100145e-01 5.420930394912996941e-02 1.185373291234660176e+00
-7.998075843753101877e-01 -1.138005603357089779e+00 3.047302064199060467e+00
-1.099451511980998469e-02 8.611889683739999690e-02 1.286694302224360209e+00
-1.009378753652800109e-01 1.009737416505399749e-01 1.183444418083480221e+00
-3.538429332305299546e-01 1.037432429431399822e-01 1.341067316666979981e+00
-1.419604924703998794e-02 3.534238488906002451e-02 1.288024251707440282e+00
-5.958019689728000223e-01 -2.315081915504200172e-01 1.672112418667900169e+00
1.921733893641100477e-01 -3.385012937965001245e-02 1.447433526334840126e+00
-1.246122252558199972e-01 1.781756428720999708e-01 1.248477248089419955e+00
-5.288881045566000694e-01 -7.322556213026000516e-02 1.518648537572899970e+00
-6.170663973980299311e-01 -1.510820473077900128e-01 1.682473636618880386e+00
-7.707322176221001464e-02 8.079178361472999503e-02 1.206775800349860095e+00
-5.159140115590599152e-01 -2.003327022339002061e-02 1.474452299950560263e+00
-2.797293782479600144e-01 1.804093468296099623e-01 1.281936338068960346e+00
1.397791756202000357e-01 1.410460292954400230e-01 1.230372416156100046e+00
-3.679011707589199820e-01 -6.191367503319999965e-02 1.489422151307020270e+00
-1.461393587391399684e-01 5.238293311790000184e-02 1.183814223280340139e+00
-3.483939182494900089e-01 -3.462500185462999980e-01 1.827994374510940156e+00
-2.261833788322200056e-01 -1.567014676833002051e-02 1.392410831974720153e+00
-6.767058303448997281e-02 -2.350823557173000178e-01 1.636058497270940215e+00
-3.711640143310300233e-01 1.541442439698400002e-01 1.284176510333980170e+00
-4.087148469160499786e-01 1.585581120611099792e-01 1.289711652685000098e+00
-3.122338883186500103e-01 2.121437782720799747e-01 1.246996936428000247e+00
-4.753268810695299718e-01 -3.196125575521999718e-01 1.739704001615680173e+00
-2.845713477387099566e-01 9.565596292808999090e-02 1.364421077407560245e+00
-2.148705247000199936e-01 -3.003402877902699997e-01 1.758352984964220322e+00
1.906394067053199803e-01 -3.741173963414000381e-02 1.444799142216779853e+00
-2.032441525180699871e-01 -4.155703422863200602e-01 1.901174482041520397e+00
-5.327014130138200132e-01 -7.286681647082000890e-02 1.529303567876020065e+00
-3.692987633731999453e-01 -2.449964796582998483e-02 1.445797620153099983e+00
-5.637731388190998782e-02 -3.229674886742199824e-01 1.758078477311560528e+00
-4.690230200324598808e-01 -5.854638394765999954e-02 1.501791445762560073e+00
1.857037199833000418e-01 1.411523928066800160e-01 1.258410692713300083e+00
-1.279990182752199779e-01 1.741067300120199834e-01 1.242867533187220097e+00
-1.135666907826999444e-02 8.496283606750000550e-02 1.292250227924619965e+00
-5.515059857526998649e-02 1.116317958222399903e-01 1.270712315054919994e+00
-7.855844433708999985e-02 -2.371293589513799871e-01 1.632831592600439974e+00
5.551525248334000795e-02 -3.994164604186499767e-01 1.853880479314460095e+00
-3.503880011633799807e-01 -2.659473278811699815e-01 1.708282298076380101e+00
-3.721785705967499136e-01 1.541532658924900101e-01 1.276920583113800189e+00
-2.610083541012899744e-01 -1.606251006049700114e-01 1.515030044627840411e+00
-6.162800222586996973e-02 -3.220710464877399870e-01 1.772763073266920397e+00
-8.006351093840002875e-02 1.653855987129499439e-01 1.246300646094400166e+00
-2.662671705729300342e-01 1.398280459426399780e-01 1.313992155713880061e+00
-3.560071804100999049e-02 -6.226416515890023651e-03 1.292524029637259986e+00
9.598044270933002442e-02 -3.836051887033000152e-01 1.708154903660520141e+00
-6.863838198355201037e-01 -5.069583926087999348e-01 2.032859664599619975e+00
-3.517043549731398988e-01 1.018832545408600160e-01 1.333017320285039942e+00
-2.801569602629199740e-01 1.815912327582099861e-01 1.278762992095720197e+00
-2.732024897779981865e-03 4.596726736996997742e-02 1.273791028004080284e+00
-1.687093825626001520e-02 -9.918839492931999513e-02 1.432884394493159963e+00
-4.918823862123799517e-01 1.509066962128799427e-01 1.322391011458880161e+00
-4.116650874436000307e-01 1.604422722834699666e-01 1.299731658618999974e+00
-4.658506552397999323e-02 -4.001888244790199889e-01 1.876672042397979911e+00
1.604732625263999291e-02 5.926670922571999900e-02 1.245796469964060016e+00
-4.888666212677598710e-01 1.513411846482800027e-01 1.314379462501660045e+00
-3.721756754991999983e-01 2.297978005879997010e-03 1.408123540299800025e+00
-3.706458730810399671e-01 -1.857488512498998989e-02 1.434630124495440029e+00
3.753100288097002690e-02 -1.603564369400000134e-01 1.592497517209180202e+00
-5.368632697771400508e-01 2.056391310371001591e-02 1.431775610593540193e+00
-3.505450633317799269e-01 1.481615497976499496e-01 1.295898503931179890e+00
-7.998556902641998367e-02 -7.386334465564001195e-02 1.477527074499720205e+00
-2.860262223384599789e-01 2.106521428915199556e-01 1.244927171379160313e+00
6.596156490189002131e-02 -3.246760041833700039e-01 1.734388765088260342e+00
-3.870591965811899793e-01 2.018973345243699757e-01 1.261283275262540027e+00
9.352986986759000143e-02 -1.731076274142099858e-01 1.528674849966259908e+00
-4.101009198842899273e-01 -6.033075522680000913e-02 1.502971507182240041e+00
-4.416841230967000209e-01 -2.289730610101000097e-01 1.639019180800700193e+00
-3.664350872174999829e-02 -4.737042782330003199e-03 1.270192551064400099e+00
-7.332174850926199694e-01 -7.607025616868899887e-01 2.408067027009419991e+00
-4.823888369176699276e-01 -9.842910937184200515e-01 2.935089783779619932e+00
-5.341271871735699950e-01 -1.089708785481109832e+00 3.210248508225220121e+00
-9.062738966530698992e-01 -1.194776742776389789e+00 3.005107424869620569e+00
1.653189783791800260e-01 1.726493845133499905e-01 1.192331325759420135e+00
-3.697300533536199696e-01 -6.432594860407001014e-02 1.501127661987320172e+00
8.187170967785999121e-02 -1.979029740696000017e-01 1.591329989403339917e+00
7.104085352860001201e-02 -4.763215979311799519e-01 1.935715689057800226e+00
-3.876041054757299320e-01 -7.726615130049899749e-01 2.336352352668580323e+00
-6.991608265430699909e-01 -7.437715751917000073e-01 2.330705444221920164e+00
-4.258667317846499545e-01 -8.551409798700900788e-01 2.561364093045099821e+00
-3.855721344913498605e-01 -2.859615918570999893e-02 1.472705107689900039e+00
2.708826712244400969e-01 1.271889274312399398e-01 1.259644102236660235e+00
2.612657681660300324e-01 1.210695337629499463e-01 1.235443491892820100e+00
-6.567437749403998160e-02 -4.040494356809000431e-02 1.317460999078940098e+00
1.480328629797300066e-01 1.710802768295899834e-01 1.208251220199420217e+00
-2.881636328032899930e-01 1.343496859301799851e-01 1.328574495720340032e+00
-1.893240965698997358e-02 -1.001986658494199989e-01 1.414617076663040152e+00
-4.532903537523199633e-01 -2.156879876467002188e-02 1.474612699970020202e+00
-5.438459479206000924e-02 1.203121235821299623e-01 1.299366365209460028e+00
2.035659750006002522e-02 4.463915141186998448e-02 1.253265807652540254e+00
-2.357829121547399542e-01 2.104295632271099836e-01 1.237408376687139988e+00
-2.676737509571499585e-01 2.040384924766400210e-01 1.227070206481700065e+00
-4.494681883190600469e-01 -7.243900275064001082e-02 1.522049247020560214e+00
6.220422782640004644e-03 2.109445052882999994e-01 1.219404855502660201e+00
-5.285169589122200584e-01 1.490841004561001271e-02 1.413630767024520063e+00
2.627595259374400083e-01 -2.183078024601999012e-02 1.414761912586959935e+00
-1.217477117601000053e-01 1.789044763202999322e-01 1.242242598774100149e+00
1.803337603880700302e-01 1.453694727134099418e-01 1.227205027941279836e+00
-3.083669041362399610e-01 -2.880194788143000673e-02 1.465924561859339947e+00
2.820926843131800199e-01 1.986126474025800004e-01 1.191707395202020070e+00
-1.437821576780320187e+00 -1.016777005672199863e+00 3.657691436880420088e+00
-4.084707629675800589e-01 1.564427497933599809e-01 1.291720113491680255e+00
-3.134145031974699958e-01 2.138570991478500050e-01 1.246776101329320152e+00
1.065332899647499915e-01 -1.703092018901700144e-01 1.547352820542600371e+00
1.429961267683899639e-01 -7.555102461359199939e-01 2.241087081503259526e+00
-1.405335674658000911e-02 3.011561930410000532e-02 1.272752494721480110e+00
8.433696447774001459e-02 -4.905067949576999986e-01 1.637393407372060183e+00
1.070095349724400208e-01 -1.653065628068700055e-01 1.536400436729960184e+00
