-8.071344326738000285e-02 2.048816586034600262e-01 1.176177729441719944e+00
2.456432900266999897e-02 2.639391595420800263e-01 1.196592662449659894e+00
-2.272310119875499967e-01 2.693416053856499959e-01 1.076891858772899946e+00
2.321652125031999081e-02 1.830081920706200516e-01 1.271736416050320173e+00
-1.098510730454900081e-01 2.315535779514300285e-01 1.193629509555420132e+00
-1.896066121390199977e-01 2.662303169859600027e-01 1.086823195499719841e+00
-3.666820893638999546e-01 2.832905381861799965e-01 1.213719622937960096e+00
-2.156931340017100296e-01 3.342641948272799812e-01 1.160584708507300000e+00
-1.687645898791599874e-01 2.415824882054500577e-01 1.108715685270880158e+00
-6.333975194842800249e-01 1.267591750168199916e-01 1.321622989754239974e+00
-4.891706339904099976e-01 7.513553681338003276e-02 1.342104001189899698e+00
-2.366555540210099617e-01 2.206445749331200079e-01 1.076206478623579876e+00
3.787532185915699623e-01 2.876795081478000227e-01 1.160011677414579889e+00
-5.029006612259900866e-01 3.243401189229900283e-01 1.175171641102020104e+00
3.317047823438200038e-01 2.147938133720500020e-01 1.193709545491560053e+00
-2.187374829765299511e-01 3.312502490359200413e-01 1.154170398069020109e+00
-1.742088010304700119e-01 1.457425684787800324e-01 1.194274399202659875e+00
-4.024771295066100207e-01 3.194196190281000658e-01 1.192839931128619746e+00
-1.387161171042199936e-01 1.408285548013299693e-01 1.183486191844920210e+00
-4.523649535742199079e-01 2.589186291217400182e-01 1.213950336943240060e+00
-3.730280447016000034e-01 3.416856656517199831e-01 1.178296479294320243e+00
-1.633803447739999859e-01 2.974103380428300136e-01 1.195869961653119873e+00
-1.021654480477599963e-01 1.933310720730599952e-01 1.175549476567120166e+00
-2.820229224001699619e-01 2.390823553618700303e-01 1.112041250699579820e+00
-1.785165613527499862e-01 3.948634124999599870e-01 1.112483794972019879e+00
3.717986043237800353e-01 2.056543220961700724e-01 1.198069125607479801e+00
-1.632242949852100167e-01 2.963270209704299551e-01 1.193993177497419733e+00
-2.303222718374599853e-01 2.673356519279200261e-01 1.081036179720360035e+00
-6.282852901878399621e-01 1.263966573566900620e-01 1.311776569953999605e+00
-1.797740491056399881e-01 3.968427673912999776e-01 1.117417066287280214e+00
7.606074619022998307e-02 4.180084769606899897e-01 1.107049909289659961e+00
-5.233789559884099996e-01 5.215943574478300038e-01 1.046217373924140048e+00
-5.888802617216197799e-01 3.165354284205800228e-01 1.199459914584280362e+00
-5.066444803484400072e-01 3.248963992947200285e-01 1.185087732236960179e+00
-5.363663665047599949e-01 4.784886989000199931e-01 1.045617712526239806e+00
-4.325634401158400255e-01 4.221859716309500632e-01 1.135209264158159925e+00
-5.178455066719400701e-01 4.216411828287300323e-01 1.064545934519160131e+00
-2.285139284013099903e-01 2.683403617413699926e-01 1.077374379225459977e+00
-4.145023225523199462e-01 3.182310019158199887e-01 1.183283929959519920e+00
-8.044333480649000501e-02 2.095386216437400140e-01 1.151493297782699710e+00
-3.188620928473799854e-01 3.733063371457900348e-01 1.121894155146200056e+00
-5.851519830652900378e-01 3.179720378654199986e-01 1.191876733966540147e+00
2.437724046563999325e-02 2.635227398260699405e-01 1.213341949471519854e+00
-2.808461801413200121e-01 2.567824698018099649e-01 1.122183168755840121e+00
-4.852423564582599713e-01 1.261068826170000379e-01 1.294412901480519906e+00
-6.487729605324699111e-01 1.742426495600400138e-01 1.283977034411140306e+00
4.517184478749600163e-01 5.902003276921002906e-02 1.354822706361200169e+00
-1.157650026030000029e-01 5.238427571875700073e-01 1.043819168031200117e+00
-5.384830646478799832e-01 5.246081523489299903e-01 1.063082221029839847e+00
-5.323004374452700027e-01 7.701722467651000992e-02 1.352262199738900161e+00
-1.287280990205799946e-01 1.034525784954299921e-01 1.177740361489960197e+00
-2.289387893418299846e-01 2.674621204013000186e-01 1.079472801957380046e+00
-2.190795090346299712e-01 2.984859956322400421e-01 1.085578418151220026e+00
-3.663451446244799237e-01 5.125716061480700692e-01 1.067068283792719896e+00
-3.170315123848900796e-01 5.477704298593200072e-01 1.049911168403499850e+00
-1.735364606868000092e-01 3.893697520933700473e-01 1.146214759436479991e+00
-2.368662285667700040e-01 5.821093282868399221e-01 1.001135652621420125e+00
-2.204755579112999686e-01 2.971019650214800079e-01 1.103375108180840058e+00
1.697234943679699903e-01 2.574172205285999993e-01 1.178814547559380088e+00
8.354608057116999498e-02 3.862480040780399970e-01 1.108469654077380184e+00
-2.798695558130399608e-01 2.763399946485100012e-01 1.146470937615200025e+00
-4.215684093912600017e-01 5.886351150242600250e-01 1.010019969283640018e+00
-1.105359693655100090e-01 5.630409591532600233e-01 1.018592544648420084e+00
-3.633012888593499801e-01 5.131071132425299997e-01 1.064246134400260058e+00
-3.645106615354499202e-01 5.102509024539100269e-01 1.061968114191260026e+00
-8.302564555232000432e-02 3.639687855159600138e-01 1.153374132499919824e+00
5.890571121628000728e-02 3.182797657155900239e-01 1.142042876371680116e+00
-5.035667540083199611e-01 3.225131816556400244e-01 1.179064864510400046e+00
-3.873786269615400180e-01 2.881738489763300270e-01 1.219619632461559799e+00
-3.117389203405100395e-01 5.479028771266900577e-01 1.043120603567460059e+00
-2.181999937424800029e-01 3.122566922270599843e-01 1.121266648875280048e+00
-4.138691595747699958e-01 3.566445314973900049e-01 1.174979538296140102e+00
-2.747674881837000038e-01 3.099240848636700685e-01 1.181719289228599923e+00
-3.550483037437500156e-01 8.844770024286399135e-01 1.416898284936019881e+00
-3.546037817597300079e-01 8.834839839498700442e-01 1.412429391287099989e+00
-3.541503436274199834e-01 8.843234164936198960e-01 1.418807491646440155e+00
-4.446064365788000017e-01 4.147387340944300171e-01 1.137447102483120087e+00
-7.870738407919999902e-02 5.627915618623300364e-01 1.016586950457840199e+00
-1.550290121125499909e-01 2.639535657290700277e-01 1.215384713091620217e+00
2.059260536174999379e-01 2.840011988272099774e-01 1.149642460991959769e+00
-4.939724031826599471e-01 3.865304349721100374e-01 1.159971309467080047e+00
-3.830757320033099655e-01 4.011249021277000226e-01 1.149324108314420112e+00
1.713090561024500080e-01 3.488341526349300059e-01 1.112699745796660089e+00
-4.455651897757399449e-01 5.186946554302900303e-01 1.069167820930200019e+00
-4.378173735220299845e-01 3.731776193051999924e-01 1.169606417156260125e+00
-2.122602846960499889e-01 3.357398861527999823e-01 1.154784245516700114e+00
5.847501032418001010e-02 3.798826857062399531e-01 1.114489252855400014e+00
-4.863470596892799924e-01 4.375491272889600047e-01 1.098945337690000024e+00
7.350578048612999016e-02 4.200827825182800179e-01 1.089994350786980037e+00
-8.827859561530003452e-03 4.721905732435600078e-01 1.081438535641900067e+00
-3.608021762930399556e-01 3.982837758612299828e-01 1.133832449919919938e+00
-2.071084212508799982e-01 5.534626728491600645e-01 1.025711372781439978e+00
-8.951093771305300706e-01 9.786165505851200930e-01 1.686394019240379905e+00
1.428070657268599997e-01 8.564203856287500027e-01 1.690519022636200130e+00
1.335157713620699904e-01 8.479518810319199851e-01 1.679844190623020150e+00
-8.414774925164000829e-02 8.747651421816899919e-01 1.712410450576080212e+00
-1.968923433447200000e-01 8.741667602645399882e-01 1.685305572334319990e+00
-8.339809564286999877e-02 8.656747400169799711e-01 1.690790674756339929e+00
-2.001773598071799887e-01 8.787569306372899902e-01 1.693994009884599805e+00
-2.007352317571499956e-01 8.762851106340601159e-01 1.695942331599860076e+00
-2.002121197406599995e-01 8.744837880466100888e-01 1.696963044832199952e+00
-1.969883502667199859e-01 8.704586826872598992e-01 1.694676438709760369e+00
4.695706933242000392e-01 8.011295634988300218e-01 1.709159804074160238e+00
-1.980024467941300104e-01 8.695769355771200138e-01 1.693439655330460258e+00
4.597778900076499586e-01 7.976710073340600449e-01 1.691676929849139643e+00
-1.970336743895900189e-01 8.678117615021899711e-01 1.696534833064260006e+00
-1.990427875745899855e-01 8.725813753870800271e-01 1.689835987654019878e+00
-1.992976120987000055e-02 8.406088953374900585e-01 1.705971801705219892e+00
4.778656678210499442e-01 8.030909433126998120e-01 1.720721982037700215e+00
4.637699039938299461e-01 7.977569013814900245e-01 1.703035958327579813e+00
-2.228603044132000666e-02 8.406810107283300137e-01 1.711608165689920025e+00
-1.761824074464399814e-01 3.869846371773399962e-01 1.135226317555119824e+00
4.689997652723699173e-01 7.947507409291799663e-01 1.695583146966979982e+00
3.488738115397999606e-01 8.105376932231900255e-01 1.732168508660319795e+00
-5.866832081449600000e-01 9.076243715526600697e-01 1.706482101973600063e+00
1.246480168580699766e-01 8.170034766644300728e-01 1.727006060111659913e+00
-2.689684446796000716e-02 8.045106111805400140e-01 1.711313783699679902e+00
-9.235482999545601146e-01 8.633295259328499505e-01 1.760900153915040178e+00
-9.219907954549400042e-01 8.631470567623900081e-01 1.757679246078120094e+00
1.509843562108200143e-01 7.220368566607999750e-01 1.770806910813320201e+00
1.388092436418700004e-01 8.499351989542500707e-01 1.676622084787500189e+00
-6.076798938947398643e-01 9.149640291856799834e-01 1.758714196086680115e+00
-4.431837981039999930e-01 5.162512096003299966e-01 1.065037859922880026e+00
-4.725021223733199549e-01 4.717881267404601120e-01 1.081529766930879877e+00
1.708021517906200271e-01 3.493172837501100081e-01 1.112658259932360227e+00
-4.434982721995099908e-01 5.221104465497400371e-01 1.063092632375699953e+00
-4.860721766519000009e-01 4.378731568237900218e-01 1.101762915215640071e+00
-1.796034124783100205e-01 2.451010551544999805e-01 1.068309911733780204e+00
-4.453753319591999826e-01 5.168743861734099720e-01 1.071790032380000035e+00
-4.710255897167300310e-01 4.738519778833200080e-01 1.078265668194299920e+00
1.949370106666299951e-01 3.405879264397599915e-01 1.140778694593739928e+00
3.525797035928399659e-01 8.169261153211099247e-01 1.738052935699760049e+00
-4.461913313776999512e-01 4.297666978001600802e-01 1.138534371636600095e+00
-4.828845637470500218e-01 4.486762996381100099e-01 1.097321567674379938e+00
3.727901504317999715e-01 7.518838939238399188e-01 1.809841415856160207e+00
-4.467819171101599651e-01 5.168323788647999351e-01 1.074632700831600118e+00
-2.388045915930700203e-01 5.829313286059001342e-01 1.010934381879700084e+00
-9.902736813776000235e-02 5.557297953411299840e-01 1.005529828978080076e+00
-7.409976094062001306e-02 3.870391614197399854e-01 1.120196868772520116e+00
3.036613845326199268e-01 9.837698987894200053e-01 1.573748747766119838e+00
3.031110357017699486e-01 9.813180139983399553e-01 1.572885884040259974e+00
4.629928642470799161e-01 9.519785584713900128e-01 1.588175245239999978e+00
4.472641032660999716e-02 9.762669587177300601e-01 1.589866062430020044e+00
3.142072767820799362e-01 9.455186104129600366e-01 1.603014562729039749e+00
3.107113332399999983e-01 9.436681719102399946e-01 1.603395260130480171e+00
3.153436447737499315e-01 9.434909678169600689e-01 1.603161387473019950e+00
3.110930521911199897e-01 9.399264602969100713e-01 1.609926512092480166e+00
-8.140052164620999176e-02 9.669613419134699406e-01 1.603703400735100093e+00
-4.140345845832300031e-01 9.916113637828101179e-01 1.589820815280260202e+00
-7.979375052063999996e-02 9.673402968517201828e-01 1.610274401033199965e+00
-8.137692031659998770e-02 9.719659071721600263e-01 1.616312598299200154e+00
-2.370283663329800228e-01 9.706292410118400049e-01 1.596458715691559949e+00
4.578364129008798966e-01 9.131558477601400270e-01 1.613557036111600063e+00
4.573140806460500030e-01 9.137649065656600067e-01 1.614569251943859918e+00
-1.364344580576100086e-01 9.450844250800499724e-01 1.626189229138220060e+00
5.588240864184000622e-02 9.102782810063401175e-01 1.635756428817920050e+00
5.548042314622998739e-02 9.138581628802300294e-01 1.641683699893900172e+00
5.490063657147999099e-02 9.128317064403699277e-01 1.635090735310559928e+00
5.555304000267999309e-02 9.149883227541300013e-01 1.638582973465440240e+00
5.651239590775999910e-02 9.110857686140900746e-01 1.637577810821440050e+00
5.502917831661000014e-02 9.120434840410600597e-01 1.636799407370659765e+00
5.559176873964801757e-01 8.618836771027000854e-01 1.646135352621280301e+00
2.872370533849900043e-01 8.910507584809699289e-01 1.677334388418300293e+00
2.778857826273700149e-01 8.829556868676700088e-01 1.652736664835940061e+00
2.771985807757099685e-01 8.801752176333900168e-01 1.644197093311420055e+00
-5.202582677312499460e-01 9.471354383849099889e-01 1.655293817314060334e+00
2.733380118718900520e-01 8.797483472444200814e-01 1.639841313397619960e+00
4.359911039945399969e-01 8.678267598425100093e-01 1.648934733000920083e+00
-1.800641179584999696e-01 1.973431127413100006e-01 1.040969113230040044e+00
-5.206018030012899978e-01 9.532640739928099904e-01 1.661856767781819677e+00
4.345343433133099786e-01 8.646573425009000946e-01 1.649395355720379985e+00
4.360102384253600194e-01 8.676227558617399804e-01 1.654783550332480146e+00
-5.246171065470999206e-01 9.535517469793501899e-01 1.667024354519320184e+00
-5.233396004692200121e-01 9.516956918051699965e-01 1.662271252820839873e+00
2.756544429312299260e-01 8.797487749845100957e-01 1.649322340726460112e+00
-6.841203642855000489e-01 9.534875920900101054e-01 1.660442312137159870e+00
-6.836592164575399089e-01 9.522370746589901014e-01 1.654679696501400343e+00
-6.962020872274099492e-01 9.574589639492498971e-01 1.675872431327820156e+00
-7.008373966981300551e-01 9.575178773529700038e-01 1.682045498958939955e+00
-4.019468256938100725e-01 3.800472207397300739e-01 1.148929719505099811e+00
