-5.157986113187000843e-01 1.779606640898899750e-01 1.150721284313100057e+00
-1.595315921912199841e-01 4.361420407166001489e-02 1.155067155557460090e+00
-2.867730291317099889e-01 2.193111685537699473e-01 1.100358368776829909e+00
-1.852676418170099981e-01 2.190229885668499576e-01 1.102246148712930029e+00
-5.231137554552700575e-01 2.026270316320299691e-01 1.141647929826209884e+00
6.400119713925001008e-02 -7.517850620598000300e-02 1.328279734958250025e+00
-6.304141756276600006e-01 -1.740925984110600344e-01 1.423889273591280258e+00
-5.319903119548300419e-01 -1.847190061100300873e-01 1.424251784960190115e+00
-5.338649555968699723e-01 -1.867921902366300180e-01 1.429346727903809899e+00
-1.488541117380200174e-01 -3.009068919552099763e-01 1.342534728682859946e+00
-3.221344668105999842e-01 8.116248980749997399e-02 1.067713858152299800e+00
-1.465674379677499584e-01 -3.692438385069299889e-01 1.583721604126349991e+00
-5.839359156223200564e-01 -4.540990576564800651e-01 1.634859590353260117e+00
-1.802526095532999972e-01 -4.546872273011000054e-01 1.705565704646699876e+00
-1.377940034014100146e-01 2.772077321226200097e-01 1.033228706559329968e+00
-1.272282571125000483e-01 -4.193905087913399887e-01 1.676524256737800034e+00
-1.891810951056100143e-01 -4.534743716304699968e-01 1.699471131544229907e+00
-1.759588498468600271e-01 2.008161713166100037e-01 1.115394475951380082e+00
-2.826130280360300007e-01 2.284764763279299449e-01 1.102820039409090125e+00
-1.024971945406020213e+00 -9.240709565187399388e-01 2.470078926001560315e+00
-5.318278077502101020e-01 5.401926047099998851e-02 1.236161827924829870e+00
2.569495827163004176e-02 -4.848017367681001222e-02 1.320076952237610124e+00
-3.114497146981100029e-01 1.532953140771999845e-01 1.145400738848429967e+00
-6.881451249429699768e-01 -1.496864925983200367e-01 1.402182061797810020e+00
-7.658068363975698567e-01 -2.470087543663500862e-01 1.560841257000810112e+00
-2.359829879506799843e-01 -3.869151972484001500e-02 1.231201434618539814e+00
-7.063877094716900507e-01 -5.013399946453002409e-02 1.324712257875270138e+00
-6.804307666562099399e-01 -9.229000001211000448e-02 1.362217253987429988e+00
-4.580612472625699705e-01 4.965899540641995069e-02 1.257810108627809953e+00
-4.653564319484099765e-01 1.407152918432899302e-01 1.182010772649030095e+00
-2.373667622370899677e-01 9.361412319675997684e-02 1.148362908418769868e+00
-4.555914529466997820e-02 1.385215919361799941e-01 1.119073121282909922e+00
-8.256758193730500128e-01 -5.479225535620300125e-01 1.777424824767450007e+00
-2.057284726323500013e-01 -2.723393813775003627e-02 1.178568475718549946e+00
-2.004219696239600002e-01 5.559751395296998189e-02 1.183763651947079998e+00
-5.544285876338099772e-01 1.072838457710999643e-01 1.183922632641629891e+00
-4.297024510209299653e-01 1.365970664646599664e-01 1.178689566276390099e+00
-7.410955173777800109e-01 -4.964391825235200395e-01 1.731880356663239917e+00
-4.615540180765499434e-01 4.953995889340996606e-02 1.257395875459949908e+00
-4.858080908960499822e-01 2.723768588522996678e-02 1.269686940556650212e+00
-3.515417600760999406e-01 -3.699203310547700130e-01 1.616288568240600076e+00
-7.719690050425700445e-01 -2.463082134319500571e-01 1.563759321636209787e+00
-3.274198257313999938e-01 -4.949018389389600037e-01 1.748986999607700321e+00
-1.781058367013699795e-01 -3.416636303739800096e-01 1.606790927455709950e+00
-1.918450306707199793e-01 -3.799866855725000381e-01 1.611017429841060000e+00
-7.615739208857999487e-02 -2.289890156755700346e-01 1.452557331308339750e+00
-6.223907337398999484e-01 -8.382180425269002144e-02 1.338631917672600036e+00
-7.708729448869700018e-01 -4.604862270297599425e-01 1.686014904960209781e+00
-6.248198326398299862e-01 -2.520282021575900311e-01 1.498990837732290027e+00
-2.611251836502199719e-01 -2.230404581647399964e-01 1.401908311992960066e+00
-3.146614451681699620e-01 1.494339726336399721e-01 1.139546668212809921e+00
-7.335294467625099735e-01 -5.132093114636200326e-01 1.753393306548630015e+00
-1.241255206762899993e-01 -1.638056284868001991e-02 1.155749159055870168e+00
-2.237833845604800254e-01 -2.864394162578999814e-01 1.493646993162540015e+00
-1.854909579215999749e-01 -4.559874358736900612e-01 1.705968398592299984e+00
-1.456423345206599995e-01 1.804656525080999829e-01 1.134633845890379966e+00
-2.483281012987400005e-01 -1.246481820561800152e-01 1.383222620165819983e+00
-7.013460201936799754e-01 -5.397128072597999482e-02 1.317858228633539852e+00
-6.983489152495500063e-01 -5.465395835166998728e-02 1.315576363689449968e+00
-5.556302559372698902e-01 1.077916812552499742e-01 1.176713195968110082e+00
-2.421360507488400093e-01 -2.529546162459002726e-02 1.186599085040219936e+00
-2.661266212785500240e-01 1.442433485669499804e-01 1.141303202590649990e+00
-3.674598958956299954e-01 1.048123433837999524e-01 1.175696587843289898e+00
-4.995318029081000089e-01 1.141356660856399780e-01 1.210558825791300031e+00
-6.202941685374100400e-01 -8.106745116834003506e-02 1.357788297347130024e+00
-6.124526787608399747e-01 -1.126741037269400475e-01 1.372109279951820193e+00
-3.092425410584599965e-01 -1.710854742638799886e-01 1.366152880168080008e+00
-5.659920471396500119e-01 -1.136813606707900298e-01 1.369991028883350337e+00
-1.318270453382499874e-01 2.780379219853299499e-01 1.050851583613350071e+00
-3.950163436349899970e-01 -5.361574140380002962e-02 1.227311569409069936e+00
-2.074960250191600075e-01 -2.650105015079000717e-02 1.172496655957679934e+00
-3.554845957133599965e-01 1.225812235837399483e-01 1.179189787080480167e+00
-1.748296380510000469e-02 2.358202834425000005e-01 1.036481150734799961e+00
-3.665953970236002224e-02 -4.243491739342200031e-01 1.553297314578779842e+00
-8.020391289958499481e-01 -5.731863770680399872e-01 1.800028336339949853e+00
-7.985614609053099944e-01 -6.340039655069400482e-01 1.882376780707230024e+00
-7.697838196974999825e-01 -4.502925173967399775e-01 1.678522578894900086e+00
-5.332333826167499069e-01 -8.446569814974004553e-02 1.337689660870049924e+00
-6.907382231003300621e-01 1.489196492491999813e-01 1.178697571220489904e+00
-5.297646764321000123e-01 5.297969497694000884e-02 1.227946092952499901e+00
-3.929910957237799929e-01 -6.995846498609999131e-02 1.112671013954039889e+00
-7.724556574161201006e-01 -2.430052096950900131e-01 1.553279986836359816e+00
-2.874549061938400096e-01 2.142088021706299306e-01 1.089886272610020024e+00
-1.431865627305299871e-01 -5.835444592849099443e-01 1.782284804481989893e+00
-5.032431314668700528e-01 -2.516146771142199756e-01 1.531912300520609893e+00
-2.962862915796600216e-01 -2.107012466822900110e-01 1.387495301416979965e+00
-1.999401029122993556e-02 1.862139952212599758e-01 1.096676249738190112e+00
-1.161114409402700109e-01 -1.847328605782400379e-01 1.446528676926509993e+00
-1.967536348746995456e-02 1.859776643524099493e-01 1.090340432037810059e+00
-1.060814658857299753e-01 2.752252160029499684e-01 1.035957951258690057e+00
-6.665255205316800158e-01 1.535310656356199954e-01 1.163229943504139996e+00
-3.619674726539099385e-01 -2.249405047547002948e-02 1.075095724350930038e+00
-5.355034201111699144e-01 2.991278197236399983e-01 1.050285539188410056e+00
-4.571810739061699658e-01 2.866367394246400191e-01 1.034874770602709937e+00
-1.729087158822499859e-01 3.070855259762699796e-01 1.031048609828549845e+00
-5.333062848660500288e-01 2.956515286820600164e-01 1.042864319052450028e+00
-5.913720628115799460e-01 1.395702735417599649e-01 1.219302787142640287e+00
-7.198993986884499874e-01 2.039168305984999374e-01 1.123051025049450091e+00
-8.386593064223999416e-01 2.548271137554699584e-01 1.163840803592999906e+00
-5.935052153946300812e-01 -4.389564160102600310e-01 1.628044590930689761e+00
-6.558697984933399283e-01 -5.213696697747699504e-01 1.735201928818019823e+00
-2.873194282294599944e-01 2.219138180221999490e-01 1.091322415811279978e+00
-2.884896463588999538e-01 2.163885623934399538e-01 1.094786705897100143e+00
-1.210178217436299886e-01 -9.503834701380015765e-03 1.201514423573790014e+00
-6.508857347304399799e-01 2.908123783188999445e-01 1.052045030298420114e+00
-7.237798182695800442e-01 2.078575375909799960e-01 1.123282505729039871e+00
-6.735066244560798943e-01 9.157852637175999122e-02 1.224141008806439945e+00
-5.948716875746100641e-01 1.091348618473499815e-01 1.200742085320229968e+00
-4.406162139341199824e-01 -8.057217202023000957e-02 1.285840578006359980e+00
-1.032595706539700120e-01 -2.109228652373700275e-01 1.466086506578909932e+00
-5.323313725739700075e-01 1.898201820414599783e-01 1.141286495072610041e+00
-4.838815017283499831e-01 2.703770582721996482e-02 1.270512582547950187e+00
-3.330931486171001543e-02 -1.813360576737700069e-01 1.403243388742229980e+00
-5.489763160683800436e-01 -3.352818933120200184e-01 1.530002649599640163e+00
-4.759535234689900030e-01 -3.265695615714500066e-01 1.569695496442769844e+00
-7.734654497346900026e-01 -4.714251954635900188e-01 1.699426183547970037e+00
-7.440020761010199823e-01 -5.205078392520700037e-01 1.755325301309160091e+00
-4.337567924694600285e-01 1.848732409804499655e-01 1.137814643846580154e+00
-8.042217890457001306e-02 -7.960007133378997624e-02 1.209325252794809957e+00
-5.948773652726699890e-01 2.273394140053699441e-01 1.102591257308009887e+00
-5.395427673802599688e-01 2.108626452997899858e-01 1.137249648195179930e+00
-6.434151605326999812e-01 1.906091798961799533e-01 1.099267263206100020e+00
-5.332670972697499678e-01 2.968235714017000149e-01 1.048179876538349875e+00
-3.232202783051300043e-01 8.004737264276999553e-02 1.068391143881489924e+00
-5.890454100390499770e-01 -1.287122208885700114e-01 1.393470608098050123e+00
-2.705462488894399553e-01 8.915804941929988264e-03 1.027029573000119766e+00
-5.510885621858800931e-01 2.145335514185999770e-01 1.142904816402239954e+00
-1.730870875258300190e-01 -4.654099115349600302e-01 1.722706590464789800e+00
-5.032598842817599394e-01 1.140547155965799392e-01 1.189745279088479935e+00
-4.971696563423599891e-01 1.089015410670999690e-01 1.199013183206279809e+00
-3.848884829647700179e-01 -8.399624405323001530e-02 1.206182331562110077e+00
-2.603446697216699746e-01 -7.293393949734999770e-02 1.364117870150010070e+00
-4.474196113607000203e-01 -2.856176565582899674e-01 1.486950804194399955e+00
-4.319581385178999922e-01 -2.822842290558399969e-01 1.444844371382999926e+00
-5.337890390781598882e-01 2.971140341915400329e-01 1.052264473345680074e+00
-2.458789737817100307e-01 -1.260954637576399973e-01 1.384568587431329822e+00
-2.362368901380299813e-01 2.861456633781699899e-01 1.038676671808290042e+00
-7.434790771208998894e-02 -2.310586151361100626e-01 1.447069124495969916e+00
-3.630198083512000129e-01 -2.235299288162999679e-02 1.078744411614299903e+00
-1.316373239924800154e-01 -2.618728304568399556e-01 1.522343502236939816e+00
-5.504963982106501064e-01 -3.401824431454299469e-01 1.536209298704550141e+00
-4.221222235194299621e-01 1.758708191341999683e-01 1.115283902298090046e+00
-8.559881479536999294e-01 -2.761524745553700089e-01 1.562977103903100184e+00
-7.223208762343300560e-01 2.128274706547000072e-01 1.128202578213989948e+00
-8.730292312462799575e-01 -4.516117923396599787e-01 1.755271543547340052e+00
-8.967180705014099473e-01 -5.046178242907399802e-01 1.744127258691029914e+00
-1.047169837290020222e+00 -9.482408112805200684e-01 2.529263139845460362e+00
-1.302858168817710105e+00 -2.380005880307200228e-01 2.532641212443929923e+00
-1.287247798654090225e+00 4.609793240398898928e-01 1.965386142840569894e+00
-1.405360423357500110e+00 4.323779340240999636e-01 1.962465692455799937e+00
-1.179041729603160116e+00 3.297878463681400141e-01 2.073247254778679771e+00
-1.380950061573180010e+00 1.689005013951199452e-01 2.179700069861040035e+00
-1.585998977098080243e+00 1.645425075091899447e-01 2.217745188682139990e+00
-1.435227826543629792e+00 1.414932056731500187e-01 2.237999338998689858e+00
-1.398029209940490070e+00 1.283953049857099182e-01 2.153524115259870086e+00
-1.244092980217269995e+00 1.127150776147999717e-01 2.254580916547110014e+00
-1.246129524475090067e+00 1.118086076733498663e-01 2.260333483100969598e+00
-1.403322854450829826e+00 7.842863409062005020e-02 2.201787453853290000e+00
-2.702612870376400189e-01 -6.707746481748003142e-02 1.303849144782720071e+00
-1.204090025860860003e+00 -1.330844525431003691e-02 2.333983444648379812e+00
-1.322207080968220039e+00 -1.039407327511399776e-01 2.373526361111760075e+00
-1.345069134974810066e+00 -1.040302315013500595e-01 2.415337636272930411e+00
-1.104274987630020188e+00 -1.624459135140599864e-01 2.466053548917359173e+00
-1.318235197678490289e+00 -2.421026035436801005e-01 2.557967144207970112e+00
-1.587978251927580020e+00 -2.617196015493500338e-01 2.656792637921340461e+00
-1.531657494696070154e+00 -2.465490177906000391e-01 2.506291162785509563e+00
-1.536831362592570027e+00 -6.445931334750499841e-01 3.121729394973210336e+00
-6.707433678337699767e-01 9.288463820449997799e-02 1.216133074413210169e+00
-1.852247012767279877e+00 -7.229635332755599553e-01 2.992808790577139888e+00
-6.015661877909994626e-02 1.177683641150699539e-01 1.177198162932900027e+00
-6.637747758820500277e-01 1.531696751451799288e-01 1.157348784775949824e+00
-3.841461941590100237e-01 -8.240466743644001002e-02 1.194451108417829976e+00
-4.585993045946200053e-01 1.299909296809999559e-01 1.192075936853760121e+00
-2.969196493999001762e-02 -4.234737449913599794e-01 1.662271682901270031e+00
-7.441725789710399441e-01 -4.966115657665399752e-01 1.733626574790120056e+00
-9.030745716081900465e-01 -5.128468316831900076e-01 1.772294002043069971e+00
-8.260316327727799113e-01 -5.530291736057399987e-01 1.779993223728840057e+00
-7.984641508829699585e-01 -6.088137638315600508e-01 1.855846786280909821e+00
-1.315227952914449938e+00 1.425437969656298820e-01 2.276897354085750003e+00
-1.321310602071430029e+00 -1.028566906134499997e-01 2.381754127905389762e+00
-1.360017644613350285e+00 -1.101396075083899834e-01 2.460758111738549747e+00
-1.231666386210300140e-01 -1.923712893939500124e-01 1.070696963997089801e+00
-1.803366180137300212e-01 6.095210088252998870e-02 1.255350624849389973e+00
-1.430666285166800333e-01 -5.773257792153699830e-01 1.768441167258539837e+00
-5.506052131859500154e-01 -3.362812242664400264e-01 1.520934272931750320e+00
-6.911484751650800451e-01 -1.508185327334800319e-01 1.410734601938339994e+00
-1.777072954535920069e+00 -1.971843132909401330e-01 2.539212231036060530e+00
-1.782615428161840265e+00 -1.994023904362601518e-01 2.549797619599019960e+00
-2.101211780582100397e-01 -4.582074472818999933e-01 1.893784040157629800e+00
-7.055275919279000441e-01 -5.018444921291000116e-02 1.323415518797399937e+00
-1.315845490129730067e+00 1.415830993166999618e-01 2.262689728958489965e+00
-5.301028088144700279e-01 1.917577338357399908e-01 1.150423813430909936e+00
-3.699600921411499987e-01 1.020277625686599327e-01 1.158389059744949989e+00
-2.338587494072399964e-01 9.735526315940000452e-02 1.144844069960220034e+00
-5.502145593507399290e-01 2.021477929919899830e-01 1.141207829672219898e+00
-6.692974712194199594e-01 1.473466106870799652e-01 1.159435145400059985e+00
-1.466130859672710063e+00 -1.328896018479299945e+00 3.474899275486229566e+00
-5.768403294077300014e-01 -2.454304800753300542e-01 1.472417057227590087e+00
-1.422597893904199717e-01 -5.779060871151899814e-01 1.776990512528160204e+00
-5.024051000183100690e-01 1.741209247856499720e-01 1.150369944240029918e+00
