-3.769131287608001868e-02 6.108688955960001749e-02 1.260204535526239900e+00
-3.983826263788000088e-01 -3.631615684449199244e-01 1.703702725915759775e+00
-3.511737165529002502e-02 2.355273955179000289e-01 1.175473142851819919e+00
4.701997799441899883e-01 -6.771008137769995994e-02 1.454560002778979788e+00
4.752390119720006911e-03 5.578905856750002862e-02 1.330253770095940036e+00
-3.060916960454000413e-01 -2.020271715940900326e-01 1.499364980095470035e+00
2.955492614386899808e-01 -8.126443192545998451e-02 1.456799881114859696e+00
-1.118052632886900599e-01 6.622104527043998212e-02 1.217173578900999642e+00
-1.818020388338300042e-01 -7.078509457689000084e-02 1.337924179570309846e+00
3.238427315310499766e-01 3.801673924519999997e-02 1.318895646623199802e+00
1.781560156500000547e-02 -4.994423255150997470e-02 1.423048873130929870e+00
2.991179146033999814e-01 -1.485421807709399744e-01 1.504985017578019946e+00
-5.616689958960999207e-02 1.465058331349997772e-02 1.223012307587379777e+00
1.352741212822699546e-01 1.149904644027500145e-01 1.247651756987789851e+00
3.505650209215999680e-01 -1.614934085805800057e-01 1.523994462933139893e+00
3.514255922112799468e-01 -1.629065890619900148e-01 1.514905439838729828e+00
4.633325670043099143e-01 -4.740606678586999773e-02 1.449633785007129916e+00
4.640111524995298997e-01 -4.877989100823001273e-02 1.434578951465649954e+00
-3.635264792551199942e-01 -2.946966625797700079e-01 1.633860615686669959e+00
-1.819080314899499951e-01 -6.194792416865998325e-02 1.383184915136179916e+00
1.000155964050997159e-02 2.185378154027899922e-01 1.224674237872549920e+00
1.036207635344299494e-01 -4.083664777964001596e-02 1.490503483839680010e+00
-9.801690989637007467e-02 1.288988273815500074e-01 1.246288606938909860e+00
1.911492363511099746e-01 -1.188052613718800499e-01 1.308350931744160173e+00
4.529717094547999756e-02 2.956085207183600239e-01 1.130747744716479986e+00
1.018920011720199775e-01 -3.812872983804001942e-02 1.576786326052159737e+00
6.975359680301998488e-02 1.456020311109300081e-01 1.216808703736449893e+00
5.312766890160799393e-01 -1.988674475045300316e-01 1.422844505452149910e+00
5.313824537566098627e-01 -1.988037864178200387e-01 1.432728792700779907e+00
5.290099149530399503e-01 -1.950129744441500279e-01 1.422310730567129866e+00
-9.528514792568004710e-02 7.296428081774000707e-02 1.208694612099620036e+00
4.720541233066199438e-01 -1.892539284637499986e-01 1.411942382937289908e+00
4.703248557582099254e-01 -1.892854900775099714e-01 1.403859342899849816e+00
-1.156365030386999337e-02 -7.214321967608000596e-02 1.256296015510399711e+00
1.095815628252099633e-01 1.808839634737099966e-01 1.206536634026190047e+00
-9.190249422537999369e-02 6.006510450541000662e-02 1.232780576412809914e+00
1.117988066864599450e-01 1.802500721670799722e-01 1.200622076251679937e+00
5.341739064701200856e-01 1.286217073736001942e-02 1.399525387696360035e+00
4.993508452014600585e-01 -5.817669158153997849e-02 1.418998799362340080e+00
1.970466642761999898e-01 1.957272279240200030e-01 1.183617958119339786e+00
1.067236268408399830e-01 -3.853480035295000355e-02 1.483896971437929979e+00
4.738537870844899969e-01 -1.908544926666800035e-01 1.428504822208120029e+00
7.299346665064995743e-02 1.539729223648699796e-01 1.234913668438790024e+00
-3.935779477597001197e-02 2.527128511907200670e-01 1.165408743157599902e+00
-8.578717826121001755e-02 2.111040636620001992e-02 1.297646096832279605e+00
3.833199955692299099e-01 -1.152543279964199641e-01 1.512794191919019982e+00
-9.107248043274002169e-02 7.971207132975000054e-02 1.257780748473870114e+00
-9.336766797236001336e-02 9.545269488571000993e-02 1.319315765496149817e+00
-5.814180309485003639e-02 -6.550395819870999392e-02 1.231479016848330055e+00
1.171562287800899799e-01 -3.355682850544002699e-02 1.380285259445399815e+00
5.152301881561800467e-01 6.568044290079962100e-03 1.373896816861919890e+00
5.222416932198299389e-01 -1.893366382316099550e-01 1.428416514835589846e+00
4.764435710472300078e-01 -7.393496566304996742e-02 1.485355487102509642e+00
5.023005647163700793e-01 8.049599162584000767e-02 1.264095722227719820e+00
2.930535695247599159e-01 -1.185481220228400134e-01 1.458562439344440076e+00
5.013938001519099297e-01 -2.748126743497900093e-01 1.526894632109489836e+00
-1.805344598273000423e-01 -5.822922792185001445e-02 1.365042403912949842e+00
3.936466289384299433e-01 -3.296648898872000383e-02 1.396265183692119827e+00
-6.161710099393999385e-02 4.038140883401001441e-02 1.277629511531489959e+00
-6.537753349437999684e-02 -9.695017622651999623e-02 1.225188813295599699e+00
4.133891542385999540e-01 1.048541836680700057e-01 1.268710873877589851e+00
