-3.649245736038100318e-01 7.394686432829999934e-02 1.089814611417970092e+00
-6.504177233716899043e-01 1.382354438360200444e-01 1.254462626585559848e+00
-7.088814850075300100e-01 -3.106186114042001206e-02 1.413810097186440018e+00
-7.280511179291500046e-01 -9.050936674162002316e-02 1.473177008679189992e+00
-2.232079960910799965e-01 2.716867774449600037e-01 1.130432131157629971e+00
-7.397309527365399928e-01 -1.653102168810799688e-01 1.594833616825199973e+00
-6.710703269652100733e-01 -3.499888335168600539e-01 1.706620616725510020e+00
-2.672980030000600138e-01 -3.309617928130000331e-01 1.774191294522879936e+00
-4.307222111230599726e-01 9.697714154663999997e-02 1.103676727882960229e+00
-2.762894957503899684e-01 -3.305699424267399822e-01 1.768081285256359880e+00
-2.880811462471600248e-01 2.721889436121199823e-01 1.130932016517719907e+00
-7.045544085960400160e-01 1.776039020366399768e-01 1.223336680770449769e+00
-5.856662336711500050e-01 2.144502430267000159e-01 1.216988386077169970e+00
-5.671155278090800334e-01 -3.587118023155200230e-01 1.754178918203219917e+00
-8.306313355065400028e-01 -2.338064844089599859e-01 1.605840787013729898e+00
-2.671214416880799414e-01 -1.075366871592920104e+00 3.185332713955260076e+00
-4.217292818004400035e-01 2.228151478197999968e-01 1.165814481550710102e+00
-7.866799530058600221e-01 -6.998725540144001833e-02 1.449912738875909879e+00
-8.602607094607599425e-01 -1.561484031127999828e-01 1.616759483735709990e+00
-5.642050016018200775e-01 1.241334268086399795e-01 1.287608910083589908e+00
-6.966822460489301427e-01 -2.856020815034600591e-01 1.645890963420229669e+00
-5.749517841635500837e-01 2.081720456635799688e-01 1.204470316422640019e+00
-3.456305095147599871e-01 1.661354946517199782e-01 1.173250624439290180e+00
-9.088217793854198590e-01 -4.395706859799600186e-01 1.858328283609409715e+00
-4.314204993365199914e-01 9.505939081284001113e-02 1.102150710886089957e+00
-3.072484525988200543e-01 1.325115886566399781e-01 1.211455908016199956e+00
-7.004191744991199453e-01 1.723192430523199647e-01 1.216623173611230069e+00
-4.928900938513300911e-01 -5.689013767505999436e-02 1.406193234391879932e+00
-8.262578628448300488e-01 -3.892827789223400337e-01 1.807999466837509894e+00
-5.676934181388400003e-01 1.238618515927200070e-01 1.287231545729569993e+00
-5.911140557316399979e-01 1.018687000565599854e-01 1.301531780941669991e+00
-4.417840802576499248e-01 -2.598679995867400061e-01 1.679343578029149908e+00
-6.359320054535499978e-01 -4.422476311099994561e-03 1.371640508481890119e+00
-6.994661708038900638e-01 -3.025144655252200443e-01 1.666766457743300123e+00
-7.235029971093100976e-01 -7.532941895579993441e-03 1.380569035073129669e+00
-8.574519783776199944e-01 -3.583544380995200007e-01 1.759488488484789892e+00
-3.636634336841200188e-01 8.788009636479998665e-02 1.105322901907640043e+00
-4.248323327735200605e-01 2.183673661162800206e-01 1.160329626955289850e+00
-2.034360979002100001e-01 -7.800535718914999306e-01 2.410346149510470326e+00
-1.724154334096300034e-01 -8.353525482505800293e-01 2.584535723297090026e+00
-5.350418085876400554e-01 2.472131285412400015e-01 1.171282057886100070e+00
-3.446663793639699880e-01 1.644347247013800140e-01 1.185825349241929949e+00
-3.517403221228299626e-01 -2.184562825429799682e-01 1.565088850318429925e+00
-2.451905417171799939e-01 -4.248881620614000654e-01 1.860183431765070283e+00
-2.570002895875000415e-01 2.545705964357999895e-01 1.151595082697840056e+00
-8.238494343512199336e-01 -1.143804506214320060e+00 2.993938472712580179e+00
-5.923122143727699296e-01 -9.305626216421799546e-01 2.767604532619510671e+00
-3.962235496547499847e-01 -1.498861504449399973e-01 1.457160587400869955e+00
-8.005174126505499865e-01 1.700121419045998866e-02 1.355692898457900197e+00
-6.640655486452000655e-01 1.718857064912000243e-01 1.202618194278330055e+00
-3.220527979730199997e-01 -1.674671465964399919e-01 1.505877748729990140e+00
-5.908979500694200304e-01 2.134339842485999672e-01 1.200751890923409837e+00
-4.076647240312299969e-01 -8.290425499074000060e-02 1.402212274615159959e+00
-5.771158968993400640e-01 2.600805577909199306e-01 1.147593634813499852e+00
-4.645360223819199885e-01 1.935897264128799422e-01 1.202387472853799766e+00
-7.663611710930500198e-01 2.135795228761799835e-01 1.181447161568370152e+00
-2.401736786168200410e-01 -4.365587622243600197e-01 1.891442984546049644e+00
-6.185383086872200398e-01 2.293584999075199693e-01 1.187755757312650040e+00
-6.361105023505599920e-01 1.224969039884800104e-01 1.258092995625980093e+00
-4.957076778161499941e-01 -5.032598108900006306e-03 1.152582714343669767e+00
-7.129244501250999733e-01 -3.536994135622800184e-01 1.723357386632059951e+00
-1.034268404885589909e+00 -1.023546192520660147e+00 2.726118070509660374e+00
-4.795839047074900163e-01 9.260828749573998819e-02 1.114162483232989942e+00
-8.010106818743800705e-01 -2.758767480059600152e-01 1.649441746323329960e+00
-2.135916603493600296e-01 -8.180764394348000179e-02 1.492895229784909850e+00
-8.482231952925101126e-01 -2.630118477942600119e-01 1.791553016535139875e+00
-6.656191666734100343e-01 2.605432565257799760e-01 1.154781432363690019e+00
-7.765225670176898465e-01 2.125491233915400013e-01 1.186139284990589848e+00
-8.025727986422799276e-01 -2.755597621135600361e-01 1.653302421331559913e+00
-7.769926322193400070e-01 -1.713695429887999305e-02 1.394967431082679843e+00
-7.402133978291199901e-01 -4.109484880024400488e-01 1.812788225195319791e+00
-7.807540983229299680e-01 -4.234417781613800114e-01 1.815059698505020025e+00
-7.506503555692000118e-01 2.463789756416399912e-01 1.110096933604409974e+00
-5.770492908673899857e-01 7.114498810614000579e-02 1.331572023506140123e+00
-7.811071593269800495e-01 1.557552211085199978e-01 1.252097190688460149e+00
-1.997633051746299793e-01 -1.058049129751400252e-01 1.514493917309720050e+00
-6.437497297633599791e-01 2.513739735349199700e-01 1.160245482515209980e+00
-3.596448460827100235e-01 9.789307054533999408e-02 1.122327429284009970e+00
-4.540187183643400459e-01 -3.745431733143999437e-02 1.359059908861079968e+00
-5.891781361182399923e-01 1.018043328524400049e-01 1.302357307934070008e+00
-8.559213214055800822e-01 -3.502869778757600194e-01 1.747973460370780163e+00
-6.477583250560299266e-01 6.214321212441999837e-02 1.341499142574389847e+00
-3.634365909525400506e-01 4.153595037432000064e-02 1.286850510107039991e+00
-7.421217849778900533e-01 2.468006943548600174e-01 1.095617801606760144e+00
-4.313182655604400062e-01 1.429760506518400198e-01 1.095330050404389910e+00
-6.883971772829200475e-01 -4.648417339543999688e-02 1.438747428320509947e+00
-3.764173586420800355e-01 7.043055759915997638e-02 1.059720020322099998e+00
-2.596937472048400641e-01 -3.399518859149200378e-01 1.792121274744589821e+00
-6.118841389053999436e-01 1.809927733105599901e-01 1.214696211080239951e+00
-4.867180421319099448e-01 -1.084998557186001716e-02 1.246882363568160068e+00
-2.690062272726400083e-01 1.200745205997199860e-01 1.158626827954529981e+00
-8.073408887505100218e-01 4.853598222909998733e-02 1.370308150229409883e+00
-7.201752723451900762e-01 -3.603751533499989501e-03 1.386113615930379961e+00
-4.675361157893500041e-01 4.052722257793999611e-02 1.114553261845550036e+00
-1.512373347426700099e-01 -5.181262185034000295e-02 1.401288598526289730e+00
-6.409959192916601101e-01 -2.437917534878400183e-01 1.596223755988650073e+00
-9.493790508648400905e-01 -1.880403029076400112e-01 1.621995436330119889e+00
-9.448171329638799243e-01 -3.423668569332000700e-01 1.804922385093470139e+00
-9.595476482152300868e-01 -3.471282486700200121e-01 1.828492775823810090e+00
-1.486586405413869993e+00 2.894474720021399383e-01 2.202872421193630359e+00
-1.428868359949780009e+00 4.160525924088000899e-02 2.461041658511810226e+00
-1.440331066818519856e+00 3.873702492880001097e-02 2.460376611383750411e+00
-1.197454657070170292e+00 -7.017612454619993889e-03 2.514078382673889944e+00
-6.651625392065200204e-01 1.747432874263200042e-01 1.234103391456049970e+00
-2.554803624949000262e-01 2.504086385111999880e-01 1.147097284200509826e+00
-4.860822704943100203e-01 -1.022951277998000036e-02 1.235053731659019993e+00
-5.677866717996700174e-01 1.985695856650999958e-01 1.215352971448390162e+00
-1.772235652960000296e+00 -1.719788373404000092e-01 2.581095132456989738e+00
-1.180880512597599907e-01 -2.984393105177199912e-01 1.727331502315189837e+00
-9.873998910100598714e-01 -4.076897254006799920e-01 1.850826081189589800e+00
-1.416774372699280082e+00 3.787595362999997967e-02 2.426641793035409833e+00
-1.454861757931780186e+00 3.597908030692000686e-02 2.506257490191590165e+00
-8.292452123245900308e-01 -4.057713437444200877e-01 1.812201661039929856e+00
-2.045413064204500420e-01 -1.153774474164199759e-01 1.159647295856069737e+00
-6.257640867802300999e-01 2.413183460896599908e-01 1.178343829899049844e+00
-5.362305776536300250e-01 2.059501911718999712e-01 1.200457305010119935e+00
-4.885327657884100394e-01 7.383691007637999126e-02 1.333864431915900095e+00
-4.756329396211299576e-01 3.351584027481998435e-02 1.233728624271900109e+00
5.054634315313999426e-02 -5.893453597075198891e-01 2.046153135216790098e+00
4.234745450102000985e-02 -5.845551227285998852e-01 2.032804715924889649e+00
-1.374647767440400292e+00 4.311802978136400344e-01 2.000098535198949978e+00
-1.653799894511140289e+00 -6.850381624347199327e-01 2.248255527774309925e+00
-4.627740725449300263e-01 4.462946118526000400e-02 1.154432373381349741e+00
-4.897174282998100203e-01 -1.716503372278000566e-02 1.234757766594499984e+00
-4.902490307094400368e-01 7.400191489064000816e-02 1.321115887530049937e+00
-6.448287450055300019e-01 -3.087466736020600400e-01 1.942900657673990006e+00
-4.763775409275400330e-01 1.311787162236000004e-01 1.147393098902319997e+00
-4.222525280272300119e-01 1.967275257060999982e-01 1.135065112833409939e+00
-2.829447405623800038e-01 -3.484675241836000109e-02 1.342003700090379947e+00
-6.438714370163500789e-01 1.419191743916599635e-01 1.274517359292000052e+00
-3.371616454443099875e-01 8.647071470830000606e-02 1.185978915429610092e+00
-2.068685434559500436e-01 6.073901331462001202e-02 1.196198545031329719e+00
-5.980240287103000263e-01 -9.467604225096799553e-01 2.796351040326869875e+00
-4.368185017494400357e-01 8.868428352363999512e-02 1.101941775527369938e+00
-3.614585864393500270e-01 -1.261657566727400204e-01 1.434146272883019879e+00
-6.423007789948600443e-01 -2.411420973740800167e-01 1.582945001443730293e+00
-1.608888612177999944e-01 -7.958976751267998750e-02 1.394277552024529854e+00
-1.680953654023899790e-01 -4.791802330322001563e-02 1.356689379422109987e+00
-8.905114057517200532e-01 -7.655839059192001694e-02 1.584787254182700167e+00
-1.460598355786002500e-02 -3.735518068867599850e-01 1.502726258033669993e+00
-7.715058534804999368e-01 2.211132788913199865e-01 1.214277417153059924e+00
-4.860971499788500072e-01 1.106900122996999913e-01 1.175270878752229908e+00
-6.655407215809899801e-01 2.573853694847799689e-01 1.155143489216909902e+00
-4.886866532410600317e-01 7.395755871016002070e-02 1.326313205328319755e+00
-4.911841726167700539e-01 -1.208536417917799866e-01 1.424073437042870038e+00
-4.091818478120200497e-01 -1.206582658710400047e-01 1.453364865367719805e+00
-7.463078429703400296e-01 2.210568266055199793e-01 1.154381308155969954e+00
-9.279639693057999406e-01 -4.313452295344400444e-01 1.853556777081780016e+00
-7.494093810766000452e-01 2.191260724007600136e-01 1.153042326221569880e+00
-2.573402600751399927e-01 -4.370068888039999738e-02 1.414482151012860012e+00
-1.646229827886400154e-01 -8.243401367740800234e-01 2.523719890697929902e+00
-8.356536448406799433e-01 2.604280705103199645e-01 1.136156999408060031e+00
-9.385969550541994888e-02 -8.129636521471600430e-01 2.286278132249790485e+00
-1.678031391025960106e+00 -1.040462552495200754e-01 2.645142292385210148e+00
-1.467726334854730252e+00 -2.160901113897399639e-01 2.735690313016960307e+00
-1.509113094746050043e+00 -4.048216075916200030e-01 2.921074594909900402e+00
-4.857122720298699958e-01 7.549571296118001706e-02 1.340664554080279958e+00
-2.119728994149699952e-01 -9.391728119393999430e-02 1.504823610628319930e+00
-1.462046449814379923e+00 2.764635836995599782e-01 2.143719085845460448e+00
-1.556282059215820190e+00 1.448419233926000194e-01 2.296422515665060171e+00
-1.774700995254730129e+00 7.260418480473998515e-02 2.379106067070520414e+00
-1.868337622599130166e+00 -5.818754221198000481e-02 2.594786120853070255e+00
-1.873754246774050225e+00 -5.969087272822002493e-02 2.605560605782710315e+00
-1.513619152533880241e+00 -1.293364464662799806e-01 2.550412051616260278e+00
-9.465702909170199408e-01 -1.869268829516800290e-01 1.617875165100560286e+00
-2.234518049748400181e-01 -1.834030684907199948e-01 1.559651216004930063e+00
-8.078107040511101067e-01 2.187081195177997123e-02 1.363180033068330133e+00
-1.345556267309319765e+00 4.514258473595199606e-01 2.006096456066690070e+00
-1.470738753918340080e+00 2.848867122251999562e-01 2.170277697193780053e+00
-1.524964710726129935e+00 2.628129693686999113e-01 2.225873050725820423e+00
-1.534565321838730068e+00 -3.798381235657400379e-01 2.261250291698599924e+00
-6.967136461744301013e-01 -2.831766746495000264e-01 1.641924576545880088e+00
-1.692705486261399661e-01 -3.664459841327200595e-01 1.729763449432260014e+00
-7.003888825996000822e-01 1.710760057948799984e-01 1.220793546822880105e+00
-1.428418029164320036e+00 4.831523476295997849e-02 2.441902350051560422e+00
-6.998771683349800377e-01 1.702547742781199969e-01 1.218626283165819890e+00
-2.247879312071499602e-01 -4.463610408855799849e-01 1.855454767709129982e+00
-6.132629932326401079e-01 2.375177206872000069e-01 1.170400317051609962e+00
-9.962367586910201300e-01 -9.365128546302800006e-01 2.509712982190060782e+00
