2.214923797497400093e-01 2.900028399003400370e-01 1.166883560841990075e+00
6.177293325226004828e-02 9.301822496181998134e-02 1.284813390305419967e+00
-2.643345678401799459e-01 -3.172454665946999874e-01 1.772862097805619985e+00
-2.708869147558100599e-01 -3.141243909059500128e-01 1.764759115673450118e+00
5.808258617459699513e-01 -4.503054953992997878e-02 1.439224118982450173e+00
-2.833984775810011181e-03 1.463131870275299895e-01 1.250818260124879844e+00
1.313942483418399920e-01 -1.252572076564002768e-02 1.446419471377230037e+00
-3.436463394395000703e-02 3.119433183512699825e-01 1.159206521956240188e+00
-8.505154179785998081e-02 2.592090928671400007e-01 1.193036285678829911e+00
4.048022317385600033e-01 -1.185418210887600049e-01 1.491255895518960317e+00
-2.306544108790400116e-01 -9.916758115964001419e-02 1.516206460116480192e+00
-3.356340237773999813e-02 1.820875421895799540e-01 1.214487143390210244e+00
2.337172918808100297e-01 1.745596467153499587e-01 1.216505534207400041e+00
2.359643328353900338e-01 2.492443759525300173e-01 1.161759936164989959e+00
2.002367880064099825e-01 1.899992412217899607e-01 1.212926742633870125e+00
4.260712754404600844e-01 6.061403277313999471e-02 1.317406339842940088e+00
3.501396525918299973e-01 9.243273003505002305e-02 1.289156848311920012e+00
1.298608611272800417e-01 -1.569526160719998675e-02 1.443324171249749988e+00
4.441972275842300810e-01 8.841820527673001362e-02 1.290218844966380063e+00
5.064533179249800510e-01 6.250012944405995696e-02 1.315820120595400100e+00
4.101094614007699812e-01 -1.220685005807299744e-01 1.506492223105770023e+00
2.018613078943199968e-01 1.618284832228000236e-01 1.270259376396910111e+00
4.126452134342800671e-01 -1.206364511588399885e-01 1.505137216495220143e+00
-2.037787415211700093e-01 -9.608803498175001734e-02 1.456901982304400045e+00
-4.676644983629962837e-03 1.452068179758300159e-01 1.256082905936690031e+00
-3.647229130203000214e-02 1.801345257829499724e-01 1.226721110746400001e+00
-2.082030793171099903e-01 -1.600827471969299975e-01 1.555466302336059981e+00
-2.265530337057700405e-01 -2.010081008264300029e-01 1.546586259428599952e+00
-2.696707644827900374e-01 -3.170428961923299482e-01 1.771980638116600115e+00
2.226398004586500057e-01 2.608236193445899742e-01 1.168029841200070029e+00
4.651691273520099923e-01 -1.345368881292099972e-01 1.520100989146730086e+00
4.652412706908199969e-01 -1.361318694968600140e-01 1.511001603072850141e+00
5.740549658389699772e-01 -2.465088007313000207e-02 1.434480369979780123e+00
5.734531702645500051e-01 -2.630753914470999877e-02 1.419450759518000149e+00
-1.142139104859499488e-01 1.134625619829099513e-01 1.311994461980180215e+00
4.204266787564300278e-01 1.711310574049699773e-01 1.235364895287700104e+00
-2.241100893695000262e-01 -3.517103021594002177e-02 1.407905535380170159e+00
-1.117519195788200526e-01 1.112169454883399772e-01 1.303809775809000149e+00
2.246921066076900397e-01 -4.052319260250000776e-03 1.590731530705630226e+00
1.672208107863000226e-01 1.740276611317400079e-01 1.231067382124610088e+00
6.359621558085499782e-01 -1.782208606489100178e-01 1.405182352144300095e+00
-2.341711840007499601e-01 -2.735801052669699640e-01 1.726245546369649997e+00
-4.435115198760994359e-02 2.193907460066900073e-01 1.238838694794010209e+00
4.893280341153700697e-01 1.530914901640700321e-01 1.254480776173179990e+00
5.738913656180000267e-01 -1.674490247122399911e-01 1.391091180004309757e+00
2.505876607795400335e-01 1.691774596249400187e-01 1.231507766315470320e+00
5.838903128020700439e-01 9.991032203761000818e-02 1.278265474471770080e+00
6.352155219459499902e-01 1.693751576029700057e-01 1.216473485691029977e+00
7.718761238733801155e-01 3.073409084737994956e-02 1.382093810779100096e+00
5.803661932217699659e-01 4.850170308331001878e-02 1.341008965077820081e+00
8.427732431099199673e-01 4.474938783484004590e-02 1.350617550165000180e+00
8.492628187625400615e-01 4.294947426189997530e-02 1.366487920524340316e+00
5.469813645390009249e-03 9.287272407248996220e-02 1.261968091432559946e+00
5.478693783553900687e-01 1.270040820783700508e-01 1.265115369096939890e+00
-7.718762250337998787e-02 -3.537743355333999862e-02 1.381985806941260053e+00
6.419082962998901021e-01 3.292335630650998490e-02 1.377535307304749823e+00
6.071515071853100798e-01 -3.686297176899001882e-02 1.401204119775509849e+00
1.688544960996998801e-02 4.350508992806996489e-02 1.325564244565419880e+00
5.794091821122800967e-01 -1.686697093419199933e-01 1.415388882614320165e+00
2.058939526018700172e-01 2.064034892375699592e-01 1.205791309910510201e+00
5.690414481757599674e-01 3.970028257655998372e-02 1.395567084843840178e+00
1.721437447606600224e-01 1.826336800168599783e-01 1.248675887862470191e+00
5.678529175970001286e-02 2.829178463681800149e-01 1.186717650003580093e+00
2.734605105709000950e-02 1.161765888006299902e-01 1.229930363450240094e+00
3.514372779451400142e-01 9.303642548170000526e-02 1.297417190788390018e+00
1.601095756602000098e-02 5.493087856985999495e-02 1.326865709856980047e+00
1.972103113835000365e-01 1.917444888754200605e-01 1.223199289184109917e+00
5.057148433122600206e-01 -8.883793332558000133e-02 1.522230362540559989e+00
-1.189381424921999442e-01 -1.574160365097599934e-01 1.591974370882150103e+00
3.962738148850400988e-01 1.841554973071199974e-01 1.201540685099519834e+00
6.814736971522800113e-01 2.302630328870799992e-01 1.179300291763890174e+00
4.979655938044800223e-01 -8.934028787860000265e-02 1.505334607492819998e+00
7.141160125263600333e-01 2.729202914371199884e-01 1.156110482697820130e+00
7.316136155144700171e-01 2.879585466163699925e-01 1.208740325690080164e+00
6.942023606809600844e-01 2.561765373200000084e-01 1.168965802009950039e+00
7.815914911130300569e-01 1.388789154936500014e-01 1.261060275222120053e+00
7.819075958992399711e-01 1.371361275080799635e-01 1.269298454982750179e+00
7.812568026906200336e-01 1.367223847093799738e-01 1.262739417717370083e+00
8.827960248130012344e-03 1.129320369351099890e-01 1.286423103107560140e+00
3.929509733437600016e-01 1.910951856128799697e-01 1.219319897417820098e+00
1.705956897192600075e-01 1.811147734150599931e-01 1.236411690026120169e+00
6.922119196747299474e-01 2.389250164777900198e-01 1.210903340714159837e+00
7.301789563361600344e-01 3.155831494498000378e-01 1.122243009222519960e+00
-3.469213725226999445e-02 5.753509313309979056e-03 1.292629480116410212e+00
-2.101122317715600485e-01 -9.678022251823999167e-02 1.467815552214400077e+00
4.712337771021998800e-02 7.000681944749999330e-02 1.291303741961210338e+00
4.451227382673400568e-01 5.196438517846001248e-02 1.326397935493540237e+00
5.914287547688200641e-01 -2.262993141640999295e-01 1.408335659201400025e+00
8.302826350080400042e-01 4.495418937771998580e-02 1.307162947644179951e+00
5.576268941490001296e-01 -1.665718713471199819e-01 1.426302569163270029e+00
5.732694943932999943e-01 -1.621184904068200261e-01 1.370244250576490019e+00
7.783104642994400635e-01 -1.288843563170399831e-01 1.352182886416889884e+00
3.603897625022001172e-02 -3.350777793862001752e-02 1.260368504509610021e+00
7.442190930285400574e-01 -1.245518789875400129e-01 1.425783457121900133e+00
7.527591133129800660e-01 -3.768620933869996914e-02 1.424834018658440060e+00
2.237508330803499867e-01 -3.343574436070015365e-03 1.393589002561570256e+00
1.805814840337100213e-01 -1.791822104118998005e-02 1.502887855725509869e+00
-7.954097724033007411e-02 -6.691963941099915436e-04 1.461635054428610081e+00
-9.273485375469958658e-03 -9.526266090340999859e-02 1.338389508499739922e+00
-2.157015444442400287e-01 -1.557007879767999814e-01 1.566950665422270017e+00
8.387149875280799360e-01 -4.188436440504002267e-02 1.395370744957330045e+00
-4.471187894608996682e-02 1.106456322415699939e-01 1.098281366081059973e+00
2.197105903132000049e-01 -7.450183267692003786e-02 1.527480228597570155e+00
3.888953466611003162e-02 7.323165079528999588e-02 1.304552478537319926e+00
4.917091422882901020e-01 1.246835250805899825e-01 1.269382889150499905e+00
5.129164363278599925e-01 1.255894679842599615e-01 1.255314153646069908e+00
4.023268292644002764e-02 7.230667966379998590e-02 1.292156507727470149e+00
