5.844371494326000560e-02 1.203632531041800013e-01 1.135671162814180013e+00
-2.626193871047000084e-02 3.069096639913100333e-01 1.045792124207429952e+00
-2.419914003188199936e-01 -1.021115997272599996e-01 1.357901233568040045e+00
6.907838850999199476e-01 1.166910330251199890e-01 1.225121564692280174e+00
-2.595609364869599922e-01 -1.832960614033000146e-01 1.584654921370379999e+00
3.878124328226899564e-01 2.220007386224800150e-01 1.082317065039140047e+00
3.586164430390199609e-01 1.953662218422699548e-01 1.098911888429429995e+00
-5.507757805208995938e-02 3.249619010416099907e-01 1.038312581835589832e+00
3.501535168270599740e-01 1.792895403666899812e-01 1.128246265478050070e+00
7.578845922662000301e-02 2.731771728804700539e-01 1.081788894059529937e+00
6.439786099082098758e-01 3.440629274692999506e-02 1.294712103784029900e+00
1.555528865794300053e-01 1.105119175996399916e-01 1.239998096370639846e+00
2.971050654326001794e-02 1.506771478572100087e-01 1.146645123096490027e+00
-4.202028195320001158e-02 1.703365030861200002e-01 1.030717493321040124e+00
-4.317754464574000139e-02 1.539515558848799925e-01 1.014088109115079961e+00
5.101718639758999752e-01 1.990729188229199698e-01 1.116488400053240015e+00
-1.304429788802199397e-01 -2.053648254342899937e-01 1.577293564769429945e+00
-1.002848370292999669e-01 -1.559037886175700105e-01 1.475075927700109979e+00
1.956532923263900048e-01 1.854378318194999445e-02 1.337722661737430263e+00
-2.720111797677998711e-02 3.065038124219500171e-01 1.050211969200989914e+00
-6.887916644523001120e-02 2.505963619999400094e-01 1.090607652701120145e+00
-1.478914661054199775e-01 -1.026132222586300102e-01 1.441425338562350111e+00
6.742249260677000977e-02 5.293959255607999514e-02 1.238051811670600078e+00
-2.474316573040099554e-01 1.832489843487399572e-01 1.182556777300160178e+00
-2.963218339993999306e-01 -3.228050062399999698e-01 1.732881602844300151e+00
-9.057965883940999330e-02 1.255088167833400270e-01 1.024647652204560000e+00
2.478355612218099968e-01 2.736066917049200797e-01 1.033240373884160013e+00
2.230503745965100038e-01 2.138296626123500077e-01 1.089957980276969884e+00
-1.527570763322996794e-02 -2.916293589787999699e-02 1.286805556847180121e+00
5.216098361663199512e-01 1.812200043422400042e-01 1.135846689996619974e+00
4.693828395362600325e-01 1.156850002123199911e-01 1.181312696694960085e+00
-2.374264766149963846e-03 6.037266579705000136e-02 1.155875782710050093e+00
-4.200940915247100560e-01 -2.414343078339500070e-01 1.634201786375430121e+00
-1.053722552065100015e-01 -1.571899446715900317e-01 1.486363067556349948e+00
-5.898805538832299078e-01 -3.310439427810199509e-01 1.725322725038599847e+00
-2.507776645426699758e-01 1.836288449740099693e-01 1.181534451975330136e+00
-2.801610966539300196e-01 1.667596271323099899e-01 1.190955986795710020e+00
1.942500360274100057e-01 1.505775013087999950e-02 1.334919700470380111e+00
-2.938826700972399508e-01 -3.204239181899700140e-01 1.729387958461430230e+00
-2.938826700972399508e-01 -3.204239181899700140e-01 1.729387958461430230e+00
4.691784650272600166e-01 1.168119496169499894e-01 1.177846452510370012e+00
-1.199392698911999622e-01 -2.429694189420100181e-01 1.609529195718230055e+00
1.925307024914200138e-01 1.415552209597001690e-02 1.336482241929329851e+00
4.776451284382600693e-01 3.863898743240005290e-03 1.336257986453600166e+00
-1.023936677842998688e-02 1.832126459387000209e-02 1.152259921807430088e+00
8.415398412893002056e-02 2.178670097862000013e-02 1.196862193558499987e+00
-4.392651951725499715e-01 -2.802923863525599857e-01 1.644095411744180169e+00
4.445513548839199469e-01 1.218434476402499855e-01 1.173828404328389974e+00
3.274925130604400270e-01 1.546247562327399960e-01 1.143980215067060158e+00
2.841690644337001304e-02 1.496768702039500132e-01 1.152091404967889865e+00
-9.274117437659962215e-03 1.792556151462700031e-01 1.123851223760670148e+00
-2.771221332459599673e-01 -1.184616568948899940e-01 1.388614603548449900e+00
-1.157757212775999967e-01 -1.584368497325900071e-01 1.481529665447969935e+00
-1.422931097815599566e-01 -3.086581583677799889e-01 1.709616512805720356e+00
-1.492182245515099592e-01 -4.026435514076699973e-01 1.797471840631290174e+00
2.338220907171900120e-01 2.840143840857899948e-01 1.040040103099610036e+00
2.655859336866300269e-01 1.726836932447399775e-01 1.133268436240239874e+00
-3.973374968150799602e-01 -1.638987934448400130e-01 1.514812245879660235e+00
6.346173784384600003e-01 5.363558792786002338e-02 1.289585634142839998e+00
9.942710623944001069e-02 2.527485546779900116e-01 1.128115843265410145e+00
4.276429886168799377e-01 1.269421070414099850e-01 1.170314693081629942e+00
-2.402652086845699642e-01 2.739583789303300376e-01 1.093384515376770061e+00
5.471559198144899661e-01 1.266709096937899959e-01 1.174828473998809963e+00
5.463943410188299987e-01 1.251317837343599859e-01 1.173035278285480043e+00
-2.214866622960999787e-01 2.250797685708899876e-01 1.134067088901130171e+00
-9.065474769470005523e-03 -1.664920372613000119e-02 1.330754165860050131e+00
2.866924603928899806e-01 3.547588803698997761e-02 1.388198829924010225e+00
-1.569751592788899974e-01 -4.449275064009999836e-02 1.330038738096720019e+00
-7.764038550840998698e-02 1.081507910264200012e-01 1.226280753629720222e+00
-7.014948901000001014e-02 1.070687331168999751e-01 1.210121499067700279e+00
-2.577023692354800111e-01 2.486420541269000195e-01 1.112766147594239863e+00
-3.725513747942999498e-01 -1.500766163304800005e-01 1.496282856747840118e+00
-1.245618513191300014e-01 -2.374077221462500276e-01 1.604743654450589974e+00
7.109045787984400455e-01 -9.375764735712999176e-02 1.262565096794469932e+00
7.125561180441699616e-01 -9.286892204289001751e-02 1.272270607957210142e+00
-1.276028052630999166e-01 1.358602617775399868e-01 1.008741475004780064e+00
-2.054456846122998392e-02 2.180519044094700043e-01 1.134704236371130159e+00
7.082433763940898519e-01 -9.014915344997001534e-02 1.262144487229590162e+00
-1.369503498921499918e-01 1.513841393649500155e-01 1.054016125978149976e+00
-1.554905448901999776e-02 -3.593923141092998652e-02 1.323961308690750016e+00
6.182890523327499999e-01 1.695235866450200413e-01 1.127355303917940033e+00
7.205224613739198425e-01 9.834997569293998931e-02 1.229102599040120092e+00
2.505821522804000390e-01 2.141052554732200408e-01 1.124304409666640137e+00
-3.864650557973598466e-01 2.194706777439999271e-02 1.350383592530780108e+00
1.394382605199400160e-01 -2.397878729493000891e-02 1.178718445007369997e+00
6.069988330771700635e-01 1.207795129750799945e-01 1.256467246364000090e+00
8.548147785634698792e-01 1.423162477604199838e-01 1.207545732253379800e+00
8.171306791501098399e-01 1.278449312050299880e-01 1.204324697810830180e+00
-1.559013341152200027e-01 -8.394912783867000683e-02 1.358636876081070088e+00
-2.033546105882000354e-02 2.166680600313299898e-01 1.133042461698769987e+00
7.693708659689799667e-01 2.079647045301599995e-01 1.117443727261979936e+00
4.479515250882001864e-02 9.915998462166998595e-02 1.159590792079630006e+00
5.616459434197299538e-01 -2.020846860538997800e-02 1.357982018576429750e+00
2.827847553183099882e-01 1.676618480043499948e-01 1.132543658421970134e+00
-1.340851536249998421e-02 -3.029388559493998920e-02 1.292024304674620039e+00
1.184474777906449949e+00 -7.248021486641100797e-01 2.099322005701929950e+00
8.425100618526499829e-01 -8.128239748103200935e-01 2.168888765647060346e+00
1.360769877641810011e+00 -8.403564022171801096e-01 2.199972535774060045e+00
1.147454947852950102e+00 -6.767772942672001246e-01 1.980727908642400115e+00
3.057437047041500211e-01 2.563147428524700233e-01 1.071781054298889924e+00
8.253367748094799783e-01 -2.773586368836000390e-02 1.305438149399639869e+00
8.231679382666099443e-01 -2.693699450653999281e-02 1.305376856205640035e+00
6.404615838277799567e-01 1.957080776779200060e-01 1.101987960338900230e+00
7.007272900134697835e-01 9.997353661632002453e-02 1.213119090121479893e+00
-2.779480802492699798e-01 1.346380606019999815e-01 1.222696933620359916e+00
1.543507253328600115e-01 1.088706356551000093e-01 1.252601439906519953e+00
6.909683731316900168e-01 1.148974134260199731e-01 1.224522886162219715e+00
3.768917785655300223e-01 1.887105943398999786e-01 1.108950629605460314e+00
6.432703518241099649e-01 1.966342214314699965e-01 1.107427369989010035e+00
4.148181606994200132e-01 1.655913252235799993e-01 1.133176973960599909e+00
5.735436389740400376e-01 1.204868337027000247e-01 1.160618157554879959e+00
-8.017430225396998678e-02 1.723843465816499998e-01 1.018568883991010088e+00
6.545985913617400342e-01 -8.980892524741002081e-02 1.276976202409210170e+00
-9.355295327856999466e-02 -2.128044867701400222e-01 1.590078770209679915e+00
2.262619054974100152e-01 2.303203148220399898e-01 1.081605631572799986e+00
7.229384459613499292e-01 -3.275146322118699937e-01 1.088088684060610323e+00
7.042373104047499055e-01 -1.507100938200799933e-01 1.300924721437139997e+00
2.206519873860700032e-01 2.158142848992700147e-01 1.100352193246630250e+00
4.688937542395900659e-01 1.162320022363800137e-01 1.174819523983540170e+00
-9.695082612864999727e-02 1.202579103862600057e-01 1.023359128660519923e+00
7.179522691883399865e-01 -3.273462461155999814e-01 1.082962816119680038e+00
6.857827464576198295e-01 -1.663459109776500022e-01 1.231344709556790207e+00
6.865494911830498648e-01 -1.668869495819099991e-01 1.236771485064430021e+00
4.899231602086399628e-01 1.096639605862100020e-01 1.189088672089350096e+00
8.130071195409198648e-01 1.240801670576299892e-01 1.193140368852350308e+00
2.493598064602299824e-01 2.168658809294999115e-02 1.390095127316010259e+00
-1.957565333115899864e-01 2.586222267135300235e-01 1.117278019270030009e+00
7.341138929382100553e-01 -2.034538430586400048e-01 1.458724695881840061e+00
2.908557206969000219e-01 -2.883625549347999459e-02 1.458951157869440074e+00
2.963757378455300073e-01 -2.886379985819001112e-02 1.414006167227930266e+00
5.563949285255499477e-01 5.813201474674999092e-02 1.247468294556250079e+00
3.703695673251600207e-01 5.827947685068000927e-02 1.484699601715180339e+00
8.340437741566002205e-02 8.567490939075002310e-02 1.200131640232069863e+00
5.235014162758200307e-01 1.836574894676599456e-01 1.125006379154960046e+00
8.559797798438100180e-01 -2.357455431391000319e-02 1.223598279499949815e+00
8.386756216327000135e-02 -5.539553608812000651e-02 1.158622096527399892e+00
6.596741320615200355e-01 2.512594599392800054e-01 1.062399845725900072e+00
8.387867281613001214e-02 8.420296250745998301e-02 1.187724863241880202e+00
3.493966877898001255e-02 -6.703741279891999028e-02 1.339999681233120077e+00
