-4.074965907388000685e-02 1.812209841727800419e-01 1.105794156476560097e+00
-1.275197126649000035e-01 2.713381078118099476e-01 1.090044087320570121e+00
8.723605716287999301e-02 1.115534887405699865e-01 1.322492836115140236e+00
-2.628444212512199840e-01 -2.959393042471500368e-01 1.770544929526750133e+00
-3.709528341278000019e-01 -1.100522261822400039e-01 1.554178052098420082e+00
-1.791511120180000194e-01 1.660066942450599825e-01 9.849329434619701340e-01
-2.568874391312399030e-01 -2.122287193252099802e-01 1.691314146841830013e+00
2.323996406677000248e-01 3.229886260097899475e-01 1.069836787789929966e+00
-8.620599146331401341e-01 -6.639481549473800204e-01 2.539342867791090086e+00
2.599987747944799699e-01 4.220172342283999567e-02 1.212432724252629823e+00
5.339316637833199097e-01 1.601828675005899649e-01 1.317531000863779944e+00
4.750962456736002038e-02 1.886661181166700008e-01 1.217893295779889806e+00
-1.354836338989200140e-01 2.132585419274800054e-01 9.891550469047600824e-01
-7.620761751551996532e-02 1.592463958799399948e-01 1.116973679162179822e+00
-4.089327609627400051e-01 -2.392839564103499961e-01 1.711403206821149992e+00
-2.055398139185800332e-01 -7.824085503473998671e-02 1.455419069514870101e+00
8.626329407829999574e-02 1.090865167553900089e-01 1.326435969257980130e+00
-1.736992578887399941e-01 2.956357027666699500e-01 1.039189508556690011e+00
-1.360226966668399984e-01 1.960760931114500227e-01 9.798123045749000948e-01
-1.178904809535200326e-01 1.957821272490600228e-01 1.019258907775969947e+00
-8.695075381911998580e-02 -3.539140582645999844e-02 1.436938603180630158e+00
-7.628051134243998832e-02 1.612319147332200164e-01 1.115888345020390249e+00
-3.535572085875400283e-01 2.210030485814900025e-01 1.122570464440430182e+00
-4.090829280729000317e-01 -2.392530371410200307e-01 1.711144624055759955e+00
2.603567864035000179e-01 4.291775487071999851e-02 1.219752615470240054e+00
-2.304121867272800050e-01 -3.160744692274999879e-02 1.354947139616400120e+00
1.192040052623999924e-01 2.844608360668099967e-01 1.064838433901420078e+00
-1.150353329992200024e-01 3.910866033470999925e-02 1.263654742020669852e+00
2.836534460406999747e-01 2.287684568315400124e-01 1.152336245402679982e+00
-5.300054092388001292e-01 -1.775466943210100013e-01 1.596042278129180092e+00
-2.114596938073599885e-01 -7.900958458361000136e-02 1.466341506455980159e+00
-3.720642294912200887e-01 -8.895245977582000307e-02 1.422032052026509952e+00
5.222898322082398792e-01 1.649533368338800265e-01 1.313719373824359993e+00
-3.836475736031000894e-01 -1.356216484866800132e-01 1.555944923101539867e+00
-3.836475736031000894e-01 -1.356216484866800132e-01 1.555944923101539867e+00
-4.065500552511800425e-01 -2.369715309596800434e-01 1.707651210851290013e+00
3.767885935865000757e-01 2.425468324983999779e-01 1.152604452672099988e+00
4.424435172944399808e-01 2.327160077914399716e-01 1.180814008473179966e+00
-2.296762486043400220e-01 -1.550562456654399623e-01 1.595280537794970144e+00
8.361846965058000736e-02 1.043546436091799950e-01 1.325358786363809882e+00
-1.944829042741400282e-01 6.255451075137000161e-02 1.307319981165540268e+00
-1.866885774424400235e-01 -2.656087632757200279e-01 1.758420475400209959e+00
3.797004672245999357e-01 6.338983930654999710e-02 1.397829047289800064e+00
-3.824983953919399715e-01 -1.366055203614600089e-01 1.550238285302780072e+00
3.819423822145200376e-01 6.505499567129999217e-02 1.396242252658999927e+00
2.033655327238000077e-01 -3.615351995935000007e-01 1.409527681489699980e+00
-1.272387000908001276e-02 1.204187843930499963e-01 1.125057458979400238e+00
-7.431634384219998335e-02 2.090914043502700159e-01 1.117065334264639720e+00
-1.116775200588200068e-01 2.327990548472200216e-01 1.083373892824189832e+00
-2.212767470080600207e-01 -8.155855991055999121e-02 1.460839067602029973e+00
-1.199503367026119927e+00 -8.618990765366799645e-01 2.765233114242889645e+00
-8.938331608367801051e-01 -6.906918455628000553e-01 2.599213663512399908e+00
4.359359295254400246e-01 6.352795280898999863e-02 1.412312824368330055e+00
4.364234880976599618e-01 6.065881984881001110e-02 1.403544793918320099e+00
-2.688960198807799351e-01 -5.029724383019999745e-02 1.352669812022250007e+00
4.028365257564200386e-01 2.954223588717400095e-01 1.113935917392479880e+00
2.011955080621800340e-01 -3.526971358987500138e-01 1.379825018548149762e+00
5.235433413753399767e-01 1.780255473268800293e-01 1.309954673066759945e+00
5.234581247171800067e-01 1.741021783195400019e-01 1.295339756813279841e+00
-2.382582699241000135e-01 -1.529159960812799812e-01 1.608156055377890192e+00
3.224041575766399825e-01 2.227610618899800166e-01 1.168605591601110216e+00
-1.299410383541999836e-01 2.835783864546499444e-01 1.048820197597049919e+00
4.402476643772399445e-01 2.315156843790699970e-01 1.180805024889689969e+00
4.024274492194199748e-01 2.079709556402499770e-01 1.194050651952499820e+00
-6.435696877865998422e-02 1.041502485050399968e-01 1.332790220268229797e+00
-1.767401953590600205e-01 1.660356199388000054e-01 1.178610153871300303e+00
-1.136418301321200086e-01 5.577007047614999935e-02 1.306632601307400110e+00
1.709881816197599824e-01 1.380572138254300141e-01 1.382159042994959952e+00
-2.582522973066999628e-01 1.521367038337000099e-02 1.296832672560390032e+00
-2.596419903900599735e-01 1.453221686753999875e-02 1.299100948468330019e+00
-1.827097949862199477e-01 1.648969325985699674e-01 1.186161869655389944e+00
-6.075216510764000488e-02 1.586081439826100281e-01 1.137848473288620266e+00
-2.670782015824599842e-01 -3.095011081384100304e-01 1.826185646319179900e+00
6.141062686740399457e-01 3.791489759074999355e-02 1.312234188781399968e+00
-4.145717620544400184e-01 2.229930740333400108e-01 1.074429710881479982e+00
2.983008793103000267e-01 1.507802826799500284e-01 1.255215167039300361e+00
-5.933838066850002924e-02 -8.820625927000099731e-01 2.320459264322879633e+00
7.317390587194003149e-02 -8.954220374445099884e-01 2.384531551990329401e+00
6.885770875360000542e-02 -9.196500769152000654e-01 2.462777924608499980e+00
7.168553552724005185e-02 -9.001848435300900952e-01 2.399622736656269684e+00
-1.074397556157260070e+00 -1.052942460823469872e+00 2.736453716886059873e+00
-1.077740480183560168e+00 -1.049639048458520074e+00 2.730319118763059549e+00
-1.144569928135319881e+00 -1.099457037206349908e+00 2.857197213606800013e+00
-1.268942178363199613e-01 2.712442070965099816e-01 1.089728869858519911e+00
6.104767593258200176e-01 3.938732409245000038e-02 1.301594930138200157e+00
4.095376451749400681e-01 3.085499051986799190e-01 1.107132188723359834e+00
1.151530083600320165e+00 -8.519495272803799812e-01 2.691521761821239700e+00
5.505704898470600295e-01 3.290891008698999809e-02 1.287939774112329960e+00
-1.179599715544199789e-01 3.548634846841999813e-02 1.301136313061389771e+00
1.072286989023660153e+00 -9.253406390586701447e-01 2.688672743246359964e+00
9.987057083118200396e-01 -1.135022532389269756e+00 2.966735496586859977e+00
5.120355606598799847e-01 2.779852508363900299e-01 1.137064673671430270e+00
9.471770140425800344e-01 -7.915753554186699681e-01 2.531272796572959560e+00
1.151724838687280261e+00 -8.950556748530499318e-01 2.768849619002650364e+00
1.151356404718980153e+00 -9.005601470418299614e-01 2.769730497916539580e+00
1.087225214621400315e+00 -9.517534072525900557e-01 2.745280099696870035e+00
9.475266550551000311e-01 -1.212456070150209841e+00 2.923493949235429934e+00
5.146255901496400442e-01 -9.517161339695600075e-01 2.570451319657629963e+00
5.763172670064000691e-01 -1.124376268068079998e+00 3.049605112521089900e+00
4.748828718228000068e-02 4.860413001784000264e-02 1.168040830852629997e+00
4.028906642421999917e-01 2.112776191385399849e-01 1.192551430645729882e+00
8.414071252445199933e-01 2.998307259424100035e-01 1.194328119407220168e+00
7.756915202575599411e-01 2.832251853525599716e-01 1.212932998660069650e+00
7.791642374143999961e-01 2.812591552531800154e-01 1.214547515768459762e+00
7.821941054017199635e-01 2.850105243686600343e-01 1.228799689933770090e+00
7.422078570516800200e-01 2.782889563354699614e-01 1.237741292415790229e+00
2.029594133099800191e-01 -3.632465525796000350e-01 1.409969097865849896e+00
4.031673063481200359e-01 2.971279175971800468e-01 1.117775075486910019e+00
5.303066205138200484e-01 2.673708623867899759e-01 1.143198034726679690e+00
5.079757087212199984e-01 -3.736575339407600116e-01 1.539644813381429778e+00
5.048270548609801178e-01 -3.723958821543200681e-01 1.561095065398909743e+00
-1.264334791175800443e-01 2.697488127960600002e-01 1.088221633101570163e+00
9.941627356623599088e-01 -5.723961860332901219e-01 2.279304450227620293e+00
6.598651684025399478e-01 3.284424542415999571e-01 1.135598930515300031e+00
6.526635027904000019e-02 -9.022063249431599985e-01 2.399761847229179956e+00
7.933032348246002452e-02 -8.940698703556999583e-01 2.402306226336150097e+00
1.066570083789939893e+00 -7.315916198859601094e-01 2.568060371461529989e+00
-5.467034332701997679e-02 1.610007795524600049e-01 1.130398390919669982e+00
4.510806372416400478e-01 1.041389395209900010e-01 1.378844187010979994e+00
1.985271420974000223e-01 -3.605655329768900352e-01 1.412895992479570095e+00
4.717711619966600267e-01 2.956699391768800034e-01 1.120616721135059723e+00
2.238352669250599503e-01 -4.303930996424800148e-01 1.459123097259440227e+00
-1.135393848285600471e-01 3.858766864545999653e-02 1.269085348781519906e+00
1.194504250339680107e+00 -3.292641652154100207e-01 1.903849974412429980e+00
1.091683554552740132e+00 -3.840168271855999849e-01 1.979675760561099951e+00
1.166789487930860014e+00 -4.411543977135400363e-01 2.189703873939770062e+00
1.158620220171659998e+00 -6.361330975124999121e-01 2.191383706918049956e+00
1.152940208952319967e+00 -6.217695566740399915e-01 2.178974175951669867e+00
1.191054228258860093e+00 -6.482717044660301076e-01 2.320634385724989812e+00
1.062049070251859906e+00 -4.787272645399101023e-01 2.227924640741580031e+00
1.044542731618379960e+00 -4.890098997646999957e-01 2.245918003755800196e+00
1.094128979479640051e+00 -5.526218967507799951e-01 2.277961496899739924e+00
1.065372860904119978e+00 -5.290710432024200438e-01 2.188742242901009938e+00
1.482051656735840384e+00 -6.377878850046100334e-01 2.483751297898330712e+00
1.275774939956940246e+00 -5.321203089347099624e-01 2.297074858103929973e+00
1.347666087000560120e+00 -5.771250502661500192e-01 2.231338564982299655e+00
1.356218900430260277e+00 -5.797891232761099856e-01 2.391305743855130395e+00
1.416377055527759943e+00 -6.490781586500400380e-01 2.462753738835219863e+00
1.400287838241060179e+00 -6.439494575896099748e-01 2.447467052101530260e+00
1.578130235426200345e+00 -7.005021479874300461e-01 2.460152028221390008e+00
6.665237859386000663e-01 -2.068018321584300101e-01 1.143897780589190116e+00
1.737496561473200474e-01 2.755694801427999718e-01 1.082606934039950008e+00
7.180697344637599899e-01 1.151651234312399824e-01 1.348093301048479686e+00
7.158574577795400184e-01 1.157644332680699967e-01 1.347789227778289689e+00
2.897338371989399697e-01 -3.526180421708300372e-01 1.387141847557190166e+00
3.454712257142399934e-01 2.871487317434600062e-01 1.111746686676869933e+00
-1.593647106790000156e-01 -9.012670714262099869e-01 2.265152533102980037e+00
-5.042396608977994799e-02 -8.474108939299801468e-01 2.276081319637739853e+00
1.186659532220520230e+00 -8.890342752011299865e-01 2.575259553573990612e+00
9.974556509969398910e-01 -1.120636488586540080e+00 2.909116318165520187e+00
9.817678498483600746e-01 -1.142307978677119973e+00 3.068379980259860140e+00
8.141726441293799521e-01 -1.190184252554360000e+00 3.164999519686679808e+00
4.600560395780199929e-01 2.289113271633400060e-01 1.190070125747030083e+00
5.587698420960000023e-01 1.674524016964499817e-01 1.278345698696249810e+00
7.235234537934599475e-01 2.136428526807799821e-01 1.310468996156610055e+00
-3.430817272961600439e-01 -4.885619048354000044e-02 1.328527029114819902e+00
5.363971631098800597e-01 3.053905634494099575e-01 1.116775872842620032e+00
5.230965957539399636e-01 1.646244242702099569e-01 1.314043778208570101e+00
1.109078361945860181e+00 -5.432942366964300662e-01 2.293400775679239612e+00
5.558999077399600086e-01 3.631051629011999848e-02 1.312071518814990290e+00
3.751400769815000924e-01 2.489524789147399830e-01 1.144750975848930041e+00
1.064196906609299997e+00 -5.411886165438399843e-01 2.191747489881869626e+00
7.508455021707400867e-01 9.872073728670001380e-02 1.301054218588800104e+00
2.847073177484200079e-01 2.308068167477099752e-01 1.160399494116119978e+00
8.710206336583399267e-01 1.787613704717899710e-01 1.281389561600930094e+00
2.583598485396400024e-01 2.311528960309900405e-01 1.142708526015429937e+00
3.840184619584400272e-01 2.126041505504199791e-01 1.193711984989590080e+00
-5.626155845746000361e-02 2.106518831725999741e-01 1.209613304796649969e+00
-1.060379708620023953e-03 4.368161496992999798e-02 1.146868124322810045e+00
7.016560266752799313e-01 1.972410568949999887e-01 1.299718534867450259e+00
-1.233660365792000058e-01 8.353700665919000512e-02 1.342822696522380177e+00
5.430915299555399978e-01 1.605595987249199830e-01 1.348223846966339901e+00
-3.687029920648400294e-01 -1.085952735543200126e-01 1.478829544507110016e+00
5.697795234162800204e-01 -2.549884723602999920e-02 1.252545463503589973e+00
2.697308423974200675e-01 8.228451414713998380e-02 1.485933102475729850e+00
4.491211245484000303e-01 1.721437082789699646e-01 1.261585499950140132e+00
4.378261907631399996e-01 2.863480381764299532e-01 1.111638183399759949e+00
-6.671961423307998240e-02 1.035567682125999867e-02 1.323858830731220015e+00
5.432046331522999427e-01 -1.108329134082310041e+00 2.960163169326529786e+00
