-4.803523077239989225e-03 8.015378173446002785e-02 1.452410651921040241e+00
-3.535783411261400055e-01 2.606607087644400300e-01 1.437557474563810000e+00
-8.668811534102000005e-02 1.745953856207699828e-01 1.468960517644069874e+00
-8.668811534102000005e-02 1.745953856207699828e-01 1.468960517644069874e+00
-3.323873663679799417e-01 2.416401244665199732e-01 1.439439425431420005e+00
-1.031308127817799902e-01 2.710350454724499425e-01 1.389570054246360264e+00
-2.979924383959799972e-01 2.760357668697599465e-01 1.397373231018120165e+00
2.063732587071999691e-01 2.076713777534999750e-01 1.385090341054040053e+00
-2.960260298859995060e-03 2.570694188663900093e-01 1.398391194402219817e+00
-1.205776061740000127e-01 1.218230714780400015e-01 1.352236894355310026e+00
-3.041199799315800201e-01 2.287302668508999770e-01 1.447656087112950019e+00
-9.367791821269999541e-02 1.129843839793899796e-01 1.392565006229899982e+00
1.550371732487399734e-01 -3.186414339836002307e-02 1.625890205337559902e+00
-3.074496301208000104e-01 -1.378045395763899950e-01 1.664919730539700105e+00
2.023427455735799518e-01 2.493014882398799370e-01 1.359698929333709838e+00
-5.179681478086799462e-01 -7.021751993849001394e-02 1.687873081072789994e+00
-1.571598477527200166e-01 1.971038687139699819e-01 1.427266583874229777e+00
6.902776006364000350e-02 2.265234127216900206e-01 1.417848922406059753e+00
2.022296919375999591e-01 2.494031767119700427e-01 1.358073505156450089e+00
1.734953321704399976e-01 2.111166132552999841e-01 1.383885909498419942e+00
-2.753538271119599923e-01 -1.729752935527099911e-01 1.680162059014779885e+00
-5.520863921717197309e-01 -1.509614732728400410e-01 1.801223305953280285e+00
1.933819356098000208e-01 2.161731085845099709e-01 1.390572117650770156e+00
-3.464194828925800107e-01 2.452351144080199552e-01 1.440198925323449952e+00
2.647589813963799887e-01 2.168483816310699808e-01 1.384055390522560103e+00
3.146890289610199676e-01 1.983584607556100055e-01 1.377492414534689846e+00
-2.037553590549199822e-01 7.095010293035000637e-02 1.368316166473579898e+00
2.880352061990799628e-01 1.692369908038699744e-01 1.394186874444589996e+00
-4.544854179775997816e-02 2.653358215732900538e-01 1.387981584042250027e+00
-1.300492555018799845e-01 -4.070602933065999296e-01 1.998961895608540207e+00
2.535853282917999857e-02 -3.939522446493700092e-01 1.959627349364829740e+00
-2.092074033260000465e-01 1.093553437519199645e-01 1.383520688957839972e+00
2.829858552761199686e-01 1.501930036455099704e-01 1.422513839712249872e+00
-7.089138143259998692e-02 -3.794364534977699988e-01 1.973700942794189839e+00
2.663926866905400037e-01 2.164970903484700337e-01 1.390244288136869955e+00
2.887786400680006360e-03 2.378626962283200419e-01 1.412099674126489735e+00
-9.794848587601998058e-02 2.795718512010599288e-01 1.392333156614550038e+00
3.001025216377199989e-01 -8.619152376847999397e-02 1.474978223252890075e+00
-3.311650054795998999e-02 1.082351371151100139e-01 1.468986844944170311e+00
-1.165720158110399862e-01 1.359782455939399504e-01 1.362984447682559885e+00
-1.189346586560399988e-01 1.211852194264600169e-01 1.345042136746740002e+00
-2.887169524769199747e-01 1.634372126932999436e-01 1.494747871808800088e+00
-3.769325397773399811e-01 1.412343336471399979e-01 1.507892646105660095e+00
-3.907913440723998627e-02 5.776957385760000951e-02 1.466167860175219939e+00
-5.380098645497998211e-01 -3.029750368619299472e-01 1.861541887389199790e+00
3.280767527381199811e-01 1.073596505456199945e-01 1.453609420987799883e+00
-1.212398615397999591e-01 -2.322246766344300273e-01 1.777335380086550121e+00
1.546243511569800333e-01 -3.496653270335001173e-02 1.629465855500700222e+00
-1.036126480582799936e-01 2.701842822247299547e-01 1.394000160133630040e+00
-1.395046191581800210e-01 2.092578253090899842e-01 1.432655645704630221e+00
4.439974502154800384e-01 -9.976928409618002203e-02 1.621375116622710166e+00
-1.199437813446199985e-01 1.207920531987399793e-01 1.351117488182079995e+00
-9.507801322112000020e-02 1.127576762709600056e-01 1.385787944388630066e+00
-4.609422117715800127e-01 -1.842834058210199855e-01 1.776744630792749913e+00
-9.667272625367998029e-02 9.430702664849965888e-03 1.522935632921750049e+00
-3.921135755663998634e-02 5.991960267701998410e-02 1.465471123828010036e+00
1.331908234004599845e-01 1.891259187736600011e-01 1.405396846346300244e+00
2.424201951807599675e-01 1.288377785007999987e-01 1.437303650205949967e+00
-3.060767130313399864e-01 1.271095895008899634e-01 1.534521745134530324e+00
-2.958319917971800050e-01 2.178025593800599624e-01 1.458628146606189890e+00
-4.372420658035998386e-02 -2.505704005405600121e-01 1.816811509854079798e+00
-2.377153012793999098e-02 -4.264712652585600505e-01 2.003323747815970002e+00
-7.453495097109996692e-02 1.401499451365899596e-01 1.440526188020450071e+00
-4.454505289009199620e-01 -2.181575492640000502e-02 1.648040108408019844e+00
1.231248099640600002e-01 1.585732130115700411e-01 1.424528089063769709e+00
-4.075839961551799839e-01 -3.411010365280998935e-02 1.641921826473229817e+00
-4.553021674322599299e-01 -1.776149751552699996e-01 1.797199144997100095e+00
-1.642497879813399619e-01 9.015897106659001570e-02 1.357345163346329819e+00
1.691529067507799855e-01 2.491413741790400038e-01 1.347400005699110004e+00
1.691529067507799855e-01 2.491413741790400038e-01 1.347400005699110004e+00
1.517982276476199932e-01 1.834623385546000074e-01 1.400216330991600255e+00
-6.163638562209998450e-02 1.634579064915001045e-02 1.472522571016699811e+00
-4.211068027512199774e-01 -3.439228528192000423e-01 1.957662269472199679e+00
-2.586889380356199863e-01 1.118246099603997790e-02 1.555826314377069863e+00
-1.251380656256999568e-01 -2.347445541792400059e-01 1.788884828345719935e+00
-3.247151011529600395e-01 2.538959885114500103e-01 1.424754715649910075e+00
-2.609181552037399543e-01 2.088899460445999834e-01 1.457741620491380008e+00
-5.416104801187999751e-01 -3.034716506458299823e-01 1.865687906053790091e+00
-3.095171932696999528e-01 1.274600076604299748e-01 1.533869433803940030e+00
-3.373407204292599992e-01 1.087171166628899954e-01 1.544418232614100273e+00
1.530442309576599824e-01 -3.822497627588998526e-02 1.626488622850890131e+00
-2.839101558832800021e-01 -4.267599597185300353e-01 2.032121535624450193e+00
4.863634018654399704e-01 1.004402837901399725e-01 1.442467066426300182e+00
2.417547771333199980e-01 1.296646051144499934e-01 1.433401320994389661e+00
-1.858958251620006913e-03 -3.215810996951199430e-01 1.833254767201410118e+00
-4.046874949899599838e-01 6.519310190290006357e-03 1.601354310944219872e+00
-4.046874949899599838e-01 6.519310190290006357e-03 1.601354310944219872e+00
3.415709983579599540e-01 -9.352187456778002228e-02 1.482848782751470029e+00
-5.280747753906599451e-01 -1.476853131928000384e-01 1.762986970906890161e+00
2.957431840726001265e-02 -2.269145741562000884e-02 1.501028728925649869e+00
-1.739765355809998540e-02 -1.389097188130900273e-01 1.707962197124099912e+00
-3.430408969637799843e-01 1.622218272831499886e-01 1.469204258204670044e+00
2.204694559098001327e-02 1.593719670481996697e-02 1.455361791385900272e+00
2.626920849485600007e-01 1.233517601911399975e-01 1.437913197861779846e+00
-3.383212680385999649e-02 1.066841380829000319e-01 1.474410701609900176e+00
-7.494908845555998955e-02 1.373643532100899955e-01 1.452936458493709893e+00
-6.164654308229997742e-02 1.707020405622000636e-02 1.471582664464559986e+00
-4.857880903006198681e-01 -2.038774932116499961e-01 1.874605821380529669e+00
-3.067826190112799556e-01 -1.933997139328200165e-01 1.712409192715190098e+00
-4.703810223962600623e-01 -2.466976471966100259e-01 1.817541102168080069e+00
-4.703810223962600623e-01 -2.466976471966100259e-01 1.817541102168080069e+00
-5.360010548987398371e-01 -3.109470048364599837e-01 1.873652332223080030e+00
-1.359340092355199592e-01 -2.359163404451299906e-01 1.784983140232029974e+00
-1.767500073822799445e-01 -2.664228284277300185e-01 1.795118913191770194e+00
-1.494893139034799701e-01 -2.788252003333300255e-01 1.776887213269310095e+00
-1.354303529295199371e-01 -4.076392194911699907e-01 1.999002334387599777e+00
-4.587449186300000814e-02 -4.526480073111699420e-01 2.030191330520549897e+00
1.556086564789000148e-01 2.583472113912800294e-01 1.356496136084920145e+00
-2.428307621773999891e-01 2.551765404972800022e-01 1.446008372828460065e+00
-1.304625650716000063e-01 -2.195648802546996958e-02 1.483876981914439952e+00
1.995545680676999722e-01 1.400448661444499421e-01 1.435034647355489579e+00
-1.999951722284800115e-01 -1.840208272000500300e-01 1.694714234073730008e+00
-2.000348372547199605e-01 -1.833619420106900044e-01 1.690774129562199857e+00
-4.637456784421999101e-02 2.672598810399300362e-01 1.394668265676009877e+00
-1.218829652031998799e-02 -1.603079901530100326e-01 1.749026582127130247e+00
2.733196584452000227e-02 -2.078726214574100339e-01 1.768026493990869863e+00
-7.411507638885997395e-02 -3.309199683468599940e-01 1.885632703658339793e+00
-2.033929601636999540e-01 7.262504985387999157e-02 1.366228443478270105e+00
-2.152372948115800211e-01 1.000233441548900037e-01 1.373514403551030050e+00
-3.891531409428199417e-01 1.973225440354300364e-01 1.447090189650940051e+00
-4.055296819815800147e-01 5.224385541029968882e-03 1.608334357867740039e+00
-3.075907320080999430e-01 -1.404184952068100178e-01 1.664849032306639831e+00
-4.561550892219998765e-01 -1.809213885453300197e-01 1.775652989971600260e+00
2.091877765809799783e-01 2.356112661990300283e-01 1.349966953263700198e+00
-4.502436995165199352e-01 -1.684770521320499981e-01 1.770946556571249886e+00
-1.341853111108199936e-01 -2.168438223104300344e-01 1.742990569100659748e+00
-4.710975459447800384e-01 -2.443046319464799998e-01 1.817592779718429696e+00
-2.584458437064999226e-01 -3.582235416073600298e-01 1.965210828315549829e+00
-2.153332784300799885e-01 1.001089222112900023e-01 1.371509091651760048e+00
-5.025991840991998749e-02 2.480517529330500126e-01 1.407485653570439865e+00
-1.432170384521399831e-01 -3.038101188735001235e-02 1.580567668252939928e+00
-3.020071029075599989e-01 1.872534249326300027e-01 1.493672375456599699e+00
-7.469953013157998312e-02 6.413920656429997202e-02 1.571102754739679863e+00
-9.791006457472001268e-02 2.323216236128999856e-02 1.478050526182559832e+00
-9.791006457472001268e-02 2.323216236128999856e-02 1.478050526182559832e+00
-6.876877620037999406e-02 -4.238513555854998838e-02 1.468484241251839961e+00
-6.005566909385998131e-02 -3.711958112986001035e-02 1.434437013855519805e+00
-6.427246788283999535e-02 -4.230420737560995625e-02 1.464132897704189862e+00
-6.414205801591998934e-02 -4.075877098370001006e-02 1.462296867685989987e+00
3.140139164767200008e-01 1.498137750264299795e-01 1.411349981080739724e+00
-9.564630937449999926e-02 1.941470855202999390e-01 1.431643256634250072e+00
1.344934485786999923e-01 1.898778017909699967e-01 1.409270426330810011e+00
-3.103322522860599286e-01 2.259463616269499764e-01 1.454244561631679922e+00
-5.056720799471999678e-02 1.012175878280200114e-01 1.468285971377039978e+00
-2.862560435662000469e-01 1.742076537937100045e-01 1.488012391186249950e+00
-1.261997994569999670e-01 5.682157617336994204e-02 1.545923971041680112e+00
3.729123346235199699e-01 1.974420068015700080e-01 1.384210493158210209e+00
-4.589486818651998534e-02 -7.379781297926996109e-02 1.614189298759169944e+00
2.783749350720400306e-01 1.494931939150899725e-01 1.411034209634340009e+00
-4.872743594362000108e-02 -7.685297220990003342e-02 1.638976576847220201e+00
2.264768449075799939e-01 2.455176972047799777e-01 1.359781158347510122e+00
-1.961543776390800020e-01 -1.109541037072499792e-01 1.652233405394409882e+00
-3.948873699557599593e-01 1.748135487769099938e-01 1.513910943949869914e+00
2.972598933543599831e-01 -8.323406339120001385e-02 1.471314387160770121e+00
-2.045829044989400380e-01 7.124049721651998235e-02 1.370771534868469921e+00
-3.636242235852999993e-01 1.186526848393099631e-01 1.542384681729190188e+00
-9.844602304235999801e-02 9.803122674999997788e-02 1.367690383955169953e+00
3.659622243576000911e-02 -4.479938950155001876e-02 1.477961708418969788e+00
-1.307777815828599921e-01 5.454773800438997289e-02 1.554160042204409731e+00
-1.249105427819199865e-01 5.525430147937995806e-02 1.537323114201179841e+00
-3.250482918040799585e-01 1.983083852376300305e-01 1.472689041593480130e+00
1.860310277692799885e-01 2.415853022004300077e-01 1.356172248442189865e+00
-1.516137479701399615e-01 1.532065542838099981e-01 1.365386868480160221e+00
-2.852240967486799894e-01 2.737703105028500006e-01 1.410512179295750013e+00
-3.080222730930999853e-01 2.499227718194400039e-01 1.432620514644869836e+00
2.908834334816799427e-01 1.996170429064099971e-01 1.360576748740709885e+00
1.335862297841199919e-01 1.889437105907900150e-01 1.405038769974880086e+00
-6.287135376096002204e-02 1.726930662782000248e-02 1.466345975448310135e+00
1.796562561736599895e-01 1.446245528169000094e-01 1.426035407761409690e+00
-3.126042265255999930e-01 2.260296333553899750e-01 1.474236798270210258e+00
-9.718358583473998835e-02 2.326933383147000711e-02 1.472688196587879972e+00
-2.373563741200200028e-01 -2.451687815090003442e-03 1.515617639357199842e+00
2.940626751124000154e-02 8.285430905560012271e-03 1.460015295752040032e+00
3.374473472307200073e-01 -9.178834658266998847e-02 1.478574314748290153e+00
-2.846292444547199874e-01 2.734841864780599430e-01 1.406587890157680043e+00
-2.846292444547199874e-01 2.734841864780599430e-01 1.406587890157680043e+00
1.513271147587999799e-01 1.833343638482599902e-01 1.402559315835170128e+00
-1.263909847275199727e-01 2.505725994395002765e-02 1.571275490073119840e+00
4.126426720802199855e-01 -9.954047650450048579e-03 1.583721841735969971e+00
-3.159406848513199306e-01 5.057628259600996379e-02 1.599908525834900175e+00
-2.957794137159799330e-01 -6.573239149708001716e-02 1.625455753782270030e+00
-7.774974109964198909e-01 -5.001285765450299570e-01 2.132646969761890166e+00
2.076162275987799843e-01 1.688543266889399597e-01 1.410470844663159973e+00
-1.451765286633600049e-01 1.710597814578399822e-01 1.389262720090449932e+00
-3.015711301686599954e-01 1.887746458615799927e-01 1.493455858020090066e+00
1.967561901324799689e-01 1.389296815726699663e-01 1.428899121207030110e+00
-3.337972486004999739e-01 2.472444339828699933e-01 1.440744002345029973e+00
-2.029451185470799723e-01 1.005823716544799740e-01 1.346169460271519958e+00
-4.039341684264999288e-01 4.895170587779995586e-03 1.608741560186039976e+00
-4.039341684264999288e-01 4.895170587779995586e-03 1.608741560186039976e+00
-3.744743145462000045e-01 1.398703766572199914e-01 1.499834590482759911e+00
-2.960281669852999342e-01 2.192438872210399625e-01 1.455540446177450153e+00
-3.824056746868400025e-01 -2.528514184006599996e-01 1.850814914216220242e+00
-3.672639964188000039e-02 5.787017746023001563e-02 1.451367619460349978e+00
-2.081478975195399650e-01 1.114595993597100321e-01 1.393421745157959801e+00
-1.026683870265400200e-01 1.575922021172400100e-01 1.411787293524759956e+00
4.426470523386002304e-02 -1.838556073136999869e-01 1.748200255270659920e+00
-3.618944298038400120e-01 1.175740175533299681e-01 1.537896125278840120e+00
-3.618944298038400120e-01 1.175740175533299681e-01 1.537896125278840120e+00
2.070806270771799740e-01 1.698957088260099613e-01 1.408807868973790178e+00
-4.168201601258599842e-01 2.798162249178998140e-02 1.590043128840739950e+00
1.826030888767999627e-01 1.815428764088300173e-01 1.431603081917999898e+00
5.050749298981001001e-01 2.494352026576998616e-02 1.520230816414339881e+00
-3.124339243617999529e-01 1.493116549843599428e-01 1.521874100092309945e+00
8.400288898812000027e-02 -6.450196817278000538e-02 1.473289968478289858e+00
-4.341212436887997850e-02 1.028642462607999852e-01 1.448646207358589955e+00
-5.108118602213999188e-02 -1.714541240040999559e-02 1.452525416561309957e+00
-1.942733899329799896e-01 -1.095747742449100226e-01 1.645890942518410061e+00
-4.100813201044999357e-01 -1.634532014670800060e-01 1.804142852092099680e+00
-9.476641265599994313e-03 2.408248434391800363e-01 1.410090158770319846e+00
-1.309890414399999814e-01 4.594290527918998279e-02 1.566308138452340071e+00
4.482057454825599252e-01 7.862490702845997825e-02 1.457628938314110112e+00
8.848701994104201107e-01 1.501031569966599921e-01 1.391625059011039944e+00
-4.209652443909998876e-02 -7.043915291183000527e-02 1.584026645297849978e+00
4.366255304534599202e-01 -1.029206127540099880e-01 1.615345999800299914e+00
-8.348966330779989536e-03 -1.316086233171899766e-01 1.696344136223349786e+00
1.556439936148200087e-01 2.602556469509700321e-01 1.349562113789939843e+00
-3.721716667028400205e-01 2.883321257991299791e-01 1.407343290093890253e+00
2.079203057637999674e-01 1.696207915448599834e-01 1.405576155061289967e+00
-1.027044150695599900e-01 2.736263962744899803e-01 1.380524399638269895e+00
1.505514664316199847e-01 2.865432904092299893e-01 1.362699814311159940e+00
-4.501114795394400292e-01 3.906720914629099317e-01 1.316658745070230063e+00
-1.291195343936199780e-01 -2.290249265751699848e-01 1.767504520065350082e+00
-2.986313053575799792e-01 3.185428195799000495e-02 1.599893403591869934e+00
-1.105122502815200081e-01 5.988240926250001928e-02 1.316997978218189980e+00
-3.924873656800999533e-01 1.979336885950700176e-01 1.478541677996179526e+00
-4.041444919510799871e-01 3.621392877293999613e-02 1.565806310133140311e+00
3.277656161851399963e-01 1.077303470845500100e-01 1.452198627876279957e+00
3.277656161851399963e-01 1.077303470845500100e-01 1.452198627876279957e+00
-4.051268123795800369e-01 1.334013171798004160e-02 1.590634522537430318e+00
-4.298144716157997758e-02 -2.209888980636299793e-01 1.806082247037040123e+00
5.330184370954400563e-01 -5.727677721908000508e-02 1.621329945778670290e+00
-4.531413156962999511e-01 7.735270515849990147e-03 1.602714594517910207e+00
-3.281106249583000123e-01 2.832638512690400234e-01 1.427744928723099882e+00
-3.688998778513199461e-01 1.886853625343099528e-01 1.466565177209919746e+00
-3.688998778513199461e-01 1.886853625343099528e-01 1.466565177209919746e+00
-2.485064314513998548e-02 -4.275045257959699807e-01 2.001206102149809762e+00
-3.632487869839400307e-01 1.163761832840300159e-01 1.542804334609629624e+00
2.446136411607200412e-01 1.300317805508799940e-01 1.443415397651099941e+00
4.456845036619998951e-02 -1.741183098301200272e-01 1.694641224521490130e+00
-4.502956520057599943e-01 -3.115147413267002618e-02 1.653492065615310036e+00
-9.706780681030199309e-01 -1.187478818900849831e+00 3.059068283062530202e+00
-5.096911898208799085e-01 -8.046783089349599516e-01 2.428458657210350147e+00
-9.599310485935999560e-02 -1.692708674230998522e-02 1.487034266998000120e+00
-3.766273456471999626e-02 6.089005976067998760e-02 1.458027132628009870e+00
-3.609086621247399318e-01 2.505943902930900524e-01 1.447020790426789993e+00
-1.362805823310999920e-01 2.102920759531499428e-01 1.426643707778649794e+00
2.843119361309200399e-01 5.977665089370004514e-03 1.571709541102780161e+00
1.290664594722600034e-01 2.300698033007700372e-01 1.401842028770340143e+00
4.757502002072001163e-02 -3.986340952926700210e-01 1.886853224076769919e+00
4.015650753300000625e-02 -4.905431496239003042e-02 1.498949869338030094e+00
-1.024024685826999681e-01 6.975221369499989832e-03 1.516469256081470096e+00
1.154906231383399928e-01 -5.369693672453999811e-02 1.559167437352099839e+00
-3.257896508645800049e-01 2.556857116699899901e-01 1.424612160425180019e+00
7.387332044468000736e-02 -2.840569740243300001e-01 1.860071028702759754e+00
