-2.679552953398001147e-02 1.796975682030400034e-01 1.191508731297040269e+00
-3.657723945170499591e-01 3.152121952942300021e-01 1.174545969211590046e+00
1.428536339869299898e-01 8.973056764210997349e-02 1.368475723906610098e+00
-5.254334903737499785e-01 5.933977653419977849e-03 1.445926831803310053e+00
-1.069474147047199952e-01 -3.754682737690600569e-01 1.827329544358650137e+00
-1.815231230754500158e-01 2.213459436633500033e-01 1.092488787870599998e+00
-1.867645925277500174e-01 1.742614836641599718e-01 1.099997987276130074e+00
-2.335272267374800537e-01 1.896457368590800108e-01 1.124110356418760004e+00
-5.697765941167001053e-02 2.064504973393899989e-01 1.206944960463800065e+00
-1.433892532517599960e-01 2.219618317580600020e-01 1.100815582720420016e+00
-4.018819698734100165e-01 2.156853967886099843e-01 1.248990266000169935e+00
-1.158889287830899839e-01 -1.221010746990699863e-01 1.534573951689800042e+00
1.427138204151899847e-01 8.680824591509998800e-02 1.372220186932840313e+00
-1.710737878992000249e-01 2.970530646561599930e-01 1.166730294426930215e+00
-6.718655667025900113e-01 -5.274404631157998680e-02 1.574313613942619927e+00
-1.199647405075100204e-01 2.017129426330400155e-01 1.124531845243810002e+00
-4.582320618877001039e-01 -9.986261360722999136e-02 1.536314006406160226e+00
-5.943679257416999845e-02 1.576938138109799936e-01 1.206147025878169909e+00
2.158673316352299754e-01 2.458657904177000142e-01 1.170191632367030055e+00
-3.298879479196799580e-01 2.084040008808599742e-01 1.275315296587850256e+00
-3.273213557549000674e-01 2.952782008196899732e-01 1.194467951120520288e+00
9.453830584261999070e-02 2.658246602456800223e-01 1.157553969468910093e+00
-4.177889573595000017e-01 4.620955588056001317e-02 1.392774518276329809e+00
-4.529003618235899475e-01 -9.167043015348001755e-02 1.556292150961420040e+00
-1.875208035688800123e-01 1.724564628201600280e-01 1.098365766195549931e+00
-4.045586813692100270e-01 -2.458281631715500404e-01 1.725036105758990024e+00
-1.194651720154899788e-01 -1.242641554165100221e-01 1.546298588031230326e+00
-4.181920270021100561e-01 2.670901206784099813e-01 1.192701894794869988e+00
-4.560059966707299961e-01 2.705940965029000056e-01 1.196945814103520078e+00
-3.782025016144799912e-01 -6.265723009031999580e-02 1.485686120152559964e+00
-6.720618133352700418e-01 -2.930622884102100367e-01 1.759590861423399932e+00
-3.333516677699500108e-01 2.084589844088199917e-01 1.274694951359560235e+00
-2.695976750273400002e-01 -1.954973772330900195e-01 1.661487219546690097e+00
1.413538420358199932e-01 8.328104960714000082e-02 1.369447554608890227e+00
-2.607233472147300057e-01 -3.139086131054700801e-01 1.801883594762860197e+00
2.151007758718699869e-01 2.464235706020500016e-01 1.166260237021320201e+00
-4.271972449129900484e-01 1.129403687685999885e-01 1.330476121360960162e+00
-5.193439677423800083e-01 4.719268908356000214e-02 1.401468151503000081e+00
-5.852233143756001288e-02 1.607009520755399989e-01 1.204034075041260143e+00
-2.636340803896000118e-01 7.360766747514999042e-02 1.275768143335350047e+00
-3.831746445675400237e-01 -6.546387021583997823e-02 1.489800504339990006e+00
-1.741653903178400076e-01 2.930531698237999749e-01 1.160904649331709892e+00
-2.529007206428199872e-01 1.340146339042300183e-01 1.259442544874270098e+00
-5.751753554603000751e-02 2.051522314023500049e-01 1.212454858711069949e+00
-1.010581512607700017e-01 2.314309808074099806e-01 1.189945631682560068e+00
-4.805067061094400183e-01 -1.158276536825999931e-01 1.635445313708909998e+00
-1.301815084624299845e-01 -1.264555887238699716e-01 1.542623483616959890e+00
-2.144439835821000673e-02 -3.219492054003300074e-01 1.797905433267700248e+00
1.186739218765699710e-01 3.638416441794700140e-01 1.083739741299330150e+00
-1.288934265817000269e-02 -4.388690431199000763e-02 1.500820886576460067e+00
-5.259999091613900557e-01 4.407416179249999677e-02 1.428164390795259919e+00
-2.568199420544299838e-01 1.832278503339500042e-01 1.210948288587720079e+00
-4.189409367703099685e-01 2.672550091518200444e-01 1.185415618435800233e+00
-4.190647327700900426e-01 8.367164313272000553e-02 1.357074312542019934e+00
-1.165524102664499961e-01 -2.144143038705300097e-01 1.681043351987760337e+00
-1.262110707021000255e-01 2.852393803459499777e-01 1.165903152530999964e+00
1.033474557268999616e-01 2.970024794072800289e-01 1.140455375410190264e+00
-2.001600440050400331e-01 -1.291149931623998548e-02 1.401765774476790183e+00
2.086144109237999394e-02 4.058910026630099810e-01 1.076842934507759919e+00
-7.979268711903000910e-02 1.135037381581799898e-01 1.209680164260510171e+00
-3.268441899966800235e-01 2.091412289670500080e-01 1.273955682693769909e+00
-2.187506139154599960e-01 2.708406031140399572e-01 1.199348589923860064e+00
-4.167353095183299883e-01 -1.175212379170999938e-01 1.590081608075669894e+00
-9.973308511925002562e-02 -3.953289057964000652e-01 1.880726596296300013e+00
-3.994114678625000359e-01 2.140664617422800009e-01 1.240983320501039877e+00
-4.738970647404000536e-02 1.668036546690299937e-01 1.193412945971400241e+00
-1.403031765796199926e-01 3.532662268435499686e-01 1.109622417447230003e+00
-4.312510041354600809e-01 2.822277010011002563e-02 1.450742430152870188e+00
1.184927699630299869e-01 3.653613766457800005e-01 1.076712534474520089e+00
-4.093056775274699910e-01 3.569462644973700471e-01 1.140542791209140150e+00
-1.842888957710200060e-01 2.196919176960699938e-01 1.097002082519439981e+00
-1.948191577643999806e-02 4.363320413759099736e-01 1.027972196751340217e+00
-3.500120154465400368e-01 1.547002112363199955e-01 1.323327773013620146e+00
1.115632652082899912e-01 3.918788868355200239e-01 1.088475898808999975e+00
-5.401278848458599402e-01 2.604388912104999565e-01 1.226334650615240163e+00
-4.593598807635799752e-01 2.721724981267100163e-01 1.206891395817500046e+00
-1.240897553581200297e-01 -1.200489277345799938e-01 1.524699308504390061e+00
-4.466107645180200647e-01 3.844279220516099715e-01 1.102766088002659961e+00
-3.944632128898100110e-01 3.668476149925399832e-01 1.141575506848510058e+00
-1.827110644134700146e-01 2.203341288980200097e-01 1.093156781240339992e+00
-4.789419856098500183e-01 4.569728766326000557e-02 1.412013258046080022e+00
-3.671343823568200548e-01 2.712815361659199898e-01 1.201277034124940135e+00
-2.789050190562001111e-02 1.811647546689600097e-01 1.166454194958609802e+00
-7.635984213274099597e-01 -7.658284105294001221e-02 1.572474456731270287e+00
7.537980171235000859e-02 2.492606316301400060e-01 1.215699372398870270e+00
3.599234555928599866e-01 2.229034648525800022e-01 1.181749807750699821e+00
-2.707378007762000632e-02 -3.374671812871000987e-02 1.458231744656300233e+00
-8.368029810375300359e-01 -2.979810023336400548e-01 1.790829344634000231e+00
-1.898555468531400170e-01 1.723063092831299825e-01 1.096654016205349969e+00
-4.204693725495600720e-01 1.122809750115600219e-01 1.312910543649620010e+00
-4.194607744899800372e-01 9.080452409776999800e-02 1.338955897479680024e+00
-5.830124827699699752e-01 3.040477589596998764e-02 1.424147567801940184e+00
-4.960965163023801083e-01 3.233310435892400303e-01 1.131792094212489941e+00
-5.862648082875000499e-01 1.265721181671299878e-01 1.330874508964589920e+00
-4.859959730945699885e-01 3.534293242818600245e-01 1.084804489751110212e+00
-5.051383720804299982e-01 4.820734177872999793e-02 1.387722173569259976e+00
5.216064345124099555e-01 9.250744947807999774e-02 1.359813516664249988e+00
-8.971510746707000994e-02 4.761699376197199851e-01 1.022308141376089941e+00
-3.978911704979000152e-01 2.612492745641900038e-01 1.205034720085770061e+00
-3.329103468930999510e-01 3.262775490456999994e-01 1.157974679613500202e+00
3.013396995913699139e-01 2.380389492095200121e-01 1.171741410802029870e+00
3.008477878749100110e-01 2.346866023384099886e-01 1.178238152105689940e+00
-5.038633447907400198e-01 3.222811808208299600e-01 1.147050737152350175e+00
-2.833342292827299991e-01 4.830385416753999461e-01 1.020405248371020202e+00
1.248043247181699900e-01 4.693463076415400059e-01 1.004310263038689977e+00
-5.047924658652700458e-01 3.480409911489400487e-01 1.106559587222849972e+00
-4.342619598268099845e-01 3.150494607960200311e-01 1.170368655598150065e+00
-4.887625866256100626e-01 3.519614417632699888e-01 1.088829323939100036e+00
4.418131732904997250e-02 -5.638755184938003262e-02 1.446447235417209987e+00
-1.667665815746100233e-01 3.645768488843100230e-01 1.137165321750069902e+00
1.891842872536499687e-01 3.515713073699099911e-01 1.091369491324279961e+00
-5.102577973636099884e-01 4.521579577185499965e-01 1.062674688423389968e+00
-4.604795294919499793e-01 4.659312380567000311e-02 1.404786069884860211e+00
2.126932245950099998e-01 3.297365159488199748e-01 1.099644437607419922e+00
1.886499971213799476e-01 3.523321976402600253e-01 1.088991703377010012e+00
-3.376716256598799593e-01 4.543000668028600031e-01 1.064730816977650152e+00
-1.829846144692000021e-01 2.197061339384500100e-01 1.095367207646650076e+00
-1.642385166670300156e-01 3.613296974672500217e-01 1.127544110981020031e+00
-4.458803833524099813e-01 3.776566791727599681e-01 1.099756333644870132e+00
1.207658707259799680e-01 2.988642257611699993e-01 1.121240335525490073e+00
-1.335368540754100219e-01 3.524670157684300364e-01 1.143480027342430150e+00
-2.860901686477799744e-01 4.878965876887800257e-01 1.032855609531309948e+00
-5.265189062854800373e-01 4.539684934347599787e-01 1.090858065486249862e+00
-7.614134374743000699e-02 4.507198698542399518e-01 1.057123351262940103e+00
1.061748241537899817e-01 3.819088276173800423e-01 1.080270785523979926e+00
5.955129749924002042e-02 4.247349959953899967e-01 1.052123095732860003e+00
3.070908067290399890e-01 3.338981610294800006e-01 1.105150827620279941e+00
-2.515236644430500768e-01 4.501513569570800288e-01 1.041198912798390053e+00
3.139037772918100155e-01 3.323707011014600532e-01 1.127671894315240175e+00
-6.792664092424500755e-01 -3.131338522043100592e-01 1.782827996027720019e+00
-2.837778762589500126e-01 4.828589348647500112e-01 1.021383201817299913e+00
1.335822912092001630e-02 -3.698254638355399915e-01 1.845111649501500306e+00
-3.694251248836199486e-01 4.266057583306199774e-01 1.076478982755989966e+00
-4.241479670120700263e-01 4.561253830840500401e-01 1.082173903316530073e+00
-4.531431322260699446e-01 -6.852131056600400116e-01 2.221395294165409595e+00
-2.708948328084299639e-01 1.260156407222099983e-01 1.310494091116400028e+00
-2.838668054947999786e-01 -5.095341663312998037e-02 1.430027402150860105e+00
2.192169133610999965e-01 2.481636063433500516e-01 1.174899477777149981e+00
2.161594730538899389e-01 2.482350469193400078e-01 1.166645978147609952e+00
-1.100163109409600104e-01 7.811621236931000356e-02 1.232673741674970014e+00
1.698557891637000189e-02 4.219541775007200068e-01 1.068762929011630058e+00
2.248517217549999420e-02 4.370609501908999661e-01 1.068447123598700088e+00
-4.563778827622799739e-01 2.692413520511999780e-01 1.201065322516120082e+00
-3.364623523928900184e-01 2.479323020905700448e-01 1.239662582340769870e+00
-1.342350128674500154e-01 2.869932943295699923e-01 1.167935897080560004e+00
-2.824328164878999736e-01 3.272722677505300326e-01 1.152317705419390048e+00
-3.137804020553099926e-01 3.204799527671700066e-01 1.140658275850849890e+00
-4.695837047564000444e-01 2.817272752170199568e-01 1.209161161147460195e+00
-3.503493325248300261e-01 3.178008055800899956e-01 1.163647313456090293e+00
-5.771420982654800191e-01 1.215332630599100100e-01 1.312922711530700282e+00
-1.679998466500000065e-01 2.979923537056000105e-01 1.160624878259550075e+00
-1.342715117074800013e-01 3.482700643640399552e-01 1.137128859314540108e+00
-4.998430367066399316e-01 -2.595104395865700520e-01 1.655894877048000202e+00
-3.445101748365200223e-01 1.533932651179399920e-01 1.303151755624850194e+00
6.468484087400999671e-02 -6.536331887427000720e-02 1.518458711438800179e+00
5.178487443081999236e-02 -6.996850359082000537e-02 1.490818644382860159e+00
-4.480691299261500005e-01 3.849736442699699390e-01 1.103270377080560083e+00
1.458928599342700083e-01 3.257653057827199494e-01 1.117908373994030091e+00
-5.271873108841499400e-01 4.086111557525399784e-01 1.090492274201320111e+00
9.481911721534999615e-02 3.362027258099800076e-01 1.130934958246240241e+00
2.296630322467999724e-02 4.366318700555199550e-01 1.060656235072990006e+00
-4.557900642933800373e-01 2.684359083439400440e-01 1.198911480942840058e+00
3.869758123799199589e-01 2.179127414973500154e-01 1.193874258090020124e+00
5.643103475806999364e-02 -5.377792040918001615e-02 1.465654547498880245e+00
-3.833572546343699816e-01 -6.375444801770997760e-02 1.531801222863799827e+00
-7.140094700027400654e-01 -1.603158663497998571e-02 1.618711392952769890e+00
-5.207521148641900410e-01 4.066612834683400179e-01 1.079289325243579789e+00
8.343475772173997163e-02 -1.545131457931700480e-01 1.617159976612529970e+00
-8.867162193511500812e-01 -1.300814318904600086e-01 1.809427208426070077e+00
