3.888875737576700242e-01 3.232487917119499787e-01 1.141828700920729966e+00
3.910964445996899519e-01 3.230987179531700226e-01 1.145524493937389865e+00
-7.080987327454001112e-02 4.057171324579599281e-01 1.119618724433389945e+00
-3.660311883104100383e-01 3.870568363499582443e-04 1.380824785714769964e+00
-5.792520401005999409e-01 6.037308815527997474e-02 1.399571742967489874e+00
-9.696189721925999039e-02 2.559598044316599985e-01 1.189858348744329941e+00
-3.548360906786800495e-01 3.019486110239198995e-01 1.210556536363699864e+00
-4.424351558720300837e-01 2.765966865349900328e-01 1.222020652234860005e+00
-1.010491348147199986e-01 2.053096831476400042e-01 1.187006576519559875e+00
-7.120376522108500250e-01 -7.786453840482998601e-02 1.508726616609890048e+00
-1.787706076244199860e-01 -8.716317060310002640e-02 1.496992537580190019e+00
-2.061874221782500072e-01 3.530530338167299775e-01 1.151301119789869931e+00
-1.574133913917299954e-01 2.581709830712699549e-01 1.105463642393659907e+00
-1.012450205494100086e-01 2.074529056911899594e-01 1.186303885489520038e+00
-6.153022864403000503e-01 1.464074933530799816e-01 1.334033794066540102e+00
1.782201652462900299e-01 2.864387079374899892e-01 1.163502567679099986e+00
-3.716492937072900515e-01 2.650568078778899883e-01 1.250044887322270037e+00
-3.631972867351001000e-01 3.559887688082800095e-01 1.174216457968040084e+00
5.820382262361002701e-02 3.118482968141900180e-01 1.148362267324549935e+00
-4.693640645296500713e-01 1.003879070187299882e-01 1.355715487680369868e+00
-5.149047646372200138e-01 -4.459648031684004810e-02 1.510270637048209963e+00
-2.251601614243899929e-01 2.330701605223899908e-01 1.075718879107569803e+00
-1.561363472043000022e-01 1.328805096609599889e-01 1.225524589627579708e+00
-4.401229615235899839e-01 2.757539502451700208e-01 1.216001083204559796e+00
-1.827998963743699967e-01 -8.981094466235006735e-02 1.508468149614680121e+00
-4.549702560351300829e-01 3.315650443994899721e-01 1.168185759565659954e+00
-4.369368544282400402e-01 -1.480991602840001087e-02 1.443633457288959976e+00
-3.926947609171199671e-01 3.909873157301599900e-01 1.139729073788630087e+00
-3.750867916026000559e-01 2.652825320128999742e-01 1.249325260568630025e+00
1.776015826136600195e-01 2.872373930389799934e-01 1.159586695479469798e+00
-5.710345707028400275e-01 1.049307121184799713e-01 1.361410784071059865e+00
1.020686895192500221e-01 3.088355173024699973e-01 1.179378652284890139e+00
-3.023773840613999675e-02 1.274049588946399858e-01 1.223326737606959869e+00
-4.421411889226699587e-01 -1.763454511377002265e-02 1.447436609511789873e+00
-2.092407247876700016e-01 3.494985397969500029e-01 1.145174274861569863e+00
2.986084228570800025e-01 1.788664380465799508e-01 1.282533172414839884e+00
-9.772679229969000181e-02 2.543891225836100167e-01 1.195269802971099971e+00
-1.394946915240599938e-01 2.835491489384600050e-01 1.172950337789109954e+00
-1.934686356409399954e-01 -9.137427228077998898e-02 1.504359299940129846e+00
-7.184603378355998438e-02 -1.139377751388004345e-02 1.470690901019569896e+00
-4.554787624318800132e-01 3.321517026980199683e-01 1.160900491096830134e+00
-4.680721849498200582e-01 1.397394199642799928e-01 1.322109982208029777e+00
9.838030823673998837e-02 3.053599681858999992e-01 1.167340710920679925e+00
6.873400999545001278e-02 3.435275773763499241e-01 1.133277243582670124e+00
-2.558453668421800664e-01 3.270345553129400118e-01 1.180987034612079878e+00
-4.018415113573099440e-01 3.840280767909499682e-01 1.155549688568929811e+00
-4.397729378900000485e-01 2.753145721390000134e-01 1.214014136528019927e+00
-3.633849960908399623e-01 3.574192112284999556e-01 1.171123174100979991e+00
-8.845908971721999636e-02 2.167500886882399724e-01 1.174456495000580025e+00
-2.704906273062999689e-01 2.528103971930399929e-01 1.110900586201549967e+00
4.427770168545599461e-01 1.921449226912999575e-01 1.251688662553809950e+00
-1.714910604510099801e-01 4.109948541615899287e-01 1.098320289334649980e+00
3.852438495196500723e-01 2.436856536276899854e-01 1.187905608184999906e+00
8.849822793724002046e-02 4.145653375455799483e-01 1.073876213415809966e+00
-4.410112242665600313e-01 4.236764041700399330e-01 1.121342297750030026e+00
-5.494094375786200413e-01 6.093817475033600495e-01 1.008665182088209988e+00
-6.103309882594100122e-01 1.454709864595900015e-01 1.324153134047139746e+00
-1.727300817848599901e-01 4.132921576754199910e-01 1.103118571647800028e+00
-3.850911311554999772e-02 1.724695507727899702e-01 1.223344150783669981e+00
8.220833116511999661e-02 4.406648899569799438e-01 1.086869435076989854e+00
-5.208007666850601458e-01 5.230593463633399498e-01 1.028992802110809901e+00
-5.780847501876800187e-01 3.279562234839999979e-01 1.197741665930180277e+00
-5.325565206983799982e-01 4.796837623844799614e-01 1.031729832712580119e+00
-1.865672736399100196e-01 -8.425835845772999821e-02 1.487005170008010024e+00
-4.760169195611601012e-01 4.546114603477799943e-01 1.084037955900379879e+00
-4.258439293402299652e-01 4.329109491624899553e-01 1.123361792008179982e+00
-5.121323774996699996e-01 4.248918434808699462e-01 1.054393461871420135e+00
-4.374196322750399935e-01 4.377382723151199695e-01 1.127994492036979990e+00
-6.295356153529200194e-01 2.163188574845999468e-01 1.302850717461349950e+00
-4.041292782038199416e-01 5.177196156548199424e-01 1.039511614383400007e+00
-8.251638304736300666e-01 -1.808454119059002552e-02 1.517965396797980038e+00
-8.587718419601998443e-01 -1.854021678195400535e-01 1.685819734317290042e+00
3.657853491405001212e-02 2.929500988440499332e-01 1.204908784841260072e+00
3.208559724839800120e-01 2.571886318739399213e-01 1.178079420901279706e+00
6.608092639765003606e-02 3.243053196784698722e-01 1.163649605980429991e+00
-1.367545221213599949e-01 2.537137883174599429e-01 1.162138111331650014e+00
-4.413656302573599755e-01 4.205177014849999506e-01 1.121422820933370090e+00
-5.286920507602901331e-01 3.940519675889699869e-01 1.108163797887969926e+00
-6.325971529982499231e-01 1.905899807781499811e-01 1.293326325932569798e+00
-4.997090682773099868e-01 1.142740790138700030e-01 1.328170994726320053e+00
4.716854216150300205e-01 1.110784845333099707e-01 1.353446161206899978e+00
-3.664334720048999516e-01 3.891058975304199086e-01 1.139334681068919997e+00
-3.065590449427399999e-01 5.509574785247999262e-01 1.012148706316390090e+00
-5.512124197775299939e-01 1.103533289477699741e-01 1.363801022373119620e+00
-5.357286610011299244e-01 5.268747445582899758e-01 1.045852245171720041e+00
-5.123718012983999870e-01 1.018178300733599689e-01 1.366448579110190131e+00
1.576807388073900029e-01 3.981199157390099552e-01 1.087510799374609816e+00
-2.367489021809499883e-01 5.886148322411499656e-01 9.815099235755498919e-01
-2.339872433667599949e-01 5.870658213029600336e-01 9.655257741986899012e-01
-1.956640859932400056e-01 4.190248919487200574e-01 1.115935354008509739e+00
8.681667456149000373e-02 3.457287952566500122e-01 1.114723080956189882e+00
-1.658471483535299829e-01 4.081054384850900663e-01 1.132269623177839968e+00
-2.994684193588999926e-02 -5.247678360511004447e-02 1.477036551371069928e+00
2.747576574585199882e-01 3.741567030549999839e-01 1.106163276141799878e+00
-3.964826219431100141e-01 4.950475452031099510e-01 1.062431857670949942e+00
-2.368508807402699978e-01 5.879823755439699262e-01 9.747580057363499639e-01
-2.107671372937000021e-01 3.117148871706399982e-01 1.097014604003879956e+00
-3.169854441541399837e-01 1.786173011922599918e-01 1.282381438874689916e+00
1.787154550718700052e-01 2.889820232321899662e-01 1.160103064204979884e+00
-2.375072533502600169e-01 5.857537683815999818e-01 9.818325888767500675e-01
-1.025125131302700165e-01 5.585249892714698738e-01 9.837237540160099769e-01
-2.688851825718699962e-01 2.925162786621099409e-01 1.142508147733799939e+00
7.020544694408001329e-02 4.194628160519799920e-01 1.074910156870810152e+00
-1.169381894642999992e-01 5.731701709251599830e-01 9.942529665067798561e-01
-4.101456096743500979e-01 6.135280364567099465e-01 9.998469191814899348e-01
-1.025437353124399875e-01 5.627362557341399896e-01 9.963627448349700044e-01
-1.139775341013199994e-01 5.748433258404799240e-01 1.006399011789689935e+00
6.844524286508998911e-02 3.433090785888099905e-01 1.129260976053860110e+00
-9.958758608859001604e-02 2.084715201665699735e-01 1.178889820101339803e+00
-4.932949084908400117e-01 3.347763850488399973e-01 1.175509865012080102e+00
-3.755725119176700488e-01 3.066776182060699796e-01 1.216442176543419906e+00
-7.835447130463001064e-02 -3.578395051874999622e-02 1.511851021227699876e+00
-7.622262087526601171e-01 -1.720632930589400256e-01 1.648839908650389985e+00
-2.372685578321300226e-01 5.868440099990299696e-01 9.792684433671299260e-01
9.250713533173002268e-02 5.341535253666499505e-01 1.011680254428099834e+00
-3.948139504999600424e-01 3.962173327114800192e-01 1.141452150278049915e+00
-1.698149590890999927e-01 3.414889651366999623e-01 1.153051531606429814e+00
-3.193299430360800883e-01 3.886554885219399846e-01 1.147345306485859862e+00
2.609294026905200070e-01 2.803359545979799972e-01 1.159415583632279700e+00
-5.062691311019000828e-01 3.473223747847399290e-01 1.183882577714419959e+00
-2.809470060014900294e-01 1.556781382437699979e-01 1.185538282904049723e+00
-6.357288148768600600e-01 1.452033823966800141e-01 1.334067690749449975e+00
1.655104563907200121e-01 1.327558171045200019e-01 1.327425598438359833e+00
-2.028861701117500027e-01 3.541970545873499576e-01 1.145351292847250013e+00
7.933787568067002249e-02 4.414235116012499849e-01 1.069754889647229978e+00
-2.059176816037199820e-01 5.620249911045200886e-01 1.000824751995359918e+00
1.451774648203100204e-01 9.219800871111498708e-01 1.635929475908119990e+00
-8.185313165973001626e-02 9.356287467138100222e-01 1.660323442724319865e+00
-8.117000399127000110e-02 9.250154850701899356e-01 1.639406842036590151e+00
-1.982142180519500252e-01 9.350845923946899951e-01 1.643657034100559633e+00
-1.986716319976700174e-01 9.327464894872499190e-01 1.645788024525089988e+00
-1.980818234317900106e-01 9.310391373980098084e-01 1.646927032680959968e+00
4.736340013861699560e-01 8.771824503138698770e-01 1.652914115045799992e+00
-1.678824826501999767e-02 9.028710392708199084e-01 1.655268904445150069e+00
4.820430150216500342e-01 8.802057678452499534e-01 1.664160697379650111e+00
4.678403552178400648e-01 8.732157476750599390e-01 1.647150051541310001e+00
-1.906026743628999598e-02 9.032877842335098606e-01 1.660924879889019934e+00
4.730410294992101194e-01 8.698207357795499917e-01 1.639845276984709832e+00
3.530783513456499101e-01 8.849201042253700411e-01 1.677247466010339805e+00
1.287070086107399980e-01 8.848348569174200318e-01 1.675473168229489884e+00
1.411576041991200181e-01 9.143949685176999687e-01 1.622607620392390260e+00
-6.055627709266999670e-01 9.646964365454999690e-01 1.712564484108739959e+00
-4.402105790252101025e-01 5.213017041058499723e-01 1.046773534586920018e+00
-1.689571741906299995e-01 2.584454184746699523e-01 1.065100877626909970e+00
3.566882571755699560e-01 8.918185413525498983e-01 1.682590892684920236e+00
-4.396314887855800047e-01 4.403362065072600195e-01 1.126363775387379862e+00
-1.331463306090999860e-02 8.841554023702700160e-01 1.731537653750049977e+00
3.798335939812399475e-01 8.327439234645799271e-01 1.758531801753979940e+00
-2.386638479300700055e-01 5.894606540032500952e-01 9.845035627486098395e-01
2.883414732528800650e-01 9.595133301187199759e-01 1.617806643806889877e+00
-1.684632664136899716e-01 2.088325145523699800e-01 1.041291869570019957e+00
-3.938300186134000569e-01 3.927370611473799400e-01 1.139562733691069862e+00
1.643205569177000336e-02 -1.318604235426300009e-01 1.583589299234869685e+00
