-8.911188884029999646e-02 7.424335747230001448e-02 1.223077683064439869e+00
-2.894955856905400138e-01 -4.961836010275400555e-01 1.817519524372410045e+00
-4.391368512510300803e-01 -1.950249574880800196e-01 1.415108251218659907e+00
-2.777618898237199652e-01 -4.032905600452600381e-01 1.759878315905899937e+00
-2.851184040647000151e-01 -4.011659464425499921e-01 1.752151712654669735e+00
-7.793612605144999150e-02 2.311840862971300259e-01 1.180640127570949938e+00
-1.195730288463500157e-01 1.022979990054400101e-01 1.235325685097149906e+00
-1.891977904390799992e-01 1.268287617833799841e-01 1.119043078109839939e+00
3.585384924791600314e-01 1.753887278484199952e-01 1.222606734660939942e+00
1.442900555756299885e-01 2.261748144001500260e-01 1.160421187844890012e+00
4.773248615842998893e-02 -3.524000666593004455e-02 1.421333801255320051e+00
-2.214954428673399922e-01 2.012160795573999794e-01 1.183643902532990122e+00
-5.770878868720700217e-01 -1.821011189604899994e-01 1.513662978663999903e+00
-1.592230781861199984e-01 -8.907771457333998888e-02 1.361080904873849917e+00
-5.618526523280700236e-01 -3.446685470774800142e-01 1.680743118114220058e+00
-3.450991118192699991e-01 1.998327459536600181e-01 1.193178384089079946e+00
-4.308918025100900717e-01 1.004908720297099656e-01 1.271655435892479868e+00
-4.166399519831599507e-01 -3.007811870762500117e-01 1.638632631449479904e+00
4.657456759520001155e-02 -3.857792127219997896e-02 1.418252292057289976e+00
-4.343814848337700374e-01 -4.242437111375200742e-01 1.773737644329789864e+00
1.573662330910299834e-01 1.264517726644399931e-01 1.234324059485649938e+00
-2.614534830462099668e-01 -3.302390338783400270e-01 1.664739243527030066e+00
4.486233756057001615e-02 -3.967039307840001389e-02 1.419696740858950035e+00
-2.351340484559899802e-01 -7.076515038439004646e-02 1.412757316939720065e+00
3.429698179645499501e-01 -9.936073656584004654e-02 1.466211094992480035e+00
8.072526508573998894e-02 1.502128374812199962e-01 1.245504061485229963e+00
-2.239636424615400190e-01 1.976198647393600238e-01 1.177282256415769890e+00
-1.209546217952099934e-01 1.008487514549600284e-01 1.240647980310759735e+00
-1.593213310618500078e-01 1.305668075330000122e-01 1.213484476020009861e+00
-2.581843325715900139e-01 -2.366209887360599673e-01 1.543199351718369972e+00
-2.086773793812299882e-01 -3.287738007402800089e-01 1.652901342499000004e+00
-4.141752575989700036e-01 -1.457505947480900454e-01 1.400274640504540091e+00
-5.688350589814700209e-01 -1.734361208264800225e-01 1.488068118400869944e+00
-2.513187257182700751e-01 -2.183859182120900244e-01 1.501359886817559941e+00
-1.023519170135900047e-01 -3.716182307756001751e-02 1.436239604889169685e+00
-3.010551982182599895e-01 -1.141554551382000238e-01 1.398996592322729882e+00
1.454551989873200113e-01 -1.360615983718999750e-02 1.561278453721829829e+00
-2.747058668087800637e-01 1.769540306862199819e-01 1.208222957431979827e+00
-5.153533843065600806e-01 -2.414874820801000133e-01 1.551052503996940057e+00
-1.574364962458999762e-01 -9.049141428151999400e-02 1.366258777081919895e+00
-3.331970914081200386e-01 6.996490721632997456e-02 1.264299695559800041e+00
-6.721884472592000448e-02 1.808918076801998426e-02 1.276271558511490101e+00
7.430718692024998462e-02 2.807017429916700002e-01 1.149260474593099879e+00
-3.861576783715999772e-01 -1.801857521255800232e-01 1.425512232055940132e+00
-2.492790214047800046e-01 -2.300013615363800112e-01 1.526576871956909720e+00
-2.393523750150400031e-01 7.578577465479999220e-02 1.108419639310679994e+00
-2.074423836245600228e-01 2.716212748519399867e-01 1.141019775020210014e+00
-1.562039732674500025e-01 1.004752294184299843e-01 1.203517502419840124e+00
-4.203498537668099999e-01 -3.187830710224100472e-01 1.695134000624479942e+00
-4.115193644681099938e-01 -1.477007497211800247e-01 1.401053246416329889e+00
1.551230118380200196e-01 1.239190031783299895e-01 1.226675153098979898e+00
-1.009974745999500101e-01 7.080406193178001573e-02 1.269692645896350003e+00
-2.167556844684299655e-01 -3.233576369202600387e-01 1.650021672058199940e+00
-5.921973680247499816e-01 -3.772296882401700580e-01 1.631524912282149797e+00
-3.492542070461899240e-01 2.012986388385600567e-01 1.207123220677140063e+00
-2.092060422921100116e-01 2.693060858418200310e-01 1.157859728676160049e+00
-2.055435997811899951e-01 2.662370306031000555e-01 1.148550043739429816e+00
3.291726903949200311e-01 -6.952365618522002300e-02 1.419475685777579876e+00
-1.562392780358499988e-01 -7.595180516415001026e-02 1.387791614735399914e+00
4.082779331443899817e-01 2.773847877223999808e-02 1.344598690905099758e+00
-5.566523106319999636e-02 -1.013122302652900153e-01 1.234295153137769718e+00
