-2.681259470002599898e-01 1.560259051146600240e-01 1.178575318037160091e+00
-3.604546093692899689e-01 1.081060848093300109e-01 1.079502969908640031e+00
-1.724469423479599861e-01 2.323439384835500332e-01 1.181584193831459961e+00
-3.035353935769999900e-01 -3.634632276465500356e-01 1.847738090225820251e+00
-4.946210530697099372e-01 -1.076055594725899844e-01 1.439996314287719903e+00
-4.703630968250399613e-01 -1.813790220907000039e-01 1.668657341911919945e+00
-7.112850021043199966e-01 -2.964995381608300229e-01 1.685397941085960083e+00
-3.130899382257399943e-01 -2.770790564253200472e-01 1.780389812579159958e+00
-1.618297781764399812e-01 -2.446396062948099914e-01 1.736359642885620058e+00
-8.727902010123800292e-01 -3.345937490295800565e-01 1.781928803877359968e+00
-4.269205517084699864e-01 1.317852219772199796e-01 1.088073748128359997e+00
-6.939258087042599055e-01 -8.144564591349300331e-01 2.701986537544320388e+00
-8.923112973055400410e-01 -1.057288093641300109e-01 1.583663478230220134e+00
-6.450160548757399859e-01 1.644888096514799947e-01 1.234889808521939969e+00
-5.883645932221299724e-01 2.750957432446799467e-01 1.146052174647299804e+00
-3.327365304838399984e-01 -1.302864412110499859e-01 1.539912463944000054e+00
-3.958185894026400309e-01 3.201449947602699742e-01 1.100818424683920105e+00
-4.215324456620599403e-01 2.593433575919699696e-01 1.147040416172819821e+00
-8.070929296186599711e-01 -2.364515452411000695e-02 1.413301038526380227e+00
-8.926153124105900005e-01 -1.046255999925699981e-01 1.577019695230019947e+00
-6.757508034189100288e-01 -1.362509245320600026e-01 1.541340158359499890e+00
-7.981102669349100509e-01 2.905660824088002192e-02 1.367552915055660012e+00
-3.464714341531799913e-01 2.026095696467500040e-01 1.161393960885899856e+00
-3.820795728018799853e-01 -8.276313668877999241e-02 1.449387785248019922e+00
-6.427591702845700805e-01 1.632149070742800190e-01 1.228925305145879721e+00
-6.653934010634399154e-01 2.107956305122799801e-01 1.175583090583140145e+00
-7.033758886653700415e-01 2.114294381628299691e-01 1.179719997849779878e+00
-5.989576915772800714e-01 -9.578417296015999394e-02 1.488260830409759761e+00
-8.733815822224400005e-01 -3.322227973027500059e-01 1.776794923986479757e+00
-6.006632528011299765e-01 1.430577386250299898e-01 1.274037454514099998e+00
-4.801287202290699940e-01 -2.081010128954900174e-01 1.671596983697160033e+00
-8.578737709385000354e-01 -1.842067150266899767e-01 1.564356670554299722e+00
-9.296001322766000996e-02 8.497477978831000089e-02 1.361608695129060020e+00
-4.618091558326400392e-01 -3.164683403645100479e-01 1.819014875897400296e+00
-8.113078989443400779e-01 -2.332098644721003478e-02 1.423804782468299779e+00
-5.051180411102199619e-01 6.120262834910999983e-02 1.282303944424499909e+00
-6.508784632569499795e-01 3.902762881065001410e-02 1.343879186458679875e+00
-3.202385411547799543e-01 -2.139511975956899792e-01 1.677347575497480037e+00
-3.652728444661900165e-01 1.604668297929000287e-02 1.400603690904060228e+00
-7.388753516112300801e-01 3.651808623245003660e-02 1.346764083350280083e+00
-7.485011898505399275e-01 -3.350369543299995881e-03 1.397854417846440045e+00
-9.009405323779400288e-01 -3.025993526733100625e-01 1.725356558223659853e+00
-6.210483960780800450e-01 -3.065842436063900278e-01 1.751438211278580015e+00
-3.601938119109799885e-01 1.224799781753599937e-01 1.094654064050879949e+00
-7.598056961499199957e-01 -2.443021325461500470e-01 1.599536485145580000e+00
-2.773117665113699615e-01 -1.769382168292699953e-01 1.618074167362919979e+00
-2.778171522597600029e-01 -7.580248516300900352e-01 2.609556714759000418e+00
-5.348048531189899535e-01 2.843294438705599725e-01 1.143887271310439990e+00
-3.463949406218399529e-01 2.012719403529900086e-01 1.174049028921839932e+00
-6.968320664759799499e-01 -1.478341938262099919e-01 1.641337494704220079e+00
-3.466377968404199539e-01 -1.352969494465099676e-01 1.548260171330519963e+00
-3.821080890729599555e-01 -1.703831804107900083e-01 1.562756392613280143e+00
-2.560288199463000014e-01 2.900322440753999587e-01 1.143436852299479778e+00
-7.099921044453699759e-01 -8.462349439547700580e-01 2.765557586382840327e+00
-4.185660051276699489e-01 -1.048127391580899875e-01 1.450060046684400250e+00
-3.676430948340200233e-01 1.213813315032001398e-02 1.418668262733719931e+00
-8.138254673930700456e-01 6.061598774215998242e-02 1.315881430669860075e+00
-6.661388185973500242e-01 2.104473166122500238e-01 1.168302918112859912e+00
-6.005836778582700486e-01 1.438239830906100081e-01 1.267245850227839865e+00
-5.093765478816000281e-01 -8.663078474820009103e-03 1.388554122435060156e+00
-3.155256542312500079e-01 8.694358860303999514e-02 1.200967848778439873e+00
-5.750514687375000156e-01 2.966647360277400169e-01 1.116961607970719861e+00
-1.606959719624199978e-01 -2.599387709066900420e-01 1.634762461758839880e+00
-9.373241093096800203e-01 -4.534936993867500488e-01 1.938288898336259836e+00
-4.670661101158299910e-01 -1.795494616254499909e-01 1.663613138513160061e+00
-6.193493358275199423e-01 2.672859964166299784e-01 1.155004298438819799e+00
-5.775898545408300055e-01 2.474464190255999951e-01 1.172092475508899945e+00
-4.957529699609000140e-01 3.149553908985000539e-02 1.135243375165439828e+00
-8.988510856300699903e-01 -1.017039634408200000e-01 1.568653862092199924e+00
1.312229722313300040e-01 -9.473809503562000689e-01 2.426798867216700017e+00
-2.384659836147799972e-01 -3.643135439934999664e-02 1.496471530313939979e+00
-4.281901156876899983e-01 1.769926569360600055e-01 1.082268132060420163e+00
-5.014150217313300129e-01 1.248407350237299845e-01 1.255379261524440127e+00
-7.932931564905500998e-01 2.754489935014003965e-02 1.357667143886279959e+00
-5.889049683504899990e-01 1.131674394715599941e-01 1.305857148534419920e+00
-7.864336019069599892e-01 1.962183925178600241e-01 1.209941926545839985e+00
-7.068682344280500240e-01 2.133383792814000368e-01 1.189559406251579743e+00
-4.610716716060799802e-01 7.700824109193001032e-02 1.105834355726039941e+00
-6.424545045070799709e-01 2.885887084825499715e-01 1.125180524126939918e+00
-3.573095675877200339e-01 1.329681785598700039e-01 1.111602261527159907e+00
-5.987899016246399642e-01 1.430099289836100074e-01 1.274997502508580016e+00
-7.361148970811799419e-01 2.825170906666799597e-01 1.054007645960580053e+00
-4.266628924085900110e-01 1.775235594589099908e-01 1.078385599165619935e+00
-3.698453571518899863e-01 1.037595827086000011e-01 1.048793776607160000e+00
-3.068052773642200304e-01 -2.855726821249500169e-01 1.799057752470659910e+00
-6.148718375256200241e-01 2.196997751171599900e-01 1.183723859714640003e+00
-2.692881095901999977e-01 1.558455086833900050e-01 1.153481528561579816e+00
-8.214635669536400897e-01 9.258917156982998664e-02 1.329071653723319812e+00
-4.647345157963300721e-01 7.581912470919000002e-02 1.097976107875439977e+00
-9.820685024470299229e-01 -1.360056761228199962e-01 1.576942853452800053e+00
-9.911603667197699252e-01 -2.849569387906100149e-01 1.764107550563940086e+00
-8.316741998082399778e-01 3.043108588200800213e-01 1.097881110738899935e+00
-1.007523574394579846e+00 -2.889728374781300180e-01 1.786720384824600050e+00
-1.029246635146080058e+00 -3.435804769618999721e-01 1.780308663535860036e+00
-1.657110849744899861e+00 -9.635015568122499152e-01 3.478787475094740067e+00
-1.555578795245159851e+00 3.602731193062499448e-01 2.104955821941600469e+00
-1.528838414756629849e+00 1.169893732257099861e-01 2.372166714818100264e+00
-1.508159172616339916e+00 -3.172752963990029332e-03 2.531102706242700506e+00
-1.720773916471499687e-01 2.351294825731800042e-01 1.198102402162320113e+00
-2.542240877192999404e-01 2.857352225810499968e-01 1.139177649320220143e+00
-4.919220345183800136e-01 2.866489670489999475e-02 1.218300196638659960e+00
-1.607910202794999854e-01 -2.465136935073899693e-01 1.743134436385859853e+00
-1.037219453314830009e+00 -3.487498784732500079e-01 1.808790212387099805e+00
-1.546543368576110078e+00 1.156249099921100865e-01 2.416982728051500384e+00
-6.258318184342399615e-01 2.789946512335499396e-01 1.144771069417559906e+00
-2.210993037495899705e-01 -8.681503876931999375e-02 1.124292160012499986e+00
-5.007483462235999827e-01 1.155816788440600096e-01 1.314239193598379929e+00
-4.811479906816099605e-01 7.231226731595999380e-02 1.216448819803020109e+00
-2.369703036296999521e-02 -5.242335802669100264e-01 2.067160027441380166e+00
-4.627356542459900024e-01 8.106230963175002635e-02 1.137955631396760037e+00
-5.747776783422100522e-01 2.958980687094999729e-01 1.113042356077319939e+00
-5.015720965144899735e-01 1.153820612656100003e-01 1.301402537413739902e+00
-4.753054751561099911e-01 1.674220077352200076e-01 1.127497049676839946e+00
-4.200679976329699805e-01 2.323736735190900238e-01 1.117092913260119946e+00
-6.524260771361900524e-01 4.438869244222001798e-02 1.332455773408619759e+00
-1.790146599496399982e-01 -3.729032791172999517e-02 1.401746915255579928e+00
-1.834004791809199508e-01 -6.698779722549995722e-03 1.362851857916399956e+00
-9.200973095513400590e-01 -2.588357064425998721e-02 1.540738419877079934e+00
-7.738378693383399787e-01 2.604097940428199420e-01 1.171018822244640045e+00
-4.870625858511999917e-01 1.477915713284499999e-01 1.155207061835159976e+00
-6.638016941688199557e-01 2.945334591212499520e-01 1.118400261107999949e+00
-5.003755509517100464e-01 1.154829986527400321e-01 1.306695286141799972e+00
-8.106152821600398628e-01 -2.388947051218998086e-02 1.421726055998519866e+00
-6.311935969859698847e-01 -1.065831766500399819e-01 1.583945473372259993e+00
-9.782582999746700647e-01 -3.725461590310400473e-01 1.816339240923720011e+00
-7.475448875237200586e-01 2.565547355389099504e-01 1.111556591257499838e+00
-2.758030996553699765e-01 -3.805298107941800234e-01 1.875138730334759973e+00
-2.657457637363500047e-01 -7.488182220079101503e-01 2.549140820591579981e+00
-1.451941331906019927e+00 5.496004210024998948e-02 2.442388175709600429e+00
-1.632134886862059986e+00 -3.126967129558200220e-01 2.839518381349980469e+00
-9.389556083204899650e-01 -6.831550802026900016e-01 2.255038186326840055e+00
-3.549459564718799864e-01 -2.601339501802400478e-01 1.965569735866499856e+00
-8.215933574088500890e-01 6.572977533801002692e-02 1.322698418975639889e+00
-1.827905140032899667e-01 -3.436651270271300351e-01 1.845851108745539815e+00
-1.294336858017109737e+00 5.031523476785499938e-01 1.950317943865560011e+00
-1.495363117212079818e+00 3.444820629306099558e-01 2.194380893350859729e+00
-1.611451209704690024e+00 -3.068378003001000498e-01 2.179080716842260124e+00
-1.595023971784800043e+00 -2.407374663339799936e-01 2.208260428915680418e+00
-1.432775658202060098e+00 2.547819506244600185e-01 2.264545522212660256e+00
-8.789015456926201342e-01 -3.453249574846900538e-01 1.780459967390939813e+00
-6.408638856749999668e-01 2.916145410737099875e-01 1.134154121998500075e+00
-5.852087451846399446e-01 2.745435005267999884e-01 1.136999054054759872e+00
-6.267735814885100343e-01 1.455370895698600286e-01 1.275034515127860146e+00
-2.573685138435100050e-01 -3.493052777173399903e-01 1.867342262730659952e+00
-1.016447659173580043e+00 -1.048812575021009996e+00 2.941962437588220070e+00
-9.362807413748199803e-01 -6.799053057719900428e-01 2.244381279497039916e+00
-4.223111907480299743e-01 2.115914502794200291e-01 1.098091558567499959e+00
-7.036432777011600859e-01 2.103080511072800141e-01 1.183916372689440166e+00
-5.349735811190499124e-01 2.793399258812099273e-01 1.131134356601639857e+00
-7.239732142433003004e-02 2.721201689251800393e-01 1.121843132245200048e+00
-4.185341695416999741e-01 2.601531775939499580e-01 1.140879083501100011e+00
-6.620127666097099794e-01 2.118078172390100156e-01 1.154917967581140070e+00
-8.921118126864799880e-01 -1.159505287650850036e+00 2.820724506051599967e+00
