-7.214002281698000951e-02 1.657600943693000040e-01 1.090500605538620160e+00
-3.523988600247999342e-02 1.002465781240999831e-01 1.110925409676400077e+00
-2.801775462721999704e-02 1.601731906876800171e-01 1.134048905671760199e+00
7.108231127577999131e-02 9.789928991325000385e-02 1.298044560895580180e+00
-3.846159448447899476e-01 -3.983418690226000342e-02 1.301095949691390308e+00
-2.409106872574000024e-01 -3.179850171073400067e-01 1.766080857260890147e+00
-6.433489219470398535e-01 -5.162043170034000261e-02 1.408414422385760201e+00
-1.716614549575299908e-01 -1.713829432858899882e-01 1.570911377708230194e+00
-6.153166022025600146e-01 -2.309608678892299816e-01 1.543943021487970135e+00
-9.536299297635997263e-02 -2.836707844174500281e-01 1.780111343965560255e+00
-1.743590159501399728e-01 -2.062874421010699733e-01 1.672279141401489921e+00
-7.812508291763400337e-01 -7.004303102453700580e-01 2.570635424368870048e+00
-1.161019639626809763e+00 -9.075111664770700859e-01 2.798859631934259795e+00
2.375991879611099866e-01 3.236239644499000478e-02 1.176607748187120217e+00
5.154607627507599155e-01 1.553870753390700077e-01 1.264142354165439963e+00
-1.041324830106800103e-01 1.936195052850699927e-01 1.098581042205490022e+00
-1.739673226754800128e-01 1.786359344036000107e-01 9.651893666114200743e-01
-2.356995078637799668e-01 -1.422641160865900090e-01 1.554371981620370047e+00
-3.916339545177999759e-01 -2.640329526935800142e-01 1.716876716979530038e+00
-2.086063485812799656e-01 -9.811401741726999415e-02 1.448915444605430203e+00
-9.499573400855899630e-01 -5.736045503395701406e-01 2.089494786571790108e+00
7.041794501878999302e-02 9.540001407454999638e-02 1.302031132521730195e+00
-2.113724073633400091e-01 2.777457957379799725e-01 1.033263823680170113e+00
3.620569506564300100e-01 5.542825073377000145e-02 1.338781690314340134e+00
2.358081905718699689e-01 3.120083925991999976e-02 1.169669545405630284e+00
-2.607706495447299488e-01 -5.301504138795000431e-02 1.410397834581059939e+00
-1.757211193277599948e-01 1.791565756109299856e-01 9.710830866872800504e-01
-1.550454276529899811e-01 1.790866293905100104e-01 1.009259113590360135e+00
-9.234027623592999667e-02 -5.286000512067000334e-02 1.422929995788520197e+00
-6.221912420575300695e-01 -1.700767218405999925e-01 1.475127512197689894e+00
-3.699623891935500675e-01 2.768689668155999706e-01 1.039118884902880291e+00
-3.918012884958299580e-01 -2.640041281123399752e-01 1.716628645032310052e+00
2.384211287450899996e-01 3.306026510328000101e-02 1.183891914035190007e+00
-2.409037226726799541e-01 -5.163819780712999852e-02 1.350504087458660241e+00
-4.875573817530400311e-01 4.964089220728001850e-02 1.249080531303869979e+00
-2.183508885580199288e-01 1.462390971809799933e-01 9.773547901035101182e-01
-1.331494108905999785e-01 2.166298046031999922e-02 1.252204379211010243e+00
3.819705623563700025e-01 2.753368347032599806e-01 1.092214973378150100e+00
2.536209899877299723e-01 2.195662901442599901e-01 1.115975416937430076e+00
-1.267707500357500017e-01 1.014297160416499921e-01 1.114646190915349999e+00
-5.211762743616600302e-01 -2.043114505638500000e-01 1.609963906362379849e+00
-4.614656423311999656e-01 -4.792272036295999738e-02 1.357948310405600045e+00
2.344183235110000041e-01 2.651592081322799443e-01 1.054752566123549951e+00
-3.965593504209599662e-01 3.042958581243899729e-01 9.964018357780700663e-01
3.822054855957399688e-01 2.752504503320499785e-01 1.090470258020350025e+00
-3.872418822189899745e-01 1.992182680377299897e-01 1.126766479027190293e+00
6.945123782881999774e-02 9.157392238680001073e-02 1.299500391632669949e+00
-3.895474120643199756e-01 -2.616609100284700284e-01 1.712988038032450255e+00
4.138260878963600509e-01 2.265617510364600073e-01 1.134037663004900276e+00
-2.051546276905200084e-01 -1.392790407459700008e-01 1.582533743871460175e+00
-4.880943799554098850e-01 1.090641491200899926e-01 1.179143447064469941e+00
-2.220371611718199856e-01 -1.758719516953499984e-01 1.589690855808350234e+00
6.780133612788000197e-02 9.062038628551000174e-02 1.301106707843050048e+00
2.781029090295899509e-01 3.003451175680999993e-02 1.190367978244100122e+00
-2.100140309920699999e-01 4.338004647021000137e-02 1.301076428023470122e+00
-1.663184065549299928e-01 -2.861099957960700491e-01 1.749150659668740060e+00
-1.053324591102600127e-01 1.478080211942000011e-01 1.100517139913660181e+00
-1.301000695470699853e-01 5.862696154131000204e-02 1.114338480377650153e+00
3.687334094434199794e-01 5.528207271993000604e-02 1.353886436828000361e+00
-3.761578753089000332e-02 7.562371908991999403e-02 1.159827426598280198e+00
-3.778095117765699062e-01 -1.602985846735200115e-01 1.554815522206709932e+00
-1.030642236045899995e-01 -8.781977756710000055e-03 1.376914258155990112e+00
-5.580306130507000084e-01 -8.538216012059899329e-01 3.131463770230710431e+00
-5.363845656647199256e-01 -2.440830092622000014e-01 1.622703460375050089e+00
-1.359460360676099655e-01 -2.244090355059800146e-01 1.671166207098310430e+00
-1.535931063080199777e-01 1.346859325964999687e-01 9.953986109781999270e-01
3.708337587206199659e-01 5.699675938522000274e-02 1.352164453096660113e+00
-4.669665987945599839e-01 -5.033264796776000527e-02 1.361617005198690000e+00
-2.136297956266199338e-01 2.730941304770599931e-01 1.027540055268870045e+00
-1.684845177791699788e-01 -1.447203648369000117e-01 1.535953547708870159e+00
-3.531930798328800081e-01 -6.770593878355299911e-01 2.537550972543350269e+00
-1.054360262329799847e-01 1.929210920726500134e-01 1.104071846834840054e+00
-1.453770994111199810e-01 2.159992253126500061e-01 1.073005243640030137e+00
5.814752368637298163e-01 2.200268035344500051e-01 1.192756390635379971e+00
-5.583074344039301584e-01 -1.359624782491700157e-01 1.450388452009590212e+00
-2.774388381366799661e-01 -1.353558276345800115e-01 1.471885811528760080e+00
-2.238872190313799804e-01 -1.017614709012499841e-01 1.455336168573449829e+00
-1.520567653050199919e-01 -2.668237887582299850e-01 1.743095105072170137e+00
-5.293048745356701001e-01 -2.439710814953000018e-01 1.617059009584240092e+00
-1.099263066213369999e+00 -9.058025553423501020e-01 2.817150144464580563e+00
4.257823108066899898e-01 5.648476817858000265e-02 1.364666172087900087e+00
-2.790813822780799924e-01 -7.107895523642999980e-02 1.350657422867010071e+00
-6.199441669726000331e-02 -6.285274712631000460e-02 1.452769142920490086e+00
-5.852825833302699454e-01 -1.048591283520999978e-01 1.415498085669770090e+00
5.042523467342499011e-01 1.730462957751600084e-01 1.257345108279030121e+00
5.032881272276098494e-01 1.691721701353399998e-01 1.242748625986870081e+00
-4.837907857402299894e-01 8.297616947942998422e-02 1.209658299860310038e+00
-2.297988710986200167e-01 -1.739463578985100123e-01 1.603109449461590064e+00
-1.223756655935299975e-01 3.194707504553599975e-01 1.012246632529550050e+00
-3.842822108309699725e-01 2.829000842889699552e-01 1.031745742004230193e+00
4.116582338489499504e-01 2.253181906001000268e-01 1.134166479309960174e+00
2.822976520726099281e-01 3.236810040555000711e-02 1.191549835673560098e+00
-1.390227527780699690e-01 1.789463268075199842e-01 1.060935566448250045e+00
-7.933886779147997226e-02 8.745842319174999824e-02 1.318187750699350014e+00
1.580234672736400003e-01 1.258525000510099801e-01 1.352236592161740081e+00
-3.523812262552800667e-01 2.806223435822999615e-02 1.269161099308060203e+00
-3.891061588058399856e-01 2.860573647676499798e-01 1.051023176106290258e+00
1.666462001634499979e-01 1.434117850659400173e-01 1.436333973464800184e+00
5.484729797558999392e-02 2.526233734489700122e-01 1.062238314001450190e+00
-5.142420206316700160e-01 -9.162479370006999801e-02 1.461379629203640285e+00
-4.803902016208198567e-01 -1.196082757386800061e-01 1.465776409896919930e+00
-2.412302711522699705e-01 -3.318188542802100738e-01 1.821814683029350013e+00
-3.610841356153299264e-01 -1.303769971946300010e-01 1.559985637860870078e+00
-2.271088052294099602e-01 -1.712290864974900240e-01 1.584406504635650137e+00
5.961611106724599152e-01 3.292686170528999479e-02 1.243418777084670079e+00
5.974920246535000423e-01 3.475064924812999723e-02 1.253042540921920134e+00
3.176815047066599562e-01 2.705478840012000008e-01 1.082752252872190235e+00
-3.966639137314099672e-01 8.170786281807999873e-02 1.200708744358010005e+00
-4.344051694520599249e-01 1.432007705361700023e-01 1.199523740035189912e+00
-9.725968636269500811e-01 -1.094229622748190023e+00 2.779358492601029962e+00
-1.033798973794979981e+00 -1.142539478904810224e+00 2.904207271141040270e+00
-1.608941847577999573e-01 2.541132853063700070e-01 1.080522022171060081e+00
5.931463320686098939e-01 3.618735929442999655e-02 1.242670172934810191e+00
-2.678267454002899450e-01 1.692781489512300008e-01 1.003880681397030017e+00
3.746953583278499478e-01 3.019810654055599675e-01 1.063021472938429968e+00
-3.637608206738499605e-01 2.483170573093600175e-01 1.042212777214110098e+00
1.268021464755179739e+00 -8.609899163452300330e-01 2.624795239132190261e+00
5.353044936402299170e-01 3.031918101109000105e-02 1.240544578498930184e+00
5.326133244003199430e-01 2.857006605473999886e-02 1.232927157714309940e+00
-1.335449149616400044e-01 1.785486364256999928e-02 1.289779431509030072e+00
-7.067600633379199637e-01 -2.785625733244600499e-01 1.676323609204300125e+00
-1.234609125034949573e+00 -7.864857661115900456e-01 2.489415588145079905e+00
-4.389384795566099728e-01 1.856307722624800094e-01 1.126361704816950082e+00
-1.278232392751450064e+00 -9.928518035451500134e-01 2.999774004964629981e+00
1.025732753375790063e+00 -7.921542168174500187e-01 2.443791620070149939e+00
-3.855898978824300327e-01 7.805559816482000868e-02 1.203637841572090084e+00
-5.089851301968699726e-01 3.788496698302000476e-02 1.306244156152350122e+00
-2.219020140923099738e-01 -3.501890673838600754e-01 1.796450250328940124e+00
4.901589681444800117e-01 2.318165643341700000e-01 1.154995377869570294e+00
2.015386470466999924e-01 -3.748118031339899847e-01 1.375532889223590294e+00
-5.748180578524598738e-01 -1.298438226497999892e-01 1.445103637908780048e+00
5.016656602836999657e-01 3.029307043184099602e-01 1.074006102010510277e+00
-2.937196560167399939e-01 -1.600538936115700195e-01 1.568727084313380260e+00
-2.001109462012499729e-01 -1.635870743571200270e-01 1.565949301749500089e+00
-1.605038701445199723e-01 2.526324936520699671e-01 1.078980867458330106e+00
1.139433366962860017e+00 -6.018498843098000206e-01 2.185711558571060475e+00
1.145051845172790017e+00 -6.048960795955700132e-01 2.192686072270869868e+00
-9.303989937990997383e-02 -9.142746390548599500e-01 2.223489786764449860e+00
-1.445929548029699918e-01 -8.707675793621899585e-01 2.370354086828700524e+00
1.485717764743199887e-01 -9.250099135714999754e-01 2.396365770274190510e+00
1.534789438097199643e-01 -9.113818415249499427e-01 2.371310603592030386e+00
8.553272408876000377e-02 2.917528300285999743e-01 1.040700275049770251e+00
5.613626228471199076e-01 -8.537820411447000213e-02 1.178791280677060183e+00
-8.402371206769998491e-02 1.451837332305699890e-01 1.115865969131610180e+00
6.209713834271399779e-01 -7.991541851191000245e-02 1.337009630718690056e+00
5.693724769421399934e-01 -8.144110478621999216e-02 1.206097930928050177e+00
2.000172271087199694e-01 -3.681723300510399977e-01 1.370515030758600261e+00
5.106836767428899471e-01 -4.258493505041500149e-01 1.420188131855879998e+00
5.102918328475499754e-01 -4.278485847893400140e-01 1.422736679275390159e+00
4.443503800236999757e-01 -3.182423515232500888e-01 1.238717299974499975e+00
-1.682361876463799866e-01 1.828807876483399819e-01 1.017314143930440062e+00
8.707051920385000532e-02 2.904690812934199173e-01 1.034676393122000215e+00
-2.271222078386699317e-01 -1.805816278520499807e-01 1.638727412196510080e+00
-3.156442209048900271e-01 1.542854315349800054e-01 1.133734766804830096e+00
-4.767046743435299772e-01 3.594208216148001012e-02 1.220519027951630031e+00
-5.249101761593699678e-01 3.997003752179000002e-02 1.304788411399810277e+00
-5.124688100073999247e-02 7.587944094699000663e-02 1.286408763491940110e+00
-3.357487562894000827e-02 6.236552695732000551e-02 1.191866263789570279e+00
7.020482554311598955e-01 1.139222581069999907e-01 1.282397743562360137e+00
6.998095358035597569e-01 1.144786539471400189e-01 1.282241668653909983e+00
2.864098553130799973e-01 -3.623877052853800573e-01 1.347136246231410039e+00
6.178064204800699510e-01 -4.661993936089300350e-01 1.834648277314150144e+00
-6.223084285556400586e-01 -2.168080410612300002e-01 1.533074390034860013e+00
-4.567274097723100224e-01 -1.604972300213700076e-01 1.589044602411630036e+00
-6.975183649476900394e-01 -2.803237403972500541e-01 1.665851252536210136e+00
-7.420058881645100746e-01 -2.555497103145400462e-01 1.614697474786240150e+00
-7.509774851567799780e-01 -2.876810712792500224e-01 1.630913389439820227e+00
1.485942357850999346e-02 -8.668703313814000166e-01 2.254053121479949962e+00
1.129667060517709931e+00 -6.357458822985400104e-01 2.186901982801340516e+00
1.102228883276639815e+00 -1.143973133923340102e+00 2.975830884679940169e+00
5.668392655598498697e-01 2.199589959336199774e-01 1.178307565572460192e+00
-4.719485426300001202e-02 1.196345538149999888e-01 1.151429727191690011e+00
5.375359587554100482e-01 1.632817359498399956e-01 1.223452932099699852e+00
6.531721424107299612e-01 -2.133859077904999846e-01 1.100058141606400364e+00
1.166844832480510075e+00 -5.398991908407699825e-01 2.197025675606270045e+00
-2.153497842714799937e-01 -9.726023924038000590e-02 1.437835255548749913e+00
-3.786769052381599998e-01 1.170125882450399890e-01 1.209149665282989838e+00
7.342879109491099454e-01 1.160068211495400015e-01 1.201163210188769925e+00
5.840595640348799078e-01 2.130400064926400161e-01 1.191179885542690053e+00
-4.789885704829199287e-01 1.065896013559199940e-01 1.162858193520299954e+00
-8.214303338994999315e-01 -7.413947034426400240e-01 2.660168240700410358e+00
1.150262863880140207e+00 -5.432027330327698911e-01 2.134148310330660436e+00
-2.187037470638099612e-01 -3.356020864142300053e-01 1.797824110824120192e+00
-2.436026539097499999e-01 -5.338756092608999693e-02 1.360653674187140227e+00
-8.140071168261997503e-02 1.945215092492499909e-01 1.195249033008270123e+00
6.809044198080898003e-01 1.958223169847700118e-01 1.235586368930640111e+00
-3.389585894762600082e-01 2.743201761001099470e-01 1.057422070793180069e+00
-4.408309706948800311e-01 1.851397669399399981e-01 1.131213199628670063e+00
-1.151168062316299867e+00 -9.005724560903799469e-01 2.769723126785270217e+00
-1.736066237336699736e-01 -1.408301809877700039e-01 1.561628860367190175e+00
-3.836298471200800253e-01 1.221396079217799968e-01 1.213850641381900131e+00
-2.530720188941100179e-01 -6.278036959127000771e-02 1.414114464245400216e+00
-6.704216980823400895e-01 -2.684661606332000017e-01 1.602419646514070095e+00
-2.120094921291899581e-01 -1.681017548728299948e-01 1.607811014417430240e+00
-3.892916815430899624e-01 5.910252065392999909e-02 1.220776054885560180e+00
-5.955986058535700511e-01 -5.607304496592799836e-01 2.054621504222790218e+00
5.155368509889899364e-01 3.105407168482999733e-02 1.241787664721630158e+00
-3.333356941456199762e-01 1.058726070830499633e-01 1.168662310162020157e+00
-4.298962120053500535e-01 -1.054517578494310159e+00 2.651415358998820082e+00
-1.309289700251499988e-01 3.883784545374999175e-02 1.276591840955550117e+00
-1.447673692762999620e-01 1.286869776372500107e-01 9.556614501846301124e-01
1.016783069783939730e+00 -7.014056817528000476e-01 2.349505104414880030e+00
1.289008502800739864e+00 -8.746896384327900176e-01 2.663191791101510386e+00
1.738177215155299882e-01 6.514981574809000642e-02 1.383302745623150365e+00
1.255425398956459881e+00 -8.499326158766000727e-01 2.588060193741530401e+00
1.018674965934989851e+00 -6.990074185994499256e-01 2.354665711469270395e+00
2.366603451639099909e-01 1.649806607874200193e-01 1.447732609346690236e+00
-2.369300918334499850e-01 -8.558880700818399800e-01 2.301694924696090272e+00
-4.398138435818200187e-01 -1.060587957664160141e+00 2.695402442555720590e+00
6.569464970936598203e-01 -1.118319981135920127e+00 2.896656012915929779e+00
