1.285934212886100103e-01 2.094372291468100111e-01 1.171283133664129839e+00
1.285934212886100103e-01 2.094372291468100111e-01 1.171283133664129839e+00
-2.544583527549999780e-02 1.042302617631599981e-01 1.223844599168640190e+00
4.313483069831099970e-01 1.964910985746300132e-01 1.193857947898779859e+00
1.871363030019300155e-01 1.973290155454600070e-01 1.173215384210360313e+00
-1.112009686173200118e-01 1.964170658540099479e-01 1.230616092036409981e+00
3.975077949468499572e-01 1.558296586379599724e-01 1.222096465835030177e+00
-3.578131939733599221e-01 2.517962662744900326e-01 1.187602433110499955e+00
-1.280027052196099913e-01 2.863048741770199968e-01 1.143946021890400067e+00
3.563545724607899978e-01 2.355120406012400081e-01 1.168581053545469928e+00
-3.230749072877799333e-01 2.844167313500699512e-01 1.144419184013639956e+00
-3.230749072877799333e-01 2.844167313500699512e-01 1.144419184013639956e+00
1.834980807399400060e-01 2.346216724132199616e-01 1.155077476404919867e+00
3.107154893580400534e-01 2.092900147094099994e-01 1.177918273258159676e+00
1.003695445183999842e-02 3.570122340353998336e-02 1.234594297393440065e+00
7.813784556078001708e-02 1.684130361428499423e-01 1.235632696037209932e+00
4.014751513812199746e-01 1.564872078311299874e-01 1.228913983730540060e+00
4.014751513812199746e-01 1.564872078311299874e-01 1.228913983730540060e+00
2.188563289430000419e-02 9.273846993243997638e-02 1.262601710326540339e+00
-4.102477324196900366e-01 1.704639462876999800e-01 1.248694688405790121e+00
2.467464649367400176e-01 1.061766713311900062e-01 1.341130708671320004e+00
-3.602344061529700325e-01 1.261017810508199832e-01 1.297251807292350012e+00
4.790412833701100381e-01 7.478756551556998977e-02 1.295589800115930057e+00
4.790412833701100381e-01 7.478756551556998977e-02 1.295589800115930057e+00
-3.294409794024699689e-01 2.405861510465400199e-01 1.197730313293170035e+00
-1.130731286329700325e-01 1.293368269510799806e-01 1.158659272168939935e+00
2.535989745442600030e-01 1.870594611933099893e-01 1.182057660534959975e+00
1.315103816272999993e-01 1.093128086958997103e-02 1.410532232100760286e+00
-5.081401907840600307e-01 8.510720155189971381e-03 1.395866107305580250e+00
1.789686180833900131e-01 2.741682593012999547e-01 1.126624241706090102e+00
1.789686180833900131e-01 2.741682593012999547e-01 1.126624241706090102e+00
-5.425155741948900490e-01 -4.706060163989002343e-02 1.454738863722650155e+00
-5.415905124133599813e-01 -4.855767319922002501e-02 1.451094592986250209e+00
-3.273217578722000254e-01 -1.601153061881000206e-01 1.495936124767439868e+00
-2.054863834648599508e-01 -2.254677968567600221e-01 1.639879208557990076e+00
-6.915279389450998404e-02 -2.248426742393299926e-01 1.433018189383969965e+00
-6.563879676725999923e-01 -2.550160110030800231e-01 1.646608365747829872e+00
-1.807792905276600082e-01 2.132195497525400107e-01 1.184923474543289945e+00
-1.585097867944600114e-01 -4.374322411479699690e-01 1.862434707541309908e+00
4.441754402174999394e-02 2.504961421634900320e-01 1.181476669868460228e+00
-1.732774568947999805e-01 1.499428008609999807e-01 1.116437219524350155e+00
-1.748384689895599864e-01 1.670474499063800133e-01 1.134789074856520141e+00
-2.953678960939299381e-01 -1.422847687937500161e-01 1.459460666099420045e+00
1.424998562589999823e-02 -7.743634931983001124e-02 1.505501554073290116e+00
1.424998562589999823e-02 -7.743634931983001124e-02 1.505501554073290116e+00
-1.612010897902299844e-01 -2.322362039893900165e-01 1.559427408211309984e+00
-8.088569661110001086e-02 -1.439203835754100380e-01 1.568090205546820215e+00
1.657541156892199941e-01 2.417975166855599600e-01 1.157832910717349950e+00
1.382623342243500253e-01 1.777846353805499768e-01 1.201881301327600404e+00
-5.771369844040800112e-01 -1.223256037801800367e-01 1.568681397911680264e+00
-3.719827382385299530e-01 2.548987039547799816e-01 1.187600307568189795e+00
-5.648223615328902270e-01 -2.232054065618700178e-01 1.589076350798340087e+00
-9.935936761495001157e-02 -2.748923826764400058e-01 1.676798564917799883e+00
-6.155401869088000799e-01 -2.490922340438599669e-01 1.626066107250220050e+00
-2.988511456918999665e-01 -2.379082726661800040e-01 1.707372971636680337e+00
-2.927207838413199981e-01 -2.288031836082800308e-01 1.684903337105979837e+00
-5.459517912442199972e-01 -3.151072099206200239e-01 1.683483591299150373e+00
-1.541608976759799576e-01 -3.475345527048400163e-01 1.799277778698740171e+00
2.075741022460007683e-03 -3.313289992847899823e-01 1.764664154720850142e+00
4.514342595459995729e-03 -3.265748798701400002e-01 1.753474433975910074e+00
-1.089351135584000312e-02 -4.100657807910099706e-01 1.866789596015680175e+00
1.871616822890300180e-01 2.547024333101899352e-01 1.136234292103280197e+00
-2.279705029575199993e-01 1.206781616655600020e-01 1.145788633419440039e+00
-1.583773610804999898e-01 3.025056666215099055e-01 1.138741923349060103e+00
-1.622247773749500022e-01 -3.459643803764199665e-01 1.792147483777169814e+00
1.548134144840500048e-01 2.466254052929999496e-01 1.146519182206880316e+00
-1.014210475530930022e+00 -1.091919120310389957e+00 2.911337425916010080e+00
-2.181441878345000487e-02 2.588722369793700073e-01 1.172571734493470075e+00
-1.232358726889099809e-01 2.952069312966799641e-01 1.146269593307890133e+00
2.840796606907100563e-01 -4.836449382235000205e-02 1.269194065570910190e+00
1.355129849592600355e-01 -8.329116512400119854e-04 1.413661471731160191e+00
4.093325119727300176e-01 2.288799243200199673e-01 1.160080366145320063e+00
4.093325119727300176e-01 2.288799243200199673e-01 1.160080366145320063e+00
-4.549099493247100168e-01 2.165843923565599627e-01 1.212257458023320300e+00
-2.793051005404000378e-02 -1.410042653777300037e-01 1.520098529302179813e+00
2.363652993028000221e-02 -4.504703797855199587e-01 1.433699244291080088e+00
-4.013570980568200719e-01 1.548580455900299968e-01 1.261483076824979843e+00
-5.940753546494000059e-02 8.158521724488000670e-02 1.237949067577820195e+00
-7.502395720169995064e-03 3.541033124201001248e-02 1.366499555885670070e+00
-4.504337462622399757e-01 -3.372245001184199786e-01 1.742910955635660120e+00
-6.764704881146400561e-01 -1.789488802156500025e-01 1.567120330262349981e+00
-3.102399586342199367e-01 -3.733547208262899542e-01 1.832080086493470095e+00
-1.430815775370599674e-01 -1.885995747385600108e-01 1.566081852912569961e+00
-8.486770107188498224e-01 -6.974742111293199542e-01 2.221227764112500225e+00
-1.266495591176409974e+00 -9.250644938414198659e-01 2.595830503045189808e+00
1.310712925975699994e-01 8.076023532059994903e-03 1.414305191683980389e+00
-4.176347842788299403e-01 -1.097983481470149902e+00 3.182342102895749925e+00
-4.176347842788299403e-01 -1.097983481470149902e+00 3.182342102895749925e+00
-1.286232501821800156e-01 2.857517574892399770e-01 1.148405931015890058e+00
-1.637852891169599701e-01 2.263879875149099885e-01 1.190048306903050079e+00
-1.660594079341199680e-01 -2.156671579213000067e-02 1.283369276474280340e+00
-6.973725464464100021e-01 -9.827873884040000396e-02 1.576248753906119848e+00
4.184759717692700387e-01 2.143141131924799769e-01 1.179416149932530189e+00
-1.142039324312300042e-01 1.285782950491700105e-01 1.151870594442129914e+00
-5.958915150510998848e-02 8.367399454848997720e-02 1.237094916671710010e+00
1.118487700850900046e-01 2.789177106766300707e-01 1.129051299777280137e+00
2.202931049978900102e-01 1.611082671198700023e-01 1.214088103970410337e+00
-3.302735415312200162e-01 1.680063428795400271e-01 1.261110325753100003e+00
-3.311159715178999541e-01 1.453616005749899798e-01 1.291569081341390035e+00
-3.211966834691099559e-01 2.307853773955799992e-01 1.209749800872250258e+00
-3.207448078422399651e-01 5.540612792439000844e-02 1.354441655042160075e+00
-6.653165701867999604e-02 -2.011411898390999820e-01 1.609514851812320124e+00
-4.750654138290999473e-02 -3.625250604018399603e-01 1.808811957137510085e+00
-3.174782544564900277e-01 -2.665686240090200387e-01 1.712786281600040095e+00
-3.104260940588099427e-01 -3.732953405206099751e-01 1.831851615927500010e+00
3.245143018314600170e-01 -5.182901043193001434e-02 1.268643297033960060e+00
-9.675485530212002416e-02 1.605353582183299821e-01 1.205189494035390219e+00
-4.693635393712599635e-01 -3.659044202800054713e-04 1.410486467204540073e+00
1.651631221596500110e-01 2.003536958687699709e-01 1.168951566038580303e+00
1.005947080806999794e-01 1.852989491365699959e-01 1.194959430826390001e+00
-3.735865301938799954e-01 2.524685665949399915e-01 1.173599519827239757e+00
-4.308785022476600002e-01 -1.161039483909000192e-02 1.406623538288449993e+00
-4.793854773782299517e-01 -1.454899362631600079e-01 1.570040377646620300e+00
-1.813917525131999997e-01 1.014058641382899889e-01 1.122683548325990044e+00
-1.152436917205700018e-01 1.197568872386001182e-02 1.280387970741850179e+00
3.571958124020200298e-01 1.800266887776300340e-01 1.190747657505950130e+00
3.869966593591000481e-01 1.264990105783599939e-01 1.243113616758900086e+00
-3.989325837036100109e-01 1.535990832590699851e-01 1.255581517413089987e+00
3.034048407946699499e-01 1.432012363402299926e-01 1.225520452997620247e+00
-6.816386811919995445e-03 3.673204564831999974e-02 1.298573645458449999e+00
-4.454803640511800222e-01 -2.986111038507900384e-01 1.743188881008680191e+00
-7.230088581356201027e-01 -2.778951760251799907e-01 1.738349726118010086e+00
-1.473271000366599692e-01 -1.904431664728700180e-01 1.577636603317720265e+00
-3.129439809306199805e-01 -1.939916374438399871e-01 1.557278184237090191e+00
-6.026608715395000981e-01 -4.012355011456300025e-01 1.842802500166610180e+00
-1.231192175167090008e+00 -7.470026795895199356e-01 2.702595672746620270e+00
-4.128518201301200619e-01 2.059237827663299714e-01 1.203716245143080066e+00
-2.976910542553399819e-01 -4.418508890556999830e-02 1.413521602343740025e+00
-4.001646535619199918e-01 -1.203628275042399887e-01 1.502962526217439976e+00
2.812036534416599842e-01 1.953051912824699810e-01 1.170858036201130048e+00
-2.859804412818800490e-01 2.231691358124099633e-01 1.210752733882699772e+00
-7.159735921188999930e-01 -3.354485866670400274e-01 1.764623453038709933e+00
-5.637345714630200844e-01 -2.693855237399399583e-01 1.644302433073490111e+00
-3.345392290338499719e-01 1.455336744069799793e-01 1.290771016940500004e+00
-3.620639650403100207e-01 1.265371449186599995e-01 1.301644958516980033e+00
-3.056768480566899870e-01 -2.542808591338300284e-01 1.685953134279920107e+00
-6.714650106264800078e-01 -1.807626653163900143e-01 1.561226017015429957e+00
-5.486390043865799759e-01 -3.226347408469300015e-01 1.712206647899729983e+00
1.297227954969999986e-01 4.557381178309991010e-03 1.411516130875990260e+00
-3.083827264811799806e-01 -3.706881199672200644e-01 1.828266689054190319e+00
3.958704174363500417e-01 1.558856788810900063e-01 1.213139259023680250e+00
3.864928534930099913e-01 1.276757726428699724e-01 1.239694838651270281e+00
-1.331921164109399758e-01 1.455132959951699612e-01 1.116377835821380060e+00
2.197486105870200268e-01 1.616311322049599764e-01 1.210115103071290221e+00
2.983414891082200593e-01 2.384365404770499575e-01 1.140701484306390068e+00
-1.302674439689999741e-01 -2.428827587613100192e-01 1.694337298257540425e+00
-2.283477283770999830e-02 -2.691646143779999889e-01 1.632514762881990045e+00
-2.773003645511599724e-01 3.361090825562998430e-02 1.310438688523190010e+00
-4.346062779252299890e-01 5.442044267865998874e-02 1.342994609793919825e+00
-1.481277839834400090e-01 -2.793566405966400046e-01 1.699431366554710277e+00
-5.631994501756200089e-01 -2.641056182613099601e-01 1.641652388860200151e+00
1.281724127071800223e-01 3.511084252000001849e-03 1.413163320802670153e+00
3.300718216756099999e-01 2.021612646275399994e-01 1.176494740967310104e+00
-1.505137629542099842e-01 -3.321657176658002197e-02 1.433116386957220101e+00
-1.772601873070004698e-03 -1.518984650764500233e-01 1.545716991279870278e+00
-4.389642195713099881e-01 -2.263151165355000161e-01 1.640136397279420066e+00
-5.845663893253999488e-02 8.661156509014000804e-02 1.234989738125280123e+00
-8.598690768756997449e-02 -2.525058436100013903e-03 1.242370251905320355e+00
4.305679226772999857e-01 -4.795010455219002321e-02 1.435597942837420149e+00
1.438674523860599963e-01 1.844952384982499749e-01 1.226928848388249893e+00
-5.518109955845500458e-01 -1.208488770342000251e-01 1.531188437705310434e+00
-3.054164482059499308e-01 -2.546748225531100251e-01 1.680068296623640212e+00
-6.331023167629200588e-01 -1.937590549344900270e-01 1.586616367435630170e+00
-2.700629797669499843e-01 8.250794442749995183e-03 1.297313068417300208e+00
-3.835639982887998900e-01 -1.093677291290999998e+00 3.193092294457310132e+00
-3.835639982887998900e-01 -1.093677291290999998e+00 3.193092294457310132e+00
-4.613483782663400090e-01 -3.388599675733899863e-01 1.753367307900310035e+00
-5.777350978634999967e-02 -3.388589918549299584e-01 1.767997683837799983e+00
-1.159353201183400128e-01 8.574371828145997687e-02 1.133764081810660018e+00
4.325914313626600394e-01 -4.615207977552000101e-02 1.433868964717160299e+00
-4.054409014532199818e-01 -1.229194144794699961e-01 1.506855168872270223e+00
-1.787836672947999972e-01 -1.327645403899400112e-01 1.474199358986290065e+00
-1.667246091571600031e-01 2.224119240383700402e-01 1.184128287277470104e+00
-5.831794566336200303e-01 -2.536378224710099660e-01 1.598121815006150026e+00
-2.120351851647999525e-02 -4.682096368019300625e-01 1.897700138456140273e+00
-3.667752471734999631e-01 1.743333559856499460e-01 1.222615122974930024e+00
2.468616613780000024e-01 -4.698715223233400629e-01 1.430451292116420081e+00
3.613771620910299909e-01 1.311051874445499643e-01 1.237371815516190132e+00
3.383713854703300772e-01 6.220796492987996917e-02 1.342578049806769869e+00
-2.562606696318899813e-01 6.795604789234997722e-02 1.280714541366660075e+00
3.532128878060003876e-03 4.145287884874997164e-02 1.232371316996899946e+00
-5.594433953160999479e-02 1.308824636180999923e-01 1.245073981829220244e+00
-9.754457604410002314e-02 1.586205274088400008e-01 1.217745593164610174e+00
3.991273210255499859e-01 1.571049759432000259e-01 1.224120612976749900e+00
-8.070830812959997602e-02 4.054038776156999868e-02 1.245475409396399780e+00
-3.991355069482199758e-01 1.799249982799999981e-01 1.247983914801570116e+00
-2.417489840259000322e-02 -6.497530510743800836e-01 2.019714210998000414e+00
-5.118608836174000087e-01 -1.673556646583500007e-01 1.648002827348269861e+00
2.518524051059599644e-01 2.363694048540999348e-01 1.196206920878740032e+00
2.518524051059599644e-01 2.363694048540999348e-01 1.196206920878740032e+00
-4.823631330117999494e-01 -2.090141360101900048e-01 1.566108100807400039e+00
-4.823631330117999494e-01 -2.090141360101900048e-01 1.566108100807400039e+00
2.577038486352999924e-01 2.386897348537899977e-01 1.152279275230200017e+00
1.627735684192899990e-01 2.661200959169700564e-01 1.122794548664269865e+00
-1.579174824097599739e-01 -1.922983971733599751e-01 1.573447262292290372e+00
1.697638178298599976e-01 2.049085218690199495e-01 1.197051830452350085e+00
-1.651676868893100225e-01 -2.314639233103400195e-01 1.548809904774440138e+00
1.765166870180900072e-01 2.491510725490299893e-01 1.135110652115530083e+00
1.765166870180900072e-01 2.491510725490299893e-01 1.135110652115530083e+00
-1.595156873263699759e-01 -3.483137755271300540e-01 1.799168043609959966e+00
-4.625259157435000767e-02 -3.582069761177899547e-01 1.804056825453460355e+00
-4.547709314266700220e-01 -3.384512615718000550e-01 1.747157273267809785e+00
-6.691973047849900658e-01 -9.099375569886900550e-01 2.732265264614219813e+00
-2.691099000993799617e-01 2.691656609554400337e-01 1.196366062976260469e+00
-1.485172915537499860e-01 -1.128436818699923849e-04 1.258090263631200134e+00
4.883172515934900426e-01 -4.992465693370001789e-02 1.441372244192910212e+00
4.874183408171099963e-01 -5.186632044606001579e-02 1.432385036654920452e+00
-2.201892866908099489e-01 -1.490177204797699939e-01 1.473471136952640315e+00
-5.742683163044900452e-01 -1.261320632206799908e-01 1.575671110624070170e+00
2.352950230498200013e-01 2.391350495065300008e-01 1.143386353638800035e+00
3.040133536897899891e-01 2.389428080353200035e-01 1.125597625916630040e+00
-1.973700860031200321e-01 -2.314550649417100037e-01 1.598863729480690221e+00
-2.332783662405599756e-01 1.104390156174099857e-01 1.136272435056649988e+00
-5.885160396652400205e-01 6.932052891315998444e-02 1.330240279479030008e+00
-5.407510855200100552e-01 -9.212862128880006107e-03 1.436437657536120405e+00
3.702318033044200152e-01 1.488140462829199706e-01 1.161481022819800035e+00
1.420402906586000144e-02 -1.877067080093200169e-01 1.523762029941590157e+00
-4.132230344399299704e-01 2.060000221419399924e-01 1.196399533264380199e+00
4.172470631331299806e-01 2.122346943962100385e-01 1.176568791017380100e+00
5.626772677667098987e-01 7.371029312816998469e-02 1.339161990566859917e+00
-7.476433361169998459e-02 2.654687114089500088e-01 1.159549857257100136e+00
-3.281293003696300059e-01 -1.121442265052000065e-01 1.440701926371160013e+00
-4.847419449746000475e-01 -6.535562333404000557e-02 1.463973189586330381e+00
9.658232164669997358e-03 -1.460512516050300469e-01 1.509714287655690157e+00
1.866621815406299956e-01 2.600949200143199969e-01 1.118154400119460101e+00
-4.736532710857799811e-01 -1.380451453004400142e-01 1.543394456526430147e+00
-2.780160776754400098e-01 -2.941655017496900282e-01 1.733237529148690115e+00
-3.817582575835499759e-01 1.707248292631899644e-01 1.234981547671910374e+00
-3.817582575835499759e-01 1.707248292631899644e-01 1.234981547671910374e+00
-1.646558588706699966e-01 -2.159035517060009512e-03 1.354620562921180049e+00
3.439752019781099901e-01 1.351142948933899968e-01 1.235062224324150026e+00
-7.577663966523998096e-02 -1.604029029793001271e-02 1.212412307313440074e+00
-8.094026786084002056e-02 -1.926901107897999177e-02 1.242235446920770148e+00
2.920387663247300258e-01 1.829090964467699199e-01 1.189258069106819971e+00
2.920387663247300258e-01 1.829090964467699199e-01 1.189258069106819971e+00
-7.250160270309999322e-02 1.246049110576200047e-01 1.236519507457920053e+00
4.632829834339199926e-01 1.428452611991100074e-01 1.231951891217740069e+00
4.651247373982500544e-01 1.423416744761899777e-01 1.237946872680720123e+00
4.625100311160300071e-01 1.412927761685599803e-01 1.230175153371749985e+00
-2.272509842079399600e-01 1.856605538742499839e-01 1.216861730274080067e+00
-3.606925292574799657e-01 2.096684057419799796e-01 1.235895084126739984e+00
3.298310703132500410e-01 -5.148572136587001302e-02 1.280069967893170180e+00
3.298310703132500410e-01 -5.148572136587001302e-02 1.280069967893170180e+00
-1.700054156125999777e-02 4.103091275340003952e-03 1.442768429501089855e+00
1.432820275378000538e-02 2.605782692625899788e-01 1.172103908062970046e+00
-6.721338223219999741e-02 -3.935004439401998400e-02 1.394730803551869958e+00
2.564717675026300103e-01 1.812093322823299657e-01 1.187696348845300065e+00
-7.088232753786002927e-02 -4.075052896583002127e-02 1.419557082718940322e+00
3.495460324560000637e-02 2.524248954317099836e-01 1.211053184753530410e+00
3.482832248064799963e-01 2.300532207136199714e-01 1.154742665410919855e+00
-7.869139162393998244e-02 3.104123688552600235e-01 1.125185802133219948e+00
-7.869139162393998244e-02 3.104123688552600235e-01 1.125185802133219948e+00
2.032008718364899935e-01 2.713220482270000122e-01 1.127838985643890179e+00
-1.639540202771000085e-02 9.865989010193997044e-02 1.321050102806569981e+00
-4.207084407169999762e-01 1.880702208613600213e-01 1.264421888957010243e+00
-2.202107582743199898e-01 2.002250302803998405e-02 1.308052820504120195e+00
-3.615149024539300315e-01 1.275984204183900073e-01 1.294915056646860130e+00
-3.615149024539300315e-01 1.275984204183900073e-01 1.294915056646860130e+00
-4.661031708541100160e-01 1.477347591899977330e-03 1.401065519276630145e+00
-4.661031708541100160e-01 1.477347591899977330e-03 1.401065519276630145e+00
-3.502200583207299989e-01 2.112352688389899924e-01 1.224128980737039907e+00
2.815287939539399820e-01 -4.735049529813001312e-02 1.265390092147480328e+00
-2.386768828679399768e-01 2.616129562896001015e-02 1.313024367584649799e+00
-2.386768828679399768e-01 2.616129562896001015e-02 1.313024367584649799e+00
-4.640553448941399650e-01 6.143708669510999920e-02 1.338279635214870034e+00
3.760675926305899752e-01 5.331278859195001663e-02 1.514922308342939949e+00
-1.713162047267299815e-01 1.652998210325199724e-01 1.126605531087000234e+00
-2.851944398567499706e-01 3.847487031952001590e-02 1.374714743415100138e+00
-2.851944398567499706e-01 3.847487031952001590e-02 1.374714743415100138e+00
-2.757890885771599465e-01 3.473814689062998395e-02 1.275080298532810019e+00
-2.785242019379500222e-01 6.504448892074000954e-02 1.339696924638249964e+00
-2.785242019379500222e-01 6.504448892074000954e-02 1.339696924638249964e+00
-2.956085816335199956e-01 -4.004047581003000733e-02 1.412559867948820269e+00
-4.333833735882799965e-01 -9.284891031790032390e-03 1.408028884835410111e+00
1.107108252193899911e-01 2.145918062244100144e-01 1.173717143491800119e+00
-3.388351096268599760e-01 2.394505256222599632e-01 1.224117257389869984e+00
-1.164590739961899879e-01 4.544365435940002362e-02 1.244864131766719950e+00
-2.571717979263099529e-01 1.750055202008000965e-02 1.284512997432439629e+00
1.097466454251999277e-02 3.443528879702000001e-02 1.237823504641720085e+00
3.579996060229994389e-03 6.952549620737996650e-02 1.276711734317190317e+00
2.748975280579999628e-03 6.839346611699000100e-02 1.297401324715909965e+00
1.287213322212900080e-01 2.095012097417300323e-01 1.172282233316070066e+00
1.025164003655699985e-01 1.887211705103599979e-01 1.192913721684900175e+00
-1.415055982338200014e-01 -3.254478013900000133e-02 1.385800155213940066e+00
1.468522251077999941e-01 2.731608110652999910e-01 1.110004871184049779e+00
3.955352488920999693e-02 2.559244472438000351e-01 1.213200718201570272e+00
-1.547650332992100142e-01 -4.566915950860799267e-01 1.916404985762500068e+00
-1.397572611781001430e-02 -4.542854846560699933e-01 1.861412665822780088e+00
-4.268770543850899379e-01 -1.268175506961900234e-01 1.556180310113540077e+00
-4.268770543850899379e-01 -1.268175506961900234e-01 1.556180310113540077e+00
-2.869774809805100135e-01 -2.260489013220600141e-01 1.686574509364159979e+00
-2.889556359438499866e-01 -2.271497389480300055e-01 1.680133517067520010e+00
1.655104559799999708e-02 -2.787238883438200032e-01 1.759551366597639888e+00
-1.534105724781500146e-01 -2.740298293643800287e-01 1.695081726176740133e+00
-1.346711448254900023e-01 1.461952276775600190e-01 1.127006001478390029e+00
3.666857626244399704e-01 1.948226103911100127e-01 1.191794943225670256e+00
3.038938248974300538e-01 1.779048123002500426e-01 1.218537863214399941e+00
3.038938248974300538e-01 1.779048123002500426e-01 1.218537863214399941e+00
9.013023776126000142e-02 -1.670468111755002427e-02 1.345715952805010218e+00
-3.272315279272899891e-01 2.040952809396599787e-01 1.246352349279390204e+00
-3.594697979255799813e-01 2.574209972587300221e-01 1.188448625140809956e+00
-2.199763088596399796e-01 1.095310022162599844e-01 1.109413788295360082e+00
-5.430015164268000571e-01 2.594118010245700656e-01 1.180451490474709875e+00
-3.985454897214999459e-01 1.530223657641200108e-01 1.253637016958600192e+00
-3.213255374032699674e-01 2.319962399980799173e-01 1.206561225299390028e+00
3.311588211374499879e-01 5.473258476921999405e-02 1.316535779081940305e+00
-3.430186179208299935e-01 2.171142752650999375e-02 1.353708134638460070e+00
-3.779019472981599570e-01 8.436965219179999587e-02 1.361725878913550236e+00
-4.059722944679600154e-01 -2.139146242803399989e-01 1.631502886400260088e+00
1.568086823335199942e-01 1.733995443142099802e-01 1.202254743125970027e+00
-5.569660204393999531e-02 -1.102770488369509971e+00 2.519436476841390160e+00
1.091770530110700022e-01 -1.079969466395879873e+00 2.312824173109600423e+00
2.493565860457400141e-01 -1.101362128604250090e+00 2.354481028329809877e+00
2.500076743546499891e-01 -1.107660636823220024e+00 2.369060064749450412e+00
-9.658948762993100345e-01 -1.419642921004229841e+00 3.169735992815239989e+00
-4.444407764341800071e-01 -3.022788998175099939e-01 1.742763522160709844e+00
-4.444407764341800071e-01 -3.022788998175099939e-01 1.742763522160709844e+00
-1.391137313734799597e-01 -3.012508354814500411e-01 1.748082109719120147e+00
-4.657835533838999842e-02 9.213211577429999966e-02 1.224869628351670237e+00
-5.649519303555999850e-02 8.072860146230002865e-02 1.223273335933249939e+00
-3.160562555199499801e-01 2.018582604352500143e-01 1.209547243277360185e+00
-8.752775187472000562e-02 8.807252857713999961e-02 1.248764747057800051e+00
3.843209542408699275e-01 1.263525668222000020e-01 1.237782146652860238e+00
-1.243686627778199938e-01 1.748171890116300142e-01 1.174283932286679821e+00
1.185854741526399803e-01 1.811353189439699751e-01 1.197023214366740085e+00
2.715803752087899703e-01 2.314114621059799315e-01 1.145552578154590329e+00
3.459281627134899728e-01 2.185845434101300333e-01 1.165197686044830316e+00
2.037928478566199686e-01 2.086052087975600322e-01 1.107430875209820087e+00
2.159749019990000671e-02 -1.361410221452500069e-01 1.539453099398540026e+00
-5.896654463260401213e-01 -3.136713117960799879e-01 1.695003589658699905e+00
-6.279942782411600533e-01 -3.721689760836800476e-01 1.818262800599700135e+00
-4.571107477794000146e-02 -9.853063848942200664e-01 2.273852301422839783e+00
-4.522239563223002384e-02 -8.678587945817299865e-01 2.287544440212109897e+00
2.903642454270999873e-01 2.261525668072999762e-01 1.152331157704660214e+00
1.303991553491929967e+00 -1.205874986637559987e+00 2.550529628160969953e+00
1.185601699337619941e+00 -1.482283115232070125e+00 2.720306336968270067e+00
7.119422938568900072e-01 -1.181474276788929911e+00 2.464985794323949708e+00
8.397483977204099892e-01 -1.403932719828249853e+00 2.909264524945530450e+00
-4.403184346381699976e-01 4.626041649137997702e-02 1.350108531833300152e+00
-4.403184346381699976e-01 4.626041649137997702e-02 1.350108531833300152e+00
2.267829013176600184e-01 -4.832605771552600515e-01 1.466678862453989929e+00
8.705545415582999214e-01 6.235677537413999993e-02 1.259475333974799938e+00
1.989679502256800070e-01 1.341648678944000472e-02 1.364831495161340058e+00
-2.817333744652900096e-01 2.718205566619099622e-01 1.168807852686680082e+00
-2.817333744652900096e-01 2.718205566619099622e-01 1.168807852686680082e+00
2.197365663762100019e-01 2.193494656509299701e-01 1.167796218375410255e+00
-4.479309208002499876e-01 -2.816647755080999016e-02 1.464070396683379904e+00
-1.814438385553399646e-01 2.145826133533299818e-01 1.188511233773939857e+00
-1.436154538703001207e-02 -7.042206995623699894e-01 2.167058674198769630e+00
-3.912370053964799865e-01 -1.056311619791630019e+00 3.050528221958090036e+00
-3.912370053964799865e-01 -1.056311619791630019e+00 3.050528221958090036e+00
-6.466307119063000042e-02 1.251301238426099915e-01 1.217079634609290029e+00
-6.821483316022000642e-02 5.490324831029999575e-03 1.229322386313330018e+00
5.426983982322599598e-01 1.427988452760599880e-01 1.244527676849230158e+00
1.650144758672699996e-01 -4.216323997134899804e-01 1.493779402817259960e+00
1.641735494731300093e-01 -4.220520053272700522e-01 1.499196433451040367e+00
-4.349940814673599609e-01 -1.291599535556099965e-01 1.577552477214620108e+00
-2.305888016725499701e-01 1.049239292192299944e-01 1.128789131128860035e+00
-3.419014055161999355e-02 2.612116185282200576e-01 1.169914600697440132e+00
-1.546051228260299504e-01 7.337587406885000274e-02 1.335342108307859821e+00
7.707033069009499027e-01 1.786455132141199498e-01 1.245377861215970050e+00
-5.093753420049800251e-01 -2.062692702615400164e-01 1.591557096273879868e+00
-4.911666862421000534e-02 1.514910715004999797e-01 1.257220669712450167e+00
-3.284809888681999857e-01 1.432508064804099701e-01 1.297783700488710057e+00
5.468736198780299596e-01 1.799245730076400041e-01 1.183261780775240357e+00
-3.597748396324900177e-01 2.575025330582000893e-02 1.369016854661989857e+00
5.670276483838798676e-01 -4.987679788960799332e-01 1.511219633726649914e+00
5.671424139326800562e-01 -4.997226375189199876e-01 1.532915129984130154e+00
9.345831951863099452e-01 -3.904526890583700505e-01 1.660679173575009937e+00
-2.649233863966100055e-01 -3.171430427461400248e-01 1.701711161959349905e+00
1.010594382861229823e+00 -4.687062545612800113e-01 1.756130292507199986e+00
1.244011327072649831e+00 -8.160631762482799534e-01 2.135885463041959920e+00
1.162845200935149981e+00 -8.038533478035099211e-01 2.193872326200099643e+00
1.152556818448160048e+00 -7.789086697024100170e-01 2.144976768479319951e+00
-3.682463329597002177e-02 -1.050466879718350066e+00 2.400368829372770296e+00
6.754122592399699476e-01 2.400759023707499662e-01 1.162464178831799977e+00
2.547306966970599995e-01 -1.117791353190270121e+00 2.395143578972689813e+00
1.722225366597699980e-01 -1.094776597343779967e+00 2.431469608543110006e+00
1.217196280123499896e+00 -9.344834592080000224e-01 2.314445038680889688e+00
3.034499681329800302e-01 1.438450560899899866e-01 1.227610163552339984e+00
6.012130459328798304e-01 -1.776029736625300004e-01 1.231588117165419938e+00
-3.607280856408000280e-02 8.169739516173998850e-02 1.248079859183570228e+00
6.741088045698799824e-01 -1.900241368534200115e-01 1.383732844852770150e+00
2.448451112609599800e-01 -4.644602771713199907e-01 1.426564524623400221e+00
5.556573743005699395e-01 -5.381868866718899636e-01 1.442929854794730016e+00
5.553912128976898899e-01 -5.404126615745699080e-01 1.445300647585959997e+00
1.945855048508400020e-01 1.666538748304499939e-01 1.207555293800320229e+00
1.339871297150900253e-01 2.278940712250799583e-01 1.166354914144770216e+00
2.726759713528900120e-01 -5.437511503102500088e-01 1.469123603486780283e+00
1.301060800394709949e+00 -4.999952944743599748e-01 1.770317110548290440e+00
1.209277872862070113e+00 -5.612803772375899447e-01 1.854812863298919812e+00
1.300360315217879981e+00 -8.348472705579800257e-01 2.027232495561590131e+00
1.351349819866340063e+00 -8.607773679649299847e-01 2.148198400216670301e+00
1.199572268746389891e+00 -6.930286751760499353e-01 2.113035483924900149e+00
1.210598597728949732e+00 -7.271111512380100672e-01 2.049595260439050382e+00
1.663566221701490155e+00 -8.704985874543399449e-01 2.265769526136830248e+00
1.494729490249779857e+00 -7.823522378376899233e-01 2.044012825898720020e+00
6.043626542935299772e-01 -3.512601067546700095e-01 1.147778060769840458e+00
1.157585842420539857e+00 -7.782843864080100094e-01 2.144949533709290534e+00
1.526934731092900011e+00 -8.018181579418900418e-01 2.199748651840930158e+00
1.577177813881499802e+00 -8.719634944404699439e-01 2.241795969746970041e+00
1.293496570252600231e-01 2.131141976570300189e-01 1.169488337357650121e+00
1.196479855188339991e+00 -6.472739333866099898e-01 2.048042722706190144e+00
1.445526617970209982e+00 -5.765547590738999695e-01 1.805043704769159874e+00
1.417815480052259769e+00 -5.610641363697099759e-01 1.765868565888270236e+00
1.404212090921549860e+00 -7.863740921871400502e-01 2.180231334054750114e+00
1.592204012333529928e+00 -7.746465888800899702e-01 2.136348953306010046e+00
1.753381824579010262e+00 -9.314189330133999523e-01 2.221690433191330083e+00
-5.169423299716000564e-01 2.606086017252799980e-01 1.167557528911010056e+00
-2.349230641499997115e-04 3.577883744844400082e-01 1.057316398312970085e+00
7.646925690300062500e-04 3.578120965214000027e-01 1.082472940406910000e+00
-5.041429280628300091e-01 4.718482804694400512e-01 1.023444797120020233e+00
-6.772103860472700188e-01 3.770671622124499578e-01 1.142202843922110134e+00
-4.230989945557099841e-01 -2.280680498711001869e-02 1.376040573514320187e+00
-4.230989945557099841e-01 -2.280680498711001869e-02 1.376040573514320187e+00
-4.638111534012300252e-01 -2.536172303301999220e-02 1.464229667766300036e+00
-4.638111534012300252e-01 -2.536172303301999220e-02 1.464229667766300036e+00
-4.377182000030300224e-01 -2.652091203306998490e-02 1.431660507360279944e+00
-4.377182000030300224e-01 -2.652091203306998490e-02 1.431660507360279944e+00
7.764652221820000227e-03 -5.302753882629990256e-03 1.407677807773960232e+00
6.953348481359299393e-01 -6.232711482802799630e-01 1.840587382853160037e+00
-6.672217706582300734e-01 -3.418872743182399532e-01 1.762460798444489996e+00
1.378609421870369944e+00 -1.126782827274940058e+00 2.374732977089250241e+00
1.235223027530349738e+00 -1.389999245109850179e+00 2.707982868861340098e+00
1.242863246993320070e+00 -1.428036200170440084e+00 2.864748592311740172e+00
-1.273226113603399823e-01 2.882644731971200081e-01 1.134758082291090098e+00
-2.755286024775699949e-01 3.645950629391799813e-01 1.245737218490230003e+00
7.613686614274198794e-01 1.069517329195199817e-01 1.313130431132110143e+00
7.475491544768799734e-01 4.206167102985997053e-02 1.334578760724660196e+00
9.517995207481599884e-01 1.109641868545399868e-01 1.229850401984109887e+00
1.277099490750239763e+00 -5.851295584562700158e-01 1.944173364548050120e+00
1.336181708076489949e+00 -5.887845791615299307e-01 1.916935452803160356e+00
3.262263418364500511e-01 1.735116652404699866e-01 1.199734210356059982e+00
1.384873015241369965e+00 -6.507036611548699945e-01 2.050645320870529975e+00
1.208967100273939943e+00 -7.666565833321399293e-01 1.986811178371000075e+00
1.470700671010529925e+00 -7.615069679077700604e-01 2.103852697213250078e+00
8.986847088756598767e-01 -8.375013747067199255e-01 2.277025470761290027e+00
1.779174420828210090e+00 -9.123031323754698940e-01 2.295285662412919869e+00
9.227480260574499882e-01 -1.037977226299849898e+00 2.454141055654470271e+00
-1.128065520190200122e-01 9.502811090978001418e-02 1.151358782629050115e+00
-3.602657173949799785e-01 1.262230676177699962e-01 1.302694283906790318e+00
-7.420527659928101150e-01 -3.100581352370400667e-01 1.727180333443260274e+00
-7.237414701812701079e-01 -3.573291190858900457e-01 1.789083955459799924e+00
-1.048960656131630254e+00 5.142914508324599732e-01 1.879432338836540151e+00
-2.808328680683700451e-01 2.684248557247299605e-01 1.166670896152130155e+00
-2.808328680683700451e-01 2.684248557247299605e-01 1.166670896152130155e+00
-1.435149291321700105e-01 3.820308212559000993e-02 1.312871188601670180e+00
-4.324872069704999850e-02 3.397473205241799965e-01 1.092642989763680017e+00
-1.745348312958500125e-01 1.489859871962800064e-01 1.117057466528160070e+00
-6.792477451468499350e-01 -1.098781850575999974e-01 1.567261100107309790e+00
-6.486679890369992547e-03 -3.192314473038200262e-01 1.700516604898989925e+00
-1.499638743657600304e-01 -3.575603004504900317e-01 1.817771021495889983e+00
-3.783710170796499850e-01 -1.714158059486700081e-01 1.541465409223199856e+00
-3.682587458018000970e-02 -1.250366946705800120e-01 1.500297602956860210e+00
-6.478499509171001258e-02 3.434135321754000492e-01 1.084217418069690186e+00
-6.736096964922000385e-02 -1.742355292090600194e-01 1.610745451772670034e+00
-7.848896341804499910e-01 -9.952896413232001360e-02 1.562780878622739955e+00
-5.662576293497999930e-02 -8.119501759830001497e-02 1.436299567473700023e+00
7.577516384130011072e-03 -1.576209508993000052e-01 1.569594647699100065e+00
-1.662041876015119879e+00 -9.462732392252899416e-01 3.389853030692669744e+00
-1.185746300340210002e+00 6.828958896915999777e-01 1.873000652537060162e+00
-1.305136411485280146e+00 6.651400866156600422e-01 1.858582079363789941e+00
-1.103242280769100025e+00 5.507342614632599886e-01 2.000594416085820004e+00
-1.537690428700369871e+00 4.348725724270300352e-01 2.108440519839120064e+00
-1.551758139134099823e-01 2.969963572592799750e-01 1.140671327139709978e+00
-1.551758139134099823e-01 2.969963572592799750e-01 1.140671327139709978e+00
-1.363847212750519899e+00 3.313733370576700255e-01 2.118797310361620223e+00
-1.618505745551200026e-01 1.561529415915999253e-02 1.365939396513339954e+00
-4.177779809159299917e-01 2.087061130153800292e-01 1.227586330101860135e+00
-1.628829002601610121e+00 4.459089052689002575e-02 2.570868841228290069e+00
-1.555586168473080066e+00 4.323288168939001808e-02 2.427040766782929904e+00
-1.971979506028860074e+00 -3.640008814145400118e-01 2.903722143772089925e+00
-3.166510630305399698e-01 2.202669788661600070e-01 1.221181287137310445e+00
9.496433342017599477e-01 2.609984866670799208e-01 1.117651273158299929e+00
5.671648067713899177e-01 2.790732228138799176e-01 1.140983486907610089e+00
9.146414310545499804e-01 2.306984893833499972e-01 1.151964005729139817e+00
5.082089191628199609e-01 1.068537177000899729e-01 1.249010854747250043e+00
8.808591211537999399e-01 3.184374677055100689e-01 1.077867374268250078e+00
-4.725893333142999059e-02 -1.047876973686800162e-01 1.493168566924510277e+00
5.640912863549399914e-01 2.727202455813100279e-01 1.148769335433950101e+00
9.751237546924299560e-01 1.757781206020999909e-01 1.100112287581689996e+00
-1.726396553963240210e+00 -2.405879736674500224e-01 2.596641378511720166e+00
3.932393400367200087e-01 1.630945052014600161e-01 1.206317436145430300e+00
2.405941144739099924e-01 1.586706480608099656e-01 1.220669204120950369e+00
-1.278296272823250090e+00 3.925457782912400440e-01 2.199121234143450287e+00
-1.319919655708910122e+00 1.572657746438399784e-01 2.318134488850640107e+00
-1.461320924262009768e+00 -9.397757765272002350e-02 2.656195505413639690e+00
9.467085601107498860e-01 1.996348717735600131e-01 1.221350932706589898e+00
8.690962198987299825e-01 3.432529530277200758e-01 1.058423472631280005e+00
7.109829396102299581e-01 -3.079008374688001204e-02 1.299180720769929742e+00
7.327735701356000719e-01 2.768305638265800006e-01 1.173891659777970276e+00
-1.174220971157100002e-01 7.170593345284999309e-02 1.105426696550160237e+00
6.383634977592598236e-01 1.170839804734100098e-01 1.270337258715149797e+00
4.117255445258800051e-01 1.028039659463000910e-02 1.396223743140760032e+00
9.028700392409999206e-03 -1.363481875999300041e-01 1.201909545153780012e+00
1.351221924779069772e+00 -4.655791270827499551e-01 1.731684163818650202e+00
6.627717825427099640e-01 -2.966569295398400197e-01 1.123555025819320097e+00
1.235801553470199821e+00 -6.260424660337700065e-01 1.976926306795649957e+00
-1.836405348477500032e-01 1.013141949482699727e-01 1.120856464196720026e+00
1.209565975151879913e+00 -7.394633441823599274e-01 2.051494465692369928e+00
-4.004750939949999408e-03 -1.397396694712799980e-01 1.159433078177309895e+00
-2.684358114727200539e-01 8.556622012522999143e-02 1.345339989425220040e+00
-2.485441864533299572e-01 4.479316669439997733e-02 1.246540923629170017e+00
8.798099316020999150e-02 -6.402032462576199290e-01 2.086998358585320013e+00
-2.688092165304299952e-01 -3.723371161140007213e-03 1.244681568255550097e+00
-2.685556565033100362e-01 8.605348270816000344e-02 1.332485170152319931e+00
-5.437340393178000664e-01 -2.794908803990400203e-01 1.922113743712450251e+00
-5.437340393178000664e-01 -2.794908803990400203e-01 1.922113743712450251e+00
-2.413367545833299821e-01 3.269342035220099696e-01 1.140271933595800036e+00
-1.362802395128099864e-01 -4.680324439165699513e-01 1.873687963992140215e+00
4.372525692561900490e-01 1.497440073434300190e-01 1.238596427946269785e+00
-1.552565541813399896e-01 2.946774786156500792e-01 1.142772500175710082e+00
2.585446806715799850e-01 1.519503716945599658e-01 1.220158191443790230e+00
-4.896834317945000098e-02 1.427998568859900064e-01 1.276534979683610072e+00
-4.896834317945000098e-02 1.427998568859900064e-01 1.276534979683610072e+00
7.324098877279500153e-01 1.677452738968200074e-01 1.242366048062020223e+00
-1.637888850423099840e-01 2.008341177261900035e-01 1.158849569618039865e+00
7.839616324487699295e-01 -6.639877301910013241e-03 1.288055973457780112e+00
6.462819784719198157e-01 -1.256351187292299998e-01 1.341243778757930105e+00
8.078380554291200166e-01 9.589709074358999941e-02 1.204351445913479868e+00
-4.057833107588899590e-01 1.731260688379200052e-01 1.269469626473270107e+00
-9.981587175896000641e-02 8.033293663659998862e-02 1.216954285473270225e+00
2.407715479263999869e-02 3.834923928508000845e-02 1.242068881274669856e+00
-6.803211778116000641e-01 -9.255321543827499386e-01 2.759732031246810102e+00
5.407976377756799069e-01 1.344598020289600182e-01 1.300287435597680119e+00
-3.081818811794998642e-02 2.744489107467299460e-01 1.163036927014990063e+00
3.057007307670900342e-01 1.443740394382199976e-01 1.233497605498480088e+00
1.274338408127900224e-01 2.110992262061600067e-01 1.180523939832620162e+00
3.860508169428100156e-01 1.271360085252999927e-01 1.236679386013050053e+00
-1.874710977520799848e-01 9.576149139697000268e-02 1.121680204117190049e+00
6.030745577244600586e-01 -3.510025337456099681e-01 1.142363490899230172e+00
5.253400265016799908e-01 -2.106092926340022431e-03 1.439422220539060326e+00
1.516423512214119862e+00 -4.388337339827800276e-01 1.738463197522900572e+00
1.453504994440769638e+00 -4.149035874229799470e-01 1.650460020412900075e+00
8.372939733033299969e-01 -4.456755132743799308e-01 1.898655305600370102e+00
8.340106464197299951e-01 -4.514950355457499898e-01 1.899059437393330274e+00
-1.802190321925100092e-01 -1.296592459797200059e-01 1.455345274232790143e+00
-4.891178963457599727e-01 -2.096945092860500182e-01 1.566740162356429877e+00
2.791934055613999946e-02 -1.083164884559700142e-01 1.440855177257370112e+00
2.930969623822000242e-02 -7.567318381208000544e-02 1.403433454298909755e+00
-7.134327628556199619e-01 -1.525084336260001949e-02 1.542777324988080068e+00
-5.143634226109400354e-01 2.682360391564199142e-01 1.196287966464800068e+00
-2.421964504075800051e-01 1.231626765949399849e-01 1.189090189556429866e+00
-2.676543471207100122e-01 8.576917584265002226e-02 1.337829504733449859e+00
1.778574518135099813e+00 -6.514416139438100606e-01 1.968777349971170043e+00
1.738976209257649952e+00 -6.356654166881099410e-01 1.928069925665099937e+00
1.739795146638289935e+00 -6.365558991854299853e-01 1.930180180307469850e+00
8.686068762805200238e-01 3.448674641084599202e-01 1.058677366234890060e+00
1.247067205255020017e+00 -7.491148410183898765e-01 2.083269154771959730e+00
1.229408036533450099e+00 -7.946388602090200814e-01 2.044218690656829818e+00
1.097504758107120004e+00 -6.607545570386199607e-01 2.003401085124330017e+00
1.716884307803429932e+00 -6.712200976773100569e-01 1.992303995913300430e+00
1.702204301161760025e+00 -6.951826454849499015e-01 2.086573607882090009e+00
1.699247056490539975e+00 -6.956137047585200239e-01 2.086024546581549899e+00
1.811410124717549808e+00 -8.784350937659000103e-01 2.237161795063760117e+00
1.685106126583389985e+00 -7.727494448012499628e-01 2.078589303763449969e+00
9.241375902712499757e-01 2.418982377583500099e-01 1.156555422837130198e+00
6.574623917050999022e-01 -2.967281552467599948e-01 1.118762309081779982e+00
9.019253889783399591e-01 7.373668698584996684e-02 1.258740019244210195e+00
6.244152689307999049e-01 -1.411475358441800221e-01 1.272631534192889990e+00
6.220834892670500382e-01 -1.271319236602100056e-01 1.256088556560160274e+00
-5.979577837753000669e-01 -2.084470951102000702e-02 1.429691195857909936e+00
-3.060967555985500410e-01 -1.080051323180100109e-01 1.429962044205780103e+00
-4.387550203756899192e-01 -1.316189981235800222e-01 1.596211685393770008e+00
-7.867424674724901035e-01 -9.941021724547002836e-02 1.569316525563400067e+00
-4.857518651404799104e-01 2.953750065758000698e-01 1.094568083757060162e+00
-1.052322933021500040e-01 -8.518262167205601365e-01 2.316902616959339856e+00
-1.052322933021500040e-01 -8.518262167205601365e-01 2.316902616959339856e+00
-1.621337704585529949e+00 4.744828857725996718e-02 2.500416978349179864e+00
-1.525731890839420180e+00 -2.744922017469899611e-01 2.787386816918760335e+00
-2.662796572921499738e-01 8.679987171154000813e-02 1.352465827808210008e+00
3.196612253993999508e-01 2.378231423206000061e-01 1.130649783876680026e+00
-5.414891580126099946e-01 -6.571294692219001310e-02 1.469515605922410373e+00
-1.428249642522160245e+00 2.820107991423199678e-01 2.174731328207180070e+00
5.859914340112598596e-01 3.325186768971499784e-01 1.066927842651669955e+00
-1.796964835774000235e+00 1.172787742221599872e-01 2.428764728842290221e+00
-1.803795305262680060e+00 1.163767447320399606e-01 2.438775741892769577e+00
-8.486379553217099359e-01 -6.976060855994900001e-01 2.220048695434219788e+00
-1.451027981944390310e+00 2.504346671329982232e-03 2.425454038296230408e+00
-3.618886032118999729e-01 2.075439808949199605e-01 1.248374073766890024e+00
-6.664292625754997257e-02 -2.048429851341199981e-01 1.595064082956480167e+00
-2.040860531443999815e-01 -3.342235506957099700e-01 1.982747028134919987e+00
-1.374237150011220043e+00 3.957052700089700448e-01 2.111238101167200121e+00
-1.277491359297779905e+00 3.905873570144299256e-01 2.185025929137149880e+00
-1.467485071304290178e+00 -2.409232972348200053e-01 2.130028073481750273e+00
-5.660664980542997465e-02 -3.946765047311300290e-01 1.766064075572309822e+00
-5.626514543852000338e-01 -2.381052360952500002e-01 1.591304346386510193e+00
-5.626514543852000338e-01 -2.381052360952500002e-01 1.591304346386510193e+00
5.922791727622999103e-01 3.598088624033700667e-01 1.054436230200330060e+00
3.181758125364499978e-01 2.439004017884599806e-01 1.152700241870809883e+00
-4.793099153001499357e-01 -3.343169020240299716e-01 1.698645426861669971e+00
-3.545706445501199955e-01 2.926215265395299969e-01 1.173098278602339839e+00
9.857639809183800228e-01 -2.187683132358000937e-02 1.061500687451470082e+00
-9.801099677040899794e-01 5.919785186939801047e-01 1.751531965753520215e+00
-3.934363666486899724e-01 1.995395144342899940e-01 1.217155746946999795e+00
6.280185016238000462e-02 3.225663472136599541e-01 1.109329452252949988e+00
-5.521380856354998756e-02 -9.759272563380008703e-03 1.285658586486470245e+00
6.123990528861998905e-01 -1.226381801959600115e-01 1.314211810056459928e+00
7.820330084119599956e-01 1.819484685704599591e-01 1.175226763595619950e+00
5.711788802467899773e-01 -6.910060044568001880e-02 1.335830521547800132e+00
5.778623281164598779e-01 -6.433962551821000020e-02 1.278040183707330080e+00
8.618201498642099612e-01 2.044552588993100439e-01 1.194084694164569971e+00
7.452235321538899226e-01 5.106513107529991879e-03 1.307824089350710040e+00
-5.896295685350002626e-03 -1.026767870684500011e-01 1.328999970159160160e+00
5.877364382094200090e-01 1.289758289979799910e-01 1.251638204253620046e+00
8.176446689073499918e-01 5.173356186190997130e-02 1.205480270960090472e+00
6.376144809533998981e-01 -5.915649364905001262e-02 1.310956064838370239e+00
8.181135585222198969e-01 1.017778248233899702e-01 1.262768286198350243e+00
5.872414323738297526e-01 5.213204549557000356e-02 1.372066426051520072e+00
2.287447630596899928e-01 -4.515721860765899986e-01 1.376817746193339964e+00
-6.088112382277000023e-01 -9.912172241122001182e-02 1.518404162730740303e+00
-2.293769911088001240e-02 -2.811744929971200513e-01 1.670510689398650328e+00
-2.421643017712998489e-02 -2.827907957316300180e-01 1.686581979679130150e+00
-2.859300999037999239e-02 -2.759663822946799572e-01 1.724940947358780008e+00
-3.796042895593099709e-01 -2.446632016309300550e-01 1.704887879847070131e+00
-1.508553775863900048e-01 -3.562826555084800395e-01 1.800643117787759984e+00
-7.858520134337900753e-01 -4.250919358699599693e-01 1.860889196175940175e+00
-8.045212508533999829e-01 -4.367800391861600406e-01 1.900897678320029982e+00
-3.555964666177500177e-01 9.677092248503997574e-02 1.345799389865290241e+00
-3.877234044419499703e-01 1.320550659131600191e-01 1.301454312668090196e+00
6.346920912343099186e-01 1.237394727664800076e-01 1.247739615846419792e+00
-4.259602693923899563e-01 2.540785620285099800e-01 1.179917069953130060e+00
-1.121829374217500064e-01 -4.297756109928400070e-01 1.885047780047889976e+00
2.360516446094999832e-02 -1.302108140446699980e-01 1.485376494875750186e+00
5.398201757185000504e-01 1.918288004447299966e-01 1.144669370980599954e+00
9.701268234278699332e-01 2.013385435898099318e-01 1.119881821682469969e+00
9.682911935016299543e-01 1.987554819835299635e-01 1.120410482771780014e+00
9.886322596620099601e-01 1.801877612905999904e-01 1.113472255770969976e+00
8.786249995995900619e-01 2.057612606428299851e-01 1.215630260421109998e+00
9.414013905315899988e-01 2.055557345666399749e-01 1.196329678268860164e+00
6.022751375285100295e-01 6.339617863751001448e-02 1.343004712670160306e+00
9.136282250921898829e-01 9.942904973963999360e-02 1.272778037608380153e+00
6.080115751199099972e-01 -4.804593525887999872e-02 1.247782830573130219e+00
2.313819384244999999e-02 -5.639818594549997344e-03 1.317799287114009843e+00
6.996662302341698503e-01 2.799053850639099394e-01 1.114493215396230141e+00
-1.500047039539199878e-01 8.983796999821996865e-02 1.321867626201119972e+00
-6.930488898268996611e-02 -1.448731558430019217e-03 1.225231419188100190e+00
-1.749436002356900000e-01 1.484037089693300004e-01 1.119259523031100212e+00
-2.175197072543499921e-01 -8.003792580325999606e-02 1.427894322237190039e+00
1.114896455692200028e-01 -1.110760643096849964e+00 2.345772282210340176e+00
-3.188200481329099834e-01 3.854586827224699697e-01 1.072168591937170179e+00
-1.634524891352200082e-01 2.008158796462699569e-01 1.154117091373669801e+00
-1.110444146595629844e+00 -9.179984947933599315e-01 2.589486029811869816e+00
-7.632308536651500885e-01 -1.048899393055710005e+00 3.097425385438209666e+00
-1.117374470935830200e+00 -1.146734153060829930e+00 2.859463281704070159e+00
-1.006541248917399933e+00 -1.082499576251549911e+00 2.882241198968669593e+00
-1.006929607998099940e-01 -2.435202310686800098e-01 1.670680580814940086e+00
-1.879763943001999948e-01 4.468382050218200341e-01 9.879003721362100698e-01
-2.704051853099400105e-01 4.191818385338900166e-01 1.050170691466050021e+00
1.275917629341100090e-01 -3.004461617039899668e-01 1.046923656697650085e+00
6.897965727772100708e-01 -1.792507757190800188e-01 1.495539559116609851e+00
3.259276097720000265e-01 -4.587683730911500390e-01 1.397404377036679968e+00
1.204782795535699891e-01 2.996335020386799997e-01 1.116755285706279910e+00
3.179332868235599796e-01 2.446899956262000020e-01 1.152588363165280239e+00
-2.319688309979300311e-01 3.803157437962300103e-01 1.058417561304750176e+00
-7.250952743492600217e-01 -3.548700543511199568e-01 1.787739246147650007e+00
-8.450096671556800443e-01 -6.942132344458600279e-01 2.209723498076809900e+00
-5.947739243513699980e-01 -8.114351504778899438e-01 2.462581795591570089e+00
6.871507736700079201e-04 -4.778601767365000530e-01 1.880815811099100010e+00
7.420935996510002151e-03 -1.032696810342909943e+00 2.361994301290980314e+00
4.120696969490004850e-03 -9.639808677780099533e-01 2.209673095705610102e+00
-6.001921783457401238e-01 -2.445083584048699799e-01 1.589623631176400043e+00
-6.156273166657399987e-01 -2.467471173418999963e-01 1.625403389535629906e+00
-6.058655314508101242e-01 -2.508216477021300017e-01 1.611700993101039980e+00
-1.916668654061799981e-01 -2.731663535659799580e-01 1.672564822517879968e+00
-1.962131275747200365e-01 -2.727713106029099333e-01 1.672260127890760284e+00
-2.268312487816799561e-01 -2.602413959885500061e-01 1.712646418167389939e+00
-2.531261546816000463e-01 7.640643805812999401e-02 1.297072173731939948e+00
1.097773816531999978e-02 3.231863937626998362e-02 1.186928594016749994e+00
-2.771110021554399894e-01 6.143586769311996931e-02 1.330882096211889909e+00
2.308155265343200258e-01 -4.539742471743499763e-01 1.377954383897370239e+00
-9.253719424949999328e-02 1.636646807100599899e-01 1.201857349615929937e+00
-3.027521591678700164e-01 -1.130134340370800017e-01 1.452061748157050136e+00
-3.027521591678700164e-01 -1.130134340370800017e-01 1.452061748157050136e+00
2.244500763473299965e-01 -4.472438321695100250e-01 1.359816933267310013e+00
1.275260071492000102e-01 -3.010641290533300207e-01 1.051894093887969950e+00
-3.271073393157999942e-01 6.013610101136000752e-02 1.369446557478020132e+00
-5.836808046619301749e-01 -1.227405899363000208e-01 1.573813991896750419e+00
2.283906704218599815e-01 1.692062912546899722e-01 1.235532778257669939e+00
2.234829428129100071e-01 1.633563599232300267e-01 1.218929021691700143e+00
2.208534188332300086e-01 1.634084801768499740e-01 1.210529247845430145e+00
-1.143939264787099674e-01 6.436891554010004679e-03 1.262103242957879790e+00
-1.886716911153100140e-01 -1.483801971524500163e-01 1.538865787676210406e+00
1.341406615763200139e-01 2.785062639596700418e-01 1.131004162096969967e+00
-5.688060330200001014e-02 4.197469158205699991e-01 1.010512527837069907e+00
-2.263357699345799889e-01 1.653328746722299847e-01 1.184326860150719973e+00
3.355016721248999662e-02 3.427340847977499161e-01 1.100123190910190063e+00
-3.647359797052199815e-01 4.754849242405699838e-01 1.016975789472450042e+00
-6.428086452559000907e-02 4.354218621466500183e-01 1.016952038295720007e+00
-5.663941480167000719e-02 3.688686102472800155e-01 1.070279805151090002e+00
-7.410473947290099339e-01 -2.940361564077099699e-01 1.710888290598500117e+00
-3.157814446543300013e-01 3.856697642999600273e-01 1.069298280797480016e+00
-3.169056375875099474e-01 3.824871799978399878e-01 1.067449700960519943e+00
-5.975831431563201068e-01 -3.561566262122100035e-01 1.742744737955269851e+00
-3.193581991577000567e-02 2.583409581876799921e-01 1.178657881260130047e+00
3.962034164684000159e-02 3.576220965980200228e-01 1.099878332698000172e+00
-4.358585780785099728e-01 6.010143736833999106e-02 1.340924226298650268e+00
2.302468366906499642e-01 -4.534953359043900623e-01 1.377272268204369876e+00
-2.367325785093200297e-01 -2.648547106991000488e-02 1.354123634568180190e+00
-5.779217964040999495e-02 8.417395012994999259e-02 1.229660270246990095e+00
-2.041884187837099962e-01 -3.869142654987000468e-02 1.358858899132640019e+00
3.155849873074300094e-01 -4.568242987739800087e-01 1.383412081704399998e+00
-4.513058117921999735e-01 2.096066270901999762e-01 1.210077192569240179e+00
3.150038994839799988e-01 -4.558827530266299499e-01 1.377605622293800014e+00
9.702492207949999295e-03 3.424623094662998524e-02 1.190553246163060130e+00
-5.733495729081099501e-01 5.393713390106000261e-02 1.354799333056760258e+00
-7.293287024091000825e-01 -2.631787164516800059e-01 1.712500435153609946e+00
-6.280240344738300395e-01 -3.623432791185099422e-01 1.760263717614450218e+00
-1.915155178694499805e-01 4.475735371322699940e-01 1.001560938570780213e+00
-5.140248734424500698e-01 3.015577081430997897e-02 1.384700704437800134e+00
-1.362694821848499660e-01 -2.737926162238200067e-01 1.717255299485340281e+00
-1.838159791153899936e-01 -2.745739825539699197e-01 1.689970747819700136e+00
3.805493228480011890e-03 -3.254152198948000452e-01 1.744966125566989934e+00
-6.718090037604499409e-01 -3.016905112051000426e-01 1.712431624502020355e+00
-2.179366660815000578e-02 9.059244422204998370e-02 1.206444598094860154e+00
-3.946867873108299563e-01 2.965412921541900060e-01 1.155758143486770084e+00
-3.350154422886899019e-01 -3.024995221449999772e-03 1.370799269664750408e+00
-9.936784409858200329e-01 -1.135933496325369996e+00 3.046123871357299784e+00
-1.274576988147000101e-01 2.150046340126799960e-01 1.193284575069249787e+00
-1.014582128769699887e-01 1.662440880141800303e-01 1.254272981819839927e+00
-3.328568601339300104e-01 2.864214511600899904e-01 1.169435729562740001e+00
3.030616141993500157e-01 1.548040247505200195e-01 1.211991284691630089e+00
-2.665722010950000165e-03 3.560582458891700108e-01 1.053705161948459867e+00
-5.198971134616400258e-01 2.544391668661000194e-01 1.163877988945260178e+00
-2.392698509002599561e-01 3.182235925931001241e-02 1.236570597719689690e+00
1.853271630333899744e-01 1.987030906964100119e-01 1.183153821752830126e+00
-5.766916504691901313e-01 5.529275288260997179e-02 1.359150551205040358e+00
-5.766916504691901313e-01 5.529275288260997179e-02 1.359150551205040358e+00
-3.289301471946500244e-01 5.610978327933999199e-02 1.380411903248909944e+00
-2.860116231625499661e-01 3.662110099749998904e-02 1.349786859534260142e+00
-5.151492555438800247e-01 -2.110299173424001751e-02 1.431858820844060354e+00
-5.151492555438800247e-01 -2.110299173424001751e-02 1.431858820844060354e+00
-4.013682377093799603e-01 1.271628385963700092e-01 1.282160234482309757e+00
-3.042981145195999826e-02 2.573329208704500104e-01 1.172875290420889893e+00
-3.042981145195999826e-02 2.573329208704500104e-01 1.172875290420889893e+00
-5.830393200176701152e-01 6.822527938267999859e-02 1.317647410969290167e+00
2.044310850446199868e-01 1.923274853112000304e-02 1.388072187686180126e+00
-1.603722490212000085e-01 2.271166275280499802e-01 1.184096186995750255e+00
1.413301718007499985e-01 1.890163803819599753e-01 1.195408454499539808e+00
1.232645757647599927e-01 3.090882734390300035e-01 1.107908961846530094e+00
3.959626407670000653e-02 3.572069355344500430e-01 1.092051442555410201e+00
-1.605872244571999730e-01 4.243459822493200750e-01 1.025382300227520194e+00
1.888769511164999429e-02 -3.143410413416100058e-01 1.725713460105850139e+00
1.786823728341300210e-01 8.280502591223700692e-01 1.640290836324190149e+00
-4.876003222406000842e-02 8.431793060122498851e-01 1.659404094736280033e+00
-4.768900825994000503e-02 8.311323801672100275e-01 1.639295970462270269e+00
-1.647875924752300048e-01 8.413760808474299857e-01 1.640633802274350295e+00
-1.652860979625100091e-01 8.391920597718900421e-01 1.642913849869320320e+00
-1.647186197208899971e-01 8.375688757739900847e-01 1.644180146545890064e+00
5.067401742265199571e-01 7.848212750433100071e-01 1.666527409853180153e+00
1.637263193180000728e-02 8.102028984439600956e-01 1.657871653867270201e+00
5.149377829519499183e-01 7.886293152266499185e-01 1.677691442890099971e+00
5.010539787096499609e-01 7.804570498773399922e-01 1.660946530099960405e+00
1.399491466161000702e-02 8.110115608508500218e-01 1.663441064273690095e+00
-1.256094084503600050e-01 2.760180416720200425e-01 1.157443857531240017e+00
5.063893922307799444e-01 7.765647295656099569e-01 1.653995554615990127e+00
3.857522087557099799e-01 7.941382326951500481e-01 1.687992660702350101e+00
1.614538077353800116e-01 7.937423654180001398e-01 1.682014841219110046e+00
1.749099555192099864e-01 8.195503365953400454e-01 1.627457858197880469e+00
-5.733450336705998573e-01 8.753864643279400948e-01 1.699642965016900042e+00
-5.375757632893100046e-01 -3.098890831340600505e-01 1.669445614033470360e+00
-1.876141117876300168e-01 -3.549438459882099384e-01 1.822572886503230016e+00
-1.888680018794899884e-01 -3.685091034976799573e-01 1.819769413198700114e+00
-4.982908655322300095e-01 -6.942899347732699455e-01 2.156641307043680289e+00
-1.331950988581099837e+00 1.689556842859399888e-01 2.332135596335500605e+00
-1.610145050101480013e+00 -1.085609105845440014e+00 3.139078168756440412e+00
-1.444238776797730051e+00 -9.651570901898099963e-01 3.051399525471690133e+00
-1.502954018655140001e+00 -9.915339022466800323e-01 3.156437143553589841e+00
-3.957218471835800000e-01 3.867343706963700667e-01 1.069653307378160001e+00
-3.961861105203199340e-01 3.922470426243700459e-01 1.066894979631930251e+00
-3.690224137456499798e-01 2.074162711144998672e-02 1.388734345954859783e+00
-1.249869588709800194e-01 1.260248318633699904e-01 1.111377468046029993e+00
4.007476916011999679e-02 -1.387850007175200351e-01 1.558464440854770316e+00
2.843180466531999850e-02 -1.433534435466199963e-01 1.530265840934040167e+00
2.465970741102800068e-01 2.409283934268899863e-01 1.169450436921510406e+00
-4.082223307618899621e-01 2.074712701190799813e-01 1.183328168765980237e+00
3.892643622373599399e-01 8.013958561700699201e-01 1.692908323702579931e+00
-3.966775504527599860e-01 3.115228674634600292e-01 1.154698413758179942e+00
-4.337148652287599604e-01 3.233851156220000078e-01 1.111224441470850088e+00
-1.930076955127100202e-01 4.505480829670100995e-01 1.006573484714320177e+00
1.561041336359899889e-01 2.426775529487499583e-01 1.157165984746990173e+00
-2.351117823519999553e-02 2.766950698423600308e-01 1.142535914196220137e+00
4.048011005411999985e-02 3.570517065298900450e-01 1.092129203508710233e+00
3.221797077476999949e-01 8.643461222341000116e-01 1.622284098712070133e+00
-1.240694777725599718e-01 7.487134878593000586e-02 1.091103534311240075e+00
-1.709918454415399747e-01 -1.867916121366900162e-01 1.564010577074810282e+00
-1.709918454415399747e-01 -1.867916121366900162e-01 1.564010577074810282e+00
-4.715023651934101001e-01 -1.488403577305000003e-01 1.551163442655060454e+00
2.271893164009599897e-01 -3.250985803141999420e-02 1.502067199044629930e+00
5.661704929609300274e-01 -6.636488796872001827e-02 1.309196920130760056e+00
-2.815821341093799890e-01 4.657645434862998923e-02 1.318655870932760266e+00
3.435963156672500185e-01 5.945788844497001957e-02 1.629468572034040275e+00
1.987285067944999026e-02 -3.306852219082799804e-01 1.662185879835810010e+00
5.858410180879996404e-03 -2.797929700598500435e-01 1.580408512660160358e+00
2.319786291616999716e-02 -3.335368518835299945e-01 1.673325605804119931e+00
1.219286931491000113e-02 -2.746972692457200216e-01 1.707498058097310256e+00
1.219286931491000113e-02 -2.746972692457200216e-01 1.707498058097310256e+00
2.241817131971999763e-02 -1.744503566254100024e-01 1.539482362040720087e+00
-7.405639207264999579e-02 -3.822730731600001985e-02 1.401434589748700166e+00
-1.202220128259580134e+00 -8.378764732991199615e-01 2.600116873109419746e+00
2.225346375230000118e-02 -1.955649704304000813e-02 1.281147762842850035e+00
-1.107651004425599661e-01 8.338465521368000621e-02 1.093013293845150002e+00
-1.227685154550299806e-01 3.209913584185997149e-02 1.289491825004009939e+00
5.944971391706499464e-01 -1.231757294888400078e-01 1.255024186625449900e+00
3.354774816506800317e-01 -3.720352405818001806e-02 1.540740561514549967e+00
4.817538329886599802e-01 7.370913045111000816e-02 1.302226399148799896e+00
3.119634303719300283e-01 5.672019421868998434e-02 1.550755565154540161e+00
-4.506399327114000153e-01 2.087459892975599973e-01 1.207967877009340274e+00
-5.008593325537300522e-01 -1.206950948115600164e-01 1.509842867382449771e+00
4.327099806335100163e-01 1.990447942155299799e-01 1.185088777429780027e+00
9.328965619321999414e-02 -1.679635594214998195e-02 1.347464350431209823e+00
3.467374194615299721e-01 4.864443791302999753e-02 1.574281167760199995e+00
-3.511550789612100654e-01 2.649994052210600248e-01 1.172045993276699782e+00
-2.312508699476001003e-02 -8.821311089838000663e-02 1.424796723504980100e+00
6.761764011727499080e-01 -1.547271344744300114e-01 1.511684242695829905e+00
6.387475437184298999e-01 -1.519833377585199929e-01 1.331672811622690134e+00
3.888116264922099607e-01 1.272802769128800193e-01 1.246913868801890146e+00
-7.403129472829600433e-01 -5.934358072165001052e-02 1.617905112298069881e+00
-5.211980253557599863e-01 -1.097921571060020418e-03 1.399131382848530336e+00
-4.438485099128899880e-01 2.005116788288999197e-02 1.383889777093489926e+00
-2.652111839333800014e-01 -1.060864472956559945e+00 2.300115316139100141e+00
-1.135742207860410025e+00 -7.899903622543199555e-01 2.457194352419620031e+00
3.613788556756200587e-01 2.355607861865800234e-01 1.151475519668750280e+00
3.613788556756200587e-01 2.355607861865800234e-01 1.151475519668750280e+00
-3.208903873845699306e-01 -2.710088777104899815e-01 1.723463598555590170e+00
-3.208903873845699306e-01 -2.710088777104899815e-01 1.723463598555590170e+00
-5.799750968525999723e-02 7.646541782122000253e-02 1.222705528689859822e+00
-4.453522687762498933e-01 -3.052346009222700607e-01 1.741383597906670300e+00
-4.453522687762498933e-01 -3.052346009222700607e-01 1.741383597906670300e+00
-9.266303698501701103e-01 -1.639337230170499760e-01 1.801083269828250177e+00
1.757624421999891794e-04 -4.481934352032900248e-01 1.590183878464610068e+00
-7.288856306857800504e-01 -5.393193799246000231e-02 1.602639924580560038e+00
4.175461814984900433e-01 -4.439787718820002033e-02 1.411150855773880330e+00
1.822631893515999635e-02 -9.806531609373099201e-01 2.594280451351750116e+00
