-8.198356422110003594e-03 -1.750769064262699959e-01 1.360670044790829980e+00
-2.713191219282200528e-01 -1.626703415070200054e-01 1.603190412650279839e+00
-2.619318305466000196e-01 -1.551278299463600130e-01 1.581273346883540265e+00
3.141465929390300227e-01 2.754740645213499817e-01 1.046651178185900033e+00
1.685900751516899998e-01 1.352440790784799618e-01 1.252996076698330130e+00
2.081766884451800026e-01 3.848600903991999250e-02 1.356688379394519917e+00
4.819131669733997536e-02 1.694648741556000204e-01 1.150539244769249958e+00
7.238536669283998637e-02 -4.040736055750399625e-01 1.384855951376760208e+00
2.041388649691699975e-01 4.759943433320000528e-02 1.356296473317500251e+00
4.846069262108300135e-01 1.447437436048900072e-01 1.211996865026039982e+00
3.256411239550899839e-01 1.850418402132499862e-01 1.161840638769349843e+00
-6.361113393783995873e-02 1.375278669108500051e-01 1.022216258284450063e+00
-1.023351072536199946e-01 -1.291955477293500187e-01 1.491979629871399871e+00
2.029827018080400114e-01 4.398911089839001309e-02 1.353538394458289940e+00
4.994301135721099794e-01 1.722474295388699839e-01 1.183959718589719934e+00
4.161542525851799623e-01 2.546569779574099912e-01 1.095373244631809850e+00
-1.230662983167200020e-01 -2.109298182058799709e-01 1.616999385039970205e+00
4.313435424490000281e-02 1.238781915563400005e-01 1.150136848262639955e+00
4.976336166146599904e-01 -1.831298300123999911e-02 1.417567930709159985e+00
7.283568723828099944e-01 1.334924876887099709e-01 1.275858933094810022e+00
-8.021671913626700068e-01 -7.588839642585500922e-01 2.604146747396300032e+00
5.518497329197499246e-01 -2.644876170784000308e-02 1.423506445588960112e+00
-1.597986881405400461e-01 -9.081363763774000231e-02 1.381212531452409964e+00
6.445301551568698439e-01 9.028503592979000847e-02 1.334582381320539968e+00
6.439494397331899656e-01 8.718140471804997071e-02 1.319782850591499912e+00
5.625476464553099687e-01 1.558009535717800043e-01 1.210221902165530050e+00
-5.727587189675004131e-02 1.286504686391299890e-01 1.217157813494480267e+00
9.790843981399843798e-04 7.857660827689995353e-03 1.337760881215539932e+00
-1.474233270628600434e-01 -2.383811565007999331e-02 1.331020406988769889e+00
-6.317492089003995392e-02 1.274692318122099821e-01 1.224758276719809968e+00
7.251570721376399131e-01 -5.630987117740000880e-02 1.317734545523050027e+00
7.261718645275400119e-01 -5.504943600958999567e-02 1.327486256430659761e+00
1.815398972349999140e-02 7.882082341623999899e-02 1.180074838219290045e+00
6.519378844806300588e-01 2.016041450139400004e-01 1.147164082562340148e+00
-2.471153368359985114e-03 2.353042439056300117e-01 1.133046179752380089e+00
8.344151182047998550e-01 1.661052140669500021e-01 1.271954418729799974e+00
1.254355965673000117e+00 -1.066355447942159973e+00 2.680981108875689856e+00
6.620408875567400653e-01 -5.479491233619000062e-02 1.304265007563709888e+00
1.027486332495089805e+00 -9.690462424773400585e-01 2.493189826553959598e+00
1.229192246838570313e+00 -1.097790987617800029e+00 2.720632671184850082e+00
6.746492732896098854e-01 -1.169328563043500191e-01 1.277656675176400025e+00
7.618939741269700194e-01 -2.954365856266000234e-01 1.158085686227150024e+00
1.195732265575799869e-01 -4.475288935422099823e-01 1.532632501338890174e+00
5.689412498184099887e-01 9.195735135259999748e-02 1.298949223820100141e+00
9.992493403461498724e-01 1.034788120844299941e-01 1.302464404516029850e+00
8.285956863775899572e-01 4.812352445085999603e-02 1.367412680797409852e+00
2.779626495904800043e-01 4.720335299575999927e-02 1.315848791785459992e+00
8.329597082124698959e-01 1.650604653890899720e-01 1.272550211794390096e+00
-2.746863676762001383e-02 -1.170845352916899951e-01 1.523899509362459881e+00
9.673689088410799553e-01 1.984438096692899833e-01 1.219169200137039999e+00
9.780852989141599618e-01 2.027376094902200165e-01 1.247328322588470151e+00
9.010708715914500511e-01 1.849208781356099784e-01 1.238198825290409921e+00
9.017866183011600256e-01 1.851539744846100177e-01 1.240722272524809933e+00
9.044408493803800519e-01 1.826592307638799928e-01 1.239634061798380094e+00
9.079430373721899539e-01 1.854300368882100258e-01 1.254001895811309941e+00
6.043059952480099861e-01 1.202245348911700207e-01 1.233555178859169876e+00
8.306507277554899815e-01 1.653336374372399997e-01 1.258330206838140120e+00
9.815649185195699511e-01 6.719835526157000305e-02 1.357641201832819888e+00
6.614098537508000808e-01 2.282146061850800212e-01 1.158002772225330101e+00
-2.409390156656500137e-01 -2.434810426189999988e-01 1.606014820161449919e+00
-2.130775521860001076e-03 2.338681940333599829e-01 1.131451767481210124e+00
9.659156435159998999e-01 1.961698098369799581e-01 1.219432634125980019e+00
1.106451348288389980e+00 -7.587495652215000552e-01 2.313624661214449763e+00
1.151011694052179735e+00 -9.186339596802999274e-01 2.530688698441450057e+00
2.478385914269799761e-01 2.537792079822500102e-01 1.105982765731450046e+00
8.348736465164898757e-01 1.664348686417699841e-01 1.278169229768320037e+00
7.579205964718999100e-01 -2.901894601900900095e-01 1.136830527943209823e+00
3.099262581080099999e-01 -5.057874668312299926e-01 1.457004655133820048e+00
-6.366961038000162887e-04 -7.214360396179994583e-03 1.299351702131320119e+00
-2.482022019935800627e-01 -2.067376370611000436e-01 1.632158533446150139e+00
1.292490248661349872e+00 -4.891427472373799934e-01 1.886537217134669930e+00
1.196089451433030026e+00 -5.164120679390199475e-01 1.891053234801679972e+00
1.221089589212319915e+00 -5.668624963741799583e-01 2.038261304839069865e+00
1.200503302967309782e+00 -5.489652663853099579e-01 1.978169812556640039e+00
1.187757002420870123e+00 -5.415351464685299598e-01 1.961406991441519976e+00
1.262722886698079972e+00 -6.146153330067800624e-01 2.166484574418570119e+00
1.256332565844630045e+00 -8.185601131249200524e-01 2.247201571647030161e+00
1.276213974403140217e+00 -8.296987837821701017e-01 2.285590645547930677e+00
1.156505659404750030e+00 -6.477068417841200798e-01 2.204772363104380073e+00
1.184749304293160055e+00 -7.260678973176200035e-01 2.250105195095379873e+00
1.304206709780860063e+00 -7.165217856951000552e-01 2.284237500252599862e+00
1.163095962833269992e+00 -7.019153376177300618e-01 2.226311008103019962e+00
1.156000916145509816e+00 -6.959360724802701181e-01 2.162885725703830087e+00
1.182615201775729874e+00 -7.231915755201701046e-01 2.272189597349930423e+00
1.367622744052159778e+00 -7.178673020931899407e-01 2.266565560222110420e+00
1.504085211597280036e+00 -8.068885290722199732e-01 2.327269904387630373e+00
8.125422872135799057e-01 -7.404791377853501277e-01 2.255857831555249771e+00
1.435420582121459843e+00 -7.635415972588099898e-01 2.197050559501439793e+00
1.446526298739140071e+00 -7.754920137028901150e-01 2.356435620297510081e+00
1.503443706168619887e+00 -8.521655380186999862e-01 2.422816107914300243e+00
1.481474991624110116e+00 -8.449198921774700999e-01 2.409582882481979826e+00
1.487447779657020019e+00 -8.452257573896300169e-01 2.408159401629069940e+00
1.146149404942540251e+00 -9.172372779522099950e-01 2.527964905099289616e+00
1.146192298644820085e+00 -6.157839896753700692e-01 2.155458392695530190e+00
7.088878227851199698e-01 -7.254223554831100707e-01 2.232200419589890128e+00
1.661592910464690043e+00 -9.132306290729399478e-01 2.414146161288510228e+00
7.602814556912500521e-01 -2.929328819092200109e-01 1.145225400733829835e+00
8.353649401013201192e-01 1.357142789351999806e-02 1.365300597894719692e+00
8.331896318223799280e-01 1.432157055837001564e-02 1.365074499776069761e+00
8.345862830616299632e-01 1.415270527627000147e-02 1.363850754870020054e+00
8.329319836118600495e-01 1.493648687067000019e-02 1.359463686456469755e+00
7.144726308716899954e-01 1.353258746186800088e-01 1.260797349225929898e+00
7.037283819406300323e-01 1.504272183359199877e-01 1.271020642052169913e+00
8.573638986702198928e-01 2.760289518965899913e-01 1.175659730397289993e+00
8.753163898256000053e-02 -1.264613995489993759e-03 1.244125705935509973e+00
6.784797038035700334e-01 7.931176044253998580e-02 1.301736676812490057e+00
8.184976754693998324e-02 7.732574477377998634e-02 1.233742701305930112e+00
9.743032576305900028e-01 7.048705627727999690e-02 1.354100496280179922e+00
9.721668483555300222e-01 6.731010868943002046e-02 1.334260100435580076e+00
8.266717921613599973e-01 5.052647926905998871e-02 1.355652066960060020e+00
1.351729616525860322e+00 -5.260200027718300309e-01 1.904300529042219914e+00
1.350985306056450064e+00 -5.187682929540400334e-01 1.905985568658559837e+00
1.406832460693459907e+00 -5.475908206606699968e-01 2.005542977991980003e+00
1.242376371392480028e+00 -5.631562787641100076e-01 2.059911329308389938e+00
1.304189226472889818e+00 -5.708836997363500032e-01 2.040795133361999802e+00
1.332314027636649856e+00 -6.271380463738099875e-01 2.182666867035790048e+00
1.160406436941300079e+00 -7.388780333957000179e-01 2.102512526267000137e+00
1.161812724722700141e+00 -6.319680141356199821e-01 2.205339019428480096e+00
1.136314621461050001e+00 -6.582995224338500373e-01 2.218064756499650514e+00
8.181289576956100040e-01 -7.499132279275999569e-01 2.279093943917199994e+00
1.405038333637489645e+00 -7.383189550390300004e-01 2.252127387184270191e+00
8.239398713958799858e-01 -7.510930949990299865e-01 2.287639031459069994e+00
8.125589948164599896e-01 -7.797465345660000713e-01 2.353212351451150042e+00
8.034847352394699493e-01 -7.601795243001699953e-01 2.284387625269680200e+00
7.125343731385400670e-01 -7.280806535851699346e-01 2.232572976435730272e+00
7.192956186415699893e-01 -7.620865051592300432e-01 2.322662911890419846e+00
1.755570252497559824e+00 -9.519539598998001395e-01 2.648153572493950225e+00
1.678726817007010208e+00 -8.910886382290099661e-01 2.489399671542640302e+00
8.038540372770499598e-01 -9.706838327363900287e-01 2.541909769127610019e+00
8.000724235483299696e-01 -9.478215552165499824e-01 2.490734367093649926e+00
8.094877590779999688e-01 -9.811248528921399092e-01 2.566297074791410449e+00
6.679849665021300176e-01 -5.305581938718999940e-02 1.328430234937810095e+00
2.469321875681100009e-01 2.509432198199199604e-01 1.095141036511469990e+00
9.454321693113298952e-01 1.080525075830900128e-01 1.361590265419789780e+00
4.891928076775499679e-01 2.070919394019000159e-01 1.154861118652400043e+00
6.770225438636898740e-01 7.611715866630000549e-02 1.322675661635600131e+00
4.845694452604399904e-01 3.673267902875000657e-02 1.374713819035799922e+00
5.519584385841100893e-01 1.637121994492399812e-01 1.198767149457689918e+00
7.954020649261001052e-02 8.862135448078997668e-02 1.234029647510489935e+00
6.884305492939000182e-01 -3.462634656218099849e-01 1.166532587034490032e+00
4.431456970322700251e-01 2.536805054169899987e-01 1.127161362674640177e+00
5.860943667992299932e-01 2.640213081978998871e-02 1.429422479505290111e+00
1.171951955368569998e+00 -7.644047261360000789e-01 2.163435027090449658e+00
1.212716844637219626e+00 -8.451871418427698845e-01 2.351978263973879990e+00
1.237906456494060059e+00 -8.868612972046099330e-01 2.448867703812389607e+00
9.693449293888799501e-01 1.972894799268899990e-01 1.230584763431089801e+00
6.448308656888002144e-02 1.412599164744999802e-01 1.188710777750050074e+00
3.509199383093000724e-02 3.049129326539999629e-02 1.205629141533450133e+00
7.379665511424998714e-02 -6.184363917287000190e-02 1.259671405472879924e+00
8.191141158569699154e-01 2.773173824358499684e-01 1.119413151358650049e+00
2.861580990561599647e-01 7.979510344220001883e-03 1.457741843402369897e+00
6.448226758054899088e-01 -5.128697411909999976e-02 1.312481596141199969e+00
-3.022970094343002678e-02 7.535895514344001511e-02 1.198527953179990169e+00
6.769480240044900565e-01 -1.122463402839800062e-01 1.265402161223669886e+00
1.032844432268239743e+00 -8.806660821570999609e-01 2.424247675016550030e+00
2.923316109793199780e-01 6.490157098499989285e-03 1.484891905083900010e+00
3.006939531889899486e-01 5.016764349519996224e-03 1.440412426439620086e+00
1.032387258167410060e+00 -8.716375434259798771e-01 2.408590215031320536e+00
1.110846954053269942e+00 -7.822148129276998985e-01 2.374730133077199490e+00
5.690688495169800021e-01 9.165663299158999244e-02 1.287502141577439918e+00
5.416463207379100808e-01 2.121232892126699854e-01 1.158772422744820174e+00
3.994355626636899581e-01 8.790261606317001375e-02 1.540646222794719966e+00
7.095886978093899344e-01 -1.385244388766599943e-01 1.348510739901390032e+00
